

----------------------------------------------------
STRUCTURE by Pritchard, Stephens and Donnelly (2000)
     and Falush, Stephens and Pritchard (2003)
       Code by Pritchard, Falush and Hubisz
             Version 2.3.4 (Jul 2012)
----------------------------------------------------



Command line arguments:   /home/jason/Programs/structure -K 5 -i ../Data/microsats.structure -m Structure_Run/mainparams -e Structure_Run/extraparams -D 15646567 -o ../Structure_Results/01_K_05.out 
Input File:    ../Data/microsats.structure

Run parameters:
   384 individuals
   7 loci
   5 populations assumed
   1000000 Burn-in period
   10000000 Reps
RANDOMIZE turned off


--------------------------------------------
Overall proportion of membership of the
sample in each of the 5 clusters

Inferred Clusters
  1      2      3      4      5    
0.218  0.217  0.217  0.218  0.129  

--------------------------------------------

Allele-freq. divergence among pops (Net nucleotide distance),
computed using point estimates of P.

      1       2       3       4       5      
 1      -    0.0001  0.0001  0.0000  0.1423  
 2   0.0001     -    0.0000  0.0001  0.1423  
 3   0.0001  0.0000     -    0.0001  0.1426  
 4   0.0000  0.0001  0.0001     -    0.1425  
 5   0.1423  0.1423  0.1426  0.1425     -    

Average distances (expected heterozygosity) between individuals in same cluster:
cluster  1  : 0.6229 
cluster  2  : 0.6244 
cluster  3  : 0.6233 
cluster  4  : 0.6232 
cluster  5  : 0.6684 

--------------------------------------------
Estimated Ln Prob of Data   = -8820.3
Mean value of ln likelihood = -8219.4
Variance of ln likelihood   = 1201.7
Mean value of alpha         = 0.0429

Mean value of Fst_1         = 0.0388
Mean value of Fst_2         = 0.0401
Mean value of Fst_3         = 0.0405
Mean value of Fst_4         = 0.0386
Mean value of Fst_5         = 0.1348


Inferred ancestry of individuals:
        Label (%Miss) :  Inferred clusters
  1 COPE-0001    (0)   :  0.007 0.007 0.007 0.007 0.970 
  2 COPE-0002    (0)   :  0.244 0.261 0.246 0.239 0.011 
  3 COPE-0003    (0)   :  0.295 0.207 0.217 0.275 0.006 
  4 COPE-0004    (0)   :  0.237 0.259 0.250 0.237 0.017 
  5 COPE-0005    (0)   :  0.241 0.257 0.244 0.240 0.018 
  6 COPE-0006    (0)   :  0.242 0.255 0.240 0.244 0.019 
  7 COPE-0007    (0)   :  0.246 0.250 0.252 0.244 0.007 
  8 COPE-0008    (0)   :  0.227 0.261 0.277 0.227 0.008 
  9 COPE-0009    (0)   :  0.283 0.220 0.215 0.266 0.017 
 10 COPE-0010    (0)   :  0.237 0.251 0.248 0.258 0.007 
 11 COPE-0011   (14)   :  0.011 0.012 0.012 0.011 0.954 
 12 COPE-0012   (14)   :  0.229 0.256 0.278 0.230 0.007 
 13 COPE-0013    (0)   :  0.305 0.201 0.210 0.279 0.006 
 14 COPE-0014    (0)   :  0.260 0.238 0.235 0.255 0.012 
 15 COPE-0015    (0)   :  0.240 0.253 0.251 0.249 0.007 
 16 COPE-0016    (0)   :  0.267 0.241 0.230 0.252 0.010 
 17 COPE-0017    (0)   :  0.038 0.037 0.037 0.038 0.851 
 18 COPE-0018    (0)   :  0.256 0.251 0.234 0.251 0.008 
 19 COPE-0019    (0)   :  0.280 0.231 0.225 0.258 0.006 
 20 COPE-0020    (0)   :  0.237 0.250 0.252 0.254 0.008 
 21 COPE-0021    (0)   :  0.223 0.257 0.260 0.253 0.006 
 22 COPE-0022    (0)   :  0.243 0.258 0.260 0.232 0.007 
 23 COPE-0023    (0)   :  0.247 0.256 0.243 0.246 0.008 
 24 COPE-0024   (14)   :  0.238 0.253 0.261 0.242 0.006 
 25 COPE-0025    (0)   :  0.236 0.217 0.220 0.238 0.089 
 26 COPE-0026    (0)   :  0.243 0.252 0.258 0.241 0.005 
 27 COPE-0027    (0)   :  0.279 0.227 0.231 0.258 0.006 
 28 COPE-0028    (0)   :  0.242 0.252 0.254 0.247 0.006 
 29 COPE-0029    (0)   :  0.257 0.253 0.238 0.246 0.005 
 30 COPE-0030   (14)   :  0.038 0.040 0.039 0.038 0.846 
 31 COPE-0031    (0)   :  0.242 0.253 0.260 0.236 0.009 
 32 COPE-0032    (0)   :  0.247 0.250 0.245 0.249 0.009 
 33 COPE-0033    (0)   :  0.261 0.236 0.238 0.255 0.010 
 34 COPE-0034    (0)   :  0.241 0.253 0.260 0.236 0.010 
 35 COPE-0035   (14)   :  0.250 0.247 0.241 0.253 0.008 
 36 COPE-0036   (14)   :  0.222 0.265 0.260 0.247 0.006 
 37 COPE-0037    (0)   :  0.245 0.243 0.243 0.247 0.022 
 38 COPE-0038    (0)   :  0.236 0.255 0.269 0.234 0.006 
 39 COPE-0039    (0)   :  0.225 0.196 0.196 0.220 0.163 
 40 COPE-0040   (14)   :  0.248 0.207 0.203 0.239 0.103 
 41 COPE-0041    (0)   :  0.251 0.234 0.233 0.249 0.032 
 42 COPE-0042    (0)   :  0.277 0.221 0.227 0.266 0.010 
 43 COPE-0043    (0)   :  0.241 0.263 0.248 0.242 0.005 
 44 COPE-0044    (0)   :  0.248 0.247 0.246 0.241 0.019 
 45 COPE-0045    (0)   :  0.234 0.250 0.247 0.237 0.032 
 46 COPE-0046    (0)   :  0.030 0.027 0.027 0.029 0.887 
 47 COPE-0047    (0)   :  0.007 0.007 0.007 0.007 0.972 
 48 COPE-0048    (0)   :  0.272 0.223 0.230 0.268 0.007 
 49 COPE-0049    (0)   :  0.229 0.269 0.251 0.236 0.015 
 50 COPE-0050    (0)   :  0.288 0.213 0.217 0.275 0.007 
 51 COPE-0051    (0)   :  0.198 0.231 0.225 0.216 0.131 
 52 COPE-0052    (0)   :  0.245 0.252 0.245 0.248 0.011 
 53 COPE-0053    (0)   :  0.260 0.248 0.234 0.245 0.012 
 54 COPE-0054    (0)   :  0.213 0.269 0.272 0.240 0.005 
 55 COPE-0055    (0)   :  0.236 0.260 0.271 0.228 0.005 
 56 COPE-0056    (0)   :  0.251 0.241 0.246 0.246 0.017 
 57 COPE-0057    (0)   :  0.263 0.230 0.234 0.262 0.010 
 58 COPE-0058    (0)   :  0.229 0.268 0.256 0.238 0.009 
 59 COPE-0059    (0)   :  0.280 0.212 0.214 0.264 0.029 
 60 COPE-0060    (0)   :  0.261 0.243 0.241 0.248 0.007 
 61 COPE-0061    (0)   :  0.275 0.235 0.219 0.256 0.016 
 62 COPE-0062    (0)   :  0.222 0.254 0.260 0.253 0.011 
 63 COPE-0063    (0)   :  0.217 0.262 0.277 0.219 0.025 
 64 COPE-0064    (0)   :  0.252 0.243 0.245 0.250 0.010 
 65 COPE-0065    (0)   :  0.006 0.005 0.005 0.005 0.978 
 66 COPE-0066    (0)   :  0.279 0.217 0.222 0.267 0.014 
 67 COPE-0067   (14)   :  0.022 0.023 0.023 0.023 0.908 
 68 COPE-0068    (0)   :  0.300 0.201 0.211 0.278 0.010 
 69 COPE-0069   (14)   :  0.249 0.240 0.252 0.246 0.014 
 70 COPE-0070    (0)   :  0.234 0.261 0.255 0.236 0.013 
 71 COPE-0071    (0)   :  0.248 0.245 0.243 0.261 0.004 
 72 COPE-0072    (0)   :  0.271 0.228 0.233 0.261 0.007 
 73 COPE-0073   (14)   :  0.043 0.045 0.042 0.042 0.828 
 74 COPE-0074    (0)   :  0.251 0.238 0.242 0.262 0.008 
 75 COPE-0075    (0)   :  0.232 0.254 0.250 0.243 0.021 
 76 COPE-0076    (0)   :  0.247 0.245 0.252 0.251 0.006 
 77 COPE-0077   (14)   :  0.264 0.235 0.234 0.258 0.008 
 78 COPE-0078   (14)   :  0.232 0.256 0.267 0.236 0.008 
 79 COPE-0079    (0)   :  0.231 0.269 0.252 0.236 0.012 
 80 COPE-0080   (42)   :  0.023 0.021 0.020 0.022 0.914 
 81 COPE-0081   (14)   :  0.111 0.116 0.120 0.113 0.540 
 82 COPE-0082   (14)   :  0.216 0.257 0.258 0.228 0.040 
 83 COPE-0083   (14)   :  0.242 0.250 0.248 0.254 0.008 
 84 COPE-0084    (0)   :  0.171 0.177 0.160 0.159 0.333 
 85 COPE-0085    (0)   :  0.249 0.246 0.246 0.249 0.010 
 86 COPE-0086    (0)   :  0.229 0.268 0.245 0.235 0.023 
 87 COPE-0087   (14)   :  0.265 0.243 0.239 0.247 0.007 
 88 COPE-0088   (14)   :  0.247 0.255 0.236 0.237 0.025 
 89 COPE-0089   (14)   :  0.007 0.007 0.007 0.007 0.972 
 90 COPE-0090    (0)   :  0.235 0.260 0.271 0.227 0.007 
 91 COPE-0091   (14)   :  0.268 0.238 0.237 0.252 0.006 
 92 COPE-0092   (28)   :  0.028 0.025 0.025 0.027 0.896 
 93 COPE-0093    (0)   :  0.223 0.264 0.282 0.224 0.007 
 94 COPE-0094    (0)   :  0.224 0.259 0.240 0.227 0.050 
 95 COPE-0095    (0)   :  0.260 0.248 0.240 0.246 0.005 
 96 COPE-0096    (0)   :  0.253 0.249 0.242 0.248 0.008 
 97 COPE-0097    (0)   :  0.215 0.264 0.266 0.247 0.008 
 98 COPE-0098    (0)   :  0.237 0.256 0.265 0.233 0.008 
 99 COPE-0099    (0)   :  0.292 0.209 0.209 0.270 0.020 
100 COPE-0100    (0)   :  0.270 0.234 0.234 0.255 0.007 
101 COPE-0101    (0)   :  0.252 0.230 0.232 0.242 0.044 
102 COPE-0102    (0)   :  0.261 0.240 0.236 0.257 0.006 
103 COPE-0103    (0)   :  0.236 0.257 0.254 0.236 0.017 
104 COPE-0104   (14)   :  0.254 0.242 0.242 0.254 0.007 
105 COPE-0105    (0)   :  0.204 0.260 0.268 0.233 0.036 
106 COPE-0106    (0)   :  0.214 0.263 0.265 0.252 0.005 
107 COPE-0107    (0)   :  0.014 0.015 0.015 0.014 0.941 
108 COPE-0108    (0)   :  0.224 0.259 0.270 0.241 0.006 
109 COPE-0109    (0)   :  0.252 0.248 0.241 0.245 0.014 
110 COPE-0110   (14)   :  0.226 0.256 0.257 0.246 0.015 
111 COPE-0111    (0)   :  0.247 0.249 0.244 0.252 0.010 
112 COPE-0112   (14)   :  0.276 0.220 0.228 0.265 0.011 
113 COPE-0113    (0)   :  0.267 0.225 0.230 0.253 0.025 
114 COPE-0114    (0)   :  0.225 0.257 0.263 0.245 0.011 
115 COPE-0115    (0)   :  0.022 0.022 0.022 0.021 0.913 
116 COPE-0116   (28)   :  0.009 0.009 0.009 0.009 0.964 
117 COPE-0117    (0)   :  0.260 0.248 0.236 0.242 0.014 
118 COPE-0118    (0)   :  0.229 0.250 0.259 0.251 0.011 
119 COPE-0119    (0)   :  0.215 0.264 0.275 0.236 0.011 
120 COPE-0120    (0)   :  0.261 0.236 0.234 0.257 0.012 
121 COPE-0121    (0)   :  0.241 0.230 0.232 0.236 0.062 
122 COPE-0122    (0)   :  0.254 0.251 0.244 0.243 0.007 
123 COPE-0123    (0)   :  0.245 0.254 0.245 0.243 0.014 
124 COPE-0124    (0)   :  0.242 0.257 0.246 0.242 0.013 
125 COPE-0125    (0)   :  0.224 0.257 0.259 0.254 0.007 
126 COPE-0126    (0)   :  0.257 0.250 0.237 0.240 0.015 
127 COPE-0127   (14)   :  0.221 0.263 0.270 0.240 0.007 
128 COPE-0128    (0)   :  0.233 0.254 0.242 0.250 0.021 
129 COPE-0129    (0)   :  0.242 0.258 0.245 0.248 0.007 
130 COPE-0130    (0)   :  0.279 0.220 0.224 0.265 0.012 
131 COPE-0131   (14)   :  0.248 0.240 0.245 0.256 0.011 
132 COPE-0132   (14)   :  0.231 0.245 0.258 0.234 0.032 
133 COPE-0133    (0)   :  0.251 0.260 0.240 0.237 0.013 
134 COPE-0134    (0)   :  0.245 0.249 0.248 0.251 0.007 
135 COPE-0135    (0)   :  0.237 0.251 0.254 0.249 0.009 
136 COPE-0136    (0)   :  0.011 0.011 0.011 0.011 0.955 
137 COPE-0137    (0)   :  0.281 0.216 0.222 0.269 0.012 
138 COPE-0138   (14)   :  0.007 0.007 0.007 0.007 0.971 
139 COPE-0139    (0)   :  0.287 0.214 0.219 0.272 0.008 
140 COPE-0140   (14)   :  0.021 0.019 0.019 0.021 0.920 
141 COPE-0141    (0)   :  0.223 0.265 0.273 0.229 0.009 
142 COPE-0142    (0)   :  0.229 0.259 0.270 0.234 0.008 
143 COPE-0143    (0)   :  0.235 0.275 0.252 0.229 0.008 
144 COPE-0144   (14)   :  0.123 0.119 0.117 0.118 0.522 
145 COPE-0145   (14)   :  0.151 0.138 0.140 0.148 0.423 
146 COPE-0146   (14)   :  0.233 0.256 0.248 0.234 0.029 
147 COPE-0147    (0)   :  0.222 0.248 0.239 0.220 0.071 
148 COPE-0148    (0)   :  0.257 0.255 0.242 0.236 0.011 
149 COPE-0149    (0)   :  0.289 0.217 0.219 0.268 0.007 
150 COPE-0150    (0)   :  0.268 0.223 0.231 0.266 0.012 
151 COPE-0151    (0)   :  0.261 0.244 0.239 0.248 0.007 
152 COPE-0152   (14)   :  0.200 0.238 0.241 0.200 0.120 
153 COPE-0153    (0)   :  0.232 0.264 0.259 0.240 0.006 
154 COPE-0154    (0)   :  0.259 0.242 0.237 0.255 0.006 
155 COPE-0155    (0)   :  0.263 0.239 0.229 0.264 0.006 
156 COPE-0156   (14)   :  0.008 0.008 0.008 0.008 0.968 
157 COPE-0157   (14)   :  0.149 0.164 0.171 0.146 0.370 
158 COPE-0158    (0)   :  0.278 0.230 0.223 0.259 0.009 
159 COPE-0159    (0)   :  0.238 0.253 0.264 0.237 0.007 
160 COPE-0160    (0)   :  0.222 0.268 0.267 0.237 0.006 
161 COPE-0161    (0)   :  0.260 0.237 0.235 0.257 0.011 
162 COPE-0162   (14)   :  0.007 0.006 0.006 0.007 0.974 
163 COPE-0163   (28)   :  0.012 0.012 0.012 0.012 0.951 
164 COPE-0164    (0)   :  0.253 0.243 0.226 0.239 0.039 
165 COPE-0165    (0)   :  0.275 0.225 0.226 0.266 0.008 
166 COPE-0166   (14)   :  0.241 0.259 0.249 0.243 0.008 
167 COPE-0167    (0)   :  0.234 0.267 0.257 0.236 0.007 
168 COPE-0168    (0)   :  0.250 0.247 0.248 0.249 0.006 
169 COPE-0169    (0)   :  0.295 0.205 0.213 0.272 0.015 
170 COPE-0170    (0)   :  0.220 0.249 0.259 0.228 0.044 
171 COPE-0171    (0)   :  0.244 0.246 0.250 0.251 0.009 
172 COPE-0172    (0)   :  0.237 0.260 0.257 0.240 0.006 
173 COPE-0173   (14)   :  0.272 0.202 0.203 0.256 0.068 
174 COPE-0174   (28)   :  0.246 0.249 0.244 0.238 0.024 
175 COPE-0175    (0)   :  0.246 0.250 0.233 0.233 0.037 
176 COPE-0176    (0)   :  0.215 0.263 0.281 0.232 0.010 
177 COPE-0177    (0)   :  0.281 0.226 0.222 0.263 0.007 
178 COPE-0178    (0)   :  0.204 0.272 0.271 0.245 0.008 
179 COPE-0179    (0)   :  0.254 0.242 0.240 0.256 0.008 
180 COPE-0180   (14)   :  0.296 0.209 0.213 0.276 0.006 
181 COPE-0181   (14)   :  0.282 0.219 0.218 0.271 0.010 
182 COPE-0182    (0)   :  0.231 0.259 0.270 0.235 0.005 
183 COPE-0183    (0)   :  0.242 0.252 0.249 0.246 0.011 
184 COPE-0184    (0)   :  0.239 0.258 0.250 0.243 0.009 
185 COPE-0185    (0)   :  0.250 0.249 0.256 0.239 0.007 
186 COPE-0186    (0)   :  0.231 0.252 0.257 0.254 0.006 
187 COPE-0187    (0)   :  0.216 0.261 0.268 0.245 0.010 
188 COPE-0188    (0)   :  0.016 0.016 0.016 0.016 0.936 
189 COPE-0189    (0)   :  0.282 0.215 0.227 0.265 0.010 
190 COPE-0190    (0)   :  0.240 0.260 0.248 0.238 0.015 
191 COPE-0191    (0)   :  0.258 0.241 0.235 0.254 0.012 
192 COPE-0192   (14)   :  0.009 0.009 0.009 0.009 0.964 
193 COPE-0193    (0)   :  0.252 0.256 0.242 0.244 0.007 
194 COPE-0194    (0)   :  0.255 0.239 0.241 0.254 0.011 
195 COPE-0195    (0)   :  0.247 0.249 0.246 0.250 0.008 
196 COPE-0196    (0)   :  0.233 0.260 0.251 0.245 0.010 
197 COPE-0197    (0)   :  0.289 0.217 0.214 0.273 0.007 
198 COPE-0198    (0)   :  0.249 0.243 0.254 0.242 0.012 
199 COPE-0199    (0)   :  0.284 0.217 0.218 0.269 0.012 
200 COPE-0200   (42)   :  0.290 0.211 0.215 0.273 0.010 
201 COPE-0201    (0)   :  0.225 0.259 0.275 0.232 0.008 
202 COPE-0202    (0)   :  0.227 0.270 0.264 0.223 0.017 
203 COPE-0203    (0)   :  0.241 0.251 0.259 0.244 0.006 
204 COPE-0204    (0)   :  0.199 0.259 0.260 0.239 0.043 
205 COPE-0205    (0)   :  0.249 0.256 0.240 0.233 0.021 
206 COPE-0206    (0)   :  0.235 0.252 0.254 0.254 0.005 
207 COPE-0207    (0)   :  0.226 0.255 0.262 0.247 0.010 
208 COPE-0208    (0)   :  0.022 0.021 0.022 0.021 0.913 
209 COPE-0209    (0)   :  0.279 0.219 0.223 0.272 0.007 
210 COPE-0210    (0)   :  0.276 0.229 0.225 0.260 0.010 
211 COPE-0211    (0)   :  0.278 0.219 0.226 0.272 0.005 
212 COPE-0212    (0)   :  0.237 0.250 0.259 0.242 0.011 
213 COPE-0213    (0)   :  0.228 0.261 0.256 0.247 0.007 
214 COPE-0214    (0)   :  0.292 0.209 0.216 0.274 0.009 
215 COPE-0215    (0)   :  0.294 0.199 0.204 0.270 0.034 
216 COPE-0216   (14)   :  0.102 0.106 0.099 0.099 0.595 
217 COPE-0217    (0)   :  0.218 0.253 0.258 0.243 0.028 
218 COPE-0218    (0)   :  0.256 0.246 0.242 0.248 0.009 
219 COPE-0219   (14)   :  0.286 0.218 0.217 0.269 0.009 
220 COPE-0220    (0)   :  0.219 0.259 0.261 0.247 0.014 
221 COPE-0221    (0)   :  0.226 0.261 0.270 0.225 0.018 
222 COPE-0222    (0)   :  0.255 0.251 0.250 0.238 0.006 
223 COPE-0223    (0)   :  0.276 0.231 0.229 0.255 0.008 
224 COPE-0224    (0)   :  0.230 0.263 0.256 0.227 0.024 
225 COPE-0225    (0)   :  0.288 0.210 0.212 0.272 0.018 
226 COPE-0226    (0)   :  0.246 0.250 0.254 0.240 0.009 
227 COPE-0227    (0)   :  0.250 0.243 0.245 0.256 0.006 
228 COPE-0228    (0)   :  0.222 0.256 0.247 0.242 0.033 
229 COPE-0229    (0)   :  0.259 0.238 0.243 0.252 0.008 
230 COPE-0230    (0)   :  0.220 0.263 0.261 0.247 0.009 
231 COPE-0231    (0)   :  0.282 0.224 0.219 0.269 0.006 
232 COPE-0232    (0)   :  0.231 0.264 0.252 0.239 0.014 
233 COPE-0233    (0)   :  0.240 0.256 0.262 0.237 0.005 
234 COPE-0234    (0)   :  0.238 0.266 0.250 0.239 0.008 
235 COPE-0235    (0)   :  0.250 0.255 0.246 0.243 0.005 
236 COPE-0236    (0)   :  0.218 0.266 0.261 0.250 0.005 
237 COPE-0237    (0)   :  0.242 0.251 0.261 0.241 0.006 
238 COPE-0238    (0)   :  0.298 0.212 0.209 0.274 0.007 
239 COPE-0239    (0)   :  0.236 0.259 0.242 0.228 0.035 
240 COPE-0240    (0)   :  0.255 0.251 0.239 0.246 0.008 
241 COPE-0241    (0)   :  0.304 0.200 0.210 0.279 0.007 
242 COPE-0242    (0)   :  0.220 0.267 0.263 0.243 0.007 
243 COPE-0243    (0)   :  0.229 0.267 0.255 0.241 0.008 
244 COPE-0244    (0)   :  0.252 0.253 0.238 0.248 0.009 
245 COPE-0245    (0)   :  0.237 0.255 0.253 0.241 0.015 
246 COPE-0246    (0)   :  0.239 0.262 0.247 0.239 0.013 
247 COPE-0247    (0)   :  0.263 0.228 0.240 0.251 0.018 
248 COPE-0248    (0)   :  0.238 0.257 0.260 0.240 0.005 
249 COPE-0249    (0)   :  0.247 0.241 0.232 0.241 0.039 
250 COPE-0250    (0)   :  0.230 0.263 0.249 0.240 0.018 
251 COPE-0251   (14)   :  0.026 0.027 0.028 0.025 0.894 
252 COPE-0252    (0)   :  0.231 0.271 0.249 0.237 0.012 
253 COPE-0253    (0)   :  0.241 0.257 0.265 0.229 0.008 
254 COPE-0254    (0)   :  0.209 0.269 0.275 0.235 0.011 
255 COPE-0255    (0)   :  0.229 0.253 0.263 0.230 0.025 
256 COPE-0256    (0)   :  0.257 0.253 0.234 0.246 0.011 
257 COPE-0257    (0)   :  0.246 0.245 0.245 0.254 0.009 
258 COPE-0258    (0)   :  0.238 0.242 0.242 0.250 0.028 
259 COPE-0259    (0)   :  0.241 0.253 0.246 0.253 0.007 
260 COPE-0260    (0)   :  0.277 0.216 0.217 0.262 0.028 
261 COPE-0261    (0)   :  0.206 0.270 0.275 0.243 0.006 
262 COPE-0262    (0)   :  0.227 0.266 0.244 0.231 0.032 
263 COPE-0263    (0)   :  0.252 0.245 0.249 0.246 0.009 
264 COPE-0264    (0)   :  0.244 0.240 0.237 0.253 0.026 
265 COPE-0265    (0)   :  0.241 0.255 0.263 0.232 0.010 
266 COPE-0266    (0)   :  0.216 0.261 0.259 0.245 0.018 
267 COPE-0267    (0)   :  0.240 0.255 0.263 0.235 0.006 
268 COPE-0268    (0)   :  0.242 0.252 0.260 0.235 0.012 
269 COPE-0269    (0)   :  0.257 0.249 0.244 0.242 0.007 
270 COPE-0270    (0)   :  0.286 0.213 0.222 0.272 0.008 
271 COPE-0271    (0)   :  0.271 0.233 0.233 0.256 0.008 
272 COPE-0272    (0)   :  0.226 0.263 0.270 0.234 0.007 
273 COPE-0273    (0)   :  0.226 0.251 0.273 0.237 0.013 
274 COPE-0274   (14)   :  0.016 0.015 0.015 0.016 0.939 
275 COPE-0275    (0)   :  0.268 0.232 0.231 0.257 0.011 
276 COPE-0276   (14)   :  0.006 0.006 0.006 0.006 0.977 
277 COPE-0277   (14)   :  0.246 0.252 0.239 0.246 0.016 
278 COPE-0278    (0)   :  0.222 0.260 0.263 0.247 0.007 
279 COPE-0279    (0)   :  0.227 0.270 0.255 0.240 0.008 
280 COPE-0280    (0)   :  0.013 0.012 0.012 0.013 0.951 
281 COPE-0281    (0)   :  0.025 0.021 0.022 0.025 0.906 
282 COPE-0282   (14)   :  0.232 0.270 0.260 0.231 0.007 
283 COPE-0283    (0)   :  0.228 0.259 0.257 0.248 0.008 
284 COPE-0284   (14)   :  0.277 0.209 0.215 0.265 0.035 
285 COPE-0285    (0)   :  0.031 0.030 0.031 0.031 0.876 
286 COPE-0286    (0)   :  0.277 0.220 0.226 0.265 0.012 
287 COPE-0287    (0)   :  0.237 0.240 0.247 0.226 0.050 
288 COPE-0288    (0)   :  0.224 0.263 0.275 0.227 0.010 
289 COPE-0289    (0)   :  0.247 0.251 0.256 0.238 0.008 
290 COPE-0290    (0)   :  0.295 0.204 0.218 0.274 0.008 
291 COPE-0291    (0)   :  0.267 0.227 0.232 0.267 0.006 
292 COPE-0292   (42)   :  0.013 0.013 0.013 0.013 0.947 
293 COPE-0293    (0)   :  0.218 0.264 0.279 0.231 0.008 
294 COPE-0294    (0)   :  0.247 0.252 0.242 0.249 0.011 
295 COPE-0295    (0)   :  0.228 0.261 0.267 0.236 0.008 
296 COPE-0296   (14)   :  0.242 0.253 0.257 0.241 0.007 
297 COPE-0297   (14)   :  0.291 0.196 0.204 0.270 0.039 
298 COPE-0298    (0)   :  0.229 0.258 0.262 0.239 0.012 
299 COPE-0299    (0)   :  0.229 0.258 0.262 0.245 0.006 
300 COPE-0300   (14)   :  0.256 0.245 0.242 0.249 0.007 
301 COPE-0301   (14)   :  0.220 0.266 0.282 0.220 0.012 
302 COPE-0302    (0)   :  0.170 0.168 0.170 0.166 0.326 
303 COPE-0303    (0)   :  0.218 0.261 0.265 0.250 0.006 
304 COPE-0304    (0)   :  0.243 0.260 0.251 0.240 0.007 
305 COPE-0305   (14)   :  0.240 0.243 0.236 0.233 0.048 
306 COPE-0306    (0)   :  0.207 0.263 0.269 0.251 0.011 
307 COPE-0307   (28)   :  0.008 0.008 0.008 0.008 0.970 
308 COPE-0308    (0)   :  0.229 0.267 0.266 0.231 0.006 
309 COPE-0309   (14)   :  0.066 0.070 0.068 0.065 0.731 
310 COPE-0310   (28)   :  0.032 0.032 0.033 0.033 0.870 
311 COPE-0311    (0)   :  0.232 0.255 0.250 0.241 0.022 
312 COPE-0312   (28)   :  0.010 0.010 0.010 0.010 0.959 
313 COPE-0313    (0)   :  0.216 0.260 0.265 0.251 0.009 
314 COPE-0314    (0)   :  0.239 0.256 0.263 0.233 0.008 
315 COPE-0315    (0)   :  0.243 0.243 0.252 0.254 0.008 
316 COPE-0316    (0)   :  0.261 0.229 0.230 0.259 0.020 
317 COPE-0317   (14)   :  0.008 0.008 0.008 0.008 0.969 
318 COPE-0318    (0)   :  0.248 0.245 0.247 0.255 0.005 
319 COPE-0319    (0)   :  0.253 0.256 0.243 0.242 0.007 
320 COPE-0320   (14)   :  0.240 0.261 0.251 0.233 0.015 
321 COPE-0321   (14)   :  0.231 0.250 0.258 0.250 0.011 
322 COPE-0322   (14)   :  0.268 0.233 0.233 0.260 0.006 
323 COPE-0323    (0)   :  0.238 0.247 0.248 0.251 0.017 
324 COPE-0324    (0)   :  0.285 0.215 0.222 0.270 0.007 
325 COPE-0325   (14)   :  0.260 0.245 0.232 0.249 0.014 
326 COPE-0326    (0)   :  0.216 0.265 0.283 0.229 0.007 
327 COPE-0327   (14)   :  0.243 0.255 0.258 0.233 0.011 
328 COPE-0328    (0)   :  0.242 0.247 0.251 0.254 0.005 
329 COPE-0329   (28)   :  0.260 0.234 0.235 0.258 0.013 
330 COPE-0330    (0)   :  0.234 0.257 0.256 0.231 0.022 
331 COPE-0331    (0)   :  0.226 0.261 0.281 0.225 0.006 
332 COPE-0332   (14)   :  0.222 0.260 0.262 0.248 0.007 
333 COPE-0333    (0)   :  0.216 0.223 0.230 0.202 0.129 
334 COPE-0334   (28)   :  0.049 0.051 0.052 0.051 0.797 
335 COPE-0335    (0)   :  0.294 0.207 0.215 0.276 0.007 
336 COPE-0336    (0)   :  0.258 0.239 0.248 0.249 0.006 
337 COPE-0337   (28)   :  0.020 0.017 0.017 0.020 0.925 
338 COPE-0338    (0)   :  0.239 0.247 0.250 0.243 0.021 
339 COPE-0339    (0)   :  0.261 0.250 0.240 0.242 0.007 
340 COPE-0340   (14)   :  0.011 0.011 0.011 0.011 0.957 
341 COPE-0341    (0)   :  0.236 0.271 0.252 0.234 0.007 
342 COPE-0342    (0)   :  0.303 0.203 0.209 0.277 0.008 
343 COPE-0343    (0)   :  0.209 0.266 0.280 0.240 0.006 
344 COPE-0344   (14)   :  0.009 0.009 0.009 0.009 0.965 
345 COPE-0345    (0)   :  0.249 0.258 0.248 0.238 0.007 
346 COPE-0346    (0)   :  0.238 0.251 0.239 0.237 0.034 
347 COPE-0347    (0)   :  0.226 0.258 0.266 0.243 0.007 
348 COPE-0348    (0)   :  0.228 0.254 0.253 0.251 0.015 
349 COPE-0349    (0)   :  0.290 0.215 0.218 0.272 0.006 
350 COPE-0350    (0)   :  0.255 0.237 0.239 0.263 0.006 
351 COPE-0351    (0)   :  0.255 0.240 0.246 0.254 0.006 
352 COPE-0352    (0)   :  0.254 0.232 0.232 0.255 0.026 
353 COPE-0353    (0)   :  0.257 0.240 0.238 0.259 0.006 
354 COPE-0354    (0)   :  0.216 0.259 0.273 0.237 0.016 
355 COPE-0355    (0)   :  0.267 0.249 0.230 0.247 0.007 
356 COPE-0356    (0)   :  0.208 0.270 0.281 0.234 0.007 
357 COPE-0357    (0)   :  0.276 0.222 0.229 0.265 0.009 
358 COPE-0358    (0)   :  0.007 0.007 0.007 0.007 0.972 
359 COPE-0359   (14)   :  0.240 0.266 0.245 0.240 0.008 
360 COPE-0360    (0)   :  0.235 0.252 0.254 0.253 0.007 
361 COPE-0361    (0)   :  0.237 0.262 0.253 0.241 0.007 
362 COPE-0362    (0)   :  0.297 0.205 0.214 0.277 0.007 
363 COPE-0363   (14)   :  0.239 0.263 0.245 0.239 0.014 
364 COPE-0364    (0)   :  0.237 0.259 0.255 0.244 0.006 
365 COPE-0365    (0)   :  0.239 0.245 0.251 0.239 0.027 
366 COPE-0366    (0)   :  0.294 0.203 0.210 0.272 0.021 
367 COPE-0367   (14)   :  0.009 0.010 0.010 0.009 0.963 
368 COPE-0368    (0)   :  0.255 0.249 0.248 0.239 0.009 
369 COPE-0369    (0)   :  0.252 0.247 0.250 0.243 0.009 
370 COPE-0370   (28)   :  0.008 0.008 0.008 0.008 0.969 
371 COPE-0371    (0)   :  0.244 0.249 0.255 0.240 0.012 
372 COPE-0372    (0)   :  0.233 0.235 0.247 0.238 0.046 
373 COPE-0373   (14)   :  0.216 0.266 0.282 0.230 0.007 
374 COPE-0374    (0)   :  0.246 0.260 0.246 0.240 0.008 
375 COPE-0375   (14)   :  0.244 0.245 0.251 0.247 0.014 
376 COPE-0376   (14)   :  0.210 0.269 0.271 0.245 0.006 
377 COPE-0377    (0)   :  0.070 0.074 0.075 0.072 0.708 
378 COPE-0378    (0)   :  0.264 0.238 0.238 0.254 0.007 
379 COPE-0379    (0)   :  0.300 0.204 0.211 0.278 0.008 
380 COPE-0380   (28)   :  0.029 0.034 0.034 0.032 0.871 
381 COPE-0381    (0)   :  0.251 0.245 0.249 0.240 0.015 
382 COPE-0382    (0)   :  0.298 0.208 0.212 0.277 0.006 
383 COPE-0383    (0)   :  0.201 0.203 0.211 0.205 0.179 
384 COPE-0384    (0)   :  0.244 0.249 0.250 0.249 0.008 


Estimated Allele Frequencies in each cluster
First column gives estimated ancestral frequencies


Locus 1 : COPE5 
78 alleles
0.5% missing data
   1   (0.007) 0.001 0.001 0.001 0.001 0.625 
   2   (0.023) 0.023 0.023 0.023 0.022 0.027 
   3   (0.013) 0.014 0.015 0.014 0.014 0.002 
   4   (0.022) 0.028 0.024 0.023 0.026 0.002 
   5   (0.011) 0.011 0.009 0.009 0.011 0.001 
   6   (0.019) 0.019 0.017 0.017 0.018 0.009 
   7   (0.007) 0.004 0.004 0.004 0.003 0.001 
   8   (0.035) 0.082 0.092 0.094 0.086 0.003 
   9   (0.019) 0.022 0.023 0.022 0.022 0.002 
  10   (0.020) 0.020 0.021 0.021 0.020 0.002 
  11   (0.015) 0.015 0.014 0.015 0.014 0.020 
  12   (0.017) 0.022 0.024 0.025 0.022 0.001 
  13   (0.011) 0.010 0.011 0.012 0.010 0.002 
  14   (0.023) 0.027 0.028 0.028 0.026 0.002 
  15   (0.018) 0.035 0.032 0.031 0.033 0.001 
  16   (0.010) 0.006 0.006 0.006 0.006 0.001 
  17   (0.017) 0.015 0.015 0.015 0.015 0.001 
  18   (0.017) 0.016 0.012 0.012 0.015 0.009 
  19   (0.011) 0.012 0.009 0.009 0.011 0.001 
  20   (0.027) 0.052 0.054 0.055 0.052 0.002 
  21   (0.021) 0.023 0.021 0.021 0.023 0.002 
  22   (0.019) 0.016 0.015 0.014 0.016 0.010 
  23   (0.013) 0.013 0.011 0.011 0.012 0.001 
  24   (0.015) 0.017 0.020 0.020 0.019 0.001 
  25   (0.010) 0.008 0.008 0.008 0.007 0.001 
  26   (0.013) 0.009 0.009 0.009 0.009 0.001 
  27   (0.012) 0.010 0.010 0.010 0.010 0.001 
  28   (0.008) 0.002 0.002 0.002 0.002 0.021 
  29   (0.014) 0.012 0.012 0.012 0.012 0.001 
  30   (0.019) 0.020 0.020 0.020 0.020 0.005 
  31   (0.018) 0.020 0.018 0.018 0.020 0.001 
  32   (0.026) 0.041 0.038 0.039 0.040 0.002 
  33   (0.006) 0.002 0.002 0.002 0.002 0.000 
  34   (0.017) 0.019 0.020 0.020 0.019 0.001 
  35   (0.007) 0.001 0.001 0.001 0.001 0.050 
  36   (0.006) 0.002 0.002 0.002 0.002 0.000 
  37   (0.020) 0.023 0.024 0.024 0.024 0.025 
  38   (0.015) 0.012 0.013 0.012 0.012 0.010 
  39   (0.015) 0.017 0.020 0.020 0.018 0.001 
  40   (0.011) 0.011 0.009 0.009 0.011 0.001 
  41   (0.009) 0.005 0.005 0.005 0.005 0.001 
  42   (0.006) 0.002 0.002 0.002 0.002 0.000 
  43   (0.009) 0.005 0.005 0.005 0.005 0.001 
  44   (0.022) 0.026 0.028 0.027 0.026 0.002 
  45   (0.006) 0.002 0.002 0.002 0.002 0.000 
  46   (0.015) 0.016 0.019 0.019 0.017 0.001 
  47   (0.009) 0.006 0.007 0.007 0.006 0.001 
  48   (0.006) 0.002 0.002 0.002 0.002 0.001 
  49   (0.015) 0.016 0.016 0.016 0.016 0.001 
  50   (0.013) 0.012 0.011 0.011 0.012 0.002 
  51   (0.014) 0.012 0.013 0.013 0.013 0.021 
  52   (0.013) 0.012 0.013 0.013 0.012 0.001 
  53   (0.007) 0.001 0.001 0.001 0.001 0.030 
  54   (0.006) 0.001 0.001 0.001 0.001 0.071 
  55   (0.011) 0.008 0.008 0.008 0.008 0.001 
  56   (0.010) 0.010 0.011 0.011 0.011 0.001 
  57   (0.013) 0.013 0.010 0.010 0.012 0.001 
  58   (0.009) 0.006 0.006 0.006 0.006 0.001 
  59   (0.011) 0.011 0.012 0.012 0.011 0.001 
  60   (0.010) 0.008 0.008 0.008 0.008 0.001 
  61   (0.006) 0.002 0.002 0.002 0.002 0.001 
  62   (0.012) 0.012 0.011 0.011 0.012 0.001 
  63   (0.010) 0.014 0.017 0.018 0.016 0.001 
  64   (0.009) 0.005 0.005 0.005 0.005 0.001 
  65   (0.020) 0.020 0.020 0.021 0.021 0.002 
  66   (0.009) 0.008 0.010 0.010 0.009 0.001 
  67   (0.010) 0.007 0.006 0.006 0.007 0.001 
  68   (0.011) 0.013 0.010 0.010 0.012 0.001 
  69   (0.006) 0.002 0.002 0.002 0.002 0.000 
  70   (0.006) 0.002 0.002 0.002 0.002 0.000 
  71   (0.010) 0.006 0.007 0.006 0.006 0.001 
  72   (0.006) 0.002 0.002 0.002 0.002 0.000 
  73   (0.006) 0.002 0.002 0.002 0.002 0.001 
  74   (0.006) 0.002 0.002 0.002 0.002 0.000 
  75   (0.009) 0.005 0.004 0.004 0.005 0.001 
  76   (0.006) 0.002 0.002 0.002 0.002 0.000 
  77   (0.007) 0.004 0.003 0.003 0.004 0.001 
  78   (0.006) 0.002 0.002 0.002 0.002 0.000 

Locus 2 : COPE9 
12 alleles
8.3% missing data
   1   (0.414) 0.467 0.470 0.476 0.468 0.406 
   2   (0.139) 0.134 0.141 0.137 0.135 0.254 
   3   (0.050) 0.047 0.050 0.050 0.049 0.032 
   4   (0.076) 0.081 0.072 0.071 0.079 0.029 
   5   (0.036) 0.026 0.025 0.025 0.026 0.025 
   6   (0.129) 0.137 0.135 0.134 0.134 0.057 
   7   (0.039) 0.027 0.026 0.026 0.027 0.064 
   8   (0.081) 0.070 0.071 0.070 0.071 0.085 
   9   (0.010) 0.004 0.004 0.004 0.004 0.001 
  10   (0.009) 0.001 0.001 0.001 0.001 0.046 
  11   (0.008) 0.003 0.003 0.003 0.003 0.001 
  12   (0.008) 0.003 0.003 0.003 0.003 0.001 

Locus 3 : CPER26 
12 alleles
2.6% missing data
   1   (0.230) 0.234 0.233 0.234 0.232 0.146 
   2   (0.036) 0.026 0.022 0.022 0.025 0.145 
   3   (0.083) 0.084 0.078 0.077 0.082 0.009 
   4   (0.496) 0.576 0.587 0.586 0.579 0.067 
   5   (0.055) 0.042 0.043 0.044 0.043 0.291 
   6   (0.030) 0.015 0.015 0.015 0.015 0.301 
   7   (0.013) 0.006 0.006 0.006 0.006 0.001 
   8   (0.019) 0.008 0.007 0.007 0.008 0.023 
   9   (0.008) 0.002 0.002 0.002 0.002 0.006 
  10   (0.012) 0.003 0.003 0.003 0.003 0.011 
  11   (0.008) 0.003 0.002 0.002 0.003 0.001 
  12   (0.008) 0.003 0.002 0.002 0.003 0.001 

Locus 4 : CPER92 
12 alleles
6.8% missing data
   1   (0.616) 0.691 0.672 0.671 0.688 0.516 
   2   (0.121) 0.126 0.141 0.142 0.128 0.270 
   3   (0.083) 0.086 0.088 0.088 0.086 0.046 
   4   (0.015) 0.007 0.007 0.007 0.008 0.020 
   5   (0.038) 0.024 0.026 0.025 0.025 0.035 
   6   (0.035) 0.026 0.027 0.028 0.027 0.009 
   7   (0.019) 0.007 0.008 0.008 0.008 0.034 
   8   (0.012) 0.003 0.003 0.003 0.003 0.034 
   9   (0.022) 0.013 0.011 0.011 0.012 0.019 
  10   (0.017) 0.007 0.008 0.008 0.008 0.017 
  11   (0.013) 0.006 0.006 0.006 0.006 0.001 
  12   (0.008) 0.003 0.002 0.002 0.003 0.001 

Locus 5 : CPER99 
5 alleles
1.0% missing data
   1   (0.013) 0.003 0.003 0.003 0.003 0.336 
   2   (0.872) 0.932 0.931 0.932 0.932 0.100 
   3   (0.079) 0.053 0.054 0.053 0.053 0.473 
   4   (0.013) 0.003 0.003 0.003 0.003 0.029 
   5   (0.023) 0.009 0.009 0.009 0.009 0.063 

Locus 6 : CPER119 
22 alleles
5.5% missing data
   1   (0.009) 0.001 0.001 0.001 0.001 0.101 
   2   (0.080) 0.089 0.091 0.093 0.088 0.048 
   3   (0.035) 0.032 0.033 0.032 0.031 0.050 
   4   (0.008) 0.003 0.002 0.002 0.003 0.001 
   5   (0.160) 0.179 0.172 0.173 0.178 0.096 
   6   (0.073) 0.081 0.068 0.068 0.078 0.081 
   7   (0.070) 0.087 0.091 0.091 0.086 0.079 
   8   (0.081) 0.076 0.078 0.076 0.076 0.098 
   9   (0.116) 0.132 0.133 0.132 0.134 0.073 
  10   (0.061) 0.059 0.066 0.066 0.064 0.035 
  11   (0.022) 0.014 0.014 0.013 0.013 0.023 
  12   (0.081) 0.099 0.109 0.111 0.103 0.011 
  13   (0.015) 0.007 0.006 0.006 0.006 0.011 
  14   (0.030) 0.039 0.038 0.036 0.036 0.012 
  15   (0.025) 0.020 0.020 0.021 0.019 0.061 
  16   (0.022) 0.010 0.010 0.010 0.011 0.028 
  17   (0.023) 0.014 0.011 0.012 0.013 0.090 
  18   (0.017) 0.010 0.010 0.010 0.009 0.008 
  19   (0.011) 0.003 0.003 0.003 0.003 0.025 
  20   (0.041) 0.036 0.031 0.032 0.035 0.062 
  21   (0.012) 0.006 0.007 0.007 0.006 0.006 
  22   (0.010) 0.005 0.006 0.006 0.006 0.001 

Locus 7 : CPER188 
15 alleles
1.6% missing data
   1   (0.603) 0.675 0.672 0.674 0.672 0.819 
   2   (0.110) 0.105 0.100 0.100 0.103 0.091 
   3   (0.031) 0.025 0.026 0.025 0.025 0.002 
   4   (0.039) 0.031 0.032 0.032 0.031 0.003 
   5   (0.088) 0.107 0.111 0.112 0.111 0.006 
   6   (0.016) 0.006 0.007 0.007 0.006 0.009 
   7   (0.017) 0.010 0.011 0.010 0.010 0.007 
   8   (0.023) 0.013 0.012 0.012 0.013 0.008 
   9   (0.009) 0.001 0.001 0.001 0.001 0.039 
  10   (0.008) 0.001 0.001 0.001 0.001 0.009 
  11   (0.018) 0.011 0.011 0.011 0.011 0.001 
  12   (0.015) 0.007 0.007 0.007 0.007 0.001 
  13   (0.008) 0.002 0.002 0.002 0.002 0.003 
  14   (0.008) 0.002 0.003 0.003 0.003 0.001 
  15   (0.008) 0.002 0.003 0.002 0.002 0.001 

Values of parameters used in structure:
DATAFILE=../Data/microsats.structure,	OUTFILE=../Structure_Results/01_K_05.out,	NUMINDS=384,	NUMLOCI=7,	MISSING=-9,	LABEL=1,	POPDATA=0,	POPFLAG=0,	PHENOTYPE=0,	EXTRACOLS=0,	MAXPOPS=5,	BURNIN=1000000,	NUMREPS=10000000,	USEPOPINFO=0,	INFERALPHA=1,	INFERLAMBDA=0,	POPSPECIFICLAMBDA=0,	POPALPHAS=0,	COMPUTEPROB=1,	NOADMIX=0,	ADMBURNIN=500,	UPDATEFREQ=100,	PRINTLIKES=0,	INTERMEDSAVE=0,	PRINTKLD=0,	PRINTNET=1,	PRINTLAMBDA=1,	ANCESTDIST=0,	NUMBOXES=1000,	ANCESTPINT=0.90000,	GENSBACK=2,	MIGRPRIOR=0.01000,	PRINTQHAT=0,	PRINTQSUM=1,	ALPHA=1.0000,	FREQSCORR=1,	FPRIORMEAN=0.0100,	FPRIORSD=0.0500,	ONEFST=0,	LAMBDA=1.0000,	UNIFPRIORALPHA=1,	ALPHAMAX=10.0000,	ALPHAPRIORA=1.0000,	ALPHAPRIORB=2.0000,	ALPHAPROPSD=0.0250,	STARTATPOPINFO=0,	RANDOMIZE=0,	LINKAGE=0,	METROFREQ=10,	REPORTHITRATE=0,	MARKOVPHASE=-1,	PHASED=0,	PLOIDY=2,	PHASEINFO=0	LOCPRIOR=0, 	LOCPRIORINIT=1.000000, 	LOCDATA=0, 	LOCISPOP=0, 	LOCPRIORSTEP=0.100000, 	MAXLOCPRIOR=20.000000, 	SEED=15646567,	
[STRAT parameters]:    NUMSIMSTATS=1000,	PHENOTYPECOL=-9,	POOLFREQ=10,	LOCUSxONLY=0,	EMERROR=0.00100,	MISSINGPHENO=-9,	