

----------------------------------------------------
STRUCTURE by Pritchard, Stephens and Donnelly (2000)
     and Falush, Stephens and Pritchard (2003)
       Code by Pritchard, Falush and Hubisz
             Version 2.3.4 (Jul 2012)
----------------------------------------------------



Command line arguments:   /home/jason/Programs/structure -K 7 -i ../Data/microsats.structure -m Structure_Run/mainparams -e Structure_Run/extraparams -D 85249742 -o ../Structure_Results/01_K_07.out 
Input File:    ../Data/microsats.structure

Run parameters:
   384 individuals
   7 loci
   7 populations assumed
   1000000 Burn-in period
   10000000 Reps
RANDOMIZE turned off


--------------------------------------------
Overall proportion of membership of the
sample in each of the 7 clusters

Inferred Clusters
  1      2      3      4      5      6      7    
0.146  0.146  0.147  0.122  0.146  0.147  0.146  

--------------------------------------------

Allele-freq. divergence among pops (Net nucleotide distance),
computed using point estimates of P.

      1       2       3       4       5       6       7      
 1      -    0.0002  0.0001  0.1531  0.0001  0.0003  0.0000  
 2   0.0002     -    0.0001  0.1510  0.0002  0.0001  0.0001  
 3   0.0001  0.0001     -    0.1518  0.0001  0.0001  0.0001  
 4   0.1531  0.1510  0.1518     -    0.1525  0.1507  0.1527  
 5   0.0001  0.0002  0.0001  0.1525     -    0.0003  0.0001  
 6   0.0003  0.0001  0.0001  0.1507  0.0003     -    0.0002  
 7   0.0000  0.0001  0.0001  0.1527  0.0001  0.0002     -    

Average distances (expected heterozygosity) between individuals in same cluster:
cluster  1  : 0.6216 
cluster  2  : 0.6268 
cluster  3  : 0.6246 
cluster  4  : 0.6571 
cluster  5  : 0.6232 
cluster  6  : 0.6255 
cluster  7  : 0.6210 

--------------------------------------------
Estimated Ln Prob of Data   = -8863.6
Mean value of ln likelihood = -7975.6
Variance of ln likelihood   = 1776.1
Mean value of alpha         = 0.0457

Mean value of Fst_1         = 0.0609
Mean value of Fst_2         = 0.0578
Mean value of Fst_3         = 0.0596
Mean value of Fst_4         = 0.1569
Mean value of Fst_5         = 0.0624
Mean value of Fst_6         = 0.0584
Mean value of Fst_7         = 0.0615


Inferred ancestry of individuals:
        Label (%Miss) :  Inferred clusters
  1 COPE-0001    (0)   :  0.008 0.008 0.008 0.952 0.008 0.008 0.008 
  2 COPE-0002    (0)   :  0.145 0.180 0.171 0.010 0.158 0.191 0.144 
  3 COPE-0003    (0)   :  0.158 0.167 0.168 0.007 0.130 0.204 0.167 
  4 COPE-0004    (0)   :  0.130 0.204 0.161 0.013 0.141 0.208 0.143 
  5 COPE-0005    (0)   :  0.168 0.162 0.165 0.019 0.163 0.161 0.162 
  6 COPE-0006    (0)   :  0.171 0.163 0.165 0.019 0.159 0.162 0.161 
  7 COPE-0007    (0)   :  0.168 0.157 0.164 0.007 0.174 0.155 0.175 
  8 COPE-0008    (0)   :  0.158 0.155 0.149 0.007 0.203 0.150 0.177 
  9 COPE-0009    (0)   :  0.156 0.155 0.176 0.018 0.149 0.186 0.161 
 10 COPE-0010    (0)   :  0.178 0.173 0.167 0.007 0.168 0.140 0.166 
 11 COPE-0011   (14)   :  0.012 0.015 0.013 0.920 0.012 0.015 0.013 
 12 COPE-0012   (14)   :  0.160 0.167 0.153 0.007 0.184 0.164 0.164 
 13 COPE-0013    (0)   :  0.155 0.168 0.168 0.006 0.116 0.216 0.172 
 14 COPE-0014    (0)   :  0.179 0.137 0.184 0.010 0.169 0.151 0.170 
 15 COPE-0015    (0)   :  0.180 0.148 0.172 0.007 0.177 0.143 0.174 
 16 COPE-0016    (0)   :  0.168 0.147 0.189 0.010 0.179 0.162 0.146 
 17 COPE-0017    (0)   :  0.045 0.039 0.045 0.743 0.045 0.041 0.043 
 18 COPE-0018    (0)   :  0.170 0.168 0.163 0.008 0.150 0.181 0.160 
 19 COPE-0019    (0)   :  0.161 0.161 0.168 0.006 0.136 0.198 0.170 
 20 COPE-0020    (0)   :  0.177 0.165 0.168 0.008 0.164 0.153 0.165 
 21 COPE-0021    (0)   :  0.191 0.153 0.157 0.006 0.173 0.136 0.183 
 22 COPE-0022    (0)   :  0.162 0.157 0.154 0.007 0.195 0.156 0.169 
 23 COPE-0023    (0)   :  0.151 0.185 0.165 0.008 0.152 0.187 0.152 
 24 COPE-0024   (14)   :  0.174 0.156 0.158 0.006 0.184 0.149 0.173 
 25 COPE-0025    (0)   :  0.146 0.171 0.151 0.080 0.150 0.158 0.144 
 26 COPE-0026    (0)   :  0.159 0.152 0.170 0.005 0.194 0.146 0.174 
 27 COPE-0027    (0)   :  0.155 0.162 0.165 0.006 0.140 0.202 0.170 
 28 COPE-0028    (0)   :  0.173 0.166 0.175 0.006 0.177 0.142 0.161 
 29 COPE-0029    (0)   :  0.176 0.142 0.190 0.005 0.189 0.149 0.149 
 30 COPE-0030   (14)   :  0.032 0.037 0.034 0.793 0.034 0.037 0.033 
 31 COPE-0031    (0)   :  0.163 0.149 0.158 0.010 0.197 0.146 0.178 
 32 COPE-0032    (0)   :  0.166 0.176 0.168 0.009 0.165 0.156 0.160 
 33 COPE-0033    (0)   :  0.161 0.173 0.168 0.011 0.162 0.167 0.158 
 34 COPE-0034    (0)   :  0.154 0.154 0.166 0.011 0.188 0.162 0.164 
 35 COPE-0035   (14)   :  0.164 0.178 0.167 0.008 0.168 0.155 0.160 
 36 COPE-0036   (14)   :  0.186 0.171 0.157 0.006 0.154 0.150 0.175 
 37 COPE-0037    (0)   :  0.170 0.160 0.157 0.023 0.163 0.155 0.173 
 38 COPE-0038    (0)   :  0.160 0.150 0.152 0.006 0.205 0.140 0.186 
 39 COPE-0039    (0)   :  0.139 0.161 0.149 0.110 0.134 0.166 0.141 
 40 COPE-0040   (14)   :  0.144 0.152 0.149 0.100 0.128 0.174 0.154 
 41 COPE-0041    (0)   :  0.155 0.168 0.159 0.032 0.149 0.181 0.156 
 42 COPE-0042    (0)   :  0.170 0.171 0.169 0.011 0.163 0.149 0.167 
 43 COPE-0043    (0)   :  0.149 0.173 0.171 0.005 0.171 0.179 0.151 
 44 COPE-0044    (0)   :  0.134 0.199 0.163 0.015 0.144 0.201 0.145 
 45 COPE-0045    (0)   :  0.140 0.184 0.156 0.032 0.152 0.188 0.149 
 46 COPE-0046    (0)   :  0.029 0.029 0.030 0.825 0.026 0.032 0.029 
 47 COPE-0047    (0)   :  0.007 0.007 0.007 0.956 0.007 0.007 0.007 
 48 COPE-0048    (0)   :  0.173 0.174 0.171 0.007 0.171 0.140 0.163 
 49 COPE-0049    (0)   :  0.149 0.189 0.163 0.016 0.157 0.183 0.144 
 50 COPE-0050    (0)   :  0.149 0.175 0.168 0.007 0.126 0.210 0.165 
 51 COPE-0051    (0)   :  0.153 0.159 0.153 0.106 0.155 0.129 0.146 
 52 COPE-0052    (0)   :  0.181 0.138 0.180 0.010 0.178 0.144 0.169 
 53 COPE-0053    (0)   :  0.173 0.138 0.195 0.010 0.186 0.156 0.142 
 54 COPE-0054    (0)   :  0.196 0.158 0.150 0.005 0.170 0.135 0.186 
 55 COPE-0055    (0)   :  0.163 0.153 0.150 0.005 0.205 0.148 0.176 
 56 COPE-0056    (0)   :  0.151 0.178 0.158 0.018 0.157 0.184 0.153 
 57 COPE-0057    (0)   :  0.165 0.166 0.165 0.011 0.144 0.184 0.166 
 58 COPE-0058    (0)   :  0.159 0.186 0.163 0.009 0.152 0.177 0.154 
 59 COPE-0059    (0)   :  0.156 0.163 0.163 0.019 0.116 0.210 0.172 
 60 COPE-0060    (0)   :  0.159 0.156 0.181 0.007 0.171 0.175 0.151 
 61 COPE-0061    (0)   :  0.164 0.147 0.187 0.013 0.164 0.174 0.152 
 62 COPE-0062    (0)   :  0.191 0.148 0.157 0.010 0.171 0.135 0.188 
 63 COPE-0063    (0)   :  0.156 0.155 0.147 0.029 0.196 0.149 0.167 
 64 COPE-0064    (0)   :  0.157 0.163 0.170 0.010 0.162 0.172 0.167 
 65 COPE-0065    (0)   :  0.006 0.006 0.006 0.966 0.006 0.006 0.006 
 66 COPE-0066    (0)   :  0.171 0.174 0.169 0.016 0.164 0.144 0.162 
 67 COPE-0067   (14)   :  0.027 0.027 0.028 0.842 0.026 0.025 0.026 
 68 COPE-0068    (0)   :  0.153 0.167 0.167 0.010 0.115 0.216 0.171 
 69 COPE-0069   (14)   :  0.176 0.153 0.172 0.013 0.159 0.158 0.169 
 70 COPE-0070    (0)   :  0.148 0.186 0.164 0.012 0.163 0.176 0.150 
 71 COPE-0071    (0)   :  0.178 0.172 0.171 0.004 0.173 0.136 0.165 
 72 COPE-0072    (0)   :  0.155 0.165 0.172 0.007 0.151 0.187 0.163 
 73 COPE-0073   (14)   :  0.047 0.040 0.047 0.741 0.046 0.040 0.039 
 74 COPE-0074    (0)   :  0.171 0.173 0.168 0.009 0.172 0.144 0.163 
 75 COPE-0075    (0)   :  0.166 0.177 0.171 0.013 0.172 0.142 0.160 
 76 COPE-0076    (0)   :  0.174 0.158 0.162 0.006 0.164 0.164 0.172 
 77 COPE-0077   (14)   :  0.160 0.164 0.170 0.009 0.156 0.172 0.169 
 78 COPE-0078   (14)   :  0.159 0.168 0.153 0.008 0.182 0.160 0.170 
 79 COPE-0079    (0)   :  0.123 0.210 0.158 0.009 0.142 0.217 0.140 
 80 COPE-0080   (42)   :  0.022 0.021 0.022 0.872 0.020 0.023 0.021 
 81 COPE-0081   (14)   :  0.085 0.083 0.082 0.488 0.093 0.081 0.087 
 82 COPE-0082   (14)   :  0.159 0.172 0.154 0.047 0.170 0.144 0.154 
 83 COPE-0083   (14)   :  0.186 0.132 0.180 0.006 0.178 0.139 0.179 
 84 COPE-0084    (0)   :  0.132 0.111 0.144 0.251 0.139 0.117 0.106 
 85 COPE-0085    (0)   :  0.145 0.187 0.163 0.010 0.151 0.191 0.153 
 86 COPE-0086    (0)   :  0.170 0.172 0.165 0.021 0.164 0.154 0.154 
 87 COPE-0087   (14)   :  0.165 0.157 0.182 0.007 0.173 0.169 0.147 
 88 COPE-0088   (14)   :  0.158 0.163 0.173 0.024 0.162 0.175 0.145 
 89 COPE-0089   (14)   :  0.007 0.007 0.007 0.956 0.007 0.007 0.007 
 90 COPE-0090    (0)   :  0.163 0.154 0.151 0.008 0.202 0.147 0.175 
 91 COPE-0091   (14)   :  0.169 0.146 0.191 0.006 0.177 0.160 0.152 
 92 COPE-0092   (28)   :  0.023 0.027 0.025 0.849 0.022 0.029 0.024 
 93 COPE-0093    (0)   :  0.159 0.161 0.151 0.006 0.197 0.157 0.169 
 94 COPE-0094    (0)   :  0.120 0.205 0.156 0.032 0.138 0.212 0.137 
 95 COPE-0095    (0)   :  0.173 0.142 0.189 0.005 0.191 0.152 0.149 
 96 COPE-0096    (0)   :  0.182 0.143 0.178 0.009 0.174 0.148 0.166 
 97 COPE-0097    (0)   :  0.182 0.163 0.169 0.008 0.173 0.137 0.168 
 98 COPE-0098    (0)   :  0.158 0.150 0.153 0.008 0.204 0.145 0.183 
 99 COPE-0099    (0)   :  0.155 0.166 0.164 0.021 0.122 0.203 0.169 
100 COPE-0100    (0)   :  0.169 0.166 0.164 0.007 0.162 0.167 0.164 
101 COPE-0101    (0)   :  0.161 0.166 0.155 0.045 0.167 0.150 0.157 
102 COPE-0102    (0)   :  0.157 0.177 0.168 0.006 0.158 0.178 0.156 
103 COPE-0103    (0)   :  0.146 0.181 0.163 0.018 0.157 0.180 0.156 
104 COPE-0104   (14)   :  0.168 0.170 0.167 0.007 0.181 0.141 0.165 
105 COPE-0105    (0)   :  0.173 0.170 0.161 0.037 0.167 0.136 0.156 
106 COPE-0106    (0)   :  0.210 0.158 0.151 0.005 0.162 0.129 0.187 
107 COPE-0107    (0)   :  0.018 0.018 0.018 0.887 0.021 0.018 0.019 
108 COPE-0108    (0)   :  0.178 0.155 0.157 0.006 0.180 0.139 0.186 
109 COPE-0109    (0)   :  0.134 0.196 0.165 0.012 0.144 0.202 0.147 
110 COPE-0110   (14)   :  0.177 0.158 0.162 0.014 0.169 0.155 0.164 
111 COPE-0111    (0)   :  0.186 0.151 0.169 0.009 0.165 0.148 0.172 
112 COPE-0112   (14)   :  0.169 0.168 0.170 0.011 0.170 0.147 0.164 
113 COPE-0113    (0)   :  0.153 0.171 0.162 0.023 0.148 0.184 0.160 
114 COPE-0114    (0)   :  0.188 0.162 0.156 0.010 0.162 0.150 0.172 
115 COPE-0115    (0)   :  0.026 0.022 0.028 0.850 0.027 0.024 0.024 
116 COPE-0116   (28)   :  0.010 0.010 0.010 0.942 0.009 0.010 0.010 
117 COPE-0117    (0)   :  0.172 0.139 0.193 0.011 0.187 0.157 0.141 
118 COPE-0118    (0)   :  0.202 0.152 0.159 0.009 0.162 0.132 0.184 
119 COPE-0119    (0)   :  0.182 0.149 0.151 0.010 0.181 0.126 0.201 
120 COPE-0120    (0)   :  0.148 0.181 0.165 0.012 0.146 0.185 0.162 
121 COPE-0121    (0)   :  0.178 0.145 0.156 0.061 0.155 0.139 0.166 
122 COPE-0122    (0)   :  0.149 0.185 0.167 0.008 0.152 0.189 0.150 
123 COPE-0123    (0)   :  0.149 0.185 0.164 0.015 0.155 0.182 0.151 
124 COPE-0124    (0)   :  0.151 0.181 0.159 0.013 0.150 0.192 0.154 
125 COPE-0125    (0)   :  0.180 0.172 0.162 0.007 0.169 0.143 0.167 
126 COPE-0126    (0)   :  0.174 0.136 0.190 0.013 0.189 0.153 0.145 
127 COPE-0127   (14)   :  0.171 0.169 0.166 0.007 0.170 0.161 0.156 
128 COPE-0128    (0)   :  0.178 0.166 0.154 0.020 0.159 0.152 0.171 
129 COPE-0129    (0)   :  0.137 0.197 0.161 0.007 0.142 0.207 0.150 
130 COPE-0130    (0)   :  0.155 0.167 0.165 0.012 0.132 0.201 0.167 
131 COPE-0131   (14)   :  0.178 0.148 0.164 0.010 0.159 0.156 0.185 
132 COPE-0132   (14)   :  0.171 0.144 0.154 0.036 0.184 0.134 0.177 
133 COPE-0133    (0)   :  0.169 0.147 0.192 0.010 0.183 0.160 0.140 
134 COPE-0134    (0)   :  0.157 0.177 0.161 0.007 0.158 0.179 0.160 
135 COPE-0135    (0)   :  0.168 0.172 0.164 0.009 0.173 0.154 0.160 
136 COPE-0136    (0)   :  0.012 0.012 0.013 0.926 0.012 0.013 0.012 
137 COPE-0137    (0)   :  0.160 0.168 0.164 0.013 0.144 0.188 0.163 
138 COPE-0138   (14)   :  0.008 0.008 0.008 0.952 0.008 0.008 0.008 
139 COPE-0139    (0)   :  0.160 0.168 0.169 0.008 0.139 0.194 0.161 
140 COPE-0140   (14)   :  0.021 0.021 0.022 0.873 0.020 0.022 0.021 
141 COPE-0141    (0)   :  0.154 0.173 0.154 0.008 0.183 0.168 0.160 
142 COPE-0142    (0)   :  0.169 0.162 0.156 0.009 0.173 0.159 0.173 
143 COPE-0143    (0)   :  0.163 0.164 0.169 0.009 0.182 0.161 0.152 
144 COPE-0144   (14)   :  0.101 0.127 0.117 0.321 0.104 0.130 0.100 
145 COPE-0145   (14)   :  0.093 0.106 0.101 0.402 0.095 0.107 0.097 
146 COPE-0146   (14)   :  0.171 0.155 0.166 0.029 0.171 0.153 0.155 
147 COPE-0147    (0)   :  0.131 0.179 0.154 0.063 0.148 0.183 0.141 
148 COPE-0148    (0)   :  0.170 0.146 0.191 0.009 0.184 0.159 0.141 
149 COPE-0149    (0)   :  0.158 0.160 0.175 0.007 0.141 0.197 0.162 
150 COPE-0150    (0)   :  0.175 0.175 0.172 0.009 0.174 0.134 0.161 
151 COPE-0151    (0)   :  0.167 0.160 0.171 0.007 0.163 0.171 0.161 
152 COPE-0152   (14)   :  0.140 0.146 0.138 0.121 0.167 0.139 0.149 
153 COPE-0153    (0)   :  0.158 0.162 0.159 0.006 0.178 0.157 0.180 
154 COPE-0154    (0)   :  0.176 0.160 0.165 0.006 0.150 0.173 0.168 
155 COPE-0155    (0)   :  0.171 0.170 0.162 0.006 0.152 0.171 0.169 
156 COPE-0156   (14)   :  0.009 0.009 0.009 0.948 0.009 0.009 0.008 
157 COPE-0157   (14)   :  0.107 0.125 0.111 0.303 0.126 0.118 0.109 
158 COPE-0158    (0)   :  0.167 0.146 0.190 0.009 0.166 0.170 0.152 
159 COPE-0159    (0)   :  0.152 0.157 0.163 0.007 0.191 0.156 0.173 
160 COPE-0160    (0)   :  0.149 0.189 0.156 0.006 0.161 0.183 0.157 
161 COPE-0161    (0)   :  0.149 0.179 0.167 0.012 0.153 0.185 0.155 
162 COPE-0162   (14)   :  0.007 0.007 0.007 0.959 0.007 0.007 0.007 
163 COPE-0163   (28)   :  0.013 0.013 0.013 0.921 0.013 0.013 0.013 
164 COPE-0164    (0)   :  0.161 0.163 0.163 0.034 0.154 0.171 0.154 
165 COPE-0165    (0)   :  0.154 0.169 0.170 0.008 0.142 0.192 0.165 
166 COPE-0166   (14)   :  0.154 0.179 0.161 0.008 0.157 0.186 0.154 
167 COPE-0167    (0)   :  0.159 0.185 0.158 0.008 0.155 0.178 0.158 
168 COPE-0168    (0)   :  0.165 0.147 0.184 0.006 0.185 0.155 0.159 
169 COPE-0169    (0)   :  0.154 0.166 0.166 0.012 0.120 0.210 0.172 
170 COPE-0170    (0)   :  0.157 0.156 0.154 0.036 0.179 0.153 0.165 
171 COPE-0171    (0)   :  0.178 0.145 0.174 0.009 0.180 0.146 0.169 
172 COPE-0172    (0)   :  0.170 0.163 0.166 0.006 0.173 0.152 0.169 
173 COPE-0173   (14)   :  0.143 0.160 0.156 0.068 0.111 0.200 0.161 
174 COPE-0174   (28)   :  0.156 0.170 0.166 0.020 0.170 0.170 0.147 
175 COPE-0175    (0)   :  0.148 0.166 0.166 0.039 0.160 0.175 0.146 
176 COPE-0176    (0)   :  0.169 0.171 0.150 0.010 0.174 0.161 0.165 
177 COPE-0177    (0)   :  0.160 0.164 0.168 0.007 0.132 0.202 0.168 
178 COPE-0178    (0)   :  0.205 0.161 0.150 0.007 0.162 0.130 0.185 
179 COPE-0179    (0)   :  0.159 0.175 0.161 0.009 0.152 0.181 0.163 
180 COPE-0180   (14)   :  0.156 0.167 0.168 0.006 0.119 0.213 0.171 
181 COPE-0181   (14)   :  0.155 0.171 0.165 0.009 0.130 0.202 0.168 
182 COPE-0182    (0)   :  0.164 0.158 0.155 0.005 0.200 0.138 0.180 
183 COPE-0183    (0)   :  0.171 0.166 0.162 0.011 0.161 0.167 0.163 
184 COPE-0184    (0)   :  0.169 0.162 0.166 0.009 0.168 0.162 0.163 
185 COPE-0185    (0)   :  0.163 0.148 0.157 0.006 0.190 0.152 0.184 
186 COPE-0186    (0)   :  0.189 0.142 0.170 0.006 0.176 0.134 0.183 
187 COPE-0187    (0)   :  0.166 0.176 0.164 0.010 0.174 0.148 0.161 
188 COPE-0188    (0)   :  0.022 0.024 0.023 0.867 0.022 0.022 0.021 
189 COPE-0189    (0)   :  0.162 0.167 0.169 0.009 0.149 0.182 0.162 
190 COPE-0190    (0)   :  0.138 0.197 0.162 0.015 0.145 0.197 0.146 
191 COPE-0191    (0)   :  0.159 0.157 0.172 0.013 0.165 0.171 0.162 
192 COPE-0192   (14)   :  0.010 0.009 0.010 0.941 0.010 0.009 0.010 
193 COPE-0193    (0)   :  0.176 0.153 0.174 0.006 0.177 0.155 0.158 
194 COPE-0194    (0)   :  0.176 0.170 0.172 0.009 0.177 0.133 0.163 
195 COPE-0195    (0)   :  0.166 0.178 0.167 0.007 0.170 0.156 0.156 
196 COPE-0196    (0)   :  0.163 0.171 0.158 0.011 0.167 0.159 0.170 
197 COPE-0197    (0)   :  0.157 0.169 0.167 0.007 0.132 0.198 0.171 
198 COPE-0198    (0)   :  0.162 0.153 0.157 0.013 0.166 0.166 0.182 
199 COPE-0199    (0)   :  0.159 0.164 0.165 0.010 0.119 0.211 0.171 
200 COPE-0200   (42)   :  0.153 0.168 0.166 0.009 0.122 0.212 0.169 
201 COPE-0201    (0)   :  0.173 0.158 0.155 0.009 0.183 0.150 0.172 
202 COPE-0202    (0)   :  0.137 0.175 0.158 0.014 0.179 0.173 0.164 
203 COPE-0203    (0)   :  0.166 0.158 0.162 0.006 0.176 0.161 0.170 
204 COPE-0204    (0)   :  0.186 0.165 0.158 0.037 0.159 0.130 0.165 
205 COPE-0205    (0)   :  0.166 0.152 0.170 0.022 0.179 0.151 0.159 
206 COPE-0206    (0)   :  0.198 0.158 0.153 0.005 0.170 0.134 0.183 
207 COPE-0207    (0)   :  0.194 0.147 0.153 0.011 0.176 0.127 0.191 
208 COPE-0208    (0)   :  0.026 0.028 0.027 0.836 0.028 0.027 0.028 
209 COPE-0209    (0)   :  0.169 0.163 0.164 0.007 0.148 0.174 0.175 
210 COPE-0210    (0)   :  0.171 0.145 0.193 0.012 0.172 0.154 0.153 
211 COPE-0211    (0)   :  0.174 0.175 0.171 0.005 0.172 0.140 0.162 
212 COPE-0212    (0)   :  0.179 0.147 0.162 0.012 0.183 0.137 0.179 
213 COPE-0213    (0)   :  0.184 0.163 0.158 0.008 0.161 0.148 0.178 
214 COPE-0214    (0)   :  0.153 0.169 0.167 0.008 0.115 0.218 0.171 
215 COPE-0215    (0)   :  0.151 0.163 0.161 0.037 0.111 0.210 0.167 
216 COPE-0216   (14)   :  0.087 0.085 0.092 0.480 0.088 0.087 0.081 
217 COPE-0217    (0)   :  0.190 0.157 0.150 0.027 0.161 0.137 0.178 
218 COPE-0218    (0)   :  0.165 0.156 0.171 0.009 0.165 0.163 0.171 
219 COPE-0219   (14)   :  0.153 0.164 0.169 0.009 0.134 0.203 0.168 
220 COPE-0220    (0)   :  0.195 0.159 0.149 0.014 0.157 0.145 0.182 
221 COPE-0221    (0)   :  0.153 0.153 0.149 0.014 0.204 0.148 0.179 
222 COPE-0222    (0)   :  0.169 0.144 0.173 0.007 0.199 0.148 0.161 
223 COPE-0223    (0)   :  0.153 0.175 0.167 0.008 0.132 0.202 0.163 
224 COPE-0224    (0)   :  0.126 0.202 0.157 0.021 0.147 0.206 0.142 
225 COPE-0225    (0)   :  0.153 0.166 0.165 0.015 0.112 0.217 0.171 
226 COPE-0226    (0)   :  0.162 0.166 0.173 0.008 0.171 0.170 0.150 
227 COPE-0227    (0)   :  0.170 0.155 0.166 0.006 0.160 0.165 0.178 
228 COPE-0228    (0)   :  0.181 0.168 0.155 0.025 0.158 0.149 0.164 
229 COPE-0229    (0)   :  0.156 0.172 0.169 0.007 0.153 0.180 0.163 
230 COPE-0230    (0)   :  0.175 0.171 0.160 0.010 0.166 0.158 0.159 
231 COPE-0231    (0)   :  0.164 0.166 0.167 0.006 0.147 0.182 0.168 
232 COPE-0232    (0)   :  0.145 0.195 0.162 0.014 0.144 0.191 0.148 
233 COPE-0233    (0)   :  0.160 0.151 0.155 0.005 0.202 0.144 0.182 
234 COPE-0234    (0)   :  0.137 0.199 0.161 0.008 0.147 0.203 0.144 
235 COPE-0235    (0)   :  0.149 0.183 0.165 0.006 0.149 0.196 0.153 
236 COPE-0236    (0)   :  0.190 0.167 0.158 0.005 0.169 0.139 0.171 
237 COPE-0237    (0)   :  0.158 0.149 0.153 0.006 0.201 0.144 0.189 
238 COPE-0238    (0)   :  0.154 0.164 0.169 0.007 0.122 0.212 0.172 
239 COPE-0239    (0)   :  0.139 0.182 0.164 0.034 0.151 0.190 0.140 
240 COPE-0240    (0)   :  0.172 0.140 0.188 0.008 0.184 0.154 0.153 
241 COPE-0241    (0)   :  0.155 0.168 0.167 0.007 0.115 0.217 0.172 
242 COPE-0242    (0)   :  0.190 0.155 0.153 0.006 0.170 0.132 0.193 
243 COPE-0243    (0)   :  0.169 0.177 0.168 0.008 0.170 0.148 0.160 
244 COPE-0244    (0)   :  0.158 0.178 0.165 0.009 0.148 0.183 0.158 
245 COPE-0245    (0)   :  0.169 0.170 0.166 0.013 0.178 0.141 0.164 
246 COPE-0246    (0)   :  0.155 0.176 0.164 0.013 0.165 0.176 0.151 
247 COPE-0247    (0)   :  0.159 0.155 0.156 0.017 0.169 0.170 0.175 
248 COPE-0248    (0)   :  0.174 0.161 0.163 0.005 0.187 0.136 0.174 
249 COPE-0249    (0)   :  0.132 0.196 0.160 0.033 0.133 0.203 0.143 
250 COPE-0250    (0)   :  0.144 0.192 0.159 0.016 0.150 0.191 0.149 
251 COPE-0251   (14)   :  0.032 0.030 0.031 0.804 0.038 0.029 0.036 
252 COPE-0252    (0)   :  0.139 0.195 0.163 0.012 0.152 0.194 0.146 
253 COPE-0253    (0)   :  0.159 0.158 0.155 0.008 0.195 0.157 0.169 
254 COPE-0254    (0)   :  0.172 0.175 0.162 0.013 0.169 0.150 0.158 
255 COPE-0255    (0)   :  0.161 0.158 0.154 0.028 0.179 0.151 0.170 
256 COPE-0256    (0)   :  0.180 0.141 0.190 0.011 0.178 0.154 0.147 
257 COPE-0257    (0)   :  0.182 0.142 0.176 0.008 0.172 0.138 0.182 
258 COPE-0258    (0)   :  0.174 0.156 0.164 0.024 0.162 0.147 0.173 
259 COPE-0259    (0)   :  0.171 0.170 0.171 0.006 0.172 0.140 0.170 
260 COPE-0260    (0)   :  0.155 0.162 0.164 0.024 0.127 0.200 0.168 
261 COPE-0261    (0)   :  0.184 0.174 0.166 0.006 0.170 0.136 0.165 
262 COPE-0262    (0)   :  0.170 0.171 0.167 0.024 0.169 0.151 0.148 
263 COPE-0263    (0)   :  0.164 0.146 0.169 0.009 0.183 0.150 0.180 
264 COPE-0264    (0)   :  0.178 0.154 0.162 0.023 0.166 0.139 0.178 
265 COPE-0265    (0)   :  0.165 0.160 0.157 0.010 0.186 0.151 0.171 
266 COPE-0266    (0)   :  0.181 0.166 0.152 0.019 0.164 0.144 0.174 
267 COPE-0267    (0)   :  0.153 0.155 0.154 0.006 0.202 0.148 0.181 
268 COPE-0268    (0)   :  0.156 0.147 0.153 0.013 0.205 0.140 0.186 
269 COPE-0269    (0)   :  0.159 0.163 0.182 0.007 0.167 0.173 0.149 
270 COPE-0270    (0)   :  0.173 0.175 0.174 0.007 0.168 0.143 0.161 
271 COPE-0271    (0)   :  0.158 0.161 0.175 0.008 0.159 0.182 0.157 
272 COPE-0272    (0)   :  0.160 0.177 0.159 0.007 0.168 0.172 0.157 
273 COPE-0273    (0)   :  0.174 0.149 0.148 0.014 0.194 0.135 0.186 
274 COPE-0274   (14)   :  0.020 0.020 0.021 0.880 0.020 0.018 0.020 
275 COPE-0275    (0)   :  0.159 0.177 0.163 0.011 0.155 0.175 0.161 
276 COPE-0276   (14)   :  0.006 0.006 0.006 0.964 0.006 0.006 0.006 
277 COPE-0277   (14)   :  0.187 0.142 0.185 0.014 0.175 0.144 0.152 
278 COPE-0278    (0)   :  0.204 0.157 0.153 0.007 0.163 0.136 0.180 
279 COPE-0279    (0)   :  0.177 0.174 0.161 0.008 0.161 0.156 0.163 
280 COPE-0280    (0)   :  0.013 0.013 0.013 0.922 0.013 0.013 0.013 
281 COPE-0281    (0)   :  0.025 0.029 0.027 0.839 0.023 0.031 0.026 
282 COPE-0282   (14)   :  0.122 0.209 0.158 0.007 0.147 0.215 0.142 
283 COPE-0283    (0)   :  0.196 0.157 0.159 0.007 0.164 0.139 0.177 
284 COPE-0284   (14)   :  0.152 0.163 0.160 0.036 0.127 0.198 0.164 
285 COPE-0285    (0)   :  0.033 0.031 0.033 0.808 0.032 0.033 0.032 
286 COPE-0286    (0)   :  0.160 0.176 0.163 0.014 0.155 0.172 0.160 
287 COPE-0287    (0)   :  0.151 0.142 0.154 0.043 0.195 0.138 0.178 
288 COPE-0288    (0)   :  0.154 0.157 0.148 0.010 0.201 0.151 0.179 
289 COPE-0289    (0)   :  0.168 0.153 0.170 0.008 0.180 0.161 0.161 
290 COPE-0290    (0)   :  0.167 0.176 0.168 0.008 0.151 0.165 0.164 
291 COPE-0291    (0)   :  0.171 0.159 0.171 0.006 0.155 0.166 0.173 
292 COPE-0292   (42)   :  0.013 0.014 0.014 0.918 0.013 0.014 0.014 
293 COPE-0293    (0)   :  0.165 0.164 0.154 0.008 0.189 0.151 0.168 
294 COPE-0294    (0)   :  0.154 0.182 0.163 0.011 0.146 0.188 0.154 
295 COPE-0295    (0)   :  0.163 0.169 0.159 0.008 0.173 0.169 0.158 
296 COPE-0296   (14)   :  0.165 0.161 0.164 0.007 0.184 0.149 0.169 
297 COPE-0297   (14)   :  0.150 0.164 0.162 0.035 0.113 0.209 0.167 
298 COPE-0298    (0)   :  0.148 0.189 0.158 0.011 0.159 0.186 0.149 
299 COPE-0299    (0)   :  0.178 0.168 0.169 0.006 0.180 0.136 0.163 
300 COPE-0300   (14)   :  0.161 0.143 0.180 0.008 0.186 0.158 0.164 
301 COPE-0301   (14)   :  0.158 0.157 0.149 0.010 0.203 0.151 0.172 
302 COPE-0302    (0)   :  0.125 0.104 0.132 0.283 0.129 0.113 0.115 
303 COPE-0303    (0)   :  0.192 0.171 0.155 0.006 0.152 0.151 0.173 
304 COPE-0304    (0)   :  0.164 0.170 0.162 0.007 0.169 0.167 0.160 
305 COPE-0305   (14)   :  0.146 0.175 0.165 0.042 0.149 0.179 0.144 
306 COPE-0306    (0)   :  0.205 0.156 0.146 0.009 0.167 0.125 0.191 
307 COPE-0307   (28)   :  0.008 0.008 0.008 0.953 0.008 0.008 0.008 
308 COPE-0308    (0)   :  0.127 0.202 0.155 0.006 0.156 0.206 0.147 
309 COPE-0309   (14)   :  0.049 0.059 0.054 0.678 0.054 0.055 0.051 
310 COPE-0310   (28)   :  0.045 0.036 0.042 0.752 0.043 0.037 0.044 
311 COPE-0311    (0)   :  0.176 0.152 0.161 0.023 0.170 0.138 0.182 
312 COPE-0312   (28)   :  0.012 0.011 0.011 0.932 0.011 0.011 0.012 
313 COPE-0313    (0)   :  0.195 0.154 0.147 0.008 0.176 0.127 0.193 
314 COPE-0314    (0)   :  0.165 0.151 0.156 0.008 0.196 0.139 0.184 
315 COPE-0315    (0)   :  0.170 0.162 0.157 0.008 0.150 0.176 0.176 
316 COPE-0316    (0)   :  0.170 0.167 0.166 0.023 0.156 0.154 0.164 
317 COPE-0317   (14)   :  0.008 0.008 0.008 0.951 0.008 0.008 0.008 
318 COPE-0318    (0)   :  0.170 0.172 0.163 0.006 0.158 0.166 0.166 
319 COPE-0319    (0)   :  0.142 0.185 0.166 0.007 0.153 0.198 0.149 
320 COPE-0320   (14)   :  0.157 0.171 0.158 0.015 0.175 0.171 0.153 
321 COPE-0321   (14)   :  0.179 0.151 0.158 0.011 0.180 0.132 0.190 
322 COPE-0322   (14)   :  0.163 0.170 0.163 0.006 0.143 0.186 0.168 
323 COPE-0323    (0)   :  0.183 0.133 0.173 0.014 0.178 0.135 0.185 
324 COPE-0324    (0)   :  0.159 0.168 0.167 0.006 0.124 0.206 0.170 
325 COPE-0325   (14)   :  0.179 0.135 0.198 0.012 0.181 0.149 0.145 
326 COPE-0326    (0)   :  0.161 0.169 0.145 0.007 0.185 0.163 0.169 
327 COPE-0327   (14)   :  0.153 0.166 0.157 0.009 0.189 0.163 0.162 
328 COPE-0328    (0)   :  0.174 0.172 0.167 0.006 0.153 0.161 0.168 
329 COPE-0329   (28)   :  0.168 0.162 0.159 0.012 0.133 0.190 0.176 
330 COPE-0330    (0)   :  0.166 0.152 0.158 0.022 0.183 0.139 0.179 
331 COPE-0331    (0)   :  0.162 0.155 0.150 0.006 0.202 0.151 0.174 
332 COPE-0332   (14)   :  0.181 0.172 0.158 0.007 0.157 0.150 0.174 
333 COPE-0333    (0)   :  0.139 0.137 0.131 0.144 0.167 0.134 0.148 
334 COPE-0334   (28)   :  0.055 0.047 0.052 0.687 0.056 0.048 0.055 
335 COPE-0335    (0)   :  0.153 0.169 0.167 0.007 0.116 0.217 0.173 
336 COPE-0336    (0)   :  0.153 0.170 0.158 0.006 0.170 0.176 0.166 
337 COPE-0337   (28)   :  0.019 0.019 0.019 0.885 0.017 0.021 0.019 
338 COPE-0338    (0)   :  0.169 0.145 0.161 0.025 0.184 0.134 0.182 
339 COPE-0339    (0)   :  0.176 0.134 0.195 0.007 0.192 0.153 0.143 
340 COPE-0340   (14)   :  0.011 0.012 0.011 0.931 0.011 0.012 0.011 
341 COPE-0341    (0)   :  0.138 0.187 0.161 0.007 0.162 0.193 0.151 
342 COPE-0342    (0)   :  0.154 0.168 0.169 0.007 0.112 0.219 0.172 
343 COPE-0343    (0)   :  0.179 0.161 0.156 0.006 0.182 0.141 0.175 
344 COPE-0344   (14)   :  0.009 0.010 0.010 0.942 0.010 0.010 0.010 
345 COPE-0345    (0)   :  0.140 0.191 0.168 0.006 0.155 0.198 0.142 
346 COPE-0346    (0)   :  0.148 0.171 0.162 0.035 0.151 0.174 0.158 
347 COPE-0347    (0)   :  0.173 0.167 0.173 0.007 0.171 0.151 0.158 
348 COPE-0348    (0)   :  0.176 0.167 0.165 0.015 0.170 0.138 0.170 
349 COPE-0349    (0)   :  0.155 0.165 0.168 0.006 0.124 0.211 0.172 
350 COPE-0350    (0)   :  0.172 0.174 0.171 0.006 0.167 0.148 0.164 
351 COPE-0351    (0)   :  0.177 0.170 0.168 0.006 0.165 0.149 0.164 
352 COPE-0352    (0)   :  0.160 0.170 0.161 0.027 0.139 0.180 0.163 
353 COPE-0353    (0)   :  0.175 0.152 0.175 0.006 0.168 0.148 0.178 
354 COPE-0354    (0)   :  0.168 0.160 0.157 0.017 0.177 0.153 0.169 
355 COPE-0355    (0)   :  0.176 0.137 0.200 0.006 0.188 0.153 0.139 
356 COPE-0356    (0)   :  0.167 0.179 0.162 0.008 0.173 0.152 0.159 
357 COPE-0357    (0)   :  0.151 0.171 0.168 0.009 0.140 0.194 0.168 
358 COPE-0358    (0)   :  0.007 0.008 0.007 0.955 0.007 0.008 0.007 
359 COPE-0359   (14)   :  0.162 0.178 0.163 0.009 0.155 0.180 0.153 
360 COPE-0360    (0)   :  0.185 0.149 0.172 0.006 0.169 0.141 0.177 
361 COPE-0361    (0)   :  0.148 0.189 0.164 0.008 0.152 0.189 0.151 
362 COPE-0362    (0)   :  0.157 0.168 0.166 0.007 0.121 0.208 0.173 
363 COPE-0363   (14)   :  0.148 0.183 0.163 0.014 0.154 0.189 0.149 
364 COPE-0364    (0)   :  0.169 0.153 0.162 0.006 0.187 0.135 0.189 
365 COPE-0365    (0)   :  0.167 0.137 0.157 0.027 0.192 0.129 0.192 
366 COPE-0366    (0)   :  0.162 0.169 0.159 0.022 0.129 0.190 0.168 
367 COPE-0367   (14)   :  0.010 0.011 0.011 0.935 0.011 0.011 0.011 
368 COPE-0368    (0)   :  0.167 0.143 0.183 0.010 0.193 0.150 0.155 
369 COPE-0369    (0)   :  0.155 0.160 0.167 0.009 0.175 0.166 0.168 
370 COPE-0370   (28)   :  0.008 0.009 0.008 0.949 0.009 0.008 0.008 
371 COPE-0371    (0)   :  0.173 0.145 0.160 0.012 0.191 0.139 0.180 
372 COPE-0372    (0)   :  0.177 0.152 0.160 0.048 0.149 0.147 0.167 
373 COPE-0373   (14)   :  0.154 0.170 0.148 0.007 0.191 0.162 0.169 
374 COPE-0374    (0)   :  0.158 0.170 0.164 0.008 0.170 0.172 0.157 
375 COPE-0375   (14)   :  0.165 0.147 0.173 0.013 0.178 0.153 0.172 
376 COPE-0376   (14)   :  0.177 0.174 0.165 0.006 0.172 0.143 0.163 
377 COPE-0377    (0)   :  0.054 0.066 0.058 0.642 0.058 0.065 0.057 
378 COPE-0378    (0)   :  0.180 0.142 0.190 0.007 0.178 0.146 0.158 
379 COPE-0379    (0)   :  0.154 0.170 0.166 0.007 0.117 0.215 0.170 
380 COPE-0380   (28)   :  0.039 0.034 0.032 0.796 0.034 0.029 0.036 
381 COPE-0381    (0)   :  0.156 0.174 0.170 0.013 0.161 0.174 0.153 
382 COPE-0382    (0)   :  0.156 0.167 0.168 0.006 0.116 0.216 0.171 
383 COPE-0383    (0)   :  0.149 0.123 0.149 0.126 0.165 0.125 0.163 
384 COPE-0384    (0)   :  0.178 0.144 0.181 0.008 0.178 0.144 0.167 


Estimated Allele Frequencies in each cluster
First column gives estimated ancestral frequencies


Locus 1 : COPE5 
78 alleles
0.5% missing data
   1   (0.007) 0.001 0.001 0.001 0.657 0.001 0.001 0.001 
   2   (0.022) 0.022 0.026 0.024 0.019 0.023 0.026 0.021 
   3   (0.014) 0.013 0.016 0.015 0.002 0.014 0.016 0.013 
   4   (0.023) 0.025 0.025 0.027 0.002 0.024 0.027 0.024 
   5   (0.011) 0.010 0.010 0.010 0.001 0.009 0.012 0.010 
   6   (0.018) 0.016 0.020 0.018 0.006 0.015 0.021 0.017 
   7   (0.007) 0.003 0.004 0.003 0.001 0.003 0.004 0.003 
   8   (0.035) 0.094 0.087 0.084 0.002 0.094 0.082 0.092 
   9   (0.020) 0.021 0.024 0.022 0.001 0.020 0.025 0.021 
  10   (0.019) 0.020 0.020 0.020 0.001 0.021 0.018 0.021 
  11   (0.016) 0.014 0.014 0.014 0.017 0.017 0.013 0.016 
  12   (0.016) 0.024 0.023 0.022 0.001 0.026 0.023 0.024 
  13   (0.010) 0.011 0.011 0.010 0.001 0.012 0.010 0.011 
  14   (0.023) 0.027 0.027 0.027 0.002 0.030 0.027 0.028 
  15   (0.016) 0.034 0.027 0.038 0.001 0.035 0.030 0.029 
  16   (0.010) 0.006 0.006 0.006 0.001 0.006 0.006 0.006 
  17   (0.017) 0.015 0.015 0.014 0.001 0.014 0.014 0.015 
  18   (0.017) 0.014 0.014 0.014 0.007 0.012 0.016 0.014 
  19   (0.011) 0.010 0.010 0.010 0.001 0.008 0.012 0.010 
  20   (0.029) 0.054 0.049 0.053 0.002 0.060 0.048 0.054 
  21   (0.023) 0.022 0.022 0.022 0.002 0.021 0.023 0.022 
  22   (0.019) 0.015 0.015 0.016 0.009 0.014 0.017 0.015 
  23   (0.013) 0.011 0.012 0.012 0.001 0.011 0.013 0.012 
  24   (0.015) 0.020 0.018 0.019 0.001 0.019 0.016 0.020 
  25   (0.009) 0.007 0.008 0.008 0.001 0.008 0.008 0.007 
  26   (0.013) 0.009 0.010 0.009 0.001 0.009 0.010 0.009 
  27   (0.012) 0.010 0.011 0.010 0.001 0.010 0.010 0.010 
  28   (0.008) 0.002 0.003 0.003 0.020 0.002 0.003 0.002 
  29   (0.013) 0.012 0.012 0.012 0.001 0.012 0.010 0.011 
  30   (0.020) 0.018 0.021 0.020 0.004 0.020 0.021 0.020 
  31   (0.019) 0.019 0.018 0.020 0.001 0.018 0.020 0.019 
  32   (0.025) 0.038 0.038 0.038 0.002 0.038 0.041 0.042 
  33   (0.006) 0.002 0.002 0.002 0.000 0.002 0.002 0.002 
  34   (0.017) 0.020 0.019 0.019 0.001 0.022 0.018 0.020 
  35   (0.007) 0.001 0.001 0.001 0.053 0.001 0.001 0.001 
  36   (0.006) 0.002 0.002 0.002 0.000 0.002 0.002 0.002 
  37   (0.021) 0.026 0.022 0.026 0.021 0.026 0.022 0.024 
  38   (0.016) 0.012 0.013 0.013 0.008 0.012 0.012 0.012 
  39   (0.015) 0.021 0.020 0.018 0.001 0.017 0.017 0.019 
  40   (0.011) 0.010 0.010 0.010 0.001 0.008 0.012 0.010 
  41   (0.009) 0.005 0.005 0.005 0.001 0.005 0.004 0.005 
  42   (0.006) 0.002 0.002 0.002 0.000 0.002 0.002 0.002 
  43   (0.009) 0.004 0.005 0.005 0.001 0.005 0.006 0.005 
  44   (0.023) 0.025 0.030 0.027 0.002 0.026 0.029 0.025 
  45   (0.006) 0.002 0.002 0.002 0.000 0.002 0.002 0.002 
  46   (0.015) 0.019 0.017 0.017 0.001 0.019 0.016 0.020 
  47   (0.009) 0.006 0.007 0.006 0.001 0.006 0.007 0.006 
  48   (0.006) 0.002 0.002 0.002 0.000 0.002 0.002 0.002 
  49   (0.015) 0.015 0.016 0.017 0.001 0.016 0.017 0.014 
  50   (0.014) 0.011 0.012 0.012 0.002 0.011 0.013 0.011 
  51   (0.013) 0.014 0.012 0.014 0.015 0.014 0.012 0.015 
  52   (0.013) 0.012 0.012 0.012 0.001 0.014 0.011 0.013 
  53   (0.006) 0.001 0.001 0.001 0.031 0.001 0.001 0.001 
  54   (0.006) 0.001 0.001 0.001 0.074 0.001 0.001 0.001 
  55   (0.010) 0.008 0.008 0.008 0.001 0.008 0.006 0.007 
  56   (0.010) 0.012 0.010 0.011 0.001 0.011 0.010 0.011 
  57   (0.013) 0.011 0.012 0.012 0.001 0.010 0.013 0.012 
  58   (0.008) 0.006 0.006 0.006 0.001 0.006 0.005 0.006 
  59   (0.011) 0.009 0.014 0.011 0.001 0.010 0.014 0.010 
  60   (0.010) 0.009 0.007 0.008 0.001 0.008 0.007 0.008 
  61   (0.006) 0.002 0.002 0.002 0.000 0.002 0.002 0.002 
  62   (0.012) 0.012 0.012 0.012 0.001 0.012 0.011 0.012 
  63   (0.011) 0.017 0.016 0.015 0.001 0.016 0.014 0.015 
  64   (0.009) 0.005 0.005 0.005 0.001 0.005 0.005 0.005 
  65   (0.018) 0.022 0.020 0.019 0.001 0.019 0.021 0.022 
  66   (0.010) 0.010 0.009 0.009 0.001 0.009 0.008 0.009 
  67   (0.010) 0.006 0.006 0.006 0.001 0.006 0.006 0.006 
  68   (0.012) 0.011 0.011 0.011 0.001 0.009 0.013 0.011 
  69   (0.006) 0.002 0.002 0.002 0.000 0.002 0.002 0.002 
  70   (0.006) 0.002 0.002 0.002 0.000 0.002 0.002 0.002 
  71   (0.010) 0.006 0.007 0.006 0.001 0.006 0.007 0.006 
  72   (0.006) 0.002 0.002 0.002 0.000 0.002 0.002 0.002 
  73   (0.006) 0.002 0.002 0.002 0.001 0.002 0.002 0.002 
  74   (0.006) 0.002 0.002 0.002 0.000 0.002 0.002 0.002 
  75   (0.009) 0.005 0.005 0.005 0.001 0.004 0.005 0.005 
  76   (0.006) 0.002 0.002 0.002 0.000 0.002 0.002 0.002 
  77   (0.008) 0.004 0.004 0.004 0.001 0.003 0.004 0.004 
  78   (0.006) 0.002 0.002 0.002 0.000 0.002 0.002 0.002 

Locus 2 : COPE9 
12 alleles
8.3% missing data
   1   (0.412) 0.469 0.463 0.465 0.409 0.478 0.461 0.476 
   2   (0.142) 0.134 0.143 0.138 0.264 0.135 0.139 0.131 
   3   (0.049) 0.056 0.049 0.049 0.026 0.048 0.046 0.052 
   4   (0.072) 0.074 0.072 0.079 0.025 0.070 0.082 0.076 
   5   (0.037) 0.026 0.027 0.026 0.023 0.025 0.026 0.026 
   6   (0.132) 0.133 0.134 0.135 0.053 0.140 0.133 0.133 
   7   (0.039) 0.024 0.030 0.026 0.068 0.023 0.031 0.025 
   8   (0.081) 0.074 0.071 0.072 0.080 0.070 0.071 0.071 
   9   (0.011) 0.005 0.004 0.004 0.001 0.004 0.004 0.004 
  10   (0.009) 0.001 0.001 0.001 0.050 0.001 0.001 0.001 
  11   (0.008) 0.003 0.003 0.003 0.001 0.003 0.002 0.003 
  12   (0.008) 0.003 0.003 0.003 0.001 0.003 0.003 0.002 

Locus 3 : CPER26 
12 alleles
2.6% missing data
   1   (0.231) 0.233 0.233 0.236 0.130 0.241 0.233 0.235 
   2   (0.033) 0.023 0.024 0.023 0.151 0.019 0.028 0.024 
   3   (0.082) 0.075 0.084 0.081 0.007 0.071 0.089 0.077 
   4   (0.500) 0.587 0.578 0.581 0.055 0.585 0.573 0.578 
   5   (0.055) 0.045 0.041 0.041 0.304 0.046 0.039 0.047 
   6   (0.030) 0.014 0.015 0.015 0.315 0.015 0.015 0.015 
   7   (0.013) 0.006 0.006 0.005 0.001 0.005 0.006 0.006 
   8   (0.018) 0.008 0.008 0.008 0.023 0.007 0.007 0.007 
   9   (0.008) 0.002 0.002 0.002 0.003 0.002 0.002 0.002 
  10   (0.012) 0.003 0.003 0.003 0.010 0.003 0.003 0.003 
  11   (0.008) 0.002 0.003 0.002 0.001 0.002 0.002 0.002 
  12   (0.008) 0.002 0.003 0.002 0.001 0.002 0.003 0.002 

Locus 4 : CPER92 
12 alleles
6.8% missing data
   1   (0.621) 0.692 0.672 0.686 0.511 0.672 0.679 0.689 
   2   (0.108) 0.121 0.144 0.127 0.281 0.138 0.140 0.126 
   3   (0.090) 0.087 0.085 0.090 0.045 0.091 0.085 0.084 
   4   (0.015) 0.008 0.007 0.008 0.018 0.008 0.007 0.008 
   5   (0.040) 0.025 0.026 0.025 0.033 0.026 0.025 0.025 
   6   (0.036) 0.027 0.027 0.026 0.007 0.029 0.026 0.028 
   7   (0.019) 0.009 0.008 0.008 0.035 0.008 0.007 0.008 
   8   (0.012) 0.003 0.003 0.003 0.035 0.003 0.003 0.003 
   9   (0.021) 0.011 0.012 0.012 0.018 0.010 0.014 0.012 
  10   (0.017) 0.009 0.008 0.008 0.015 0.008 0.007 0.009 
  11   (0.013) 0.006 0.006 0.006 0.001 0.006 0.005 0.006 
  12   (0.008) 0.002 0.003 0.002 0.001 0.002 0.002 0.002 

Locus 5 : CPER99 
5 alleles
1.0% missing data
   1   (0.013) 0.003 0.003 0.003 0.347 0.003 0.003 0.003 
   2   (0.870) 0.930 0.930 0.928 0.081 0.931 0.929 0.933 
   3   (0.080) 0.056 0.055 0.057 0.478 0.054 0.055 0.052 
   4   (0.013) 0.003 0.003 0.003 0.030 0.003 0.003 0.003 
   5   (0.024) 0.009 0.010 0.009 0.064 0.009 0.009 0.009 

Locus 6 : CPER119 
22 alleles
5.5% missing data
   1   (0.009) 0.001 0.001 0.001 0.111 0.001 0.001 0.001 
   2   (0.080) 0.090 0.088 0.089 0.042 0.100 0.088 0.094 
   3   (0.037) 0.032 0.031 0.032 0.054 0.032 0.031 0.031 
   4   (0.008) 0.002 0.002 0.002 0.001 0.002 0.003 0.002 
   5   (0.161) 0.171 0.181 0.174 0.093 0.165 0.191 0.173 
   6   (0.069) 0.069 0.077 0.075 0.080 0.060 0.089 0.074 
   7   (0.070) 0.080 0.089 0.086 0.080 0.095 0.090 0.090 
   8   (0.083) 0.079 0.077 0.076 0.104 0.074 0.078 0.076 
   9   (0.115) 0.140 0.128 0.138 0.060 0.134 0.129 0.135 
  10   (0.061) 0.068 0.065 0.062 0.032 0.063 0.055 0.064 
  11   (0.021) 0.012 0.015 0.013 0.023 0.012 0.015 0.012 
  12   (0.087) 0.110 0.103 0.101 0.010 0.111 0.093 0.110 
  13   (0.016) 0.006 0.007 0.006 0.010 0.006 0.007 0.006 
  14   (0.024) 0.038 0.032 0.042 0.007 0.041 0.034 0.032 
  15   (0.027) 0.020 0.019 0.020 0.068 0.022 0.019 0.021 
  16   (0.023) 0.010 0.011 0.010 0.030 0.010 0.011 0.010 
  17   (0.024) 0.012 0.013 0.012 0.100 0.012 0.013 0.012 
  18   (0.017) 0.009 0.010 0.010 0.007 0.011 0.010 0.010 
  19   (0.011) 0.003 0.003 0.003 0.025 0.003 0.003 0.003 
  20   (0.035) 0.033 0.034 0.034 0.059 0.033 0.029 0.032 
  21   (0.013) 0.006 0.007 0.007 0.004 0.007 0.007 0.007 
  22   (0.010) 0.006 0.005 0.005 0.001 0.006 0.005 0.006 

Locus 7 : CPER188 
15 alleles
1.6% missing data
   1   (0.596) 0.672 0.673 0.672 0.822 0.672 0.678 0.676 
   2   (0.112) 0.102 0.101 0.106 0.090 0.101 0.102 0.098 
   3   (0.032) 0.023 0.027 0.025 0.002 0.024 0.027 0.023 
   4   (0.041) 0.031 0.032 0.031 0.003 0.033 0.032 0.031 
   5   (0.090) 0.117 0.105 0.110 0.006 0.115 0.099 0.115 
   6   (0.016) 0.007 0.007 0.007 0.008 0.007 0.006 0.006 
   7   (0.017) 0.009 0.011 0.010 0.006 0.010 0.012 0.010 
   8   (0.023) 0.011 0.014 0.012 0.007 0.011 0.014 0.012 
   9   (0.009) 0.001 0.001 0.001 0.041 0.001 0.001 0.001 
  10   (0.008) 0.001 0.001 0.001 0.010 0.001 0.001 0.001 
  11   (0.018) 0.010 0.012 0.011 0.001 0.010 0.013 0.011 
  12   (0.015) 0.008 0.007 0.007 0.001 0.007 0.007 0.008 
  13   (0.008) 0.002 0.002 0.002 0.003 0.002 0.002 0.002 
  14   (0.008) 0.003 0.002 0.002 0.001 0.002 0.002 0.003 
  15   (0.008) 0.003 0.002 0.002 0.001 0.003 0.002 0.003 

Values of parameters used in structure:
DATAFILE=../Data/microsats.structure,	OUTFILE=../Structure_Results/01_K_07.out,	NUMINDS=384,	NUMLOCI=7,	MISSING=-9,	LABEL=1,	POPDATA=0,	POPFLAG=0,	PHENOTYPE=0,	EXTRACOLS=0,	MAXPOPS=7,	BURNIN=1000000,	NUMREPS=10000000,	USEPOPINFO=0,	INFERALPHA=1,	INFERLAMBDA=0,	POPSPECIFICLAMBDA=0,	POPALPHAS=0,	COMPUTEPROB=1,	NOADMIX=0,	ADMBURNIN=500,	UPDATEFREQ=100,	PRINTLIKES=0,	INTERMEDSAVE=0,	PRINTKLD=0,	PRINTNET=1,	PRINTLAMBDA=1,	ANCESTDIST=0,	NUMBOXES=1000,	ANCESTPINT=0.90000,	GENSBACK=2,	MIGRPRIOR=0.01000,	PRINTQHAT=0,	PRINTQSUM=1,	ALPHA=1.0000,	FREQSCORR=1,	FPRIORMEAN=0.0100,	FPRIORSD=0.0500,	ONEFST=0,	LAMBDA=1.0000,	UNIFPRIORALPHA=1,	ALPHAMAX=10.0000,	ALPHAPRIORA=1.0000,	ALPHAPRIORB=2.0000,	ALPHAPROPSD=0.0250,	STARTATPOPINFO=0,	RANDOMIZE=0,	LINKAGE=0,	METROFREQ=10,	REPORTHITRATE=0,	MARKOVPHASE=-1,	PHASED=0,	PLOIDY=2,	PHASEINFO=0	LOCPRIOR=0, 	LOCPRIORINIT=1.000000, 	LOCDATA=0, 	LOCISPOP=0, 	LOCPRIORSTEP=0.100000, 	MAXLOCPRIOR=20.000000, 	SEED=85249742,	
[STRAT parameters]:    NUMSIMSTATS=1000,	PHENOTYPECOL=-9,	POOLFREQ=10,	LOCUSxONLY=0,	EMERROR=0.00100,	MISSINGPHENO=-9,	