

----------------------------------------------------
STRUCTURE by Pritchard, Stephens and Donnelly (2000)
     and Falush, Stephens and Pritchard (2003)
       Code by Pritchard, Falush and Hubisz
             Version 2.3.4 (Jul 2012)
----------------------------------------------------



Command line arguments:   /home/jason/Programs/structure -K 13 -i ../Data/microsats.structure -m Structure_Run/mainparams -e Structure_Run/extraparams -D 34721870 -o ../Structure_Results/01_K_13.out 
Input File:    ../Data/microsats.structure

Run parameters:
   384 individuals
   7 loci
   13 populations assumed
   1000000 Burn-in period
   10000000 Reps
RANDOMIZE turned off


--------------------------------------------
Overall proportion of membership of the
sample in each of the 13 clusters

Inferred Clusters
  1      2      3      4      5      6      7      8      9     10     11     12     13    
0.074  0.074  0.074  0.075  0.105  0.075  0.074  0.075  0.074  0.075  0.075  0.074  0.075  

--------------------------------------------

Allele-freq. divergence among pops (Net nucleotide distance),
computed using point estimates of P.

      1       2       3       4       5       6       7       8       9      10      11      12      13      
 1      -    0.0001  0.0000  0.0004  0.1736  0.0001  0.0001  0.0001  0.0000  0.0002  0.0001  0.0001  0.0002  
 2   0.0001     -    0.0001  0.0005  0.1733  0.0001  0.0001  0.0001  0.0001  0.0002  0.0002  0.0003  0.0002  
 3   0.0000  0.0001     -    0.0004  0.1736  0.0001  0.0001  0.0001  0.0000  0.0002  0.0001  0.0001  0.0002  
 4   0.0004  0.0005  0.0004     -    0.1683  0.0003  0.0004  0.0003  0.0004  0.0002  0.0002  0.0002  0.0003  
 5   0.1736  0.1733  0.1736  0.1683     -    0.1725  0.1733  0.1732  0.1734  0.1718  0.1722  0.1725  0.1713  
 6   0.0001  0.0001  0.0001  0.0003  0.1725     -    0.0001  0.0001  0.0001  0.0001  0.0000  0.0001  0.0001  
 7   0.0001  0.0001  0.0001  0.0004  0.1733  0.0001     -    0.0001  0.0001  0.0001  0.0001  0.0002  0.0001  
 8   0.0001  0.0001  0.0001  0.0003  0.1732  0.0001  0.0001     -    0.0001  0.0001  0.0001  0.0001  0.0001  
 9   0.0000  0.0001  0.0000  0.0004  0.1734  0.0001  0.0001  0.0001     -    0.0001  0.0001  0.0001  0.0001  
10   0.0002  0.0002  0.0002  0.0002  0.1718  0.0001  0.0001  0.0001  0.0001     -    0.0001  0.0001  0.0000  
11   0.0001  0.0002  0.0001  0.0002  0.1722  0.0000  0.0001  0.0001  0.0001  0.0001     -    0.0001  0.0001  
12   0.0001  0.0003  0.0001  0.0002  0.1725  0.0001  0.0002  0.0001  0.0001  0.0001  0.0001     -    0.0002  
13   0.0002  0.0002  0.0002  0.0003  0.1713  0.0001  0.0001  0.0001  0.0001  0.0000  0.0001  0.0002     -    

Average distances (expected heterozygosity) between individuals in same cluster:
cluster  1  : 0.6228 
cluster  2  : 0.6228 
cluster  3  : 0.6234 
cluster  4  : 0.6405 
cluster  5  : 0.6264 
cluster  6  : 0.6250 
cluster  7  : 0.6235 
cluster  8  : 0.6226 
cluster  9  : 0.6231 
cluster 10  : 0.6260 
cluster 11  : 0.6257 
cluster 12  : 0.6260 
cluster 13  : 0.6268 

--------------------------------------------
Estimated Ln Prob of Data   = -9504.7
Mean value of ln likelihood = -7583.0
Variance of ln likelihood   = 3843.5
Mean value of alpha         = 0.0495

Mean value of Fst_1         = 0.1270
Mean value of Fst_2         = 0.1246
Mean value of Fst_3         = 0.1253
Mean value of Fst_4         = 0.0940
Mean value of Fst_5         = 0.2231
Mean value of Fst_6         = 0.1214
Mean value of Fst_7         = 0.1256
Mean value of Fst_8         = 0.1201
Mean value of Fst_9         = 0.1258
Mean value of Fst_10         = 0.1182
Mean value of Fst_11         = 0.1200
Mean value of Fst_12         = 0.1213
Mean value of Fst_13         = 0.1185


Inferred ancestry of individuals:
        Label (%Miss) :  Inferred clusters
  1 COPE-0001    (0)   :  0.009 0.009 0.009 0.008 0.896 0.009 0.009 0.009 0.009 0.009 0.009 0.009 0.009 
  2 COPE-0002    (0)   :  0.078 0.081 0.080 0.093 0.011 0.087 0.079 0.079 0.078 0.085 0.084 0.083 0.083 
  3 COPE-0003    (0)   :  0.079 0.079 0.079 0.109 0.007 0.082 0.074 0.082 0.075 0.083 0.086 0.080 0.086 
  4 COPE-0004    (0)   :  0.083 0.082 0.076 0.095 0.011 0.083 0.080 0.073 0.072 0.086 0.086 0.086 0.085 
  5 COPE-0005    (0)   :  0.083 0.080 0.082 0.079 0.022 0.084 0.082 0.079 0.078 0.082 0.083 0.083 0.085 
  6 COPE-0006    (0)   :  0.079 0.078 0.081 0.084 0.018 0.089 0.079 0.085 0.081 0.084 0.083 0.080 0.078 
  7 COPE-0007    (0)   :  0.088 0.084 0.086 0.080 0.006 0.080 0.090 0.082 0.082 0.079 0.080 0.083 0.079 
  8 COPE-0008    (0)   :  0.084 0.084 0.081 0.072 0.008 0.077 0.090 0.081 0.089 0.085 0.079 0.083 0.088 
  9 COPE-0009    (0)   :  0.082 0.076 0.080 0.097 0.015 0.084 0.081 0.077 0.080 0.082 0.084 0.083 0.079 
 10 COPE-0010    (0)   :  0.079 0.082 0.082 0.091 0.007 0.077 0.075 0.086 0.083 0.087 0.085 0.085 0.081 
 11 COPE-0011   (14)   :  0.012 0.013 0.013 0.014 0.843 0.014 0.013 0.013 0.012 0.014 0.013 0.013 0.014 
 12 COPE-0012   (14)   :  0.083 0.082 0.078 0.078 0.006 0.077 0.079 0.082 0.089 0.087 0.083 0.089 0.086 
 13 COPE-0013    (0)   :  0.087 0.084 0.079 0.072 0.006 0.083 0.076 0.092 0.074 0.087 0.096 0.083 0.081 
 14 COPE-0014    (0)   :  0.082 0.113 0.088 0.052 0.008 0.091 0.099 0.082 0.085 0.077 0.075 0.063 0.085 
 15 COPE-0015    (0)   :  0.082 0.098 0.087 0.060 0.007 0.089 0.094 0.084 0.087 0.080 0.077 0.072 0.084 
 16 COPE-0016    (0)   :  0.093 0.078 0.086 0.070 0.009 0.097 0.088 0.069 0.089 0.075 0.089 0.083 0.073 
 17 COPE-0017    (0)   :  0.039 0.046 0.041 0.028 0.539 0.041 0.043 0.037 0.040 0.036 0.037 0.033 0.039 
 18 COPE-0018    (0)   :  0.079 0.077 0.079 0.082 0.007 0.089 0.082 0.089 0.081 0.087 0.083 0.087 0.077 
 19 COPE-0019    (0)   :  0.084 0.079 0.080 0.077 0.006 0.083 0.079 0.088 0.081 0.087 0.087 0.085 0.084 
 20 COPE-0020    (0)   :  0.081 0.080 0.085 0.105 0.006 0.079 0.077 0.080 0.082 0.081 0.082 0.081 0.082 
 21 COPE-0021    (0)   :  0.086 0.086 0.090 0.074 0.006 0.081 0.088 0.083 0.087 0.077 0.080 0.084 0.078 
 22 COPE-0022    (0)   :  0.080 0.078 0.084 0.072 0.006 0.077 0.083 0.084 0.094 0.086 0.077 0.085 0.094 
 23 COPE-0023    (0)   :  0.072 0.078 0.082 0.100 0.008 0.084 0.075 0.082 0.076 0.089 0.086 0.082 0.086 
 24 COPE-0024   (14)   :  0.089 0.076 0.092 0.076 0.006 0.084 0.086 0.079 0.088 0.076 0.085 0.084 0.078 
 25 COPE-0025    (0)   :  0.069 0.070 0.068 0.156 0.042 0.074 0.070 0.077 0.068 0.078 0.075 0.072 0.081 
 26 COPE-0026    (0)   :  0.082 0.081 0.078 0.080 0.005 0.083 0.093 0.084 0.085 0.083 0.082 0.082 0.083 
 27 COPE-0027    (0)   :  0.085 0.079 0.081 0.074 0.006 0.079 0.078 0.088 0.081 0.088 0.088 0.084 0.089 
 28 COPE-0028    (0)   :  0.075 0.079 0.076 0.112 0.005 0.080 0.082 0.084 0.078 0.084 0.081 0.083 0.082 
 29 COPE-0029    (0)   :  0.094 0.080 0.088 0.074 0.005 0.092 0.089 0.070 0.091 0.073 0.086 0.085 0.073 
 30 COPE-0030   (14)   :  0.024 0.024 0.025 0.028 0.698 0.026 0.025 0.025 0.024 0.026 0.025 0.025 0.026 
 31 COPE-0031    (0)   :  0.083 0.087 0.081 0.071 0.009 0.080 0.096 0.082 0.087 0.083 0.080 0.078 0.082 
 32 COPE-0032    (0)   :  0.069 0.077 0.079 0.113 0.008 0.079 0.074 0.083 0.076 0.088 0.085 0.083 0.085 
 33 COPE-0033    (0)   :  0.073 0.080 0.079 0.098 0.010 0.081 0.080 0.085 0.075 0.088 0.087 0.081 0.084 
 34 COPE-0034    (0)   :  0.085 0.084 0.081 0.074 0.009 0.088 0.088 0.076 0.078 0.083 0.088 0.081 0.085 
 35 COPE-0035   (14)   :  0.075 0.078 0.077 0.113 0.007 0.078 0.079 0.083 0.076 0.085 0.083 0.084 0.082 
 36 COPE-0036   (14)   :  0.096 0.087 0.093 0.079 0.006 0.081 0.078 0.087 0.087 0.074 0.076 0.087 0.070 
 37 COPE-0037    (0)   :  0.084 0.077 0.086 0.080 0.023 0.081 0.078 0.081 0.084 0.080 0.083 0.082 0.081 
 38 COPE-0038    (0)   :  0.081 0.076 0.082 0.073 0.006 0.078 0.091 0.087 0.093 0.086 0.079 0.081 0.089 
 39 COPE-0039    (0)   :  0.075 0.074 0.073 0.126 0.040 0.078 0.071 0.076 0.073 0.078 0.077 0.076 0.082 
 40 COPE-0040   (14)   :  0.073 0.076 0.073 0.093 0.073 0.077 0.075 0.079 0.074 0.080 0.078 0.072 0.078 
 41 COPE-0041    (0)   :  0.077 0.077 0.078 0.094 0.025 0.084 0.077 0.084 0.076 0.084 0.083 0.081 0.079 
 42 COPE-0042    (0)   :  0.075 0.082 0.079 0.086 0.009 0.080 0.080 0.089 0.078 0.088 0.088 0.082 0.084 
 43 COPE-0043    (0)   :  0.083 0.080 0.085 0.083 0.005 0.088 0.084 0.074 0.083 0.081 0.084 0.085 0.083 
 44 COPE-0044    (0)   :  0.080 0.081 0.076 0.091 0.011 0.081 0.078 0.078 0.079 0.087 0.087 0.085 0.086 
 45 COPE-0045    (0)   :  0.078 0.077 0.077 0.091 0.033 0.078 0.077 0.078 0.078 0.084 0.084 0.083 0.084 
 46 COPE-0046    (0)   :  0.025 0.024 0.024 0.022 0.714 0.025 0.022 0.024 0.023 0.024 0.025 0.023 0.024 
 47 COPE-0047    (0)   :  0.007 0.007 0.007 0.008 0.911 0.007 0.007 0.007 0.007 0.007 0.007 0.007 0.007 
 48 COPE-0048    (0)   :  0.070 0.084 0.079 0.084 0.006 0.077 0.082 0.090 0.075 0.090 0.092 0.086 0.083 
 49 COPE-0049    (0)   :  0.073 0.074 0.075 0.121 0.016 0.078 0.078 0.079 0.076 0.084 0.078 0.083 0.085 
 50 COPE-0050    (0)   :  0.084 0.081 0.081 0.079 0.007 0.085 0.074 0.085 0.078 0.088 0.086 0.083 0.088 
 51 COPE-0051    (0)   :  0.062 0.073 0.064 0.075 0.097 0.069 0.077 0.085 0.074 0.083 0.077 0.090 0.075 
 52 COPE-0052    (0)   :  0.080 0.111 0.089 0.044 0.011 0.092 0.100 0.081 0.088 0.079 0.077 0.063 0.086 
 53 COPE-0053    (0)   :  0.093 0.080 0.088 0.064 0.008 0.101 0.088 0.064 0.091 0.071 0.097 0.080 0.074 
 54 COPE-0054    (0)   :  0.100 0.085 0.095 0.078 0.005 0.075 0.082 0.082 0.090 0.070 0.075 0.094 0.069 
 55 COPE-0055    (0)   :  0.082 0.077 0.084 0.071 0.005 0.074 0.087 0.084 0.094 0.086 0.077 0.085 0.095 
 56 COPE-0056    (0)   :  0.078 0.075 0.080 0.088 0.015 0.075 0.081 0.082 0.085 0.087 0.081 0.084 0.091 
 57 COPE-0057    (0)   :  0.080 0.077 0.081 0.099 0.009 0.079 0.077 0.082 0.079 0.085 0.084 0.086 0.082 
 58 COPE-0058    (0)   :  0.080 0.077 0.082 0.101 0.009 0.081 0.076 0.082 0.079 0.085 0.084 0.084 0.079 
 59 COPE-0059    (0)   :  0.088 0.079 0.081 0.085 0.017 0.080 0.065 0.088 0.079 0.083 0.085 0.081 0.088 
 60 COPE-0060    (0)   :  0.080 0.083 0.088 0.078 0.006 0.090 0.078 0.078 0.085 0.082 0.088 0.083 0.081 
 61 COPE-0061    (0)   :  0.090 0.080 0.085 0.067 0.010 0.098 0.086 0.069 0.087 0.075 0.096 0.081 0.077 
 62 COPE-0062    (0)   :  0.086 0.102 0.090 0.059 0.008 0.084 0.096 0.086 0.088 0.076 0.072 0.074 0.079 
 63 COPE-0063    (0)   :  0.079 0.077 0.080 0.072 0.021 0.068 0.082 0.080 0.094 0.085 0.077 0.088 0.096 
 64 COPE-0064    (0)   :  0.085 0.084 0.084 0.077 0.008 0.084 0.083 0.083 0.083 0.083 0.083 0.079 0.083 
 65 COPE-0065    (0)   :  0.006 0.006 0.006 0.006 0.928 0.006 0.006 0.006 0.006 0.006 0.006 0.006 0.006 
 66 COPE-0066    (0)   :  0.071 0.081 0.074 0.095 0.017 0.077 0.076 0.091 0.074 0.090 0.086 0.087 0.081 
 67 COPE-0067   (14)   :  0.025 0.027 0.028 0.037 0.655 0.026 0.028 0.029 0.027 0.029 0.030 0.030 0.028 
 68 COPE-0068    (0)   :  0.085 0.080 0.081 0.080 0.012 0.085 0.070 0.086 0.078 0.087 0.086 0.081 0.089 
 69 COPE-0069   (14)   :  0.086 0.088 0.088 0.070 0.010 0.084 0.080 0.084 0.084 0.082 0.082 0.076 0.084 
 70 COPE-0070    (0)   :  0.076 0.078 0.074 0.089 0.011 0.080 0.081 0.086 0.077 0.090 0.080 0.091 0.087 
 71 COPE-0071    (0)   :  0.074 0.081 0.077 0.126 0.004 0.076 0.074 0.083 0.079 0.083 0.078 0.085 0.079 
 72 COPE-0072    (0)   :  0.081 0.089 0.086 0.074 0.006 0.084 0.078 0.084 0.082 0.085 0.085 0.078 0.086 
 73 COPE-0073   (14)   :  0.040 0.033 0.037 0.029 0.603 0.035 0.033 0.029 0.036 0.028 0.033 0.035 0.028 
 74 COPE-0074    (0)   :  0.074 0.081 0.079 0.090 0.008 0.080 0.079 0.088 0.080 0.087 0.086 0.084 0.084 
 75 COPE-0075    (0)   :  0.069 0.080 0.071 0.081 0.011 0.075 0.084 0.092 0.078 0.092 0.087 0.097 0.083 
 76 COPE-0076    (0)   :  0.086 0.086 0.084 0.071 0.006 0.082 0.084 0.082 0.087 0.081 0.082 0.085 0.084 
 77 COPE-0077   (14)   :  0.081 0.079 0.083 0.078 0.008 0.086 0.077 0.087 0.082 0.086 0.086 0.080 0.085 
 78 COPE-0078   (14)   :  0.086 0.079 0.083 0.082 0.008 0.081 0.086 0.082 0.080 0.080 0.083 0.087 0.084 
 79 COPE-0079    (0)   :  0.081 0.082 0.076 0.090 0.008 0.084 0.083 0.075 0.068 0.088 0.084 0.091 0.089 
 80 COPE-0080   (42)   :  0.018 0.018 0.018 0.018 0.783 0.019 0.018 0.018 0.018 0.018 0.018 0.018 0.018 
 81 COPE-0081   (14)   :  0.047 0.047 0.048 0.052 0.419 0.046 0.048 0.049 0.050 0.049 0.047 0.048 0.050 
 82 COPE-0082   (14)   :  0.073 0.077 0.073 0.091 0.044 0.074 0.078 0.081 0.080 0.083 0.078 0.086 0.082 
 83 COPE-0083   (14)   :  0.082 0.131 0.095 0.022 0.005 0.095 0.114 0.085 0.089 0.075 0.068 0.052 0.088 
 84 COPE-0084    (0)   :  0.076 0.064 0.071 0.055 0.188 0.083 0.070 0.054 0.075 0.059 0.076 0.069 0.061 
 85 COPE-0085    (0)   :  0.079 0.079 0.075 0.104 0.009 0.083 0.078 0.081 0.073 0.085 0.084 0.084 0.086 
 86 COPE-0086    (0)   :  0.080 0.077 0.081 0.098 0.017 0.083 0.077 0.081 0.081 0.082 0.080 0.084 0.078 
 87 COPE-0087   (14)   :  0.082 0.081 0.086 0.074 0.007 0.093 0.082 0.077 0.083 0.080 0.092 0.084 0.079 
 88 COPE-0088   (14)   :  0.078 0.080 0.077 0.080 0.023 0.086 0.080 0.081 0.078 0.084 0.084 0.083 0.085 
 89 COPE-0089   (14)   :  0.007 0.007 0.007 0.008 0.910 0.007 0.008 0.007 0.008 0.008 0.008 0.008 0.008 
 90 COPE-0090    (0)   :  0.080 0.076 0.082 0.078 0.008 0.076 0.087 0.084 0.091 0.086 0.077 0.085 0.091 
 91 COPE-0091   (14)   :  0.082 0.094 0.090 0.062 0.005 0.092 0.087 0.079 0.086 0.079 0.086 0.078 0.081 
 92 COPE-0092   (28)   :  0.020 0.019 0.019 0.025 0.757 0.020 0.019 0.020 0.018 0.021 0.021 0.020 0.021 
 93 COPE-0093    (0)   :  0.081 0.079 0.082 0.067 0.006 0.070 0.084 0.081 0.097 0.087 0.079 0.090 0.098 
 94 COPE-0094    (0)   :  0.081 0.082 0.076 0.089 0.025 0.084 0.081 0.070 0.067 0.087 0.084 0.088 0.087 
 95 COPE-0095    (0)   :  0.089 0.082 0.088 0.068 0.005 0.097 0.089 0.069 0.090 0.075 0.092 0.080 0.078 
 96 COPE-0096    (0)   :  0.084 0.089 0.080 0.073 0.009 0.086 0.091 0.081 0.085 0.080 0.080 0.079 0.082 
 97 COPE-0097    (0)   :  0.078 0.092 0.083 0.073 0.007 0.082 0.086 0.089 0.085 0.084 0.079 0.084 0.080 
 98 COPE-0098    (0)   :  0.083 0.088 0.081 0.069 0.009 0.078 0.097 0.081 0.088 0.083 0.080 0.079 0.083 
 99 COPE-0099    (0)   :  0.074 0.075 0.073 0.132 0.020 0.078 0.067 0.082 0.073 0.083 0.080 0.078 0.086 
100 COPE-0100    (0)   :  0.081 0.080 0.078 0.095 0.007 0.082 0.080 0.085 0.078 0.084 0.086 0.082 0.082 
101 COPE-0101    (0)   :  0.074 0.076 0.074 0.094 0.045 0.076 0.076 0.080 0.076 0.085 0.081 0.082 0.082 
102 COPE-0102    (0)   :  0.079 0.080 0.080 0.084 0.006 0.083 0.083 0.086 0.079 0.088 0.089 0.084 0.083 
103 COPE-0103    (0)   :  0.081 0.091 0.082 0.074 0.015 0.085 0.088 0.083 0.077 0.083 0.079 0.077 0.087 
104 COPE-0104   (14)   :  0.077 0.082 0.079 0.097 0.006 0.077 0.078 0.084 0.082 0.085 0.083 0.083 0.086 
105 COPE-0105    (0)   :  0.069 0.079 0.067 0.087 0.034 0.076 0.080 0.094 0.081 0.088 0.072 0.095 0.079 
106 COPE-0106    (0)   :  0.112 0.086 0.105 0.079 0.004 0.072 0.078 0.081 0.091 0.060 0.071 0.102 0.057 
107 COPE-0107    (0)   :  0.019 0.018 0.020 0.019 0.766 0.019 0.020 0.020 0.021 0.020 0.019 0.019 0.021 
108 COPE-0108    (0)   :  0.081 0.089 0.080 0.072 0.006 0.085 0.094 0.089 0.086 0.081 0.077 0.077 0.083 
109 COPE-0109    (0)   :  0.080 0.080 0.078 0.093 0.011 0.084 0.080 0.078 0.076 0.087 0.083 0.084 0.085 
110 COPE-0110   (14)   :  0.086 0.080 0.086 0.086 0.013 0.084 0.081 0.077 0.084 0.079 0.083 0.084 0.078 
111 COPE-0111    (0)   :  0.091 0.086 0.092 0.075 0.008 0.083 0.082 0.080 0.084 0.075 0.081 0.085 0.077 
112 COPE-0112   (14)   :  0.072 0.086 0.079 0.080 0.008 0.077 0.086 0.090 0.077 0.087 0.091 0.084 0.084 
113 COPE-0113    (0)   :  0.077 0.080 0.078 0.098 0.015 0.080 0.078 0.085 0.076 0.085 0.083 0.080 0.085 
114 COPE-0114    (0)   :  0.096 0.080 0.093 0.086 0.009 0.077 0.079 0.082 0.088 0.074 0.077 0.090 0.069 
115 COPE-0115    (0)   :  0.025 0.029 0.026 0.020 0.697 0.028 0.028 0.024 0.026 0.024 0.025 0.022 0.025 
116 COPE-0116   (28)   :  0.011 0.011 0.011 0.015 0.865 0.011 0.011 0.011 0.011 0.011 0.011 0.011 0.011 
117 COPE-0117    (0)   :  0.089 0.082 0.088 0.064 0.010 0.102 0.087 0.066 0.089 0.073 0.097 0.080 0.075 
118 COPE-0118    (0)   :  0.104 0.093 0.103 0.066 0.009 0.076 0.082 0.082 0.092 0.067 0.072 0.088 0.065 
119 COPE-0119    (0)   :  0.089 0.085 0.085 0.068 0.011 0.085 0.096 0.085 0.085 0.075 0.077 0.078 0.080 
120 COPE-0120    (0)   :  0.081 0.081 0.082 0.087 0.010 0.083 0.075 0.083 0.079 0.088 0.086 0.082 0.085 
121 COPE-0121    (0)   :  0.078 0.085 0.076 0.085 0.047 0.079 0.081 0.082 0.079 0.076 0.076 0.073 0.083 
122 COPE-0122    (0)   :  0.074 0.081 0.084 0.086 0.008 0.085 0.076 0.085 0.077 0.089 0.087 0.083 0.086 
123 COPE-0123    (0)   :  0.073 0.076 0.078 0.097 0.017 0.083 0.076 0.084 0.076 0.089 0.083 0.083 0.085 
124 COPE-0124    (0)   :  0.073 0.072 0.082 0.109 0.012 0.084 0.073 0.081 0.079 0.088 0.082 0.080 0.085 
125 COPE-0125    (0)   :  0.088 0.085 0.085 0.083 0.006 0.078 0.076 0.083 0.086 0.080 0.083 0.090 0.078 
126 COPE-0126    (0)   :  0.090 0.083 0.088 0.062 0.011 0.100 0.088 0.065 0.089 0.073 0.096 0.080 0.075 
127 COPE-0127   (14)   :  0.079 0.082 0.077 0.085 0.006 0.084 0.082 0.086 0.083 0.084 0.083 0.088 0.080 
128 COPE-0128    (0)   :  0.076 0.077 0.079 0.117 0.016 0.080 0.075 0.080 0.080 0.082 0.079 0.077 0.082 
129 COPE-0129    (0)   :  0.082 0.078 0.079 0.088 0.006 0.083 0.079 0.083 0.073 0.088 0.085 0.088 0.087 
130 COPE-0130    (0)   :  0.083 0.080 0.081 0.081 0.013 0.085 0.074 0.085 0.081 0.085 0.084 0.081 0.087 
131 COPE-0131   (14)   :  0.083 0.110 0.091 0.047 0.007 0.090 0.100 0.085 0.086 0.078 0.075 0.063 0.085 
132 COPE-0132   (14)   :  0.090 0.071 0.091 0.072 0.032 0.083 0.083 0.078 0.088 0.073 0.083 0.077 0.078 
133 COPE-0133    (0)   :  0.092 0.080 0.087 0.067 0.008 0.100 0.087 0.066 0.090 0.073 0.091 0.083 0.075 
134 COPE-0134    (0)   :  0.079 0.080 0.088 0.088 0.007 0.082 0.076 0.081 0.082 0.084 0.084 0.085 0.083 
135 COPE-0135    (0)   :  0.076 0.075 0.081 0.096 0.007 0.075 0.079 0.083 0.086 0.087 0.079 0.084 0.091 
136 COPE-0136    (0)   :  0.013 0.013 0.013 0.014 0.841 0.014 0.013 0.013 0.013 0.013 0.014 0.013 0.013 
137 COPE-0137    (0)   :  0.079 0.080 0.078 0.091 0.011 0.085 0.078 0.089 0.074 0.086 0.090 0.080 0.080 
138 COPE-0138   (14)   :  0.010 0.009 0.009 0.010 0.889 0.009 0.009 0.009 0.009 0.009 0.009 0.010 0.009 
139 COPE-0139    (0)   :  0.079 0.076 0.073 0.137 0.007 0.083 0.073 0.079 0.071 0.079 0.083 0.077 0.082 
140 COPE-0140   (14)   :  0.022 0.023 0.023 0.031 0.715 0.023 0.023 0.023 0.022 0.024 0.024 0.023 0.024 
141 COPE-0141    (0)   :  0.078 0.076 0.078 0.086 0.008 0.074 0.083 0.081 0.089 0.087 0.080 0.088 0.092 
142 COPE-0142    (0)   :  0.084 0.079 0.081 0.080 0.009 0.079 0.082 0.082 0.086 0.085 0.081 0.087 0.085 
143 COPE-0143    (0)   :  0.087 0.077 0.084 0.079 0.009 0.091 0.085 0.072 0.087 0.079 0.088 0.082 0.082 
144 COPE-0144   (14)   :  0.071 0.071 0.071 0.100 0.092 0.075 0.071 0.071 0.071 0.077 0.077 0.075 0.077 
145 COPE-0145   (14)   :  0.051 0.057 0.058 0.154 0.213 0.059 0.055 0.055 0.054 0.060 0.058 0.058 0.070 
146 COPE-0146   (14)   :  0.081 0.079 0.080 0.079 0.027 0.085 0.083 0.081 0.084 0.081 0.081 0.082 0.078 
147 COPE-0147    (0)   :  0.075 0.071 0.077 0.083 0.071 0.076 0.076 0.075 0.077 0.082 0.076 0.080 0.082 
148 COPE-0148    (0)   :  0.092 0.078 0.087 0.067 0.008 0.098 0.085 0.068 0.090 0.073 0.094 0.084 0.075 
149 COPE-0149    (0)   :  0.086 0.081 0.084 0.071 0.006 0.088 0.081 0.081 0.079 0.083 0.093 0.085 0.081 
150 COPE-0150    (0)   :  0.067 0.084 0.077 0.085 0.007 0.076 0.082 0.093 0.073 0.092 0.096 0.088 0.082 
151 COPE-0151    (0)   :  0.078 0.074 0.079 0.121 0.006 0.082 0.078 0.076 0.080 0.081 0.081 0.079 0.085 
152 COPE-0152   (14)   :  0.070 0.067 0.071 0.081 0.124 0.068 0.076 0.073 0.076 0.075 0.068 0.072 0.080 
153 COPE-0153    (0)   :  0.083 0.083 0.081 0.084 0.006 0.083 0.089 0.081 0.080 0.083 0.083 0.080 0.083 
154 COPE-0154    (0)   :  0.085 0.082 0.083 0.080 0.007 0.084 0.081 0.082 0.084 0.080 0.083 0.088 0.080 
155 COPE-0155    (0)   :  0.076 0.079 0.081 0.105 0.005 0.080 0.076 0.084 0.082 0.087 0.083 0.078 0.085 
156 COPE-0156   (14)   :  0.009 0.009 0.009 0.009 0.891 0.009 0.009 0.009 0.009 0.009 0.009 0.009 0.009 
157 COPE-0157   (14)   :  0.060 0.061 0.059 0.086 0.225 0.059 0.061 0.062 0.064 0.066 0.063 0.066 0.067 
158 COPE-0158    (0)   :  0.093 0.080 0.086 0.067 0.009 0.094 0.086 0.073 0.088 0.077 0.088 0.083 0.075 
159 COPE-0159    (0)   :  0.084 0.077 0.085 0.077 0.008 0.084 0.086 0.084 0.086 0.083 0.082 0.080 0.083 
160 COPE-0160    (0)   :  0.079 0.073 0.079 0.098 0.007 0.080 0.081 0.081 0.080 0.086 0.080 0.087 0.089 
161 COPE-0161    (0)   :  0.077 0.083 0.080 0.085 0.012 0.081 0.082 0.083 0.080 0.085 0.086 0.081 0.086 
162 COPE-0162   (14)   :  0.007 0.007 0.007 0.007 0.914 0.007 0.007 0.007 0.007 0.007 0.007 0.007 0.007 
163 COPE-0163   (28)   :  0.012 0.012 0.012 0.013 0.850 0.012 0.012 0.013 0.012 0.012 0.012 0.013 0.012 
164 COPE-0164    (0)   :  0.076 0.073 0.075 0.100 0.024 0.084 0.082 0.082 0.078 0.085 0.078 0.083 0.078 
165 COPE-0165    (0)   :  0.081 0.079 0.081 0.087 0.008 0.083 0.074 0.085 0.080 0.087 0.085 0.084 0.085 
166 COPE-0166   (14)   :  0.080 0.078 0.087 0.085 0.008 0.084 0.076 0.081 0.082 0.084 0.085 0.086 0.084 
167 COPE-0167    (0)   :  0.085 0.079 0.083 0.089 0.008 0.080 0.081 0.083 0.078 0.082 0.081 0.089 0.082 
168 COPE-0168    (0)   :  0.089 0.079 0.085 0.075 0.006 0.090 0.088 0.076 0.088 0.079 0.084 0.082 0.079 
169 COPE-0169    (0)   :  0.088 0.082 0.080 0.079 0.010 0.083 0.071 0.089 0.076 0.085 0.091 0.080 0.086 
170 COPE-0170    (0)   :  0.077 0.080 0.083 0.103 0.022 0.075 0.084 0.078 0.085 0.079 0.072 0.073 0.089 
171 COPE-0171    (0)   :  0.082 0.078 0.082 0.107 0.007 0.080 0.083 0.079 0.085 0.079 0.076 0.077 0.083 
172 COPE-0172    (0)   :  0.079 0.081 0.080 0.085 0.007 0.085 0.086 0.088 0.083 0.084 0.081 0.080 0.082 
173 COPE-0173   (14)   :  0.081 0.078 0.080 0.077 0.052 0.077 0.066 0.085 0.076 0.083 0.084 0.076 0.086 
174 COPE-0174   (28)   :  0.079 0.081 0.080 0.088 0.013 0.084 0.079 0.081 0.084 0.084 0.083 0.083 0.082 
175 COPE-0175    (0)   :  0.079 0.074 0.077 0.095 0.038 0.080 0.085 0.072 0.077 0.082 0.079 0.081 0.079 
176 COPE-0176    (0)   :  0.091 0.084 0.087 0.076 0.008 0.076 0.080 0.078 0.088 0.078 0.081 0.092 0.080 
177 COPE-0177    (0)   :  0.082 0.079 0.079 0.083 0.007 0.086 0.078 0.086 0.079 0.085 0.087 0.088 0.081 
178 COPE-0178    (0)   :  0.111 0.086 0.103 0.079 0.007 0.072 0.077 0.082 0.093 0.062 0.070 0.102 0.056 
179 COPE-0179    (0)   :  0.079 0.078 0.078 0.103 0.009 0.081 0.077 0.084 0.078 0.085 0.083 0.083 0.083 
180 COPE-0180   (14)   :  0.088 0.081 0.081 0.075 0.006 0.081 0.071 0.090 0.078 0.087 0.092 0.084 0.087 
181 COPE-0181   (14)   :  0.084 0.081 0.079 0.081 0.008 0.083 0.078 0.086 0.076 0.087 0.088 0.084 0.084 
182 COPE-0182    (0)   :  0.077 0.077 0.072 0.078 0.005 0.078 0.095 0.090 0.088 0.088 0.080 0.088 0.084 
183 COPE-0183    (0)   :  0.080 0.080 0.079 0.084 0.010 0.086 0.082 0.087 0.082 0.086 0.081 0.083 0.080 
184 COPE-0184    (0)   :  0.084 0.078 0.080 0.078 0.009 0.083 0.084 0.081 0.080 0.086 0.084 0.088 0.085 
185 COPE-0185    (0)   :  0.081 0.081 0.082 0.074 0.006 0.078 0.089 0.088 0.089 0.084 0.080 0.077 0.090 
186 COPE-0186    (0)   :  0.082 0.120 0.094 0.033 0.005 0.091 0.109 0.085 0.088 0.077 0.071 0.058 0.086 
187 COPE-0187    (0)   :  0.072 0.079 0.073 0.079 0.009 0.074 0.086 0.089 0.084 0.090 0.081 0.095 0.087 
188 COPE-0188    (0)   :  0.024 0.028 0.027 0.028 0.667 0.026 0.028 0.029 0.026 0.029 0.031 0.030 0.027 
189 COPE-0189    (0)   :  0.081 0.085 0.082 0.080 0.007 0.083 0.080 0.087 0.076 0.085 0.092 0.079 0.082 
190 COPE-0190    (0)   :  0.081 0.081 0.077 0.093 0.013 0.082 0.078 0.076 0.075 0.087 0.087 0.087 0.083 
191 COPE-0191    (0)   :  0.080 0.094 0.085 0.068 0.010 0.086 0.088 0.081 0.085 0.080 0.081 0.077 0.084 
192 COPE-0192   (14)   :  0.010 0.013 0.011 0.009 0.873 0.011 0.012 0.011 0.011 0.010 0.010 0.009 0.011 
193 COPE-0193    (0)   :  0.086 0.078 0.083 0.082 0.006 0.090 0.087 0.080 0.086 0.079 0.083 0.083 0.077 
194 COPE-0194    (0)   :  0.069 0.082 0.075 0.107 0.009 0.079 0.078 0.087 0.077 0.087 0.083 0.086 0.080 
195 COPE-0195    (0)   :  0.074 0.080 0.078 0.095 0.006 0.079 0.083 0.085 0.078 0.087 0.089 0.085 0.082 
196 COPE-0196    (0)   :  0.080 0.081 0.082 0.091 0.010 0.081 0.081 0.081 0.082 0.084 0.081 0.080 0.086 
197 COPE-0197    (0)   :  0.081 0.081 0.081 0.081 0.007 0.082 0.075 0.087 0.082 0.087 0.089 0.079 0.087 
198 COPE-0198    (0)   :  0.088 0.078 0.090 0.063 0.011 0.083 0.075 0.088 0.085 0.084 0.088 0.076 0.089 
199 COPE-0199    (0)   :  0.085 0.079 0.080 0.078 0.012 0.079 0.074 0.088 0.079 0.087 0.086 0.085 0.087 
200 COPE-0200   (42)   :  0.085 0.081 0.080 0.080 0.009 0.086 0.075 0.083 0.078 0.086 0.087 0.083 0.087 
201 COPE-0201    (0)   :  0.082 0.088 0.081 0.073 0.008 0.082 0.087 0.084 0.088 0.083 0.078 0.082 0.083 
202 COPE-0202    (0)   :  0.083 0.081 0.078 0.083 0.012 0.081 0.086 0.075 0.078 0.086 0.085 0.087 0.086 
203 COPE-0203    (0)   :  0.084 0.077 0.087 0.079 0.006 0.085 0.081 0.085 0.087 0.083 0.084 0.080 0.084 
204 COPE-0204    (0)   :  0.092 0.082 0.087 0.088 0.027 0.073 0.075 0.085 0.086 0.073 0.072 0.095 0.066 
205 COPE-0205    (0)   :  0.083 0.076 0.082 0.079 0.019 0.089 0.089 0.079 0.084 0.080 0.084 0.077 0.079 
206 COPE-0206    (0)   :  0.086 0.082 0.087 0.107 0.005 0.079 0.079 0.081 0.082 0.075 0.079 0.082 0.077 
207 COPE-0207    (0)   :  0.092 0.079 0.096 0.075 0.011 0.079 0.086 0.082 0.089 0.072 0.076 0.086 0.076 
208 COPE-0208    (0)   :  0.027 0.028 0.027 0.045 0.646 0.029 0.028 0.029 0.027 0.029 0.028 0.028 0.031 
209 COPE-0209    (0)   :  0.081 0.082 0.084 0.088 0.006 0.083 0.077 0.086 0.082 0.085 0.081 0.079 0.086 
210 COPE-0210    (0)   :  0.087 0.083 0.085 0.069 0.009 0.090 0.087 0.077 0.086 0.079 0.089 0.082 0.076 
211 COPE-0211    (0)   :  0.070 0.082 0.078 0.093 0.005 0.076 0.083 0.091 0.075 0.089 0.092 0.086 0.082 
212 COPE-0212    (0)   :  0.090 0.076 0.093 0.075 0.011 0.083 0.086 0.081 0.089 0.075 0.081 0.081 0.079 
213 COPE-0213    (0)   :  0.083 0.078 0.083 0.097 0.008 0.080 0.077 0.086 0.083 0.081 0.079 0.084 0.080 
214 COPE-0214    (0)   :  0.092 0.082 0.085 0.063 0.008 0.081 0.065 0.092 0.081 0.089 0.089 0.081 0.092 
215 COPE-0215    (0)   :  0.082 0.077 0.078 0.076 0.057 0.078 0.065 0.084 0.074 0.082 0.083 0.080 0.084 
216 COPE-0216   (14)   :  0.055 0.054 0.056 0.055 0.343 0.058 0.055 0.052 0.056 0.053 0.056 0.055 0.053 
217 COPE-0217    (0)   :  0.092 0.079 0.089 0.082 0.027 0.078 0.078 0.081 0.083 0.073 0.078 0.086 0.073 
218 COPE-0218    (0)   :  0.082 0.079 0.083 0.080 0.009 0.086 0.080 0.085 0.082 0.085 0.086 0.079 0.084 
219 COPE-0219   (14)   :  0.084 0.082 0.082 0.075 0.008 0.083 0.076 0.086 0.082 0.087 0.086 0.081 0.087 
220 COPE-0220    (0)   :  0.095 0.082 0.092 0.082 0.013 0.077 0.077 0.085 0.087 0.071 0.076 0.094 0.070 
221 COPE-0221    (0)   :  0.081 0.070 0.087 0.068 0.016 0.072 0.085 0.085 0.095 0.086 0.076 0.081 0.097 
222 COPE-0222    (0)   :  0.087 0.085 0.087 0.065 0.007 0.090 0.089 0.074 0.091 0.078 0.088 0.079 0.083 
223 COPE-0223    (0)   :  0.080 0.077 0.082 0.092 0.007 0.084 0.072 0.083 0.077 0.087 0.090 0.085 0.084 
224 COPE-0224    (0)   :  0.082 0.082 0.076 0.086 0.019 0.082 0.082 0.074 0.069 0.087 0.085 0.087 0.089 
225 COPE-0225    (0)   :  0.092 0.082 0.085 0.061 0.013 0.081 0.064 0.092 0.080 0.087 0.090 0.082 0.091 
226 COPE-0226    (0)   :  0.085 0.084 0.083 0.080 0.006 0.082 0.081 0.081 0.086 0.082 0.084 0.086 0.081 
227 COPE-0227    (0)   :  0.087 0.089 0.084 0.074 0.006 0.082 0.083 0.086 0.084 0.082 0.083 0.077 0.083 
228 COPE-0228    (0)   :  0.089 0.079 0.087 0.099 0.017 0.078 0.077 0.079 0.082 0.075 0.079 0.086 0.074 
229 COPE-0229    (0)   :  0.088 0.080 0.084 0.078 0.007 0.083 0.078 0.084 0.085 0.084 0.086 0.084 0.080 
230 COPE-0230    (0)   :  0.090 0.083 0.086 0.075 0.010 0.080 0.079 0.081 0.088 0.079 0.085 0.088 0.077 
231 COPE-0231    (0)   :  0.081 0.081 0.080 0.085 0.006 0.083 0.080 0.085 0.082 0.087 0.088 0.082 0.082 
232 COPE-0232    (0)   :  0.082 0.079 0.081 0.092 0.015 0.083 0.078 0.080 0.076 0.085 0.085 0.084 0.081 
233 COPE-0233    (0)   :  0.082 0.083 0.080 0.080 0.005 0.080 0.095 0.081 0.086 0.083 0.084 0.080 0.082 
234 COPE-0234    (0)   :  0.074 0.075 0.077 0.120 0.008 0.081 0.077 0.080 0.071 0.088 0.079 0.081 0.087 
235 COPE-0235    (0)   :  0.075 0.078 0.084 0.088 0.006 0.087 0.073 0.087 0.079 0.090 0.086 0.083 0.085 
236 COPE-0236    (0)   :  0.097 0.088 0.092 0.072 0.005 0.078 0.079 0.082 0.091 0.075 0.081 0.091 0.069 
237 COPE-0237    (0)   :  0.084 0.084 0.083 0.066 0.006 0.080 0.094 0.087 0.088 0.085 0.082 0.075 0.086 
238 COPE-0238    (0)   :  0.086 0.079 0.078 0.076 0.009 0.083 0.078 0.085 0.080 0.087 0.090 0.087 0.083 
239 COPE-0239    (0)   :  0.075 0.080 0.076 0.087 0.037 0.082 0.078 0.079 0.075 0.084 0.081 0.082 0.085 
240 COPE-0240    (0)   :  0.093 0.080 0.085 0.069 0.008 0.091 0.092 0.071 0.087 0.078 0.086 0.084 0.076 
241 COPE-0241    (0)   :  0.088 0.084 0.081 0.071 0.007 0.082 0.075 0.092 0.074 0.087 0.095 0.084 0.082 
242 COPE-0242    (0)   :  0.092 0.086 0.089 0.072 0.006 0.085 0.090 0.084 0.085 0.075 0.077 0.081 0.078 
243 COPE-0243    (0)   :  0.072 0.082 0.076 0.081 0.007 0.081 0.081 0.090 0.080 0.091 0.084 0.094 0.081 
244 COPE-0244    (0)   :  0.080 0.078 0.076 0.096 0.009 0.085 0.076 0.088 0.078 0.086 0.082 0.084 0.083 
245 COPE-0245    (0)   :  0.072 0.078 0.073 0.085 0.011 0.077 0.086 0.089 0.081 0.090 0.084 0.091 0.083 
246 COPE-0246    (0)   :  0.081 0.085 0.081 0.080 0.012 0.086 0.083 0.080 0.082 0.083 0.083 0.084 0.081 
247 COPE-0247    (0)   :  0.081 0.077 0.084 0.071 0.015 0.083 0.081 0.087 0.087 0.086 0.080 0.080 0.090 
248 COPE-0248    (0)   :  0.076 0.079 0.076 0.099 0.005 0.079 0.089 0.085 0.082 0.084 0.080 0.084 0.082 
249 COPE-0249    (0)   :  0.080 0.078 0.075 0.095 0.026 0.081 0.075 0.080 0.073 0.086 0.084 0.082 0.085 
250 COPE-0250    (0)   :  0.082 0.076 0.084 0.085 0.017 0.083 0.080 0.081 0.077 0.085 0.081 0.085 0.085 
251 COPE-0251   (14)   :  0.029 0.028 0.030 0.027 0.645 0.028 0.031 0.031 0.032 0.030 0.029 0.028 0.032 
252 COPE-0252    (0)   :  0.081 0.084 0.080 0.086 0.011 0.085 0.081 0.075 0.075 0.086 0.086 0.089 0.083 
253 COPE-0253    (0)   :  0.082 0.082 0.082 0.072 0.008 0.074 0.082 0.082 0.091 0.086 0.079 0.087 0.093 
254 COPE-0254    (0)   :  0.074 0.081 0.071 0.082 0.014 0.077 0.082 0.095 0.084 0.088 0.074 0.099 0.079 
255 COPE-0255    (0)   :  0.080 0.072 0.081 0.079 0.021 0.076 0.080 0.085 0.086 0.085 0.080 0.084 0.091 
256 COPE-0256    (0)   :  0.097 0.080 0.087 0.068 0.010 0.091 0.088 0.070 0.090 0.073 0.085 0.089 0.072 
257 COPE-0257    (0)   :  0.081 0.124 0.094 0.030 0.007 0.093 0.109 0.084 0.088 0.076 0.070 0.056 0.088 
258 COPE-0258    (0)   :  0.078 0.087 0.083 0.095 0.015 0.079 0.086 0.082 0.080 0.080 0.078 0.074 0.084 
259 COPE-0259    (0)   :  0.083 0.081 0.083 0.093 0.006 0.081 0.079 0.086 0.085 0.082 0.082 0.081 0.079 
260 COPE-0260    (0)   :  0.082 0.079 0.078 0.082 0.022 0.083 0.074 0.085 0.078 0.086 0.085 0.084 0.082 
261 COPE-0261    (0)   :  0.079 0.083 0.078 0.081 0.006 0.075 0.081 0.094 0.087 0.086 0.075 0.100 0.075 
262 COPE-0262    (0)   :  0.082 0.078 0.082 0.081 0.017 0.088 0.081 0.077 0.084 0.081 0.085 0.087 0.077 
263 COPE-0263    (0)   :  0.079 0.089 0.082 0.075 0.007 0.085 0.092 0.086 0.085 0.082 0.082 0.072 0.086 
264 COPE-0264    (0)   :  0.079 0.107 0.087 0.062 0.017 0.087 0.094 0.084 0.085 0.077 0.073 0.066 0.084 
265 COPE-0265    (0)   :  0.081 0.080 0.078 0.086 0.011 0.081 0.082 0.081 0.082 0.084 0.086 0.083 0.084 
266 COPE-0266    (0)   :  0.082 0.076 0.084 0.102 0.017 0.078 0.078 0.082 0.082 0.078 0.079 0.085 0.077 
267 COPE-0267    (0)   :  0.082 0.076 0.080 0.078 0.006 0.081 0.096 0.080 0.082 0.084 0.086 0.082 0.085 
268 COPE-0268    (0)   :  0.080 0.079 0.078 0.073 0.013 0.080 0.102 0.081 0.086 0.083 0.082 0.078 0.083 
269 COPE-0269    (0)   :  0.079 0.091 0.085 0.081 0.006 0.088 0.085 0.080 0.082 0.080 0.083 0.077 0.083 
270 COPE-0270    (0)   :  0.070 0.085 0.078 0.078 0.007 0.077 0.082 0.093 0.074 0.091 0.096 0.088 0.081 
271 COPE-0271    (0)   :  0.079 0.087 0.089 0.072 0.007 0.087 0.077 0.081 0.082 0.083 0.089 0.083 0.083 
272 COPE-0272    (0)   :  0.079 0.074 0.081 0.093 0.007 0.076 0.083 0.082 0.087 0.085 0.078 0.085 0.089 
273 COPE-0273    (0)   :  0.089 0.072 0.091 0.077 0.015 0.081 0.086 0.080 0.089 0.076 0.081 0.081 0.080 
274 COPE-0274   (14)   :  0.022 0.025 0.024 0.027 0.700 0.023 0.026 0.026 0.023 0.026 0.028 0.026 0.025 
275 COPE-0275    (0)   :  0.076 0.078 0.082 0.093 0.009 0.081 0.079 0.086 0.080 0.087 0.083 0.080 0.086 
276 COPE-0276   (14)   :  0.007 0.007 0.007 0.007 0.921 0.007 0.007 0.007 0.007 0.007 0.007 0.007 0.007 
277 COPE-0277   (14)   :  0.096 0.086 0.090 0.065 0.013 0.092 0.086 0.072 0.091 0.070 0.083 0.084 0.071 
278 COPE-0278    (0)   :  0.107 0.085 0.101 0.080 0.007 0.072 0.079 0.082 0.090 0.063 0.074 0.100 0.062 
279 COPE-0279    (0)   :  0.087 0.079 0.085 0.092 0.009 0.083 0.077 0.085 0.084 0.079 0.079 0.088 0.074 
280 COPE-0280    (0)   :  0.012 0.012 0.012 0.012 0.853 0.012 0.012 0.012 0.012 0.012 0.012 0.012 0.012 
281 COPE-0281    (0)   :  0.030 0.029 0.028 0.045 0.623 0.030 0.027 0.032 0.029 0.032 0.031 0.030 0.033 
282 COPE-0282   (14)   :  0.083 0.083 0.077 0.088 0.006 0.083 0.083 0.074 0.069 0.088 0.085 0.089 0.091 
283 COPE-0283    (0)   :  0.094 0.081 0.094 0.090 0.007 0.078 0.080 0.081 0.085 0.072 0.077 0.090 0.072 
284 COPE-0284   (14)   :  0.074 0.076 0.078 0.114 0.031 0.079 0.069 0.079 0.075 0.082 0.081 0.080 0.082 
285 COPE-0285    (0)   :  0.029 0.030 0.028 0.025 0.660 0.030 0.029 0.028 0.028 0.028 0.030 0.027 0.028 
286 COPE-0286    (0)   :  0.070 0.076 0.072 0.150 0.008 0.074 0.077 0.080 0.070 0.080 0.083 0.078 0.082 
287 COPE-0287    (0)   :  0.080 0.080 0.078 0.072 0.027 0.079 0.102 0.081 0.083 0.083 0.081 0.074 0.082 
288 COPE-0288    (0)   :  0.082 0.072 0.088 0.071 0.010 0.076 0.085 0.085 0.093 0.085 0.077 0.082 0.095 
289 COPE-0289    (0)   :  0.085 0.087 0.084 0.066 0.007 0.090 0.086 0.078 0.083 0.083 0.092 0.078 0.081 
290 COPE-0290    (0)   :  0.075 0.084 0.078 0.080 0.007 0.076 0.082 0.094 0.073 0.090 0.093 0.087 0.081 
291 COPE-0291    (0)   :  0.081 0.092 0.087 0.083 0.005 0.085 0.085 0.083 0.082 0.080 0.079 0.072 0.084 
292 COPE-0292   (42)   :  0.014 0.015 0.015 0.016 0.822 0.015 0.014 0.015 0.015 0.015 0.015 0.015 0.015 
293 COPE-0293    (0)   :  0.082 0.083 0.080 0.077 0.008 0.075 0.080 0.082 0.089 0.086 0.081 0.089 0.088 
294 COPE-0294    (0)   :  0.077 0.077 0.077 0.107 0.011 0.086 0.077 0.084 0.075 0.086 0.079 0.082 0.082 
295 COPE-0295    (0)   :  0.086 0.078 0.081 0.077 0.007 0.085 0.082 0.080 0.080 0.083 0.088 0.089 0.084 
296 COPE-0296   (14)   :  0.083 0.075 0.085 0.080 0.007 0.082 0.083 0.085 0.086 0.084 0.084 0.082 0.085 
297 COPE-0297   (14)   :  0.083 0.079 0.077 0.090 0.035 0.077 0.067 0.085 0.075 0.083 0.085 0.079 0.085 
298 COPE-0298    (0)   :  0.080 0.081 0.078 0.082 0.009 0.079 0.080 0.080 0.085 0.086 0.086 0.088 0.086 
299 COPE-0299    (0)   :  0.071 0.081 0.075 0.088 0.006 0.079 0.082 0.092 0.083 0.090 0.079 0.091 0.082 
300 COPE-0300   (14)   :  0.088 0.081 0.083 0.072 0.007 0.088 0.095 0.075 0.085 0.081 0.085 0.081 0.079 
301 COPE-0301   (14)   :  0.082 0.080 0.082 0.067 0.009 0.069 0.083 0.080 0.096 0.086 0.078 0.089 0.098 
302 COPE-0302    (0)   :  0.073 0.076 0.073 0.055 0.148 0.080 0.073 0.065 0.072 0.068 0.081 0.065 0.070 
303 COPE-0303    (0)   :  0.104 0.084 0.096 0.077 0.006 0.078 0.076 0.086 0.089 0.071 0.077 0.094 0.063 
304 COPE-0304    (0)   :  0.080 0.077 0.078 0.084 0.007 0.083 0.085 0.085 0.082 0.089 0.082 0.087 0.081 
305 COPE-0305   (14)   :  0.079 0.085 0.080 0.088 0.033 0.083 0.082 0.077 0.078 0.079 0.080 0.076 0.080 
306 COPE-0306    (0)   :  0.101 0.087 0.098 0.079 0.010 0.076 0.082 0.082 0.090 0.068 0.072 0.091 0.064 
307 COPE-0307   (28)   :  0.008 0.008 0.008 0.008 0.903 0.008 0.008 0.008 0.008 0.008 0.008 0.008 0.008 
308 COPE-0308    (0)   :  0.083 0.079 0.079 0.087 0.006 0.081 0.083 0.077 0.073 0.087 0.083 0.090 0.094 
309 COPE-0309   (14)   :  0.033 0.033 0.034 0.051 0.570 0.035 0.034 0.034 0.034 0.036 0.034 0.035 0.036 
310 COPE-0310   (28)   :  0.038 0.056 0.044 0.016 0.538 0.043 0.050 0.039 0.041 0.036 0.032 0.026 0.040 
311 COPE-0311    (0)   :  0.078 0.085 0.078 0.110 0.019 0.081 0.083 0.079 0.079 0.078 0.075 0.070 0.086 
312 COPE-0312   (28)   :  0.014 0.013 0.014 0.013 0.844 0.012 0.012 0.013 0.013 0.012 0.012 0.014 0.012 
313 COPE-0313    (0)   :  0.087 0.092 0.086 0.067 0.009 0.086 0.093 0.086 0.086 0.078 0.075 0.077 0.078 
314 COPE-0314    (0)   :  0.079 0.080 0.077 0.079 0.007 0.080 0.096 0.089 0.086 0.084 0.079 0.080 0.085 
315 COPE-0315    (0)   :  0.087 0.088 0.085 0.069 0.008 0.083 0.086 0.086 0.083 0.082 0.082 0.079 0.083 
316 COPE-0316    (0)   :  0.079 0.078 0.079 0.112 0.019 0.076 0.072 0.082 0.078 0.082 0.081 0.082 0.080 
317 COPE-0317   (14)   :  0.009 0.009 0.009 0.008 0.895 0.009 0.009 0.009 0.009 0.009 0.009 0.008 0.009 
318 COPE-0318    (0)   :  0.079 0.082 0.079 0.087 0.005 0.087 0.082 0.090 0.079 0.085 0.081 0.082 0.083 
319 COPE-0319    (0)   :  0.079 0.081 0.079 0.090 0.006 0.082 0.083 0.081 0.074 0.088 0.084 0.085 0.089 
320 COPE-0320   (14)   :  0.081 0.081 0.079 0.077 0.015 0.080 0.079 0.082 0.088 0.087 0.078 0.088 0.085 
321 COPE-0321   (14)   :  0.082 0.091 0.086 0.066 0.011 0.082 0.093 0.086 0.086 0.081 0.079 0.073 0.084 
322 COPE-0322   (14)   :  0.079 0.081 0.082 0.082 0.006 0.087 0.075 0.088 0.079 0.088 0.086 0.083 0.083 
323 COPE-0323    (0)   :  0.082 0.128 0.094 0.025 0.008 0.094 0.112 0.085 0.088 0.075 0.068 0.052 0.088 
324 COPE-0324    (0)   :  0.091 0.084 0.085 0.067 0.006 0.082 0.070 0.090 0.081 0.086 0.089 0.082 0.087 
325 COPE-0325   (14)   :  0.097 0.084 0.089 0.058 0.011 0.099 0.091 0.067 0.092 0.070 0.087 0.083 0.072 
326 COPE-0326    (0)   :  0.087 0.079 0.085 0.076 0.007 0.078 0.082 0.082 0.087 0.081 0.081 0.089 0.088 
327 COPE-0327   (14)   :  0.079 0.074 0.081 0.085 0.008 0.073 0.083 0.081 0.088 0.087 0.078 0.086 0.097 
328 COPE-0328    (0)   :  0.086 0.082 0.086 0.084 0.006 0.083 0.078 0.089 0.082 0.082 0.084 0.082 0.077 
329 COPE-0329   (28)   :  0.088 0.081 0.084 0.075 0.013 0.080 0.074 0.088 0.082 0.083 0.084 0.084 0.084 
330 COPE-0330    (0)   :  0.078 0.079 0.078 0.076 0.020 0.084 0.093 0.088 0.083 0.083 0.078 0.077 0.082 
331 COPE-0331    (0)   :  0.082 0.080 0.082 0.070 0.006 0.074 0.084 0.083 0.094 0.086 0.077 0.088 0.094 
332 COPE-0332   (14)   :  0.086 0.083 0.087 0.098 0.006 0.081 0.079 0.083 0.084 0.077 0.079 0.082 0.075 
333 COPE-0333    (0)   :  0.069 0.065 0.070 0.079 0.142 0.064 0.070 0.070 0.076 0.074 0.068 0.072 0.081 
334 COPE-0334   (28)   :  0.040 0.054 0.044 0.025 0.511 0.044 0.050 0.041 0.043 0.039 0.036 0.031 0.042 
335 COPE-0335    (0)   :  0.091 0.084 0.086 0.061 0.006 0.082 0.065 0.092 0.082 0.088 0.089 0.082 0.091 
336 COPE-0336    (0)   :  0.076 0.071 0.078 0.125 0.006 0.077 0.077 0.080 0.081 0.084 0.075 0.078 0.093 
337 COPE-0337   (28)   :  0.017 0.017 0.016 0.017 0.799 0.017 0.016 0.017 0.016 0.017 0.018 0.016 0.017 
338 COPE-0338    (0)   :  0.080 0.087 0.083 0.074 0.020 0.087 0.093 0.085 0.083 0.079 0.077 0.071 0.081 
339 COPE-0339    (0)   :  0.092 0.084 0.090 0.057 0.005 0.104 0.089 0.064 0.091 0.072 0.099 0.077 0.075 
340 COPE-0340   (14)   :  0.012 0.012 0.012 0.012 0.851 0.012 0.012 0.012 0.012 0.013 0.013 0.013 0.013 
341 COPE-0341    (0)   :  0.077 0.078 0.080 0.092 0.007 0.082 0.085 0.082 0.077 0.088 0.082 0.084 0.088 
342 COPE-0342    (0)   :  0.090 0.084 0.082 0.068 0.008 0.086 0.070 0.090 0.077 0.085 0.094 0.083 0.084 
343 COPE-0343    (0)   :  0.085 0.081 0.084 0.086 0.006 0.078 0.082 0.084 0.087 0.080 0.079 0.089 0.079 
344 COPE-0344   (14)   :  0.012 0.012 0.011 0.011 0.861 0.012 0.013 0.011 0.011 0.012 0.011 0.011 0.012 
