

----------------------------------------------------
STRUCTURE by Pritchard, Stephens and Donnelly (2000)
     and Falush, Stephens and Pritchard (2003)
       Code by Pritchard, Falush and Hubisz
             Version 2.3.4 (Jul 2012)
----------------------------------------------------



Command line arguments:   /home/jason/Programs/structure -K 6 -i ../Data/microsats.structure -m Structure_Run/mainparams -e Structure_Run/extraparams -D 15329110 -o ../Structure_Results/01_K_06.out 
Input File:    ../Data/microsats.structure

Run parameters:
   384 individuals
   7 loci
   6 populations assumed
   1000000 Burn-in period
   10000000 Reps
RANDOMIZE turned off


--------------------------------------------
Overall proportion of membership of the
sample in each of the 6 clusters

Inferred Clusters
  1      2      3      4      5      6    
0.175  0.175  0.175  0.125  0.175  0.175  

--------------------------------------------

Allele-freq. divergence among pops (Net nucleotide distance),
computed using point estimates of P.

      1       2       3       4       5       6      
 1      -    0.0001  0.0001  0.1477  0.0001  0.0001  
 2   0.0001     -    0.0001  0.1476  0.0000  0.0000  
 3   0.0001  0.0001     -    0.1461  0.0002  0.0001  
 4   0.1477  0.1476  0.1461     -    0.1476  0.1471  
 5   0.0001  0.0000  0.0002  0.1476     -    0.0000  
 6   0.0001  0.0000  0.0001  0.1471  0.0000     -    

Average distances (expected heterozygosity) between individuals in same cluster:
cluster  1  : 0.6216 
cluster  2  : 0.6232 
cluster  3  : 0.6281 
cluster  4  : 0.6629 
cluster  5  : 0.6216 
cluster  6  : 0.6242 

--------------------------------------------
Estimated Ln Prob of Data   = -8836.8
Mean value of ln likelihood = -8089.2
Variance of ln likelihood   = 1495.3
Mean value of alpha         = 0.0446

Mean value of Fst_1         = 0.0516
Mean value of Fst_2         = 0.0495
Mean value of Fst_3         = 0.0479
Mean value of Fst_4         = 0.1455
Mean value of Fst_5         = 0.0508
Mean value of Fst_6         = 0.0492


Inferred ancestry of individuals:
        Label (%Miss) :  Inferred clusters
  1 COPE-0001    (0)   :  0.008 0.008 0.008 0.961 0.008 0.008 
  2 COPE-0002    (0)   :  0.175 0.185 0.251 0.010 0.184 0.195 
  3 COPE-0003    (0)   :  0.192 0.204 0.168 0.006 0.218 0.211 
  4 COPE-0004    (0)   :  0.172 0.177 0.253 0.015 0.187 0.196 
  5 COPE-0005    (0)   :  0.181 0.201 0.204 0.018 0.210 0.186 
  6 COPE-0006    (0)   :  0.186 0.196 0.209 0.019 0.190 0.199 
  7 COPE-0007    (0)   :  0.201 0.202 0.195 0.007 0.209 0.185 
  8 COPE-0008    (0)   :  0.244 0.182 0.175 0.008 0.201 0.191 
  9 COPE-0009    (0)   :  0.192 0.198 0.181 0.017 0.209 0.203 
 10 COPE-0010    (0)   :  0.192 0.217 0.215 0.007 0.168 0.201 
 11 COPE-0011   (14)   :  0.012 0.012 0.015 0.937 0.011 0.013 
 12 COPE-0012   (14)   :  0.218 0.190 0.179 0.007 0.200 0.206 
 13 COPE-0013    (0)   :  0.194 0.208 0.157 0.006 0.219 0.216 
 14 COPE-0014    (0)   :  0.186 0.209 0.182 0.011 0.230 0.183 
 15 COPE-0015    (0)   :  0.197 0.208 0.190 0.007 0.209 0.190 
 16 COPE-0016    (0)   :  0.192 0.193 0.200 0.010 0.211 0.193 
 17 COPE-0017    (0)   :  0.039 0.042 0.040 0.798 0.042 0.039 
 18 COPE-0018    (0)   :  0.190 0.196 0.196 0.008 0.201 0.210 
 19 COPE-0019    (0)   :  0.200 0.202 0.168 0.005 0.214 0.211 
 20 COPE-0020    (0)   :  0.185 0.208 0.204 0.008 0.196 0.199 
 21 COPE-0021    (0)   :  0.187 0.212 0.192 0.006 0.212 0.190 
 22 COPE-0022    (0)   :  0.225 0.181 0.188 0.007 0.202 0.196 
 23 COPE-0023    (0)   :  0.175 0.196 0.249 0.008 0.172 0.199 
 24 COPE-0024   (14)   :  0.212 0.200 0.188 0.006 0.204 0.190 
 25 COPE-0025    (0)   :  0.176 0.185 0.200 0.083 0.166 0.189 
 26 COPE-0026    (0)   :  0.230 0.196 0.186 0.005 0.195 0.187 
 27 COPE-0027    (0)   :  0.208 0.198 0.166 0.006 0.215 0.207 
 28 COPE-0028    (0)   :  0.200 0.211 0.206 0.006 0.176 0.202 
 29 COPE-0029    (0)   :  0.205 0.195 0.185 0.005 0.214 0.195 
 30 COPE-0030   (14)   :  0.036 0.035 0.042 0.816 0.035 0.036 
 31 COPE-0031    (0)   :  0.238 0.185 0.180 0.010 0.196 0.191 
 32 COPE-0032    (0)   :  0.190 0.208 0.226 0.009 0.168 0.200 
 33 COPE-0033    (0)   :  0.190 0.201 0.219 0.011 0.179 0.200 
 34 COPE-0034    (0)   :  0.217 0.194 0.191 0.011 0.198 0.190 
 35 COPE-0035   (14)   :  0.201 0.204 0.210 0.008 0.173 0.204 
 36 COPE-0036   (14)   :  0.183 0.212 0.218 0.006 0.180 0.200 
 37 COPE-0037    (0)   :  0.195 0.200 0.191 0.022 0.199 0.193 
 38 COPE-0038    (0)   :  0.247 0.188 0.175 0.006 0.198 0.185 
 39 COPE-0039    (0)   :  0.169 0.166 0.172 0.132 0.178 0.182 
 40 COPE-0040   (14)   :  0.178 0.182 0.164 0.101 0.188 0.188 
 41 COPE-0041    (0)   :  0.182 0.197 0.198 0.032 0.192 0.200 
 42 COPE-0042    (0)   :  0.203 0.206 0.195 0.011 0.183 0.202 
 43 COPE-0043    (0)   :  0.185 0.186 0.240 0.006 0.189 0.195 
 44 COPE-0044    (0)   :  0.179 0.179 0.235 0.017 0.192 0.198 
 45 COPE-0045    (0)   :  0.182 0.182 0.221 0.032 0.183 0.201 
 46 COPE-0046    (0)   :  0.029 0.029 0.028 0.854 0.031 0.030 
 47 COPE-0047    (0)   :  0.007 0.007 0.007 0.964 0.007 0.007 
 48 COPE-0048    (0)   :  0.201 0.211 0.201 0.007 0.176 0.203 
 49 COPE-0049    (0)   :  0.177 0.181 0.242 0.015 0.183 0.202 
 50 COPE-0050    (0)   :  0.193 0.196 0.177 0.007 0.218 0.210 
 51 COPE-0051    (0)   :  0.176 0.191 0.194 0.113 0.147 0.180 
 52 COPE-0052    (0)   :  0.195 0.206 0.184 0.011 0.224 0.180 
 53 COPE-0053    (0)   :  0.194 0.197 0.189 0.012 0.216 0.193 
 54 COPE-0054    (0)   :  0.202 0.203 0.184 0.005 0.212 0.194 
 55 COPE-0055    (0)   :  0.246 0.180 0.172 0.005 0.204 0.193 
 56 COPE-0056    (0)   :  0.190 0.185 0.200 0.018 0.197 0.210 
 57 COPE-0057    (0)   :  0.191 0.204 0.182 0.010 0.205 0.207 
 58 COPE-0058    (0)   :  0.182 0.200 0.235 0.009 0.168 0.206 
 59 COPE-0059    (0)   :  0.193 0.201 0.160 0.022 0.218 0.205 
 60 COPE-0060    (0)   :  0.179 0.204 0.228 0.007 0.193 0.189 
 61 COPE-0061    (0)   :  0.197 0.193 0.176 0.014 0.214 0.206 
 62 COPE-0062    (0)   :  0.191 0.209 0.189 0.010 0.214 0.186 
 63 COPE-0063    (0)   :  0.231 0.177 0.174 0.028 0.197 0.193 
 64 COPE-0064    (0)   :  0.205 0.189 0.195 0.010 0.212 0.190 
 65 COPE-0065    (0)   :  0.006 0.006 0.006 0.972 0.006 0.006 
 66 COPE-0066    (0)   :  0.199 0.214 0.194 0.016 0.174 0.204 
 67 COPE-0067   (14)   :  0.025 0.026 0.026 0.874 0.024 0.026 
 68 COPE-0068    (0)   :  0.195 0.205 0.158 0.010 0.221 0.211 
 69 COPE-0069   (14)   :  0.195 0.202 0.179 0.014 0.224 0.186 
 70 COPE-0070    (0)   :  0.184 0.193 0.229 0.013 0.186 0.195 
 71 COPE-0071    (0)   :  0.196 0.216 0.205 0.004 0.176 0.202 
 72 COPE-0072    (0)   :  0.191 0.196 0.204 0.007 0.205 0.197 
 73 COPE-0073   (14)   :  0.042 0.044 0.042 0.779 0.049 0.044 
 74 COPE-0074    (0)   :  0.195 0.206 0.211 0.009 0.176 0.203 
 75 COPE-0075    (0)   :  0.196 0.210 0.216 0.015 0.162 0.201 
 76 COPE-0076    (0)   :  0.202 0.201 0.178 0.006 0.215 0.200 
 77 COPE-0077   (14)   :  0.201 0.196 0.195 0.008 0.203 0.197 
 78 COPE-0078   (14)   :  0.207 0.196 0.196 0.008 0.203 0.189 
 79 COPE-0079    (0)   :  0.167 0.174 0.269 0.010 0.181 0.199 
 80 COPE-0080   (42)   :  0.021 0.022 0.021 0.890 0.023 0.022 
 81 COPE-0081   (14)   :  0.106 0.097 0.093 0.508 0.098 0.098 
 82 COPE-0082   (14)   :  0.195 0.193 0.201 0.044 0.168 0.199 
 83 COPE-0083   (14)   :  0.188 0.210 0.182 0.007 0.234 0.179 
 84 COPE-0084    (0)   :  0.139 0.134 0.147 0.292 0.147 0.140 
 85 COPE-0085    (0)   :  0.181 0.193 0.228 0.010 0.188 0.199 
 86 COPE-0086    (0)   :  0.189 0.196 0.222 0.022 0.173 0.198 
 87 COPE-0087   (14)   :  0.183 0.200 0.225 0.008 0.191 0.194 
 88 COPE-0088   (14)   :  0.178 0.190 0.225 0.025 0.190 0.191 
 89 COPE-0089   (14)   :  0.007 0.007 0.007 0.964 0.007 0.007 
 90 COPE-0090    (0)   :  0.244 0.182 0.171 0.008 0.200 0.195 
 91 COPE-0091   (14)   :  0.184 0.207 0.211 0.006 0.204 0.188 
 92 COPE-0092   (28)   :  0.025 0.026 0.027 0.871 0.025 0.026 
 93 COPE-0093    (0)   :  0.231 0.182 0.177 0.006 0.205 0.199 
 94 COPE-0094    (0)   :  0.162 0.169 0.263 0.038 0.174 0.193 
 95 COPE-0095    (0)   :  0.216 0.192 0.185 0.005 0.205 0.198 
 96 COPE-0096    (0)   :  0.191 0.204 0.188 0.008 0.222 0.185 
 97 COPE-0097    (0)   :  0.195 0.215 0.201 0.008 0.184 0.197 
 98 COPE-0098    (0)   :  0.247 0.183 0.179 0.008 0.195 0.189 
 99 COPE-0099    (0)   :  0.192 0.206 0.167 0.020 0.207 0.208 
100 COPE-0100    (0)   :  0.203 0.200 0.180 0.007 0.202 0.208 
101 COPE-0101    (0)   :  0.199 0.189 0.196 0.045 0.175 0.196 
102 COPE-0102    (0)   :  0.185 0.196 0.216 0.006 0.190 0.208 
103 COPE-0103    (0)   :  0.176 0.193 0.236 0.017 0.188 0.190 
104 COPE-0104   (14)   :  0.210 0.203 0.197 0.007 0.181 0.202 
105 COPE-0105    (0)   :  0.190 0.212 0.201 0.036 0.158 0.203 
106 COPE-0106    (0)   :  0.181 0.216 0.185 0.005 0.222 0.191 
107 COPE-0107    (0)   :  0.019 0.016 0.017 0.914 0.017 0.017 
108 COPE-0108    (0)   :  0.219 0.204 0.190 0.006 0.189 0.192 
109 COPE-0109    (0)   :  0.181 0.178 0.235 0.013 0.191 0.201 
110 COPE-0110   (14)   :  0.184 0.205 0.203 0.015 0.201 0.192 
111 COPE-0111    (0)   :  0.180 0.209 0.192 0.009 0.222 0.188 
112 COPE-0112   (14)   :  0.199 0.203 0.195 0.011 0.189 0.202 
113 COPE-0113    (0)   :  0.196 0.195 0.182 0.025 0.201 0.201 
114 COPE-0114    (0)   :  0.194 0.204 0.182 0.011 0.210 0.200 
115 COPE-0115    (0)   :  0.023 0.024 0.023 0.883 0.024 0.023 
116 COPE-0116   (28)   :  0.009 0.009 0.009 0.953 0.009 0.009 
117 COPE-0117    (0)   :  0.196 0.194 0.192 0.013 0.210 0.196 
118 COPE-0118    (0)   :  0.188 0.211 0.178 0.010 0.231 0.183 
119 COPE-0119    (0)   :  0.227 0.191 0.185 0.010 0.205 0.181 
120 COPE-0120    (0)   :  0.194 0.191 0.207 0.012 0.196 0.199 
121 COPE-0121    (0)   :  0.178 0.194 0.178 0.061 0.208 0.181 
122 COPE-0122    (0)   :  0.176 0.197 0.247 0.007 0.174 0.199 
123 COPE-0123    (0)   :  0.179 0.193 0.241 0.014 0.172 0.201 
124 COPE-0124    (0)   :  0.179 0.193 0.241 0.013 0.175 0.199 
125 COPE-0125    (0)   :  0.194 0.214 0.193 0.007 0.185 0.207 
126 COPE-0126    (0)   :  0.206 0.195 0.179 0.015 0.208 0.198 
127 COPE-0127   (14)   :  0.193 0.210 0.207 0.007 0.177 0.207 
128 COPE-0128    (0)   :  0.186 0.201 0.211 0.021 0.183 0.198 
129 COPE-0129    (0)   :  0.174 0.190 0.242 0.007 0.183 0.204 
130 COPE-0130    (0)   :  0.196 0.197 0.172 0.012 0.218 0.206 
131 COPE-0131   (14)   :  0.196 0.206 0.181 0.011 0.217 0.188 
132 COPE-0132   (14)   :  0.217 0.196 0.172 0.034 0.206 0.176 
133 COPE-0133    (0)   :  0.190 0.186 0.213 0.011 0.208 0.192 
134 COPE-0134    (0)   :  0.182 0.204 0.226 0.007 0.182 0.199 
135 COPE-0135    (0)   :  0.192 0.201 0.216 0.009 0.179 0.203 
136 COPE-0136    (0)   :  0.012 0.012 0.012 0.940 0.012 0.012 
137 COPE-0137    (0)   :  0.189 0.205 0.182 0.012 0.202 0.209 
138 COPE-0138   (14)   :  0.008 0.008 0.008 0.961 0.008 0.008 
139 COPE-0139    (0)   :  0.190 0.208 0.177 0.008 0.208 0.208 
140 COPE-0140   (14)   :  0.020 0.021 0.020 0.897 0.021 0.021 
141 COPE-0141    (0)   :  0.214 0.184 0.192 0.009 0.197 0.204 
142 COPE-0142    (0)   :  0.216 0.191 0.181 0.009 0.204 0.199 
143 COPE-0143    (0)   :  0.218 0.175 0.204 0.008 0.193 0.200 
144 COPE-0144   (14)   :  0.110 0.110 0.137 0.405 0.120 0.119 
145 COPE-0145   (14)   :  0.110 0.119 0.130 0.416 0.109 0.116 
146 COPE-0146   (14)   :  0.197 0.188 0.184 0.031 0.198 0.202 
147 COPE-0147    (0)   :  0.177 0.163 0.227 0.066 0.180 0.186 
148 COPE-0148    (0)   :  0.196 0.191 0.201 0.010 0.211 0.191 
149 COPE-0149    (0)   :  0.191 0.206 0.176 0.007 0.211 0.209 
150 COPE-0150    (0)   :  0.200 0.214 0.206 0.010 0.168 0.203 
151 COPE-0151    (0)   :  0.208 0.192 0.180 0.007 0.206 0.206 
152 COPE-0152   (14)   :  0.210 0.157 0.166 0.116 0.176 0.175 
153 COPE-0153    (0)   :  0.222 0.185 0.202 0.006 0.197 0.189 
154 COPE-0154    (0)   :  0.196 0.201 0.174 0.006 0.216 0.207 
155 COPE-0155    (0)   :  0.195 0.204 0.190 0.006 0.197 0.209 
156 COPE-0156   (14)   :  0.008 0.008 0.008 0.958 0.008 0.008 
157 COPE-0157   (14)   :  0.137 0.128 0.136 0.328 0.136 0.135 
158 COPE-0158    (0)   :  0.190 0.200 0.188 0.009 0.218 0.194 
159 COPE-0159    (0)   :  0.227 0.189 0.190 0.007 0.201 0.185 
160 COPE-0160    (0)   :  0.189 0.195 0.232 0.006 0.174 0.205 
161 COPE-0161    (0)   :  0.180 0.188 0.226 0.011 0.190 0.205 
162 COPE-0162   (14)   :  0.007 0.007 0.007 0.967 0.007 0.007 
163 COPE-0163   (28)   :  0.013 0.013 0.013 0.936 0.013 0.013 
164 COPE-0164    (0)   :  0.194 0.186 0.181 0.036 0.198 0.205 
165 COPE-0165    (0)   :  0.191 0.200 0.192 0.008 0.206 0.204 
166 COPE-0166   (14)   :  0.173 0.198 0.243 0.008 0.182 0.197 
167 COPE-0167    (0)   :  0.174 0.192 0.235 0.008 0.192 0.200 
168 COPE-0168    (0)   :  0.205 0.197 0.195 0.006 0.211 0.187 
169 COPE-0169    (0)   :  0.195 0.205 0.159 0.013 0.219 0.208 
170 COPE-0170    (0)   :  0.212 0.179 0.188 0.041 0.196 0.184 
171 COPE-0171    (0)   :  0.199 0.201 0.186 0.009 0.221 0.184 
172 COPE-0172    (0)   :  0.207 0.199 0.203 0.006 0.185 0.199 
173 COPE-0173   (14)   :  0.183 0.191 0.161 0.069 0.200 0.197 
174 COPE-0174   (28)   :  0.183 0.186 0.214 0.022 0.199 0.197 
175 COPE-0175    (0)   :  0.185 0.180 0.222 0.039 0.183 0.191 
176 COPE-0176    (0)   :  0.196 0.198 0.197 0.010 0.203 0.197 
177 COPE-0177    (0)   :  0.191 0.206 0.171 0.007 0.213 0.212 
178 COPE-0178    (0)   :  0.185 0.217 0.192 0.008 0.200 0.197 
179 COPE-0179    (0)   :  0.192 0.198 0.203 0.008 0.193 0.206 
180 COPE-0180   (14)   :  0.195 0.207 0.167 0.006 0.214 0.211 
181 COPE-0181   (14)   :  0.193 0.202 0.175 0.009 0.211 0.210 
182 COPE-0182    (0)   :  0.238 0.194 0.179 0.005 0.188 0.196 
183 COPE-0183    (0)   :  0.192 0.196 0.200 0.011 0.196 0.205 
184 COPE-0184    (0)   :  0.184 0.209 0.199 0.009 0.206 0.192 
185 COPE-0185    (0)   :  0.235 0.190 0.176 0.006 0.205 0.187 
186 COPE-0186    (0)   :  0.190 0.212 0.188 0.006 0.220 0.184 
187 COPE-0187    (0)   :  0.197 0.208 0.212 0.010 0.168 0.205 
188 COPE-0188    (0)   :  0.019 0.020 0.021 0.902 0.018 0.020 
189 COPE-0189    (0)   :  0.195 0.207 0.183 0.010 0.198 0.207 
190 COPE-0190    (0)   :  0.178 0.185 0.245 0.015 0.176 0.201 
191 COPE-0191    (0)   :  0.190 0.197 0.196 0.013 0.205 0.198 
192 COPE-0192   (14)   :  0.009 0.010 0.009 0.953 0.010 0.009 
193 COPE-0193    (0)   :  0.207 0.191 0.187 0.007 0.206 0.202 
194 COPE-0194    (0)   :  0.199 0.216 0.208 0.010 0.167 0.200 
195 COPE-0195    (0)   :  0.195 0.199 0.218 0.007 0.175 0.206 
196 COPE-0196    (0)   :  0.197 0.193 0.220 0.011 0.187 0.193 
197 COPE-0197    (0)   :  0.195 0.208 0.174 0.007 0.208 0.208 
198 COPE-0198    (0)   :  0.226 0.193 0.174 0.013 0.207 0.187 
199 COPE-0199    (0)   :  0.194 0.205 0.162 0.010 0.218 0.210 
200 COPE-0200   (42)   :  0.193 0.201 0.166 0.010 0.219 0.211 
201 COPE-0201    (0)   :  0.218 0.195 0.180 0.009 0.201 0.198 
202 COPE-0202    (0)   :  0.223 0.173 0.209 0.015 0.194 0.187 
203 COPE-0203    (0)   :  0.207 0.195 0.192 0.006 0.207 0.193 
204 COPE-0204    (0)   :  0.186 0.216 0.198 0.037 0.166 0.197 
205 COPE-0205    (0)   :  0.220 0.177 0.191 0.021 0.192 0.198 
206 COPE-0206    (0)   :  0.188 0.209 0.195 0.005 0.212 0.191 
207 COPE-0207    (0)   :  0.199 0.210 0.182 0.011 0.218 0.180 
208 COPE-0208    (0)   :  0.027 0.025 0.024 0.875 0.025 0.025 
209 COPE-0209    (0)   :  0.196 0.202 0.179 0.007 0.215 0.202 
210 COPE-0210    (0)   :  0.192 0.201 0.183 0.011 0.219 0.193 
211 COPE-0211    (0)   :  0.206 0.212 0.199 0.005 0.174 0.203 
212 COPE-0212    (0)   :  0.208 0.205 0.181 0.011 0.214 0.180 
213 COPE-0213    (0)   :  0.200 0.208 0.200 0.008 0.186 0.199 
214 COPE-0214    (0)   :  0.197 0.202 0.162 0.008 0.222 0.210 
215 COPE-0215    (0)   :  0.188 0.203 0.159 0.036 0.211 0.204 
216 COPE-0216   (14)   :  0.086 0.092 0.101 0.538 0.092 0.091 
217 COPE-0217    (0)   :  0.185 0.204 0.186 0.027 0.211 0.186 
218 COPE-0218    (0)   :  0.208 0.196 0.190 0.009 0.202 0.195 
219 COPE-0219   (14)   :  0.201 0.198 0.170 0.009 0.214 0.208 
220 COPE-0220    (0)   :  0.183 0.209 0.191 0.015 0.204 0.198 
221 COPE-0221    (0)   :  0.241 0.180 0.177 0.015 0.202 0.185 
222 COPE-0222    (0)   :  0.234 0.187 0.178 0.006 0.200 0.194 
223 COPE-0223    (0)   :  0.186 0.206 0.199 0.008 0.195 0.205 
224 COPE-0224    (0)   :  0.167 0.179 0.257 0.022 0.180 0.194 
225 COPE-0225    (0)   :  0.193 0.202 0.160 0.016 0.222 0.207 
226 COPE-0226    (0)   :  0.189 0.195 0.205 0.008 0.208 0.195 
227 COPE-0227    (0)   :  0.202 0.202 0.183 0.006 0.218 0.188 
228 COPE-0228    (0)   :  0.179 0.196 0.204 0.028 0.198 0.195 
229 COPE-0229    (0)   :  0.197 0.194 0.189 0.007 0.209 0.203 
230 COPE-0230    (0)   :  0.188 0.205 0.197 0.010 0.194 0.206 
231 COPE-0231    (0)   :  0.198 0.205 0.176 0.006 0.203 0.212 
232 COPE-0232    (0)   :  0.178 0.189 0.240 0.015 0.174 0.204 
233 COPE-0233    (0)   :  0.244 0.184 0.181 0.005 0.194 0.191 
234 COPE-0234    (0)   :  0.172 0.184 0.261 0.008 0.176 0.199 
235 COPE-0235    (0)   :  0.179 0.199 0.240 0.006 0.176 0.201 
236 COPE-0236    (0)   :  0.191 0.212 0.191 0.005 0.198 0.203 
237 COPE-0237    (0)   :  0.243 0.188 0.181 0.006 0.201 0.181 
238 COPE-0238    (0)   :  0.197 0.206 0.160 0.007 0.218 0.213 
239 COPE-0239    (0)   :  0.170 0.181 0.244 0.034 0.178 0.192 
240 COPE-0240    (0)   :  0.195 0.199 0.191 0.008 0.219 0.187 
241 COPE-0241    (0)   :  0.194 0.208 0.157 0.007 0.219 0.215 
242 COPE-0242    (0)   :  0.204 0.196 0.194 0.007 0.215 0.184 
243 COPE-0243    (0)   :  0.194 0.212 0.221 0.008 0.163 0.201 
244 COPE-0244    (0)   :  0.189 0.199 0.207 0.009 0.191 0.206 
245 COPE-0245    (0)   :  0.211 0.203 0.201 0.014 0.172 0.199 
246 COPE-0246    (0)   :  0.175 0.190 0.235 0.013 0.191 0.195 
247 COPE-0247    (0)   :  0.214 0.192 0.174 0.017 0.213 0.190 
248 COPE-0248    (0)   :  0.225 0.202 0.191 0.005 0.182 0.197 
249 COPE-0249    (0)   :  0.174 0.177 0.234 0.036 0.187 0.194 
250 COPE-0250    (0)   :  0.168 0.188 0.248 0.016 0.180 0.199 
251 COPE-0251   (14)   :  0.036 0.029 0.028 0.848 0.031 0.028 
252 COPE-0252    (0)   :  0.173 0.183 0.259 0.012 0.176 0.198 
253 COPE-0253    (0)   :  0.232 0.182 0.175 0.008 0.203 0.199 
254 COPE-0254    (0)   :  0.191 0.213 0.211 0.012 0.165 0.207 
255 COPE-0255    (0)   :  0.222 0.186 0.184 0.028 0.188 0.193 
256 COPE-0256    (0)   :  0.189 0.201 0.186 0.011 0.222 0.191 
257 COPE-0257    (0)   :  0.185 0.205 0.195 0.009 0.220 0.185 
258 COPE-0258    (0)   :  0.192 0.200 0.190 0.026 0.206 0.187 
259 COPE-0259    (0)   :  0.203 0.205 0.208 0.006 0.182 0.197 
260 COPE-0260    (0)   :  0.191 0.203 0.169 0.024 0.206 0.207 
261 COPE-0261    (0)   :  0.193 0.223 0.206 0.006 0.165 0.208 
262 COPE-0262    (0)   :  0.190 0.197 0.218 0.027 0.169 0.199 
263 COPE-0263    (0)   :  0.215 0.199 0.186 0.009 0.209 0.182 
264 COPE-0264    (0)   :  0.184 0.200 0.198 0.025 0.206 0.187 
265 COPE-0265    (0)   :  0.229 0.188 0.177 0.010 0.194 0.202 
266 COPE-0266    (0)   :  0.188 0.204 0.211 0.019 0.179 0.199 
267 COPE-0267    (0)   :  0.241 0.187 0.182 0.006 0.193 0.190 
268 COPE-0268    (0)   :  0.246 0.185 0.179 0.012 0.193 0.185 
269 COPE-0269    (0)   :  0.178 0.199 0.231 0.007 0.195 0.190 
270 COPE-0270    (0)   :  0.203 0.214 0.196 0.008 0.176 0.203 
271 COPE-0271    (0)   :  0.183 0.208 0.212 0.008 0.194 0.195 
272 COPE-0272    (0)   :  0.196 0.187 0.214 0.007 0.194 0.201 
273 COPE-0273    (0)   :  0.232 0.197 0.175 0.013 0.200 0.184 
274 COPE-0274   (14)   :  0.018 0.018 0.018 0.911 0.017 0.018 
275 COPE-0275    (0)   :  0.190 0.199 0.210 0.011 0.188 0.202 
276 COPE-0276   (14)   :  0.006 0.006 0.006 0.971 0.006 0.006 
277 COPE-0277   (14)   :  0.186 0.202 0.184 0.015 0.224 0.189 
278 COPE-0278    (0)   :  0.182 0.212 0.185 0.007 0.219 0.194 
279 COPE-0279    (0)   :  0.186 0.201 0.219 0.008 0.183 0.203 
280 COPE-0280    (0)   :  0.013 0.013 0.013 0.936 0.013 0.013 
281 COPE-0281    (0)   :  0.024 0.025 0.025 0.875 0.026 0.026 
282 COPE-0282   (14)   :  0.168 0.179 0.266 0.007 0.182 0.198 
283 COPE-0283    (0)   :  0.182 0.210 0.190 0.007 0.221 0.190 
284 COPE-0284   (14)   :  0.185 0.202 0.171 0.035 0.202 0.204 
285 COPE-0285    (0)   :  0.032 0.032 0.030 0.841 0.033 0.032 
286 COPE-0286    (0)   :  0.191 0.203 0.198 0.014 0.188 0.206 
287 COPE-0287    (0)   :  0.232 0.180 0.176 0.045 0.189 0.178 
288 COPE-0288    (0)   :  0.237 0.184 0.179 0.010 0.201 0.189 
289 COPE-0289    (0)   :  0.215 0.191 0.180 0.008 0.202 0.203 
290 COPE-0290    (0)   :  0.201 0.211 0.179 0.009 0.190 0.210 
291 COPE-0291    (0)   :  0.190 0.204 0.189 0.006 0.213 0.198 
292 COPE-0292   (42)   :  0.013 0.014 0.014 0.932 0.013 0.014 
293 COPE-0293    (0)   :  0.222 0.193 0.184 0.008 0.188 0.204 
294 COPE-0294    (0)   :  0.179 0.190 0.225 0.011 0.189 0.206 
295 COPE-0295    (0)   :  0.193 0.202 0.202 0.008 0.196 0.198 
296 COPE-0296   (14)   :  0.213 0.197 0.192 0.007 0.196 0.195 
297 COPE-0297   (14)   :  0.190 0.199 0.156 0.036 0.212 0.207 
298 COPE-0298    (0)   :  0.180 0.189 0.231 0.011 0.184 0.205 
299 COPE-0299    (0)   :  0.201 0.216 0.208 0.006 0.167 0.203 
300 COPE-0300   (14)   :  0.212 0.192 0.192 0.008 0.207 0.190 
301 COPE-0301   (14)   :  0.239 0.179 0.176 0.011 0.202 0.194 
302 COPE-0302    (0)   :  0.143 0.143 0.129 0.300 0.152 0.133 
303 COPE-0303    (0)   :  0.187 0.212 0.204 0.006 0.185 0.206 
304 COPE-0304    (0)   :  0.201 0.192 0.200 0.007 0.193 0.208 
305 COPE-0305   (14)   :  0.171 0.184 0.231 0.045 0.184 0.186 
306 COPE-0306    (0)   :  0.188 0.213 0.192 0.010 0.211 0.186 
307 COPE-0307   (28)   :  0.008 0.008 0.008 0.961 0.008 0.008 
308 COPE-0308    (0)   :  0.176 0.182 0.253 0.006 0.185 0.199 
309 COPE-0309   (14)   :  0.061 0.056 0.065 0.702 0.057 0.060 
310 COPE-0310   (28)   :  0.036 0.038 0.036 0.815 0.040 0.035 
311 COPE-0311    (0)   :  0.202 0.191 0.191 0.024 0.213 0.180 
312 COPE-0312   (28)   :  0.010 0.011 0.011 0.947 0.011 0.011 
313 COPE-0313    (0)   :  0.202 0.210 0.197 0.009 0.195 0.187 
314 COPE-0314    (0)   :  0.242 0.188 0.180 0.008 0.193 0.190 
315 COPE-0315    (0)   :  0.200 0.202 0.188 0.008 0.205 0.197 
316 COPE-0316    (0)   :  0.191 0.212 0.196 0.022 0.180 0.198 
317 COPE-0317   (14)   :  0.008 0.008 0.008 0.960 0.008 0.008 
318 COPE-0318    (0)   :  0.191 0.204 0.205 0.006 0.189 0.205 
319 COPE-0319    (0)   :  0.181 0.186 0.245 0.007 0.184 0.198 
320 COPE-0320   (14)   :  0.192 0.183 0.212 0.015 0.199 0.199 
321 COPE-0321   (14)   :  0.210 0.203 0.189 0.012 0.201 0.185 
322 COPE-0322   (14)   :  0.188 0.208 0.196 0.006 0.195 0.207 
323 COPE-0323    (0)   :  0.192 0.208 0.179 0.016 0.228 0.177 
324 COPE-0324    (0)   :  0.197 0.204 0.162 0.007 0.223 0.208 
325 COPE-0325   (14)   :  0.186 0.202 0.185 0.013 0.228 0.185 
326 COPE-0326    (0)   :  0.215 0.194 0.188 0.007 0.194 0.202 
327 COPE-0327   (14)   :  0.224 0.177 0.188 0.010 0.199 0.203 
328 COPE-0328    (0)   :  0.194 0.211 0.203 0.005 0.182 0.204 
329 COPE-0329   (28)   :  0.196 0.202 0.172 0.012 0.215 0.204 
330 COPE-0330    (0)   :  0.230 0.186 0.186 0.021 0.187 0.189 
331 COPE-0331    (0)   :  0.243 0.180 0.172 0.006 0.205 0.194 
332 COPE-0332   (14)   :  0.188 0.211 0.215 0.007 0.177 0.201 
333 COPE-0333    (0)   :  0.204 0.158 0.152 0.138 0.175 0.172 
334 COPE-0334   (28)   :  0.053 0.052 0.049 0.743 0.054 0.049 
335 COPE-0335    (0)   :  0.197 0.201 0.161 0.007 0.224 0.209 
336 COPE-0336    (0)   :  0.208 0.185 0.198 0.006 0.202 0.201 
337 COPE-0337   (28)   :  0.019 0.020 0.018 0.904 0.020 0.020 
338 COPE-0338    (0)   :  0.215 0.200 0.182 0.024 0.196 0.183 
339 COPE-0339    (0)   :  0.207 0.197 0.181 0.006 0.212 0.196 
340 COPE-0340   (14)   :  0.011 0.011 0.011 0.944 0.011 0.012 
341 COPE-0341    (0)   :  0.191 0.178 0.246 0.007 0.183 0.195 
342 COPE-0342    (0)   :  0.193 0.209 0.159 0.007 0.221 0.211 
343 COPE-0343    (0)   :  0.208 0.207 0.194 0.006 0.187 0.199 
344 COPE-0344   (14)   :  0.010 0.009 0.009 0.953 0.009 0.009 
345 COPE-0345    (0)   :  0.175 0.184 0.256 0.006 0.183 0.196 
346 COPE-0346    (0)   :  0.191 0.180 0.220 0.035 0.184 0.189 
347 COPE-0347    (0)   :  0.195 0.214 0.204 0.007 0.176 0.204 
348 COPE-0348    (0)   :  0.196 0.212 0.206 0.015 0.177 0.195 
349 COPE-0349    (0)   :  0.192 0.209 0.178 0.006 0.210 0.206 
350 COPE-0350    (0)   :  0.193 0.213 0.210 0.006 0.175 0.203 
351 COPE-0351    (0)   :  0.198 0.217 0.197 0.006 0.178 0.204 
352 COPE-0352    (0)   :  0.185 0.200 0.197 0.026 0.191 0.200 
353 COPE-0353    (0)   :  0.186 0.201 0.206 0.006 0.209 0.192 
354 COPE-0354    (0)   :  0.201 0.198 0.200 0.017 0.192 0.191 
355 COPE-0355    (0)   :  0.194 0.195 0.195 0.007 0.215 0.194 
356 COPE-0356    (0)   :  0.198 0.210 0.212 0.008 0.168 0.204 
357 COPE-0357    (0)   :  0.202 0.191 0.184 0.009 0.214 0.200 
358 COPE-0358    (0)   :  0.007 0.007 0.007 0.963 0.007 0.007 
359 COPE-0359   (14)   :  0.181 0.193 0.227 0.009 0.185 0.206 
360 COPE-0360    (0)   :  0.189 0.211 0.192 0.007 0.214 0.188 
361 COPE-0361    (0)   :  0.179 0.196 0.246 0.008 0.167 0.204 
362 COPE-0362    (0)   :  0.195 0.205 0.164 0.007 0.220 0.210 
363 COPE-0363   (14)   :  0.184 0.182 0.243 0.014 0.177 0.199 
364 COPE-0364    (0)   :  0.223 0.195 0.197 0.006 0.194 0.185 
365 COPE-0365    (0)   :  0.226 0.194 0.176 0.028 0.205 0.172 
366 COPE-0366    (0)   :  0.189 0.209 0.167 0.023 0.204 0.209 
367 COPE-0367   (14)   :  0.011 0.010 0.010 0.949 0.010 0.010 
368 COPE-0368    (0)   :  0.221 0.194 0.178 0.009 0.205 0.193 
369 COPE-0369    (0)   :  0.211 0.189 0.194 0.009 0.207 0.191 
370 COPE-0370   (28)   :  0.008 0.008 0.008 0.959 0.008 0.008 
371 COPE-0371    (0)   :  0.222 0.196 0.179 0.012 0.211 0.181 
372 COPE-0372    (0)   :  0.188 0.196 0.173 0.047 0.216 0.181 
373 COPE-0373   (14)   :  0.220 0.191 0.192 0.007 0.195 0.196 
374 COPE-0374    (0)   :  0.197 0.194 0.214 0.008 0.187 0.200 
375 COPE-0375   (14)   :  0.197 0.196 0.204 0.014 0.206 0.183 
376 COPE-0376   (14)   :  0.194 0.220 0.210 0.006 0.165 0.205 
377 COPE-0377    (0)   :  0.063 0.062 0.069 0.675 0.064 0.067 
378 COPE-0378    (0)   :  0.190 0.207 0.193 0.007 0.211 0.192 
379 COPE-0379    (0)   :  0.194 0.206 0.161 0.007 0.218 0.213 
380 COPE-0380   (28)   :  0.032 0.036 0.033 0.832 0.033 0.034 
381 COPE-0381    (0)   :  0.182 0.198 0.219 0.014 0.192 0.194 
382 COPE-0382    (0)   :  0.196 0.205 0.158 0.006 0.221 0.214 
383 COPE-0383    (0)   :  0.179 0.168 0.159 0.162 0.181 0.152 
384 COPE-0384    (0)   :  0.195 0.209 0.186 0.008 0.215 0.188 


Estimated Allele Frequencies in each cluster
First column gives estimated ancestral frequencies


Locus 1 : COPE5 
78 alleles
0.5% missing data
   1   (0.007) 0.001 0.001 0.001 0.641 0.001 0.001 
   2   (0.022) 0.021 0.022 0.026 0.022 0.023 0.023 
   3   (0.013) 0.013 0.013 0.017 0.002 0.014 0.014 
   4   (0.023) 0.024 0.026 0.025 0.002 0.025 0.026 
   5   (0.011) 0.010 0.010 0.009 0.001 0.011 0.011 
   6   (0.019) 0.017 0.017 0.019 0.007 0.018 0.019 
   7   (0.007) 0.003 0.003 0.004 0.001 0.003 0.003 
   8   (0.035) 0.088 0.090 0.088 0.002 0.091 0.085 
   9   (0.020) 0.021 0.022 0.025 0.002 0.021 0.023 
  10   (0.019) 0.021 0.020 0.021 0.001 0.019 0.020 
  11   (0.015) 0.017 0.014 0.013 0.018 0.015 0.014 
  12   (0.017) 0.026 0.022 0.021 0.001 0.024 0.024 
  13   (0.011) 0.012 0.010 0.010 0.002 0.011 0.011 
  14   (0.023) 0.030 0.026 0.027 0.002 0.027 0.028 
  15   (0.017) 0.031 0.033 0.031 0.001 0.036 0.031 
  16   (0.009) 0.006 0.007 0.007 0.001 0.006 0.006 
  17   (0.017) 0.015 0.015 0.015 0.001 0.014 0.015 
  18   (0.017) 0.013 0.014 0.012 0.008 0.015 0.014 
  19   (0.011) 0.010 0.010 0.009 0.001 0.011 0.011 
  20   (0.027) 0.058 0.052 0.049 0.002 0.054 0.052 
  21   (0.022) 0.022 0.022 0.021 0.002 0.023 0.022 
  22   (0.019) 0.015 0.015 0.015 0.009 0.016 0.016 
  23   (0.013) 0.013 0.012 0.011 0.001 0.013 0.012 
  24   (0.015) 0.018 0.020 0.019 0.001 0.018 0.018 
  25   (0.010) 0.008 0.007 0.008 0.001 0.008 0.008 
  26   (0.013) 0.009 0.009 0.010 0.001 0.009 0.009 
  27   (0.012) 0.010 0.010 0.011 0.001 0.009 0.010 
  28   (0.009) 0.002 0.002 0.003 0.021 0.002 0.003 
  29   (0.013) 0.012 0.012 0.012 0.001 0.010 0.012 
  30   (0.019) 0.021 0.019 0.021 0.005 0.020 0.020 
  31   (0.019) 0.020 0.019 0.018 0.001 0.019 0.019 
  32   (0.025) 0.043 0.039 0.036 0.002 0.041 0.039 
  33   (0.006) 0.002 0.002 0.002 0.000 0.002 0.002 
  34   (0.017) 0.022 0.019 0.018 0.001 0.020 0.019 
  35   (0.006) 0.001 0.001 0.001 0.052 0.001 0.001 
  36   (0.006) 0.002 0.002 0.002 0.000 0.002 0.002 
  37   (0.021) 0.024 0.025 0.023 0.023 0.025 0.023 
  38   (0.016) 0.012 0.012 0.014 0.009 0.011 0.013 
  39   (0.015) 0.017 0.019 0.020 0.001 0.017 0.019 
  40   (0.010) 0.010 0.010 0.009 0.001 0.010 0.011 
  41   (0.009) 0.005 0.005 0.005 0.001 0.004 0.005 
  42   (0.006) 0.002 0.002 0.002 0.000 0.002 0.002 
  43   (0.009) 0.005 0.005 0.006 0.001 0.005 0.005 
  44   (0.023) 0.025 0.026 0.031 0.002 0.025 0.027 
  45   (0.006) 0.002 0.002 0.002 0.000 0.002 0.002 
  46   (0.014) 0.020 0.017 0.017 0.001 0.018 0.017 
  47   (0.009) 0.006 0.006 0.007 0.001 0.006 0.007 
  48   (0.006) 0.002 0.002 0.002 0.000 0.002 0.002 
  49   (0.015) 0.014 0.016 0.018 0.001 0.015 0.015 
  50   (0.013) 0.011 0.012 0.012 0.002 0.011 0.012 
  51   (0.014) 0.013 0.013 0.012 0.019 0.014 0.012 
  52   (0.013) 0.014 0.012 0.012 0.001 0.012 0.012 
  53   (0.007) 0.001 0.001 0.001 0.031 0.001 0.001 
  54   (0.007) 0.001 0.001 0.001 0.073 0.001 0.001 
  55   (0.011) 0.008 0.008 0.008 0.001 0.007 0.008 
  56   (0.011) 0.010 0.011 0.010 0.001 0.012 0.010 
  57   (0.013) 0.011 0.012 0.011 0.001 0.012 0.012 
  58   (0.009) 0.006 0.006 0.006 0.001 0.005 0.006 
  59   (0.011) 0.010 0.011 0.015 0.001 0.011 0.012 
  60   (0.010) 0.008 0.008 0.008 0.001 0.009 0.008 
  61   (0.006) 0.002 0.002 0.002 0.000 0.002 0.002 
  62   (0.012) 0.011 0.012 0.012 0.001 0.012 0.012 
  63   (0.010) 0.015 0.017 0.016 0.001 0.013 0.016 
  64   (0.009) 0.005 0.005 0.005 0.001 0.005 0.005 
  65   (0.019) 0.020 0.021 0.020 0.001 0.021 0.020 
  66   (0.010) 0.009 0.010 0.009 0.001 0.009 0.009 
  67   (0.010) 0.006 0.007 0.006 0.001 0.006 0.007 
  68   (0.012) 0.011 0.012 0.010 0.001 0.012 0.012 
  69   (0.006) 0.002 0.002 0.002 0.000 0.002 0.002 
  70   (0.006) 0.002 0.002 0.002 0.000 0.002 0.002 
  71   (0.010) 0.006 0.006 0.007 0.001 0.006 0.007 
  72   (0.006) 0.002 0.002 0.002 0.000 0.002 0.002 
  73   (0.006) 0.002 0.002 0.002 0.001 0.002 0.002 
  74   (0.006) 0.002 0.002 0.002 0.000 0.002 0.002 
  75   (0.008) 0.005 0.005 0.005 0.001 0.005 0.005 
  76   (0.006) 0.002 0.002 0.003 0.000 0.002 0.002 
  77   (0.007) 0.003 0.004 0.003 0.001 0.004 0.004 
  78   (0.006) 0.002 0.002 0.002 0.001 0.002 0.002 

Locus 2 : COPE9 
12 alleles
8.3% missing data
   1   (0.412) 0.480 0.469 0.460 0.408 0.472 0.467 
   2   (0.142) 0.130 0.137 0.150 0.259 0.130 0.136 
   3   (0.050) 0.047 0.051 0.047 0.029 0.053 0.049 
   4   (0.073) 0.075 0.077 0.071 0.027 0.079 0.077 
   5   (0.037) 0.026 0.027 0.025 0.024 0.025 0.027 
   6   (0.130) 0.139 0.132 0.135 0.055 0.132 0.136 
   7   (0.039) 0.024 0.026 0.030 0.066 0.026 0.027 
   8   (0.081) 0.068 0.071 0.072 0.082 0.073 0.071 
   9   (0.011) 0.004 0.005 0.004 0.001 0.004 0.004 
  10   (0.009) 0.001 0.001 0.001 0.048 0.001 0.001 
  11   (0.008) 0.003 0.003 0.003 0.001 0.002 0.003 
  12   (0.008) 0.002 0.003 0.003 0.001 0.003 0.003 

Locus 3 : CPER26 
12 alleles
2.6% missing data
   1   (0.230) 0.238 0.232 0.232 0.138 0.236 0.233 
   2   (0.034) 0.023 0.024 0.021 0.148 0.025 0.025 
   3   (0.083) 0.076 0.081 0.084 0.008 0.078 0.082 
   4   (0.499) 0.580 0.581 0.581 0.061 0.580 0.581 
   5   (0.056) 0.045 0.043 0.042 0.298 0.044 0.041 
   6   (0.030) 0.016 0.014 0.016 0.308 0.015 0.015 
   7   (0.013) 0.005 0.006 0.006 0.001 0.005 0.006 
   8   (0.018) 0.007 0.008 0.008 0.023 0.007 0.008 
   9   (0.008) 0.002 0.002 0.002 0.004 0.002 0.002 
  10   (0.012) 0.003 0.003 0.003 0.010 0.003 0.003 
  11   (0.008) 0.002 0.002 0.002 0.001 0.002 0.002 
  12   (0.008) 0.003 0.002 0.003 0.001 0.002 0.003 

Locus 4 : CPER92 
12 alleles
6.8% missing data
   1   (0.617) 0.679 0.687 0.670 0.513 0.690 0.680 
   2   (0.115) 0.135 0.126 0.145 0.276 0.127 0.135 
   3   (0.088) 0.088 0.088 0.087 0.046 0.086 0.086 
   4   (0.015) 0.007 0.008 0.007 0.019 0.008 0.007 
   5   (0.039) 0.025 0.025 0.027 0.034 0.023 0.025 
   6   (0.035) 0.029 0.027 0.026 0.008 0.026 0.027 
   7   (0.019) 0.008 0.008 0.008 0.035 0.008 0.008 
   8   (0.012) 0.003 0.003 0.003 0.035 0.003 0.003 
   9   (0.021) 0.011 0.012 0.011 0.018 0.012 0.012 
  10   (0.017) 0.008 0.008 0.008 0.016 0.008 0.008 
  11   (0.013) 0.006 0.006 0.006 0.001 0.006 0.006 
  12   (0.008) 0.002 0.003 0.002 0.001 0.002 0.002 

Locus 5 : CPER99 
5 alleles
1.0% missing data
   1   (0.013) 0.003 0.003 0.003 0.341 0.003 0.003 
   2   (0.870) 0.933 0.931 0.929 0.090 0.931 0.931 
   3   (0.080) 0.052 0.054 0.056 0.476 0.055 0.054 
   4   (0.013) 0.003 0.003 0.003 0.030 0.003 0.003 
   5   (0.024) 0.009 0.009 0.009 0.064 0.009 0.009 

Locus 6 : CPER119 
22 alleles
5.5% missing data
   1   (0.009) 0.001 0.001 0.001 0.106 0.001 0.001 
   2   (0.080) 0.098 0.088 0.088 0.045 0.092 0.088 
   3   (0.036) 0.030 0.032 0.034 0.052 0.033 0.031 
   4   (0.008) 0.002 0.003 0.002 0.001 0.003 0.003 
   5   (0.160) 0.173 0.176 0.173 0.094 0.176 0.182 
   6   (0.070) 0.072 0.074 0.071 0.080 0.079 0.076 
   7   (0.069) 0.094 0.083 0.092 0.079 0.087 0.085 
   8   (0.083) 0.075 0.077 0.076 0.101 0.077 0.079 
   9   (0.115) 0.125 0.136 0.136 0.067 0.138 0.129 
  10   (0.061) 0.060 0.066 0.065 0.033 0.059 0.063 
  11   (0.021) 0.012 0.013 0.016 0.023 0.013 0.014 
  12   (0.085) 0.109 0.107 0.104 0.010 0.100 0.104 
  13   (0.016) 0.006 0.006 0.007 0.011 0.006 0.006 
  14   (0.028) 0.038 0.035 0.036 0.010 0.039 0.037 
  15   (0.026) 0.022 0.020 0.018 0.064 0.021 0.019 
  16   (0.022) 0.010 0.010 0.011 0.029 0.010 0.011 
  17   (0.024) 0.013 0.013 0.012 0.095 0.012 0.013 
  18   (0.017) 0.011 0.009 0.010 0.008 0.010 0.010 
  19   (0.011) 0.003 0.003 0.003 0.025 0.003 0.003 
  20   (0.037) 0.033 0.035 0.033 0.060 0.030 0.034 
  21   (0.013) 0.007 0.007 0.007 0.005 0.007 0.007 
  22   (0.010) 0.005 0.006 0.005 0.001 0.006 0.005 

Locus 7 : CPER188 
15 alleles
1.6% missing data
   1   (0.598) 0.678 0.672 0.668 0.820 0.676 0.675 
   2   (0.112) 0.101 0.103 0.102 0.091 0.101 0.103 
   3   (0.032) 0.024 0.024 0.028 0.002 0.024 0.025 
   4   (0.040) 0.032 0.031 0.032 0.003 0.031 0.032 
   5   (0.089) 0.111 0.112 0.107 0.006 0.113 0.107 
   6   (0.016) 0.006 0.007 0.007 0.008 0.006 0.006 
   7   (0.017) 0.010 0.010 0.013 0.006 0.010 0.010 
   8   (0.023) 0.012 0.013 0.013 0.008 0.012 0.013 
   9   (0.009) 0.001 0.001 0.001 0.040 0.001 0.001 
  10   (0.008) 0.001 0.001 0.001 0.010 0.001 0.001 
  11   (0.018) 0.010 0.011 0.013 0.001 0.011 0.012 
  12   (0.015) 0.007 0.007 0.007 0.001 0.007 0.007 
  13   (0.008) 0.002 0.002 0.002 0.003 0.002 0.002 
  14   (0.008) 0.002 0.003 0.002 0.001 0.003 0.002 
  15   (0.008) 0.002 0.002 0.002 0.001 0.003 0.002 

Values of parameters used in structure:
DATAFILE=../Data/microsats.structure,	OUTFILE=../Structure_Results/01_K_06.out,	NUMINDS=384,	NUMLOCI=7,	MISSING=-9,	LABEL=1,	POPDATA=0,	POPFLAG=0,	PHENOTYPE=0,	EXTRACOLS=0,	MAXPOPS=6,	BURNIN=1000000,	NUMREPS=10000000,	USEPOPINFO=0,	INFERALPHA=1,	INFERLAMBDA=0,	POPSPECIFICLAMBDA=0,	POPALPHAS=0,	COMPUTEPROB=1,	NOADMIX=0,	ADMBURNIN=500,	UPDATEFREQ=100,	PRINTLIKES=0,	INTERMEDSAVE=0,	PRINTKLD=0,	PRINTNET=1,	PRINTLAMBDA=1,	ANCESTDIST=0,	NUMBOXES=1000,	ANCESTPINT=0.90000,	GENSBACK=2,	MIGRPRIOR=0.01000,	PRINTQHAT=0,	PRINTQSUM=1,	ALPHA=1.0000,	FREQSCORR=1,	FPRIORMEAN=0.0100,	FPRIORSD=0.0500,	ONEFST=0,	LAMBDA=1.0000,	UNIFPRIORALPHA=1,	ALPHAMAX=10.0000,	ALPHAPRIORA=1.0000,	ALPHAPRIORB=2.0000,	ALPHAPROPSD=0.0250,	STARTATPOPINFO=0,	RANDOMIZE=0,	LINKAGE=0,	METROFREQ=10,	REPORTHITRATE=0,	MARKOVPHASE=-1,	PHASED=0,	PLOIDY=2,	PHASEINFO=0	LOCPRIOR=0, 	LOCPRIORINIT=1.000000, 	LOCDATA=0, 	LOCISPOP=0, 	LOCPRIORSTEP=0.100000, 	MAXLOCPRIOR=20.000000, 	SEED=15329110,	
[STRAT parameters]:    NUMSIMSTATS=1000,	PHENOTYPECOL=-9,	POOLFREQ=10,	LOCUSxONLY=0,	EMERROR=0.00100,	MISSINGPHENO=-9,	