

----------------------------------------------------
STRUCTURE by Pritchard, Stephens and Donnelly (2000)
     and Falush, Stephens and Pritchard (2003)
       Code by Pritchard, Falush and Hubisz
             Version 2.3.4 (Jul 2012)
----------------------------------------------------



Command line arguments:   /home/jason/Programs/structure -K 14 -i ../Data/microsats.structure -m Structure_Run/mainparams -e Structure_Run/extraparams -D 50765426 -o ../Structure_Results/01_K_14.out 
Input File:    ../Data/microsats.structure

Run parameters:
   384 individuals
   7 loci
   14 populations assumed
   1000000 Burn-in period
   10000000 Reps
RANDOMIZE turned off


--------------------------------------------
Overall proportion of membership of the
sample in each of the 14 clusters

Inferred Clusters
  1      2      3      4      5      6      7      8      9     10     11     12     13     14    
0.069  0.069  0.069  0.069  0.069  0.069  0.069  0.069  0.104  0.069  0.069  0.069  0.069  0.069  

--------------------------------------------

Allele-freq. divergence among pops (Net nucleotide distance),
computed using point estimates of P.

      1       2       3       4       5       6       7       8       9      10      11      12      13      14      
 1      -    0.0007  0.0003  0.0005  0.0005  0.0001  0.0009  0.0003  0.1720  0.0002  0.0006  0.0002  0.0005  0.0004  
 2   0.0007     -    0.0003  0.0000  0.0001  0.0003  0.0002  0.0002  0.1763  0.0003  0.0000  0.0003  0.0000  0.0001  
 3   0.0003  0.0003     -    0.0002  0.0002  0.0001  0.0005  0.0001  0.1737  0.0000  0.0002  0.0001  0.0002  0.0001  
 4   0.0005  0.0000  0.0002     -    0.0001  0.0002  0.0002  0.0001  0.1751  0.0002  0.0000  0.0002  0.0000  0.0000  
 5   0.0005  0.0001  0.0002  0.0001     -    0.0002  0.0001  0.0002  0.1747  0.0002  0.0001  0.0002  0.0000  0.0000  
 6   0.0001  0.0003  0.0001  0.0002  0.0002     -    0.0006  0.0001  0.1734  0.0001  0.0002  0.0001  0.0002  0.0002  
 7   0.0009  0.0002  0.0005  0.0002  0.0001  0.0006     -    0.0006  0.1759  0.0006  0.0002  0.0006  0.0002  0.0002  
 8   0.0003  0.0002  0.0001  0.0001  0.0002  0.0001  0.0006     -    0.1751  0.0001  0.0001  0.0001  0.0002  0.0001  
 9   0.1720  0.1763  0.1737  0.1751  0.1747  0.1734  0.1759  0.1751     -    0.1735  0.1764  0.1733  0.1744  0.1748  
10   0.0002  0.0003  0.0000  0.0002  0.0002  0.0001  0.0006  0.0001  0.1735     -    0.0003  0.0001  0.0002  0.0001  
11   0.0006  0.0000  0.0002  0.0000  0.0001  0.0002  0.0002  0.0001  0.1764  0.0003     -    0.0002  0.0000  0.0001  
12   0.0002  0.0003  0.0001  0.0002  0.0002  0.0001  0.0006  0.0001  0.1733  0.0001  0.0002     -    0.0002  0.0001  
13   0.0005  0.0000  0.0002  0.0000  0.0000  0.0002  0.0002  0.0002  0.1744  0.0002  0.0000  0.0002     -    0.0000  
14   0.0004  0.0001  0.0001  0.0000  0.0000  0.0002  0.0002  0.0001  0.1748  0.0001  0.0001  0.0001  0.0000     -    

Average distances (expected heterozygosity) between individuals in same cluster:
cluster  1  : 0.6303 
cluster  2  : 0.6223 
cluster  3  : 0.6265 
cluster  4  : 0.6258 
cluster  5  : 0.6249 
cluster  6  : 0.6277 
cluster  7  : 0.6214 
cluster  8  : 0.6256 
cluster  9  : 0.6231 
cluster 10  : 0.6283 
cluster 11  : 0.6220 
cluster 12  : 0.6275 
cluster 13  : 0.6272 
cluster 14  : 0.6255 

--------------------------------------------
Estimated Ln Prob of Data   = -9397.5
Mean value of ln likelihood = -7528.4
Variance of ln likelihood   = 3738.1
Mean value of alpha         = 0.0495

Mean value of Fst_1         = 0.1273
Mean value of Fst_2         = 0.1346
Mean value of Fst_3         = 0.1299
Mean value of Fst_4         = 0.1323
Mean value of Fst_5         = 0.1282
Mean value of Fst_6         = 0.1305
Mean value of Fst_7         = 0.1355
Mean value of Fst_8         = 0.1299
Mean value of Fst_9         = 0.2315
Mean value of Fst_10         = 0.1287
Mean value of Fst_11         = 0.1352
Mean value of Fst_12         = 0.1255
Mean value of Fst_13         = 0.1272
Mean value of Fst_14         = 0.1308


Inferred ancestry of individuals:
        Label (%Miss) :  Inferred clusters
  1 COPE-0001    (0)   :  0.009 0.009 0.009 0.009 0.009 0.009 0.009 0.009 0.887 0.009 0.009 0.009 0.009 0.009 
  2 COPE-0002    (0)   :  0.084 0.070 0.078 0.074 0.075 0.079 0.072 0.076 0.010 0.079 0.071 0.080 0.075 0.076 
  3 COPE-0003    (0)   :  0.076 0.077 0.081 0.071 0.076 0.073 0.072 0.077 0.006 0.078 0.075 0.082 0.079 0.076 
  4 COPE-0004    (0)   :  0.105 0.059 0.083 0.076 0.068 0.095 0.067 0.073 0.010 0.086 0.064 0.076 0.071 0.068 
  5 COPE-0005    (0)   :  0.080 0.069 0.079 0.079 0.073 0.081 0.072 0.075 0.022 0.074 0.073 0.070 0.077 0.075 
  6 COPE-0006    (0)   :  0.075 0.076 0.074 0.074 0.077 0.072 0.074 0.080 0.018 0.075 0.077 0.079 0.072 0.075 
  7 COPE-0007    (0)   :  0.075 0.074 0.078 0.081 0.072 0.077 0.076 0.077 0.006 0.074 0.083 0.068 0.081 0.078 
  8 COPE-0008    (0)   :  0.079 0.075 0.076 0.075 0.074 0.075 0.077 0.078 0.008 0.073 0.079 0.077 0.075 0.079 
  9 COPE-0009    (0)   :  0.075 0.072 0.079 0.073 0.074 0.070 0.069 0.077 0.015 0.084 0.071 0.086 0.073 0.082 
 10 COPE-0010    (0)   :  0.074 0.077 0.071 0.077 0.080 0.076 0.075 0.081 0.007 0.076 0.077 0.080 0.073 0.076 
 11 COPE-0011   (14)   :  0.014 0.012 0.014 0.013 0.013 0.014 0.012 0.013 0.832 0.013 0.012 0.013 0.012 0.012 
 12 COPE-0012   (14)   :  0.081 0.075 0.075 0.072 0.072 0.076 0.070 0.082 0.006 0.077 0.079 0.080 0.076 0.078 
 13 COPE-0013    (0)   :  0.077 0.073 0.087 0.067 0.071 0.077 0.071 0.080 0.006 0.088 0.076 0.080 0.072 0.075 
 14 COPE-0014    (0)   :  0.053 0.089 0.066 0.086 0.089 0.060 0.121 0.053 0.008 0.066 0.082 0.055 0.087 0.084 
 15 COPE-0015    (0)   :  0.062 0.085 0.071 0.082 0.085 0.067 0.104 0.063 0.007 0.068 0.078 0.064 0.083 0.080 
 16 COPE-0016    (0)   :  0.074 0.078 0.090 0.081 0.066 0.068 0.068 0.081 0.009 0.086 0.073 0.080 0.068 0.077 
 17 COPE-0017    (0)   :  0.029 0.041 0.034 0.040 0.041 0.032 0.049 0.031 0.525 0.034 0.038 0.031 0.039 0.038 
 18 COPE-0018    (0)   :  0.077 0.075 0.075 0.071 0.076 0.076 0.071 0.084 0.007 0.078 0.081 0.081 0.072 0.076 
 19 COPE-0019    (0)   :  0.075 0.071 0.081 0.071 0.077 0.076 0.071 0.080 0.006 0.082 0.075 0.084 0.071 0.077 
 20 COPE-0020    (0)   :  0.071 0.076 0.074 0.076 0.078 0.073 0.074 0.079 0.006 0.077 0.077 0.080 0.080 0.079 
 21 COPE-0021    (0)   :  0.066 0.083 0.070 0.081 0.077 0.077 0.082 0.077 0.006 0.073 0.083 0.070 0.081 0.075 
 22 COPE-0022    (0)   :  0.080 0.077 0.075 0.074 0.075 0.078 0.074 0.082 0.006 0.070 0.078 0.082 0.071 0.077 
 23 COPE-0023    (0)   :  0.079 0.074 0.073 0.077 0.079 0.073 0.076 0.077 0.008 0.076 0.074 0.082 0.075 0.078 
 24 COPE-0024   (14)   :  0.071 0.077 0.079 0.081 0.070 0.079 0.069 0.083 0.006 0.073 0.085 0.074 0.077 0.077 
 25 COPE-0025    (0)   :  0.077 0.070 0.073 0.073 0.074 0.069 0.065 0.073 0.038 0.073 0.069 0.079 0.091 0.076 
 26 COPE-0026    (0)   :  0.078 0.071 0.081 0.076 0.077 0.080 0.079 0.075 0.005 0.079 0.075 0.072 0.077 0.076 
 27 COPE-0027    (0)   :  0.078 0.072 0.082 0.069 0.076 0.077 0.071 0.078 0.006 0.082 0.076 0.084 0.071 0.077 
 28 COPE-0028    (0)   :  0.077 0.077 0.073 0.078 0.080 0.077 0.073 0.075 0.005 0.077 0.071 0.077 0.084 0.076 
 29 COPE-0029    (0)   :  0.070 0.079 0.086 0.081 0.068 0.069 0.069 0.082 0.005 0.085 0.078 0.076 0.073 0.078 
 30 COPE-0030   (14)   :  0.025 0.023 0.024 0.024 0.024 0.024 0.024 0.025 0.688 0.024 0.024 0.025 0.024 0.024 
 31 COPE-0031    (0)   :  0.071 0.075 0.078 0.074 0.078 0.075 0.081 0.076 0.009 0.077 0.080 0.070 0.075 0.080 
 32 COPE-0032    (0)   :  0.079 0.076 0.074 0.075 0.080 0.076 0.072 0.078 0.008 0.074 0.072 0.081 0.078 0.076 
 33 COPE-0033    (0)   :  0.077 0.075 0.077 0.075 0.079 0.073 0.073 0.081 0.010 0.076 0.074 0.079 0.075 0.076 
 34 COPE-0034    (0)   :  0.087 0.067 0.084 0.080 0.072 0.082 0.077 0.073 0.009 0.081 0.067 0.071 0.075 0.075 
 35 COPE-0035   (14)   :  0.078 0.075 0.077 0.075 0.080 0.077 0.070 0.078 0.007 0.076 0.072 0.078 0.081 0.075 
 36 COPE-0036   (14)   :  0.063 0.091 0.069 0.082 0.077 0.068 0.078 0.080 0.006 0.068 0.088 0.068 0.082 0.080 
 37 COPE-0037    (0)   :  0.074 0.075 0.076 0.077 0.074 0.076 0.071 0.076 0.023 0.073 0.079 0.078 0.074 0.074 
 38 COPE-0038    (0)   :  0.080 0.074 0.077 0.075 0.077 0.079 0.079 0.076 0.006 0.072 0.079 0.077 0.073 0.076 
 39 COPE-0039    (0)   :  0.078 0.070 0.076 0.073 0.071 0.074 0.064 0.076 0.037 0.074 0.072 0.080 0.081 0.073 
 40 COPE-0040   (14)   :  0.070 0.071 0.070 0.070 0.075 0.069 0.071 0.070 0.070 0.072 0.070 0.074 0.074 0.074 
 41 COPE-0041    (0)   :  0.076 0.073 0.076 0.072 0.074 0.073 0.072 0.075 0.024 0.078 0.074 0.079 0.077 0.076 
 42 COPE-0042    (0)   :  0.077 0.075 0.080 0.074 0.078 0.077 0.073 0.080 0.009 0.075 0.074 0.080 0.076 0.072 
 43 COPE-0043    (0)   :  0.081 0.071 0.079 0.078 0.075 0.077 0.073 0.077 0.005 0.083 0.072 0.080 0.071 0.079 
 44 COPE-0044    (0)   :  0.094 0.067 0.080 0.073 0.071 0.087 0.067 0.075 0.011 0.082 0.068 0.083 0.073 0.071 
 45 COPE-0045    (0)   :  0.088 0.068 0.076 0.072 0.069 0.081 0.067 0.073 0.032 0.078 0.071 0.080 0.072 0.073 
 46 COPE-0046    (0)   :  0.023 0.023 0.024 0.022 0.023 0.023 0.023 0.022 0.703 0.023 0.022 0.024 0.022 0.023 
 47 COPE-0047    (0)   :  0.007 0.007 0.007 0.007 0.007 0.007 0.007 0.007 0.904 0.007 0.007 0.007 0.007 0.007 
 48 COPE-0048    (0)   :  0.073 0.079 0.080 0.076 0.079 0.076 0.069 0.086 0.006 0.075 0.076 0.077 0.073 0.074 
 49 COPE-0049    (0)   :  0.085 0.068 0.074 0.073 0.075 0.080 0.069 0.076 0.016 0.080 0.069 0.078 0.082 0.075 
 50 COPE-0050    (0)   :  0.084 0.074 0.084 0.071 0.075 0.083 0.071 0.076 0.007 0.075 0.074 0.084 0.071 0.072 
 51 COPE-0051    (0)   :  0.078 0.070 0.065 0.066 0.073 0.083 0.065 0.072 0.095 0.074 0.060 0.067 0.070 0.062 
 52 COPE-0052    (0)   :  0.051 0.087 0.067 0.086 0.090 0.061 0.122 0.053 0.010 0.066 0.080 0.054 0.086 0.085 
 53 COPE-0053    (0)   :  0.066 0.077 0.093 0.084 0.066 0.067 0.067 0.083 0.008 0.088 0.070 0.079 0.074 0.079 
 54 COPE-0054    (0)   :  0.065 0.092 0.066 0.085 0.070 0.071 0.070 0.090 0.005 0.066 0.095 0.067 0.082 0.077 
 55 COPE-0055    (0)   :  0.080 0.078 0.074 0.074 0.073 0.076 0.073 0.081 0.005 0.072 0.080 0.083 0.071 0.079 
 56 COPE-0056    (0)   :  0.085 0.074 0.073 0.070 0.072 0.078 0.070 0.077 0.014 0.079 0.076 0.084 0.072 0.078 
 57 COPE-0057    (0)   :  0.074 0.074 0.075 0.073 0.075 0.074 0.069 0.080 0.009 0.080 0.074 0.083 0.076 0.082 
 58 COPE-0058    (0)   :  0.078 0.076 0.077 0.074 0.077 0.075 0.067 0.078 0.009 0.079 0.074 0.079 0.077 0.080 
 59 COPE-0059    (0)   :  0.081 0.075 0.086 0.070 0.078 0.076 0.068 0.070 0.016 0.073 0.076 0.086 0.070 0.074 
 60 COPE-0060    (0)   :  0.072 0.077 0.075 0.079 0.079 0.073 0.076 0.075 0.006 0.078 0.075 0.083 0.072 0.079 
 61 COPE-0061    (0)   :  0.068 0.075 0.091 0.080 0.068 0.068 0.066 0.082 0.010 0.087 0.070 0.082 0.073 0.080 
 62 COPE-0062    (0)   :  0.056 0.090 0.063 0.084 0.086 0.069 0.108 0.063 0.008 0.065 0.083 0.058 0.089 0.079 
 63 COPE-0063    (0)   :  0.083 0.078 0.071 0.071 0.070 0.075 0.069 0.076 0.021 0.074 0.080 0.085 0.068 0.079 
 64 COPE-0064    (0)   :  0.078 0.074 0.083 0.073 0.078 0.080 0.075 0.076 0.008 0.079 0.072 0.079 0.073 0.073 
 65 COPE-0065    (0)   :  0.006 0.006 0.006 0.006 0.006 0.006 0.006 0.006 0.922 0.006 0.006 0.006 0.006 0.006 
 66 COPE-0066    (0)   :  0.077 0.075 0.075 0.072 0.078 0.077 0.071 0.080 0.016 0.078 0.074 0.080 0.075 0.071 
 67 COPE-0067   (14)   :  0.027 0.028 0.028 0.028 0.029 0.029 0.026 0.030 0.631 0.030 0.028 0.029 0.030 0.028 
 68 COPE-0068    (0)   :  0.080 0.077 0.084 0.069 0.077 0.077 0.071 0.072 0.012 0.074 0.075 0.086 0.071 0.073 
 69 COPE-0069   (14)   :  0.070 0.080 0.078 0.076 0.081 0.074 0.087 0.071 0.009 0.070 0.076 0.076 0.076 0.075 
 70 COPE-0070    (0)   :  0.088 0.069 0.076 0.074 0.076 0.087 0.070 0.077 0.011 0.079 0.069 0.074 0.078 0.071 
 71 COPE-0071    (0)   :  0.077 0.078 0.070 0.078 0.080 0.077 0.073 0.078 0.004 0.075 0.075 0.075 0.084 0.075 
 72 COPE-0072    (0)   :  0.077 0.075 0.079 0.074 0.081 0.078 0.081 0.070 0.006 0.075 0.075 0.080 0.073 0.076 
 73 COPE-0073   (14)   :  0.027 0.035 0.032 0.034 0.028 0.029 0.028 0.034 0.592 0.032 0.035 0.030 0.032 0.031 
 74 COPE-0074    (0)   :  0.074 0.079 0.078 0.078 0.078 0.076 0.070 0.084 0.008 0.073 0.077 0.076 0.075 0.074 
 75 COPE-0075    (0)   :  0.083 0.075 0.074 0.074 0.079 0.091 0.069 0.080 0.010 0.080 0.067 0.073 0.076 0.068 
 76 COPE-0076    (0)   :  0.072 0.082 0.073 0.078 0.075 0.071 0.079 0.078 0.006 0.071 0.083 0.074 0.076 0.081 
 77 COPE-0077   (14)   :  0.080 0.076 0.082 0.074 0.076 0.078 0.073 0.078 0.008 0.073 0.074 0.083 0.070 0.074 
 78 COPE-0078   (14)   :  0.082 0.072 0.078 0.080 0.072 0.083 0.072 0.078 0.008 0.072 0.079 0.072 0.078 0.074 
 79 COPE-0079    (0)   :  0.116 0.053 0.084 0.075 0.068 0.100 0.068 0.074 0.008 0.088 0.058 0.071 0.069 0.067 
 80 COPE-0080   (42)   :  0.017 0.018 0.017 0.017 0.018 0.017 0.018 0.017 0.771 0.018 0.018 0.018 0.018 0.018 
 81 COPE-0081   (14)   :  0.046 0.045 0.044 0.045 0.045 0.045 0.045 0.046 0.414 0.043 0.046 0.046 0.046 0.046 
 82 COPE-0082   (14)   :  0.081 0.072 0.068 0.072 0.074 0.079 0.066 0.075 0.043 0.075 0.072 0.076 0.074 0.072 
 83 COPE-0083   (14)   :  0.036 0.099 0.055 0.093 0.103 0.053 0.156 0.037 0.005 0.056 0.084 0.040 0.096 0.087 
 84 COPE-0084    (0)   :  0.056 0.063 0.075 0.069 0.057 0.056 0.056 0.067 0.184 0.073 0.057 0.066 0.058 0.063 
 85 COPE-0085    (0)   :  0.088 0.068 0.080 0.077 0.073 0.081 0.070 0.076 0.009 0.080 0.068 0.076 0.080 0.075 
 86 COPE-0086    (0)   :  0.074 0.075 0.075 0.076 0.080 0.075 0.070 0.079 0.017 0.079 0.076 0.078 0.074 0.072 
 87 COPE-0087   (14)   :  0.072 0.077 0.082 0.081 0.074 0.071 0.072 0.081 0.007 0.083 0.072 0.082 0.071 0.077 
 88 COPE-0088   (14)   :  0.080 0.071 0.077 0.074 0.075 0.076 0.073 0.076 0.023 0.078 0.069 0.075 0.076 0.076 
 89 COPE-0089   (14)   :  0.008 0.007 0.007 0.007 0.007 0.008 0.007 0.007 0.903 0.008 0.007 0.008 0.007 0.007 
 90 COPE-0090    (0)   :  0.080 0.074 0.075 0.073 0.073 0.078 0.073 0.082 0.008 0.075 0.079 0.079 0.072 0.079 
 91 COPE-0091   (14)   :  0.063 0.083 0.073 0.084 0.081 0.068 0.090 0.071 0.005 0.077 0.076 0.074 0.076 0.080 
 92 COPE-0092   (28)   :  0.022 0.018 0.021 0.019 0.020 0.020 0.018 0.019 0.745 0.020 0.018 0.020 0.020 0.019 
 93 COPE-0093    (0)   :  0.085 0.081 0.071 0.072 0.070 0.075 0.069 0.079 0.005 0.075 0.083 0.087 0.068 0.083 
 94 COPE-0094    (0)   :  0.115 0.051 0.084 0.074 0.065 0.100 0.066 0.072 0.024 0.089 0.058 0.072 0.067 0.065 
 95 COPE-0095    (0)   :  0.068 0.079 0.089 0.079 0.069 0.070 0.071 0.082 0.005 0.085 0.074 0.078 0.074 0.078 
 96 COPE-0096    (0)   :  0.072 0.079 0.077 0.080 0.076 0.069 0.083 0.071 0.009 0.076 0.077 0.073 0.076 0.081 
 97 COPE-0097    (0)   :  0.070 0.084 0.067 0.081 0.083 0.078 0.090 0.069 0.007 0.073 0.074 0.066 0.081 0.076 
 98 COPE-0098    (0)   :  0.075 0.073 0.078 0.075 0.078 0.075 0.083 0.073 0.009 0.077 0.079 0.069 0.075 0.080 
 99 COPE-0099    (0)   :  0.077 0.074 0.076 0.072 0.079 0.074 0.067 0.073 0.020 0.075 0.070 0.084 0.081 0.077 
100 COPE-0100    (0)   :  0.075 0.075 0.081 0.072 0.075 0.076 0.070 0.080 0.007 0.080 0.077 0.078 0.078 0.076 
101 COPE-0101    (0)   :  0.081 0.069 0.073 0.070 0.072 0.078 0.067 0.075 0.044 0.078 0.071 0.080 0.071 0.071 
102 COPE-0102    (0)   :  0.077 0.074 0.079 0.073 0.075 0.077 0.073 0.080 0.005 0.081 0.075 0.079 0.075 0.077 
103 COPE-0103    (0)   :  0.079 0.074 0.072 0.081 0.080 0.078 0.091 0.066 0.014 0.074 0.071 0.064 0.081 0.075 
104 COPE-0104   (14)   :  0.076 0.077 0.074 0.078 0.079 0.075 0.073 0.077 0.006 0.074 0.077 0.080 0.077 0.078 
105 COPE-0105    (0)   :  0.088 0.074 0.063 0.068 0.081 0.089 0.072 0.074 0.034 0.080 0.067 0.069 0.075 0.065 
106 COPE-0106    (0)   :  0.052 0.098 0.063 0.090 0.065 0.072 0.067 0.094 0.004 0.061 0.107 0.061 0.088 0.076 
107 COPE-0107    (0)   :  0.020 0.019 0.019 0.019 0.018 0.020 0.018 0.019 0.754 0.018 0.019 0.021 0.018 0.019 
108 COPE-0108    (0)   :  0.070 0.079 0.072 0.076 0.083 0.074 0.090 0.072 0.006 0.074 0.077 0.069 0.080 0.078 
109 COPE-0109    (0)   :  0.096 0.065 0.082 0.074 0.071 0.089 0.066 0.075 0.011 0.083 0.067 0.079 0.072 0.068 
110 COPE-0110   (14)   :  0.073 0.076 0.077 0.080 0.074 0.075 0.073 0.077 0.012 0.078 0.074 0.076 0.078 0.077 
111 COPE-0111    (0)   :  0.066 0.083 0.073 0.081 0.075 0.072 0.077 0.078 0.008 0.074 0.085 0.072 0.079 0.077 
112 COPE-0112   (14)   :  0.071 0.078 0.079 0.076 0.079 0.076 0.074 0.082 0.008 0.075 0.079 0.075 0.075 0.074 
113 COPE-0113    (0)   :  0.077 0.072 0.077 0.072 0.075 0.074 0.074 0.076 0.014 0.079 0.073 0.079 0.080 0.077 
114 COPE-0114    (0)   :  0.065 0.085 0.070 0.081 0.070 0.074 0.070 0.085 0.009 0.072 0.090 0.069 0.082 0.078 
115 COPE-0115    (0)   :  0.021 0.026 0.024 0.026 0.026 0.022 0.031 0.021 0.684 0.024 0.024 0.021 0.026 0.025 
116 COPE-0116   (28)   :  0.012 0.011 0.011 0.011 0.011 0.011 0.011 0.011 0.855 0.011 0.011 0.012 0.012 0.011 
117 COPE-0117    (0)   :  0.066 0.077 0.091 0.082 0.067 0.068 0.070 0.082 0.009 0.087 0.070 0.079 0.073 0.078 
118 COPE-0118    (0)   :  0.052 0.093 0.065 0.086 0.076 0.070 0.087 0.081 0.010 0.062 0.095 0.059 0.086 0.078 
119 COPE-0119    (0)   :  0.070 0.078 0.071 0.079 0.079 0.070 0.089 0.076 0.012 0.071 0.081 0.072 0.078 0.074 
120 COPE-0120    (0)   :  0.084 0.073 0.081 0.072 0.077 0.085 0.071 0.076 0.010 0.078 0.069 0.084 0.071 0.071 
121 COPE-0121    (0)   :  0.067 0.077 0.071 0.075 0.077 0.066 0.080 0.067 0.044 0.068 0.075 0.075 0.079 0.078 
122 COPE-0122    (0)   :  0.077 0.073 0.074 0.076 0.080 0.077 0.075 0.080 0.007 0.077 0.075 0.081 0.071 0.077 
123 COPE-0123    (0)   :  0.082 0.073 0.075 0.073 0.079 0.076 0.071 0.080 0.017 0.074 0.074 0.080 0.072 0.074 
124 COPE-0124    (0)   :  0.078 0.073 0.071 0.076 0.079 0.072 0.075 0.078 0.011 0.075 0.074 0.083 0.078 0.078 
125 COPE-0125    (0)   :  0.072 0.084 0.070 0.081 0.074 0.074 0.071 0.083 0.006 0.071 0.084 0.071 0.079 0.079 
126 COPE-0126    (0)   :  0.066 0.077 0.091 0.080 0.068 0.070 0.069 0.082 0.011 0.088 0.070 0.078 0.072 0.078 
127 COPE-0127   (14)   :  0.080 0.074 0.077 0.074 0.077 0.085 0.075 0.076 0.006 0.081 0.070 0.072 0.078 0.075 
128 COPE-0128    (0)   :  0.072 0.075 0.072 0.075 0.080 0.072 0.072 0.077 0.015 0.079 0.073 0.082 0.080 0.078 
129 COPE-0129    (0)   :  0.095 0.066 0.081 0.074 0.075 0.088 0.072 0.078 0.006 0.081 0.064 0.075 0.072 0.073 
130 COPE-0130    (0)   :  0.080 0.077 0.083 0.071 0.077 0.079 0.072 0.075 0.013 0.073 0.075 0.082 0.071 0.072 
131 COPE-0131   (14)   :  0.051 0.090 0.064 0.085 0.092 0.063 0.123 0.052 0.007 0.063 0.081 0.057 0.088 0.082 
132 COPE-0132   (14)   :  0.071 0.075 0.078 0.078 0.070 0.078 0.071 0.077 0.031 0.067 0.081 0.074 0.072 0.076 
133 COPE-0133    (0)   :  0.072 0.075 0.090 0.081 0.069 0.070 0.069 0.080 0.008 0.089 0.070 0.079 0.070 0.078 
134 COPE-0134    (0)   :  0.076 0.075 0.074 0.078 0.079 0.078 0.072 0.076 0.007 0.078 0.075 0.082 0.073 0.077 
135 COPE-0135    (0)   :  0.083 0.076 0.071 0.073 0.075 0.078 0.074 0.079 0.007 0.075 0.078 0.085 0.070 0.076 
136 COPE-0136    (0)   :  0.014 0.013 0.014 0.013 0.013 0.013 0.012 0.013 0.829 0.014 0.013 0.014 0.013 0.013 
137 COPE-0137    (0)   :  0.076 0.073 0.083 0.071 0.071 0.074 0.068 0.081 0.010 0.083 0.076 0.082 0.075 0.076 
138 COPE-0138   (14)   :  0.009 0.010 0.009 0.010 0.009 0.009 0.009 0.010 0.880 0.009 0.010 0.009 0.009 0.009 
139 COPE-0139    (0)   :  0.077 0.073 0.082 0.071 0.072 0.073 0.067 0.077 0.007 0.082 0.073 0.080 0.087 0.080 
140 COPE-0140   (14)   :  0.023 0.023 0.024 0.022 0.023 0.022 0.022 0.023 0.699 0.024 0.023 0.025 0.025 0.024 
141 COPE-0141    (0)   :  0.087 0.075 0.072 0.072 0.070 0.078 0.069 0.078 0.008 0.078 0.078 0.083 0.073 0.081 
142 COPE-0142    (0)   :  0.080 0.077 0.074 0.074 0.073 0.074 0.072 0.081 0.009 0.076 0.078 0.081 0.073 0.078 
143 COPE-0143    (0)   :  0.079 0.073 0.084 0.077 0.068 0.075 0.069 0.079 0.008 0.085 0.071 0.082 0.072 0.077 
144 COPE-0144   (14)   :  0.075 0.065 0.074 0.070 0.070 0.074 0.064 0.073 0.080 0.074 0.064 0.077 0.074 0.067 
145 COPE-0145   (14)   :  0.063 0.058 0.057 0.058 0.062 0.055 0.055 0.057 0.205 0.061 0.056 0.065 0.083 0.065 
146 COPE-0146   (14)   :  0.073 0.076 0.076 0.073 0.075 0.077 0.070 0.079 0.026 0.079 0.075 0.075 0.071 0.075 
147 COPE-0147    (0)   :  0.085 0.067 0.073 0.068 0.068 0.078 0.066 0.074 0.070 0.072 0.068 0.078 0.065 0.069 
148 COPE-0148    (0)   :  0.070 0.076 0.090 0.083 0.068 0.072 0.068 0.081 0.008 0.085 0.072 0.078 0.073 0.077 
149 COPE-0149    (0)   :  0.073 0.074 0.083 0.073 0.074 0.073 0.073 0.079 0.006 0.084 0.071 0.084 0.072 0.081 
150 COPE-0150    (0)   :  0.073 0.078 0.082 0.076 0.079 0.077 0.067 0.089 0.007 0.076 0.077 0.076 0.072 0.072 
151 COPE-0151    (0)   :  0.074 0.072 0.079 0.075 0.074 0.073 0.067 0.079 0.006 0.081 0.072 0.082 0.083 0.080 
152 COPE-0152   (14)   :  0.075 0.064 0.065 0.064 0.065 0.068 0.064 0.069 0.123 0.069 0.067 0.073 0.066 0.067 
153 COPE-0153    (0)   :  0.081 0.070 0.079 0.077 0.077 0.077 0.079 0.075 0.006 0.078 0.075 0.077 0.076 0.075 
154 COPE-0154    (0)   :  0.074 0.078 0.077 0.075 0.076 0.074 0.071 0.082 0.006 0.075 0.082 0.079 0.074 0.078 
155 COPE-0155    (0)   :  0.073 0.075 0.074 0.075 0.081 0.074 0.069 0.081 0.005 0.080 0.075 0.083 0.073 0.080 
156 COPE-0156   (14)   :  0.009 0.009 0.009 0.009 0.009 0.009 0.009 0.009 0.881 0.009 0.009 0.009 0.009 0.009 
157 COPE-0157   (14)   :  0.065 0.057 0.060 0.058 0.057 0.060 0.055 0.063 0.221 0.058 0.060 0.062 0.066 0.058 
158 COPE-0158    (0)   :  0.075 0.077 0.088 0.079 0.069 0.069 0.070 0.079 0.009 0.084 0.074 0.083 0.065 0.078 
159 COPE-0159    (0)   :  0.083 0.073 0.080 0.077 0.075 0.081 0.074 0.078 0.007 0.072 0.075 0.078 0.072 0.074 
160 COPE-0160    (0)   :  0.092 0.068 0.075 0.076 0.073 0.084 0.071 0.076 0.007 0.080 0.070 0.078 0.076 0.075 
161 COPE-0161    (0)   :  0.081 0.074 0.076 0.074 0.076 0.077 0.078 0.074 0.012 0.077 0.074 0.077 0.075 0.075 
162 COPE-0162   (14)   :  0.007 0.007 0.007 0.007 0.007 0.007 0.007 0.007 0.906 0.007 0.007 0.007 0.007 0.007 
163 COPE-0163   (28)   :  0.012 0.012 0.012 0.012 0.012 0.012 0.012 0.012 0.842 0.012 0.012 0.012 0.012 0.012 
164 COPE-0164    (0)   :  0.076 0.071 0.075 0.070 0.074 0.075 0.068 0.080 0.023 0.079 0.076 0.078 0.077 0.077 
165 COPE-0165    (0)   :  0.081 0.074 0.081 0.072 0.078 0.078 0.073 0.076 0.008 0.078 0.072 0.082 0.073 0.075 
166 COPE-0166   (14)   :  0.078 0.073 0.074 0.079 0.078 0.080 0.073 0.077 0.008 0.077 0.075 0.082 0.072 0.076 
167 COPE-0167    (0)   :  0.082 0.073 0.075 0.080 0.074 0.083 0.068 0.081 0.008 0.076 0.078 0.073 0.078 0.072 
168 COPE-0168    (0)   :  0.077 0.077 0.084 0.080 0.072 0.072 0.073 0.078 0.005 0.079 0.076 0.078 0.071 0.077 
169 COPE-0169    (0)   :  0.080 0.074 0.086 0.069 0.076 0.076 0.072 0.073 0.010 0.079 0.075 0.084 0.073 0.074 
170 COPE-0170    (0)   :  0.076 0.077 0.069 0.074 0.075 0.074 0.081 0.069 0.022 0.070 0.076 0.076 0.081 0.079 
171 COPE-0171    (0)   :  0.076 0.078 0.076 0.079 0.074 0.072 0.075 0.078 0.007 0.070 0.078 0.079 0.080 0.078 
172 COPE-0172    (0)   :  0.078 0.073 0.076 0.075 0.078 0.077 0.076 0.079 0.007 0.079 0.077 0.076 0.075 0.075 
173 COPE-0173   (14)   :  0.078 0.072 0.081 0.067 0.078 0.076 0.068 0.069 0.051 0.073 0.069 0.084 0.066 0.069 
174 COPE-0174   (28)   :  0.076 0.075 0.078 0.075 0.076 0.077 0.071 0.080 0.012 0.077 0.074 0.080 0.075 0.074 
175 COPE-0175    (0)   :  0.079 0.066 0.081 0.073 0.070 0.074 0.067 0.075 0.038 0.079 0.073 0.074 0.076 0.075 
176 COPE-0176    (0)   :  0.078 0.081 0.072 0.080 0.069 0.076 0.070 0.080 0.008 0.073 0.085 0.073 0.079 0.076 
177 COPE-0177    (0)   :  0.077 0.071 0.079 0.070 0.077 0.075 0.072 0.078 0.007 0.080 0.077 0.084 0.074 0.079 
178 COPE-0178    (0)   :  0.054 0.099 0.062 0.090 0.067 0.072 0.067 0.094 0.007 0.062 0.104 0.060 0.087 0.076 
179 COPE-0179    (0)   :  0.076 0.074 0.076 0.074 0.076 0.076 0.072 0.077 0.009 0.078 0.075 0.082 0.077 0.076 
180 COPE-0180   (14)   :  0.081 0.074 0.085 0.070 0.080 0.077 0.071 0.073 0.006 0.079 0.074 0.085 0.070 0.076 
181 COPE-0181   (14)   :  0.077 0.073 0.079 0.070 0.074 0.077 0.072 0.080 0.008 0.082 0.074 0.084 0.073 0.078 
182 COPE-0182    (0)   :  0.082 0.069 0.075 0.074 0.077 0.088 0.075 0.078 0.005 0.083 0.075 0.072 0.074 0.073 
183 COPE-0183    (0)   :  0.077 0.075 0.074 0.072 0.078 0.076 0.075 0.081 0.010 0.075 0.078 0.078 0.073 0.076 
184 COPE-0184    (0)   :  0.085 0.070 0.079 0.082 0.073 0.087 0.069 0.076 0.009 0.080 0.071 0.072 0.076 0.072 
185 COPE-0185    (0)   :  0.074 0.076 0.079 0.073 0.077 0.074 0.080 0.078 0.006 0.071 0.081 0.077 0.072 0.081 
186 COPE-0186    (0)   :  0.044 0.095 0.060 0.088 0.096 0.058 0.140 0.046 0.005 0.059 0.082 0.047 0.093 0.085 
187 COPE-0187    (0)   :  0.088 0.077 0.070 0.073 0.076 0.088 0.073 0.075 0.009 0.081 0.069 0.078 0.073 0.070 
188 COPE-0188    (0)   :  0.027 0.027 0.028 0.027 0.028 0.029 0.025 0.030 0.642 0.028 0.027 0.028 0.027 0.026 
189 COPE-0189    (0)   :  0.072 0.075 0.082 0.071 0.075 0.074 0.079 0.075 0.007 0.082 0.076 0.079 0.076 0.077 
190 COPE-0190    (0)   :  0.095 0.065 0.079 0.074 0.072 0.087 0.070 0.072 0.012 0.084 0.068 0.080 0.071 0.071 
191 COPE-0191    (0)   :  0.069 0.080 0.071 0.077 0.082 0.069 0.093 0.066 0.010 0.074 0.077 0.072 0.078 0.082 
192 COPE-0192   (14)   :  0.008 0.012 0.009 0.011 0.012 0.009 0.014 0.008 0.865 0.009 0.011 0.009 0.012 0.011 
193 COPE-0193    (0)   :  0.072 0.075 0.080 0.077 0.072 0.073 0.069 0.085 0.006 0.082 0.079 0.078 0.075 0.077 
194 COPE-0194    (0)   :  0.078 0.077 0.073 0.074 0.081 0.076 0.074 0.077 0.008 0.076 0.073 0.079 0.080 0.073 
195 COPE-0195    (0)   :  0.076 0.073 0.082 0.074 0.076 0.077 0.067 0.083 0.006 0.079 0.076 0.077 0.077 0.076 
196 COPE-0196    (0)   :  0.081 0.074 0.073 0.076 0.078 0.079 0.078 0.073 0.010 0.074 0.073 0.080 0.075 0.075 
197 COPE-0197    (0)   :  0.077 0.076 0.078 0.074 0.082 0.077 0.071 0.076 0.007 0.078 0.072 0.086 0.069 0.078 
198 COPE-0198    (0)   :  0.080 0.074 0.086 0.070 0.079 0.080 0.073 0.071 0.011 0.073 0.077 0.085 0.066 0.076 
199 COPE-0199    (0)   :  0.075 0.071 0.080 0.071 0.078 0.076 0.070 0.078 0.012 0.081 0.073 0.084 0.071 0.078 
200 COPE-0200   (42)   :  0.080 0.075 0.083 0.070 0.075 0.078 0.072 0.076 0.009 0.078 0.075 0.084 0.071 0.075 
201 COPE-0201    (0)   :  0.071 0.080 0.071 0.076 0.080 0.075 0.087 0.074 0.008 0.073 0.078 0.071 0.079 0.077 
202 COPE-0202    (0)   :  0.106 0.060 0.082 0.075 0.069 0.092 0.069 0.071 0.012 0.086 0.066 0.076 0.070 0.067 
203 COPE-0203    (0)   :  0.078 0.076 0.078 0.076 0.074 0.078 0.073 0.079 0.006 0.072 0.079 0.082 0.072 0.078 
204 COPE-0204    (0)   :  0.067 0.091 0.065 0.080 0.073 0.077 0.069 0.083 0.026 0.067 0.085 0.063 0.082 0.073 
205 COPE-0205    (0)   :  0.073 0.069 0.083 0.075 0.070 0.071 0.069 0.083 0.019 0.083 0.076 0.079 0.073 0.076 
206 COPE-0206    (0)   :  0.069 0.081 0.070 0.080 0.077 0.073 0.074 0.079 0.005 0.071 0.084 0.075 0.086 0.077 
207 COPE-0207    (0)   :  0.069 0.082 0.069 0.082 0.075 0.078 0.077 0.079 0.011 0.065 0.089 0.072 0.076 0.075 
208 COPE-0208    (0)   :  0.030 0.027 0.029 0.027 0.028 0.028 0.027 0.028 0.627 0.028 0.028 0.030 0.033 0.029 
209 COPE-0209    (0)   :  0.076 0.077 0.078 0.076 0.080 0.076 0.079 0.075 0.006 0.074 0.075 0.080 0.074 0.074 
210 COPE-0210    (0)   :  0.073 0.078 0.086 0.080 0.072 0.071 0.072 0.079 0.008 0.081 0.076 0.079 0.068 0.076 
211 COPE-0211    (0)   :  0.074 0.077 0.082 0.076 0.079 0.077 0.067 0.086 0.005 0.075 0.077 0.078 0.074 0.073 
212 COPE-0212    (0)   :  0.071 0.079 0.075 0.080 0.072 0.078 0.074 0.078 0.011 0.068 0.086 0.075 0.075 0.077 
213 COPE-0213    (0)   :  0.075 0.079 0.074 0.075 0.079 0.074 0.071 0.077 0.008 0.074 0.079 0.079 0.077 0.077 
214 COPE-0214    (0)   :  0.086 0.075 0.091 0.067 0.081 0.081 0.070 0.068 0.008 0.076 0.074 0.091 0.064 0.069 
215 COPE-0215    (0)   :  0.077 0.070 0.079 0.067 0.077 0.072 0.067 0.070 0.059 0.073 0.069 0.082 0.068 0.071 
216 COPE-0216   (14)   :  0.049 0.052 0.053 0.053 0.052 0.049 0.051 0.051 0.332 0.053 0.051 0.053 0.050 0.051 
217 COPE-0217    (0)   :  0.070 0.079 0.072 0.080 0.072 0.077 0.068 0.081 0.026 0.069 0.084 0.073 0.077 0.071 
218 COPE-0218    (0)   :  0.078 0.074 0.081 0.073 0.075 0.076 0.074 0.077 0.008 0.077 0.076 0.081 0.072 0.076 
219 COPE-0219   (14)   :  0.081 0.073 0.085 0.071 0.078 0.078 0.072 0.075 0.008 0.076 0.074 0.086 0.070 0.074 
220 COPE-0220    (0)   :  0.065 0.085 0.070 0.081 0.071 0.075 0.068 0.087 0.013 0.068 0.092 0.072 0.079 0.074 
221 COPE-0221    (0)   :  0.087 0.077 0.072 0.074 0.074 0.079 0.075 0.074 0.016 0.067 0.078 0.086 0.065 0.075 
222 COPE-0222    (0)   :  0.069 0.079 0.085 0.078 0.072 0.071 0.075 0.080 0.007 0.080 0.075 0.077 0.072 0.079 
223 COPE-0223    (0)   :  0.074 0.072 0.075 0.074 0.081 0.074 0.073 0.078 0.007 0.079 0.073 0.088 0.074 0.080 
224 COPE-0224    (0)   :  0.112 0.054 0.084 0.079 0.067 0.095 0.069 0.072 0.019 0.087 0.059 0.069 0.070 0.066 
225 COPE-0225    (0)   :  0.085 0.075 0.091 0.067 0.080 0.079 0.069 0.068 0.012 0.076 0.074 0.090 0.064 0.069 
226 COPE-0226    (0)   :  0.076 0.077 0.078 0.077 0.073 0.075 0.071 0.082 0.006 0.075 0.078 0.079 0.077 0.076 
227 COPE-0227    (0)   :  0.074 0.077 0.083 0.074 0.080 0.075 0.080 0.071 0.005 0.075 0.078 0.076 0.076 0.075 
228 COPE-0228    (0)   :  0.070 0.079 0.072 0.079 0.073 0.075 0.067 0.083 0.016 0.075 0.082 0.076 0.079 0.074 
229 COPE-0229    (0)   :  0.077 0.078 0.080 0.076 0.073 0.079 0.071 0.080 0.006 0.076 0.076 0.080 0.073 0.074 
230 COPE-0230    (0)   :  0.075 0.083 0.072 0.079 0.070 0.074 0.069 0.081 0.010 0.073 0.085 0.073 0.076 0.080 
231 COPE-0231    (0)   :  0.075 0.075 0.077 0.075 0.078 0.074 0.069 0.081 0.006 0.080 0.075 0.083 0.073 0.079 
232 COPE-0232    (0)   :  0.091 0.069 0.077 0.072 0.071 0.084 0.067 0.076 0.015 0.082 0.071 0.078 0.073 0.074 
233 COPE-0233    (0)   :  0.075 0.071 0.082 0.073 0.076 0.077 0.075 0.078 0.005 0.080 0.080 0.075 0.076 0.080 
234 COPE-0234    (0)   :  0.088 0.068 0.077 0.074 0.077 0.078 0.071 0.078 0.008 0.077 0.071 0.078 0.079 0.075 
235 COPE-0235    (0)   :  0.078 0.073 0.072 0.076 0.081 0.074 0.077 0.080 0.006 0.076 0.075 0.084 0.071 0.078 
236 COPE-0236    (0)   :  0.066 0.092 0.067 0.086 0.071 0.071 0.073 0.085 0.005 0.067 0.093 0.063 0.081 0.079 
237 COPE-0237    (0)   :  0.076 0.074 0.082 0.072 0.081 0.076 0.082 0.071 0.006 0.074 0.080 0.073 0.075 0.079 
238 COPE-0238    (0)   :  0.077 0.070 0.080 0.070 0.077 0.073 0.070 0.078 0.009 0.082 0.071 0.088 0.070 0.083 
239 COPE-0239    (0)   :  0.084 0.067 0.075 0.074 0.074 0.078 0.072 0.074 0.037 0.078 0.067 0.073 0.075 0.074 
240 COPE-0240    (0)   :  0.076 0.076 0.087 0.082 0.069 0.071 0.072 0.078 0.008 0.085 0.076 0.077 0.068 0.077 
241 COPE-0241    (0)   :  0.078 0.073 0.086 0.067 0.072 0.077 0.072 0.079 0.006 0.087 0.076 0.081 0.071 0.075 
242 COPE-0242    (0)   :  0.069 0.079 0.071 0.079 0.078 0.069 0.085 0.079 0.006 0.072 0.084 0.073 0.079 0.075 
243 COPE-0243    (0)   :  0.082 0.075 0.070 0.074 0.082 0.085 0.076 0.076 0.007 0.079 0.070 0.078 0.074 0.070 
244 COPE-0244    (0)   :  0.083 0.073 0.076 0.070 0.078 0.078 0.073 0.077 0.009 0.078 0.072 0.082 0.078 0.074 
245 COPE-0245    (0)   :  0.082 0.073 0.074 0.074 0.078 0.085 0.071 0.080 0.010 0.080 0.071 0.077 0.075 0.071 
246 COPE-0246    (0)   :  0.078 0.075 0.073 0.076 0.077 0.078 0.078 0.073 0.012 0.078 0.075 0.076 0.075 0.076 
247 COPE-0247    (0)   :  0.080 0.079 0.078 0.074 0.077 0.078 0.075 0.077 0.014 0.066 0.078 0.082 0.069 0.074 
248 COPE-0248    (0)   :  0.078 0.072 0.075 0.074 0.079 0.081 0.074 0.078 0.005 0.080 0.075 0.076 0.079 0.074 
249 COPE-0249    (0)   :  0.091 0.067 0.080 0.073 0.072 0.084 0.068 0.074 0.024 0.079 0.066 0.078 0.074 0.069 
250 COPE-0250    (0)   :  0.087 0.070 0.078 0.077 0.074 0.085 0.068 0.079 0.016 0.075 0.073 0.077 0.071 0.071 
251 COPE-0251   (14)   :  0.029 0.029 0.030 0.027 0.029 0.028 0.029 0.029 0.628 0.026 0.030 0.030 0.027 0.030 
252 COPE-0252    (0)   :  0.096 0.063 0.080 0.074 0.073 0.091 0.068 0.074 0.010 0.087 0.066 0.076 0.070 0.073 
253 COPE-0253    (0)   :  0.080 0.078 0.074 0.073 0.074 0.075 0.073 0.077 0.007 0.075 0.080 0.082 0.072 0.080 
254 COPE-0254    (0)   :  0.089 0.075 0.065 0.071 0.081 0.093 0.072 0.075 0.015 0.082 0.069 0.069 0.075 0.067 
255 COPE-0255    (0)   :  0.086 0.075 0.073 0.070 0.075 0.081 0.072 0.074 0.020 0.075 0.075 0.082 0.068 0.074 
256 COPE-0256    (0)   :  0.071 0.081 0.087 0.083 0.067 0.069 0.067 0.080 0.010 0.084 0.079 0.078 0.068 0.076 
257 COPE-0257    (0)   :  0.041 0.097 0.057 0.091 0.099 0.056 0.145 0.042 0.007 0.058 0.084 0.045 0.093 0.085 
258 COPE-0258    (0)   :  0.068 0.080 0.070 0.079 0.081 0.072 0.089 0.068 0.014 0.072 0.074 0.070 0.087 0.076 
259 COPE-0259    (0)   :  0.073 0.080 0.074 0.079 0.079 0.075 0.076 0.080 0.005 0.074 0.077 0.075 0.077 0.076 
260 COPE-0260    (0)   :  0.076 0.072 0.076 0.073 0.078 0.072 0.072 0.075 0.021 0.076 0.072 0.084 0.072 0.080 
261 COPE-0261    (0)   :  0.082 0.084 0.064 0.078 0.081 0.090 0.075 0.078 0.006 0.076 0.073 0.066 0.078 0.069 
262 COPE-0262    (0)   :  0.073 0.075 0.080 0.079 0.079 0.075 0.069 0.079 0.016 0.081 0.073 0.078 0.071 0.072 
263 COPE-0263    (0)   :  0.071 0.075 0.079 0.075 0.079 0.071 0.089 0.070 0.007 0.072 0.081 0.071 0.079 0.081 
264 COPE-0264    (0)   :  0.054 0.089 0.062 0.084 0.089 0.062 0.116 0.056 0.016 0.063 0.082 0.057 0.087 0.082 
265 COPE-0265    (0)   :  0.076 0.073 0.081 0.072 0.074 0.078 0.071 0.079 0.011 0.080 0.076 0.078 0.075 0.078 
266 COPE-0266    (0)   :  0.073 0.076 0.069 0.078 0.075 0.076 0.069 0.081 0.017 0.073 0.080 0.076 0.081 0.074 
267 COPE-0267    (0)   :  0.081 0.068 0.083 0.075 0.074 0.082 0.074 0.078 0.006 0.079 0.079 0.072 0.075 0.077 
268 COPE-0268    (0)   :  0.075 0.069 0.082 0.071 0.075 0.075 0.079 0.076 0.013 0.078 0.081 0.068 0.078 0.080 
269 COPE-0269    (0)   :  0.067 0.079 0.071 0.082 0.083 0.071 0.087 0.070 0.006 0.074 0.076 0.074 0.082 0.078 
270 COPE-0270    (0)   :  0.074 0.078 0.082 0.075 0.078 0.076 0.069 0.086 0.006 0.076 0.076 0.078 0.072 0.073 
271 COPE-0271    (0)   :  0.071 0.078 0.073 0.077 0.082 0.073 0.080 0.073 0.007 0.078 0.074 0.084 0.070 0.080 
272 COPE-0272    (0)   :  0.084 0.075 0.072 0.073 0.074 0.080 0.070 0.079 0.007 0.079 0.076 0.082 0.073 0.076 
273 COPE-0273    (0)   :  0.073 0.077 0.076 0.079 0.072 0.081 0.072 0.079 0.015 0.067 0.083 0.076 0.073 0.077 
274 COPE-0274   (14)   :  0.024 0.025 0.025 0.025 0.025 0.025 0.023 0.027 0.678 0.025 0.025 0.025 0.025 0.024 
275 COPE-0275    (0)   :  0.078 0.075 0.078 0.074 0.079 0.079 0.074 0.077 0.009 0.073 0.076 0.080 0.074 0.072 
276 COPE-0276   (14)   :  0.007 0.007 0.007 0.007 0.007 0.007 0.007 0.007 0.914 0.007 0.007 0.007 0.007 0.007 
277 COPE-0277   (14)   :  0.067 0.084 0.080 0.085 0.068 0.065 0.075 0.078 0.013 0.078 0.083 0.071 0.073 0.080 
278 COPE-0278    (0)   :  0.055 0.093 0.066 0.088 0.067 0.073 0.065 0.092 0.007 0.064 0.105 0.065 0.085 0.076 
279 COPE-0279    (0)   :  0.073 0.083 0.072 0.078 0.076 0.073 0.071 0.080 0.009 0.073 0.080 0.078 0.076 0.078 
280 COPE-0280    (0)   :  0.012 0.012 0.012 0.012 0.012 0.012 0.012 0.012 0.844 0.012 0.012 0.012 0.012 0.012 
281 COPE-0281    (0)   :  0.034 0.030 0.031 0.030 0.031 0.031 0.028 0.030 0.597 0.030 0.028 0.034 0.034 0.030 
282 COPE-0282   (14)   :  0.120 0.052 0.085 0.078 0.065 0.100 0.067 0.073 0.006 0.089 0.058 0.070 0.069 0.066 
283 COPE-0283    (0)   :  0.064 0.084 0.071 0.083 0.073 0.074 0.070 0.084 0.007 0.070 0.092 0.071 0.083 0.075 
284 COPE-0284   (14)   :  0.075 0.071 0.075 0.070 0.076 0.073 0.069 0.074 0.030 0.076 0.073 0.082 0.080 0.076 
285 COPE-0285    (0)   :  0.025 0.028 0.028 0.027 0.028 0.026 0.030 0.026 0.644 0.028 0.026 0.027 0.028 0.029 
286 COPE-0286    (0)   :  0.077 0.072 0.081 0.073 0.074 0.074 0.066 0.081 0.008 0.078 0.075 0.076 0.089 0.077 
287 COPE-0287    (0)   :  0.073 0.066 0.083 0.072 0.074 0.073 0.081 0.074 0.025 0.076 0.080 0.066 0.077 0.080 
288 COPE-0288    (0)   :  0.086 0.077 0.073 0.077 0.075 0.081 0.074 0.075 0.010 0.068 0.077 0.085 0.066 0.076 
289 COPE-0289    (0)   :  0.068 0.077 0.083 0.076 0.074 0.072 0.081 0.075 0.007 0.082 0.074 0.075 0.076 0.081 
290 COPE-0290    (0)   :  0.076 0.076 0.083 0.070 0.075 0.079 0.071 0.082 0.007 0.081 0.076 0.078 0.074 0.072 
291 COPE-0291    (0)   :  0.066 0.084 0.072 0.080 0.085 0.068 0.095 0.066 0.005 0.070 0.077 0.069 0.084 0.079 
292 COPE-0292   (42)   :  0.015 0.014 0.015 0.014 0.015 0.015 0.014 0.015 0.808 0.015 0.015 0.015 0.015 0.015 
293 COPE-0293    (0)   :  0.081 0.078 0.071 0.073 0.074 0.077 0.071 0.078 0.008 0.078 0.079 0.079 0.073 0.080 
294 COPE-0294    (0)   :  0.082 0.073 0.074 0.073 0.077 0.076 0.072 0.079 0.011 0.075 0.074 0.080 0.077 0.076 
295 COPE-0295    (0)   :  0.083 0.070 0.084 0.082 0.071 0.084 0.068 0.078 0.007 0.081 0.069 0.074 0.075 0.075 
296 COPE-0296   (14)   :  0.078 0.077 0.077 0.078 0.076 0.079 0.072 0.078 0.006 0.070 0.078 0.081 0.072 0.077 
297 COPE-0297   (14)   :  0.080 0.072 0.083 0.067 0.076 0.075 0.068 0.071 0.034 0.077 0.070 0.081 0.072 0.072 
298 COPE-0298    (0)   :  0.085 0.074 0.075 0.074 0.072 0.079 0.067 0.079 0.009 0.079 0.077 0.083 0.073 0.076 
299 COPE-0299    (0)   :  0.085 0.077 0.066 0.072 0.080 0.084 0.077 0.078 0.006 0.079 0.075 0.077 0.075 0.071 
300 COPE-0300   (14)   :  0.075 0.073 0.086 0.077 0.072 0.073 0.075 0.077 0.007 0.081 0.076 0.075 0.073 0.079 
301 COPE-0301   (14)   :  0.084 0.079 0.071 0.072 0.071 0.076 0.071 0.077 0.008 0.074 0.081 0.085 0.068 0.081 
302 COPE-0302    (0)   :  0.058 0.067 0.074 0.069 0.065 0.063 0.071 0.064 0.134 0.070 0.061 0.065 0.067 0.070 
303 COPE-0303    (0)   :  0.061 0.094 0.068 0.084 0.070 0.071 0.069 0.089 0.006 0.069 0.094 0.066 0.081 0.079 
304 COPE-0304    (0)   :  0.079 0.072 0.077 0.072 0.075 0.079 0.070 0.081 0.007 0.081 0.076 0.077 0.075 0.077 
305 COPE-0305   (14)   :  0.071 0.074 0.072 0.078 0.078 0.074 0.081 0.070 0.032 0.073 0.074 0.072 0.079 0.074 
306 COPE-0306    (0)   :  0.058 0.093 0.063 0.089 0.072 0.074 0.076 0.087 0.010 0.063 0.094 0.064 0.084 0.075 
307 COPE-0307   (28)   :  0.008 0.008 0.008 0.008 0.008 0.008 0.008 0.008 0.895 0.008 0.008 0.008 0.008 0.008 
308 COPE-0308    (0)   :  0.111 0.060 0.081 0.078 0.068 0.093 0.070 0.073 0.006 0.085 0.062 0.074 0.068 0.071 
309 COPE-0309   (14)   :  0.036 0.032 0.034 0.033 0.035 0.034 0.031 0.033 0.559 0.035 0.032 0.036 0.035 0.033 
310 COPE-0310   (28)   :  0.020 0.045 0.028 0.043 0.046 0.028 0.068 0.021 0.528 0.028 0.040 0.022 0.045 0.040 
311 COPE-0311    (0)   :  0.071 0.077 0.073 0.078 0.079 0.069 0.086 0.067 0.018 0.068 0.076 0.072 0.089 0.080 
312 COPE-0312   (28)   :  0.012 0.013 0.012 0.014 0.012 0.013 0.012 0.014 0.833 0.012 0.014 0.012 0.013 0.013 
313 COPE-0313    (0)   :  0.064 0.083 0.066 0.081 0.083 0.070 0.097 0.070 0.009 0.069 0.082 0.068 0.081 0.076 
314 COPE-0314    (0)   :  0.077 0.069 0.078 0.073 0.076 0.077 0.079 0.080 0.007 0.079 0.079 0.073 0.075 0.076 
315 COPE-0315    (0)   :  0.070 0.077 0.075 0.078 0.081 0.073 0.083 0.073 0.008 0.075 0.077 0.074 0.078 0.078 
316 COPE-0316    (0)   :  0.074 0.077 0.070 0.076 0.079 0.073 0.071 0.078 0.019 0.075 0.073 0.079 0.079 0.078 
317 COPE-0317   (14)   :  0.009 0.009 0.009 0.009 0.009 0.009 0.009 0.008 0.887 0.009 0.009 0.008 0.009 0.009 
318 COPE-0318    (0)   :  0.078 0.076 0.073 0.074 0.078 0.076 0.079 0.078 0.005 0.077 0.077 0.078 0.076 0.075 
319 COPE-0319    (0)   :  0.091 0.065 0.081 0.074 0.075 0.084 0.072 0.076 0.006 0.081 0.070 0.075 0.075 0.075 
320 COPE-0320   (14)   :  0.080 0.075 0.073 0.072 0.076 0.080 0.071 0.081 0.015 0.075 0.075 0.080 0.072 0.075 
321 COPE-0321   (14)   :  0.066 0.081 0.071 0.078 0.083 0.072 0.095 0.067 0.011 0.069 0.079 0.067 0.081 0.079 
322 COPE-0322   (14)   :  0.076 0.074 0.075 0.074 0.079 0.074 0.078 0.079 0.006 0.077 0.077 0.083 0.073 0.076 
323 COPE-0323    (0)   :  0.038 0.097 0.056 0.092 0.101 0.054 0.153 0.039 0.008 0.056 0.084 0.042 0.095 0.086 
