

----------------------------------------------------
STRUCTURE by Pritchard, Stephens and Donnelly (2000)
     and Falush, Stephens and Pritchard (2003)
       Code by Pritchard, Falush and Hubisz
             Version 2.3.4 (Jul 2012)
----------------------------------------------------



Command line arguments:   /home/jason/Programs/structure -K 6 -i ../Data/microsats.structure -m Structure_Run/mainparams -e Structure_Run/extraparams -D 34255356 -o ../Structure_Results/02_K_06.out 
Input File:    ../Data/microsats.structure

Run parameters:
   384 individuals
   7 loci
   6 populations assumed
   1000000 Burn-in period
   10000000 Reps
RANDOMIZE turned off


--------------------------------------------
Overall proportion of membership of the
sample in each of the 6 clusters

Inferred Clusters
  1      2      3      4      5      6    
0.175  0.175  0.175  0.125  0.175  0.175  

--------------------------------------------

Allele-freq. divergence among pops (Net nucleotide distance),
computed using point estimates of P.

      1       2       3       4       5       6      
 1      -    0.0002  0.0001  0.1458  0.0002  0.0003  
 2   0.0002     -    0.0000  0.1480  0.0000  0.0001  
 3   0.0001  0.0000     -    0.1472  0.0000  0.0001  
 4   0.1458  0.1480  0.1472     -    0.1478  0.1476  
 5   0.0002  0.0000  0.0000  0.1478     -    0.0000  
 6   0.0003  0.0001  0.0001  0.1476  0.0000     -    

Average distances (expected heterozygosity) between individuals in same cluster:
cluster  1  : 0.6288 
cluster  2  : 0.6213 
cluster  3  : 0.6246 
cluster  4  : 0.6628 
cluster  5  : 0.6218 
cluster  6  : 0.6217 

--------------------------------------------
Estimated Ln Prob of Data   = -8847.6
Mean value of ln likelihood = -8090.3
Variance of ln likelihood   = 1514.6
Mean value of alpha         = 0.0445

Mean value of Fst_1         = 0.0479
Mean value of Fst_2         = 0.0514
Mean value of Fst_3         = 0.0491
Mean value of Fst_4         = 0.1457
Mean value of Fst_5         = 0.0502
Mean value of Fst_6         = 0.0495


Inferred ancestry of individuals:
        Label (%Miss) :  Inferred clusters
  1 COPE-0001    (0)   :  0.008 0.008 0.008 0.961 0.008 0.008 
  2 COPE-0002    (0)   :  0.256 0.177 0.199 0.010 0.176 0.181 
  3 COPE-0003    (0)   :  0.162 0.197 0.185 0.007 0.211 0.239 
  4 COPE-0004    (0)   :  0.266 0.168 0.200 0.015 0.173 0.177 
  5 COPE-0005    (0)   :  0.202 0.197 0.200 0.018 0.188 0.195 
  6 COPE-0006    (0)   :  0.208 0.188 0.204 0.019 0.192 0.189 
  7 COPE-0007    (0)   :  0.188 0.211 0.196 0.007 0.196 0.202 
  8 COPE-0008    (0)   :  0.196 0.221 0.188 0.008 0.210 0.177 
  9 COPE-0009    (0)   :  0.170 0.194 0.192 0.017 0.202 0.225 
 10 COPE-0010    (0)   :  0.210 0.186 0.205 0.007 0.199 0.192 
 11 COPE-0011   (14)   :  0.015 0.012 0.013 0.937 0.012 0.012 
 12 COPE-0012   (14)   :  0.195 0.210 0.200 0.007 0.205 0.183 
 13 COPE-0013    (0)   :  0.149 0.198 0.181 0.006 0.214 0.252 
 14 COPE-0014    (0)   :  0.167 0.213 0.203 0.011 0.202 0.204 
 15 COPE-0015    (0)   :  0.177 0.209 0.203 0.007 0.204 0.201 
 16 COPE-0016    (0)   :  0.194 0.201 0.202 0.010 0.199 0.195 
 17 COPE-0017    (0)   :  0.038 0.042 0.041 0.797 0.041 0.041 
 18 COPE-0018    (0)   :  0.196 0.193 0.196 0.008 0.198 0.209 
 19 COPE-0019    (0)   :  0.162 0.199 0.190 0.006 0.211 0.233 
 20 COPE-0020    (0)   :  0.194 0.199 0.204 0.008 0.200 0.195 
 21 COPE-0021    (0)   :  0.175 0.209 0.208 0.006 0.200 0.201 
 22 COPE-0022    (0)   :  0.206 0.209 0.194 0.007 0.203 0.181 
 23 COPE-0023    (0)   :  0.247 0.174 0.206 0.008 0.181 0.184 
 24 COPE-0024   (14)   :  0.194 0.212 0.197 0.006 0.201 0.190 
 25 COPE-0025    (0)   :  0.206 0.171 0.186 0.085 0.175 0.177 
 26 COPE-0026    (0)   :  0.194 0.214 0.191 0.005 0.200 0.196 
 27 COPE-0027    (0)   :  0.164 0.202 0.188 0.006 0.211 0.230 
 28 COPE-0028    (0)   :  0.210 0.193 0.209 0.006 0.191 0.191 
 29 COPE-0029    (0)   :  0.186 0.213 0.207 0.005 0.203 0.186 
 30 COPE-0030   (14)   :  0.042 0.035 0.036 0.817 0.035 0.035 
 31 COPE-0031    (0)   :  0.194 0.215 0.188 0.010 0.206 0.187 
 32 COPE-0032    (0)   :  0.233 0.178 0.206 0.009 0.187 0.187 
 33 COPE-0033    (0)   :  0.220 0.185 0.198 0.011 0.192 0.195 
 34 COPE-0034    (0)   :  0.203 0.210 0.193 0.011 0.192 0.192 
 35 COPE-0035   (14)   :  0.221 0.186 0.203 0.008 0.192 0.190 
 36 COPE-0036   (14)   :  0.205 0.190 0.215 0.006 0.198 0.186 
 37 COPE-0037    (0)   :  0.186 0.200 0.195 0.022 0.196 0.201 
 38 COPE-0038    (0)   :  0.189 0.218 0.188 0.006 0.205 0.193 
 39 COPE-0039    (0)   :  0.174 0.170 0.174 0.132 0.171 0.180 
 40 COPE-0040   (14)   :  0.158 0.177 0.173 0.100 0.183 0.209 
 41 COPE-0041    (0)   :  0.195 0.188 0.190 0.032 0.192 0.203 
 42 COPE-0042    (0)   :  0.199 0.188 0.205 0.011 0.199 0.197 
 43 COPE-0043    (0)   :  0.241 0.185 0.203 0.005 0.185 0.180 
 44 COPE-0044    (0)   :  0.249 0.175 0.199 0.017 0.177 0.184 
 45 COPE-0045    (0)   :  0.234 0.178 0.198 0.032 0.180 0.178 
 46 COPE-0046    (0)   :  0.027 0.029 0.029 0.853 0.029 0.032 
 47 COPE-0047    (0)   :  0.007 0.007 0.007 0.964 0.007 0.007 
 48 COPE-0048    (0)   :  0.205 0.189 0.206 0.007 0.199 0.193 
 49 COPE-0049    (0)   :  0.258 0.170 0.201 0.015 0.179 0.176 
 50 COPE-0050    (0)   :  0.171 0.193 0.188 0.007 0.202 0.238 
 51 COPE-0051    (0)   :  0.205 0.158 0.185 0.113 0.170 0.169 
 52 COPE-0052    (0)   :  0.171 0.216 0.201 0.010 0.196 0.204 
 53 COPE-0053    (0)   :  0.185 0.210 0.204 0.012 0.199 0.191 
 54 COPE-0054    (0)   :  0.169 0.218 0.204 0.005 0.213 0.190 
 55 COPE-0055    (0)   :  0.196 0.220 0.190 0.005 0.210 0.180 
 56 COPE-0056    (0)   :  0.217 0.185 0.195 0.018 0.189 0.195 
 57 COPE-0057    (0)   :  0.176 0.194 0.193 0.010 0.207 0.219 
 58 COPE-0058    (0)   :  0.243 0.173 0.211 0.009 0.186 0.178 
 59 COPE-0059    (0)   :  0.147 0.195 0.185 0.022 0.205 0.247 
 60 COPE-0060    (0)   :  0.217 0.194 0.198 0.007 0.191 0.193 
 61 COPE-0061    (0)   :  0.168 0.204 0.196 0.014 0.203 0.215 
 62 COPE-0062    (0)   :  0.164 0.212 0.206 0.010 0.203 0.205 
 63 COPE-0063    (0)   :  0.199 0.212 0.191 0.028 0.203 0.168 
 64 COPE-0064    (0)   :  0.190 0.200 0.194 0.010 0.199 0.207 
 65 COPE-0065    (0)   :  0.006 0.006 0.006 0.972 0.006 0.006 
 66 COPE-0066    (0)   :  0.196 0.184 0.201 0.016 0.203 0.200 
 67 COPE-0067   (14)   :  0.026 0.024 0.026 0.874 0.025 0.024 
 68 COPE-0068    (0)   :  0.149 0.196 0.184 0.010 0.211 0.251 
 69 COPE-0069   (14)   :  0.162 0.212 0.203 0.014 0.201 0.207 
 70 COPE-0070    (0)   :  0.245 0.178 0.198 0.012 0.185 0.182 
 71 COPE-0071    (0)   :  0.196 0.191 0.207 0.004 0.206 0.195 
 72 COPE-0072    (0)   :  0.197 0.197 0.194 0.007 0.194 0.211 
 73 COPE-0073   (14)   :  0.040 0.047 0.047 0.780 0.045 0.041 
 74 COPE-0074    (0)   :  0.213 0.189 0.208 0.009 0.192 0.189 
 75 COPE-0075    (0)   :  0.232 0.173 0.207 0.015 0.186 0.185 
 76 COPE-0076    (0)   :  0.170 0.209 0.199 0.006 0.213 0.204 
 77 COPE-0077   (14)   :  0.192 0.196 0.200 0.008 0.200 0.204 
 78 COPE-0078   (14)   :  0.208 0.206 0.194 0.008 0.195 0.189 
 79 COPE-0079    (0)   :  0.288 0.161 0.197 0.010 0.168 0.176 
 80 COPE-0080   (42)   :  0.021 0.022 0.022 0.890 0.022 0.023 
 81 COPE-0081   (14)   :  0.096 0.102 0.098 0.508 0.102 0.094 
 82 COPE-0082   (14)   :  0.218 0.182 0.198 0.044 0.183 0.175 
 83 COPE-0083   (14)   :  0.156 0.220 0.205 0.007 0.201 0.211 
 84 COPE-0084    (0)   :  0.146 0.145 0.148 0.292 0.140 0.128 
 85 COPE-0085    (0)   :  0.235 0.181 0.200 0.010 0.182 0.192 
 86 COPE-0086    (0)   :  0.229 0.182 0.204 0.022 0.186 0.178 
 87 COPE-0087   (14)   :  0.217 0.191 0.200 0.008 0.194 0.190 
 88 COPE-0088   (14)   :  0.228 0.182 0.195 0.025 0.184 0.185 
 89 COPE-0089   (14)   :  0.007 0.007 0.007 0.964 0.007 0.007 
 90 COPE-0090    (0)   :  0.198 0.218 0.190 0.007 0.209 0.178 
 91 COPE-0091   (14)   :  0.198 0.202 0.200 0.006 0.201 0.194 
 92 COPE-0092   (28)   :  0.026 0.024 0.025 0.871 0.025 0.028 
 93 COPE-0093    (0)   :  0.198 0.217 0.197 0.006 0.208 0.174 
 94 COPE-0094    (0)   :  0.280 0.158 0.192 0.038 0.162 0.170 
 95 COPE-0095    (0)   :  0.190 0.214 0.201 0.005 0.203 0.187 
 96 COPE-0096    (0)   :  0.181 0.211 0.203 0.008 0.198 0.199 
 97 COPE-0097    (0)   :  0.187 0.202 0.209 0.008 0.197 0.197 
 98 COPE-0098    (0)   :  0.197 0.217 0.185 0.008 0.207 0.186 
 99 COPE-0099    (0)   :  0.158 0.192 0.184 0.020 0.206 0.240 
100 COPE-0100    (0)   :  0.183 0.202 0.193 0.007 0.205 0.211 
101 COPE-0101    (0)   :  0.206 0.183 0.195 0.045 0.188 0.183 
102 COPE-0102    (0)   :  0.215 0.186 0.201 0.006 0.196 0.196 
103 COPE-0103    (0)   :  0.242 0.179 0.201 0.018 0.178 0.184 
104 COPE-0104   (14)   :  0.202 0.196 0.207 0.007 0.195 0.192 
105 COPE-0105    (0)   :  0.209 0.179 0.200 0.036 0.192 0.184 
106 COPE-0106    (0)   :  0.155 0.222 0.213 0.005 0.212 0.193 
107 COPE-0107    (0)   :  0.018 0.018 0.017 0.915 0.017 0.016 
108 COPE-0108    (0)   :  0.189 0.207 0.197 0.006 0.208 0.192 
109 COPE-0109    (0)   :  0.247 0.175 0.199 0.013 0.179 0.187 
110 COPE-0110   (14)   :  0.187 0.205 0.203 0.015 0.198 0.192 
111 COPE-0111    (0)   :  0.176 0.211 0.206 0.009 0.200 0.198 
112 COPE-0112   (14)   :  0.197 0.192 0.202 0.011 0.202 0.196 
113 COPE-0113    (0)   :  0.185 0.191 0.190 0.025 0.200 0.209 
114 COPE-0114    (0)   :  0.172 0.209 0.206 0.011 0.205 0.197 
115 COPE-0115    (0)   :  0.023 0.024 0.024 0.883 0.023 0.024 
116 COPE-0116   (28)   :  0.009 0.009 0.009 0.953 0.009 0.010 
117 COPE-0117    (0)   :  0.190 0.206 0.202 0.013 0.200 0.190 
118 COPE-0118    (0)   :  0.148 0.225 0.209 0.010 0.206 0.201 
119 COPE-0119    (0)   :  0.175 0.219 0.191 0.010 0.211 0.193 
120 COPE-0120    (0)   :  0.211 0.186 0.199 0.012 0.190 0.202 
121 COPE-0121    (0)   :  0.162 0.202 0.192 0.061 0.190 0.193 
122 COPE-0122    (0)   :  0.246 0.174 0.205 0.008 0.185 0.183 
123 COPE-0123    (0)   :  0.251 0.172 0.202 0.014 0.179 0.182 
124 COPE-0124    (0)   :  0.239 0.178 0.198 0.013 0.184 0.187 
125 COPE-0125    (0)   :  0.186 0.196 0.211 0.007 0.208 0.192 
126 COPE-0126    (0)   :  0.185 0.211 0.205 0.015 0.199 0.185 
127 COPE-0127   (14)   :  0.211 0.191 0.206 0.007 0.196 0.190 
128 COPE-0128    (0)   :  0.201 0.190 0.203 0.020 0.193 0.193 
129 COPE-0129    (0)   :  0.250 0.172 0.196 0.007 0.183 0.193 
130 COPE-0130    (0)   :  0.168 0.195 0.189 0.012 0.203 0.234 
131 COPE-0131   (14)   :  0.158 0.214 0.195 0.011 0.202 0.219 
132 COPE-0132   (14)   :  0.173 0.217 0.189 0.033 0.195 0.193 
133 COPE-0133    (0)   :  0.212 0.201 0.202 0.011 0.194 0.180 
134 COPE-0134    (0)   :  0.221 0.191 0.199 0.007 0.190 0.191 
135 COPE-0135    (0)   :  0.222 0.188 0.203 0.009 0.192 0.186 
136 COPE-0136    (0)   :  0.012 0.012 0.012 0.941 0.012 0.012 
137 COPE-0137    (0)   :  0.174 0.195 0.189 0.013 0.206 0.223 
138 COPE-0138   (14)   :  0.008 0.008 0.008 0.962 0.008 0.008 
139 COPE-0139    (0)   :  0.168 0.197 0.191 0.009 0.208 0.229 
140 COPE-0140   (14)   :  0.020 0.020 0.020 0.897 0.021 0.021 
141 COPE-0141    (0)   :  0.217 0.201 0.201 0.009 0.199 0.172 
142 COPE-0142    (0)   :  0.191 0.210 0.195 0.009 0.209 0.186 
143 COPE-0143    (0)   :  0.226 0.199 0.201 0.008 0.196 0.170 
144 COPE-0144   (14)   :  0.141 0.110 0.120 0.402 0.111 0.115 
145 COPE-0145   (14)   :  0.129 0.113 0.117 0.413 0.113 0.116 
146 COPE-0146   (14)   :  0.188 0.200 0.199 0.031 0.198 0.185 
147 COPE-0147    (0)   :  0.242 0.169 0.186 0.066 0.171 0.166 
148 COPE-0148    (0)   :  0.206 0.207 0.203 0.010 0.193 0.182 
149 COPE-0149    (0)   :  0.167 0.198 0.187 0.007 0.208 0.233 
150 COPE-0150    (0)   :  0.212 0.186 0.208 0.010 0.196 0.189 
151 COPE-0151    (0)   :  0.184 0.205 0.201 0.007 0.204 0.199 
152 COPE-0152   (14)   :  0.191 0.187 0.172 0.117 0.181 0.152 
153 COPE-0153    (0)   :  0.207 0.203 0.190 0.006 0.200 0.194 
154 COPE-0154    (0)   :  0.165 0.203 0.197 0.006 0.211 0.218 
155 COPE-0155    (0)   :  0.185 0.193 0.201 0.006 0.200 0.214 
156 COPE-0156   (14)   :  0.009 0.008 0.008 0.958 0.008 0.008 
157 COPE-0157   (14)   :  0.151 0.135 0.135 0.327 0.132 0.120 
158 COPE-0158    (0)   :  0.175 0.202 0.201 0.009 0.204 0.210 
159 COPE-0159    (0)   :  0.200 0.214 0.188 0.007 0.200 0.191 
160 COPE-0160    (0)   :  0.250 0.176 0.206 0.006 0.185 0.177 
161 COPE-0161    (0)   :  0.226 0.181 0.202 0.011 0.191 0.189 
162 COPE-0162   (14)   :  0.007 0.007 0.007 0.967 0.007 0.007 
163 COPE-0163   (28)   :  0.013 0.013 0.013 0.936 0.013 0.013 
164 COPE-0164    (0)   :  0.186 0.192 0.190 0.036 0.196 0.201 
165 COPE-0165    (0)   :  0.183 0.192 0.190 0.008 0.204 0.223 
166 COPE-0166   (14)   :  0.242 0.181 0.199 0.008 0.184 0.186 
167 COPE-0167    (0)   :  0.247 0.180 0.202 0.008 0.180 0.184 
168 COPE-0168    (0)   :  0.189 0.209 0.199 0.006 0.201 0.196 
169 COPE-0169    (0)   :  0.149 0.198 0.182 0.013 0.209 0.249 
170 COPE-0170    (0)   :  0.197 0.199 0.190 0.042 0.191 0.182 
171 COPE-0171    (0)   :  0.174 0.217 0.200 0.009 0.202 0.198 
172 COPE-0172    (0)   :  0.210 0.198 0.200 0.006 0.197 0.188 
173 COPE-0173   (14)   :  0.154 0.182 0.175 0.069 0.192 0.229 
174 COPE-0174   (28)   :  0.221 0.190 0.200 0.022 0.185 0.182 
175 COPE-0175    (0)   :  0.230 0.179 0.191 0.039 0.179 0.181 
176 COPE-0176    (0)   :  0.196 0.208 0.206 0.010 0.198 0.182 
177 COPE-0177    (0)   :  0.161 0.197 0.189 0.007 0.208 0.237 
178 COPE-0178    (0)   :  0.170 0.208 0.214 0.008 0.210 0.190 
179 COPE-0179    (0)   :  0.208 0.189 0.199 0.008 0.194 0.202 
180 COPE-0180   (14)   :  0.158 0.197 0.183 0.006 0.210 0.246 
181 COPE-0181   (14)   :  0.169 0.194 0.189 0.009 0.206 0.233 
182 COPE-0182    (0)   :  0.203 0.213 0.191 0.005 0.204 0.185 
183 COPE-0183    (0)   :  0.201 0.193 0.199 0.011 0.198 0.197 
184 COPE-0184    (0)   :  0.205 0.200 0.202 0.009 0.191 0.193 
185 COPE-0185    (0)   :  0.180 0.217 0.184 0.007 0.209 0.203 
186 COPE-0186    (0)   :  0.164 0.215 0.205 0.006 0.202 0.209 
187 COPE-0187    (0)   :  0.225 0.181 0.206 0.010 0.190 0.187 
188 COPE-0188    (0)   :  0.022 0.019 0.020 0.901 0.019 0.019 
189 COPE-0189    (0)   :  0.181 0.193 0.194 0.010 0.203 0.219 
190 COPE-0190    (0)   :  0.260 0.170 0.201 0.015 0.175 0.179 
191 COPE-0191    (0)   :  0.186 0.197 0.198 0.013 0.199 0.207 
192 COPE-0192   (14)   :  0.009 0.010 0.010 0.953 0.009 0.010 
193 COPE-0193    (0)   :  0.191 0.208 0.203 0.007 0.202 0.190 
194 COPE-0194    (0)   :  0.209 0.185 0.210 0.010 0.199 0.188 
195 COPE-0195    (0)   :  0.229 0.185 0.209 0.007 0.188 0.182 
196 COPE-0196    (0)   :  0.220 0.191 0.201 0.011 0.191 0.187 
197 COPE-0197    (0)   :  0.164 0.195 0.191 0.007 0.205 0.237 
198 COPE-0198    (0)   :  0.169 0.210 0.187 0.013 0.202 0.219 
199 COPE-0199    (0)   :  0.151 0.196 0.184 0.010 0.212 0.245 
200 COPE-0200   (42)   :  0.158 0.195 0.185 0.010 0.207 0.245 
201 COPE-0201    (0)   :  0.185 0.215 0.201 0.009 0.204 0.186 
202 COPE-0202    (0)   :  0.235 0.198 0.187 0.015 0.192 0.174 
203 COPE-0203    (0)   :  0.194 0.209 0.194 0.006 0.198 0.198 
204 COPE-0204    (0)   :  0.190 0.188 0.203 0.037 0.198 0.184 
205 COPE-0205    (0)   :  0.203 0.205 0.193 0.021 0.201 0.177 
206 COPE-0206    (0)   :  0.171 0.216 0.206 0.005 0.202 0.200 
207 COPE-0207    (0)   :  0.165 0.220 0.198 0.011 0.204 0.202 
208 COPE-0208    (0)   :  0.024 0.025 0.024 0.876 0.025 0.026 
209 COPE-0209    (0)   :  0.162 0.200 0.193 0.007 0.211 0.227 
210 COPE-0210    (0)   :  0.174 0.206 0.206 0.011 0.204 0.199 
211 COPE-0211    (0)   :  0.205 0.190 0.205 0.005 0.199 0.195 
212 COPE-0212    (0)   :  0.175 0.218 0.195 0.011 0.200 0.200 
213 COPE-0213    (0)   :  0.199 0.196 0.204 0.008 0.201 0.193 
214 COPE-0214    (0)   :  0.151 0.196 0.184 0.008 0.208 0.252 
215 COPE-0215    (0)   :  0.147 0.192 0.177 0.036 0.205 0.243 
216 COPE-0216   (14)   :  0.100 0.090 0.095 0.537 0.089 0.089 
217 COPE-0217    (0)   :  0.171 0.210 0.203 0.027 0.199 0.190 
218 COPE-0218    (0)   :  0.187 0.202 0.194 0.009 0.202 0.207 
219 COPE-0219   (14)   :  0.161 0.197 0.189 0.009 0.206 0.239 
220 COPE-0220    (0)   :  0.173 0.205 0.207 0.014 0.204 0.197 
221 COPE-0221    (0)   :  0.199 0.215 0.188 0.016 0.202 0.179 
222 COPE-0222    (0)   :  0.188 0.219 0.193 0.006 0.207 0.186 
223 COPE-0223    (0)   :  0.191 0.188 0.189 0.008 0.202 0.221 
224 COPE-0224    (0)   :  0.276 0.164 0.197 0.022 0.167 0.174 
225 COPE-0225    (0)   :  0.146 0.196 0.184 0.015 0.206 0.252 
226 COPE-0226    (0)   :  0.208 0.202 0.204 0.008 0.192 0.185 
227 COPE-0227    (0)   :  0.166 0.208 0.199 0.006 0.202 0.219 
228 COPE-0228    (0)   :  0.194 0.196 0.201 0.028 0.194 0.187 
229 COPE-0229    (0)   :  0.188 0.200 0.197 0.007 0.201 0.207 
230 COPE-0230    (0)   :  0.189 0.198 0.209 0.010 0.206 0.188 
231 COPE-0231    (0)   :  0.169 0.196 0.195 0.006 0.205 0.228 
232 COPE-0232    (0)   :  0.252 0.171 0.206 0.014 0.182 0.175 
233 COPE-0233    (0)   :  0.199 0.215 0.188 0.005 0.209 0.185 
234 COPE-0234    (0)   :  0.272 0.168 0.199 0.008 0.174 0.179 
235 COPE-0235    (0)   :  0.240 0.176 0.200 0.006 0.188 0.191 
236 COPE-0236    (0)   :  0.177 0.205 0.213 0.005 0.212 0.189 
237 COPE-0237    (0)   :  0.186 0.215 0.185 0.006 0.206 0.202 
238 COPE-0238    (0)   :  0.147 0.196 0.186 0.007 0.213 0.251 
239 COPE-0239    (0)   :  0.254 0.167 0.194 0.035 0.173 0.177 
240 COPE-0240    (0)   :  0.187 0.209 0.201 0.008 0.200 0.195 
241 COPE-0241    (0)   :  0.148 0.198 0.180 0.007 0.215 0.253 
242 COPE-0242    (0)   :  0.178 0.212 0.202 0.007 0.205 0.195 
243 COPE-0243    (0)   :  0.232 0.177 0.206 0.008 0.190 0.187 
244 COPE-0244    (0)   :  0.212 0.184 0.198 0.009 0.196 0.201 
245 COPE-0245    (0)   :  0.220 0.190 0.201 0.014 0.192 0.183 
246 COPE-0246    (0)   :  0.238 0.183 0.203 0.013 0.183 0.180 
247 COPE-0247    (0)   :  0.177 0.203 0.185 0.017 0.205 0.212 
248 COPE-0248    (0)   :  0.202 0.204 0.196 0.005 0.201 0.193 
249 COPE-0249    (0)   :  0.242 0.170 0.191 0.035 0.173 0.189 
250 COPE-0250    (0)   :  0.256 0.173 0.198 0.016 0.177 0.180 
251 COPE-0251   (14)   :  0.028 0.033 0.028 0.850 0.031 0.030 
252 COPE-0252    (0)   :  0.266 0.169 0.202 0.012 0.174 0.177 
253 COPE-0253    (0)   :  0.194 0.213 0.196 0.008 0.209 0.181 
254 COPE-0254    (0)   :  0.219 0.183 0.206 0.012 0.194 0.185 
255 COPE-0255    (0)   :  0.197 0.199 0.192 0.027 0.197 0.187 
256 COPE-0256    (0)   :  0.178 0.209 0.206 0.011 0.203 0.192 
257 COPE-0257    (0)   :  0.171 0.213 0.205 0.009 0.201 0.201 
258 COPE-0258    (0)   :  0.180 0.198 0.200 0.026 0.195 0.202 
259 COPE-0259    (0)   :  0.202 0.195 0.207 0.006 0.199 0.191 
260 COPE-0260    (0)   :  0.158 0.192 0.185 0.024 0.205 0.236 
261 COPE-0261    (0)   :  0.206 0.189 0.208 0.006 0.200 0.191 
262 COPE-0262    (0)   :  0.226 0.181 0.205 0.027 0.185 0.176 
263 COPE-0263    (0)   :  0.179 0.215 0.189 0.009 0.200 0.208 
264 COPE-0264    (0)   :  0.178 0.204 0.201 0.025 0.197 0.196 
265 COPE-0265    (0)   :  0.196 0.211 0.193 0.010 0.205 0.187 
266 COPE-0266    (0)   :  0.208 0.191 0.204 0.018 0.193 0.186 
267 COPE-0267    (0)   :  0.204 0.216 0.184 0.006 0.204 0.185 
268 COPE-0268    (0)   :  0.194 0.218 0.182 0.012 0.204 0.190 
269 COPE-0269    (0)   :  0.224 0.191 0.204 0.007 0.188 0.186 
270 COPE-0270    (0)   :  0.203 0.190 0.203 0.008 0.199 0.198 
271 COPE-0271    (0)   :  0.204 0.195 0.194 0.008 0.196 0.203 
272 COPE-0272    (0)   :  0.228 0.193 0.203 0.007 0.190 0.179 
273 COPE-0273    (0)   :  0.182 0.219 0.190 0.013 0.203 0.192 
274 COPE-0274   (14)   :  0.018 0.017 0.018 0.911 0.018 0.018 
275 COPE-0275    (0)   :  0.212 0.183 0.200 0.011 0.194 0.200 
276 COPE-0276   (14)   :  0.006 0.006 0.006 0.971 0.006 0.006 
277 COPE-0277   (14)   :  0.166 0.211 0.209 0.015 0.207 0.192 
278 COPE-0278    (0)   :  0.166 0.216 0.211 0.007 0.210 0.190 
279 COPE-0279    (0)   :  0.223 0.186 0.210 0.008 0.194 0.179 
280 COPE-0280    (0)   :  0.013 0.013 0.013 0.936 0.013 0.013 
281 COPE-0281    (0)   :  0.024 0.024 0.025 0.876 0.024 0.027 
282 COPE-0282   (14)   :  0.286 0.165 0.198 0.007 0.168 0.176 
283 COPE-0283    (0)   :  0.174 0.211 0.208 0.007 0.205 0.194 
284 COPE-0284   (14)   :  0.163 0.192 0.180 0.035 0.202 0.228 
285 COPE-0285    (0)   :  0.030 0.033 0.032 0.840 0.032 0.033 
286 COPE-0286    (0)   :  0.199 0.187 0.195 0.013 0.200 0.205 
287 COPE-0287    (0)   :  0.185 0.210 0.173 0.046 0.198 0.188 
288 COPE-0288    (0)   :  0.205 0.215 0.190 0.010 0.201 0.179 
289 COPE-0289    (0)   :  0.187 0.211 0.200 0.008 0.202 0.191 
290 COPE-0290    (0)   :  0.186 0.189 0.194 0.009 0.202 0.220 
291 COPE-0291    (0)   :  0.170 0.203 0.200 0.006 0.207 0.214 
292 COPE-0292   (42)   :  0.014 0.013 0.014 0.932 0.013 0.014 
293 COPE-0293    (0)   :  0.201 0.206 0.203 0.008 0.203 0.179 
294 COPE-0294    (0)   :  0.229 0.178 0.197 0.011 0.188 0.197 
295 COPE-0295    (0)   :  0.211 0.201 0.204 0.008 0.194 0.181 
296 COPE-0296   (14)   :  0.201 0.208 0.201 0.007 0.195 0.187 
297 COPE-0297   (14)   :  0.147 0.190 0.178 0.036 0.205 0.244 
298 COPE-0298    (0)   :  0.244 0.180 0.203 0.011 0.183 0.178 
299 COPE-0299    (0)   :  0.213 0.186 0.209 0.006 0.199 0.188 
300 COPE-0300   (14)   :  0.190 0.208 0.194 0.008 0.199 0.201 
301 COPE-0301   (14)   :  0.199 0.218 0.192 0.011 0.209 0.171 
302 COPE-0302    (0)   :  0.126 0.150 0.143 0.300 0.138 0.142 
303 COPE-0303    (0)   :  0.191 0.196 0.210 0.006 0.205 0.191 
304 COPE-0304    (0)   :  0.210 0.195 0.199 0.007 0.198 0.191 
305 COPE-0305   (14)   :  0.234 0.175 0.196 0.045 0.174 0.177 
306 COPE-0306    (0)   :  0.161 0.220 0.209 0.010 0.206 0.195 
307 COPE-0307   (28)   :  0.008 0.008 0.008 0.961 0.008 0.008 
308 COPE-0308    (0)   :  0.275 0.173 0.198 0.006 0.173 0.175 
309 COPE-0309   (14)   :  0.068 0.057 0.060 0.701 0.058 0.056 
310 COPE-0310   (28)   :  0.032 0.040 0.039 0.812 0.038 0.039 
311 COPE-0311    (0)   :  0.179 0.208 0.197 0.023 0.197 0.196 
312 COPE-0312   (28)   :  0.010 0.011 0.011 0.947 0.011 0.011 
313 COPE-0313    (0)   :  0.175 0.210 0.200 0.009 0.204 0.202 
314 COPE-0314    (0)   :  0.197 0.212 0.185 0.008 0.207 0.191 
315 COPE-0315    (0)   :  0.176 0.205 0.192 0.008 0.204 0.215 
316 COPE-0316    (0)   :  0.190 0.187 0.198 0.022 0.202 0.200 
317 COPE-0317   (14)   :  0.008 0.008 0.008 0.960 0.008 0.008 
318 COPE-0318    (0)   :  0.203 0.189 0.199 0.006 0.201 0.202 
319 COPE-0319    (0)   :  0.251 0.175 0.194 0.007 0.181 0.191 
320 COPE-0320   (14)   :  0.226 0.191 0.199 0.015 0.191 0.178 
321 COPE-0321   (14)   :  0.174 0.209 0.196 0.012 0.200 0.209 
322 COPE-0322   (14)   :  0.190 0.190 0.195 0.006 0.203 0.216 
323 COPE-0323    (0)   :  0.156 0.217 0.201 0.015 0.199 0.212 
324 COPE-0324    (0)   :  0.153 0.199 0.189 0.007 0.207 0.245 
325 COPE-0325   (14)   :  0.173 0.211 0.208 0.013 0.201 0.193 
326 COPE-0326    (0)   :  0.208 0.210 0.201 0.007 0.200 0.174 
327 COPE-0327   (14)   :  0.213 0.205 0.197 0.010 0.197 0.178 
328 COPE-0328    (0)   :  0.200 0.191 0.207 0.006 0.203 0.194 
329 COPE-0329   (28)   :  0.160 0.201 0.190 0.012 0.204 0.234 
330 COPE-0330    (0)   :  0.201 0.203 0.188 0.022 0.203 0.183 
331 COPE-0331    (0)   :  0.193 0.222 0.190 0.006 0.212 0.177 
332 COPE-0332   (14)   :  0.208 0.189 0.212 0.007 0.198 0.186 
333 COPE-0333    (0)   :  0.169 0.187 0.166 0.138 0.179 0.161 
334 COPE-0334   (28)   :  0.047 0.054 0.052 0.741 0.052 0.054 
335 COPE-0335    (0)   :  0.148 0.197 0.185 0.007 0.209 0.254 
336 COPE-0336    (0)   :  0.211 0.193 0.192 0.006 0.199 0.199 
337 COPE-0337   (28)   :  0.017 0.020 0.018 0.905 0.020 0.021 
338 COPE-0338    (0)   :  0.179 0.209 0.191 0.023 0.198 0.199 
339 COPE-0339    (0)   :  0.186 0.214 0.206 0.006 0.199 0.189 
340 COPE-0340   (14)   :  0.011 0.011 0.011 0.944 0.011 0.011 
341 COPE-0341    (0)   :  0.261 0.177 0.194 0.007 0.182 0.179 
342 COPE-0342    (0)   :  0.148 0.198 0.183 0.007 0.211 0.254 
343 COPE-0343    (0)   :  0.193 0.207 0.204 0.006 0.205 0.185 
344 COPE-0344   (14)   :  0.009 0.009 0.009 0.954 0.009 0.009 
345 COPE-0345    (0)   :  0.264 0.174 0.198 0.006 0.175 0.182 
346 COPE-0346    (0)   :  0.225 0.180 0.192 0.035 0.184 0.184 
347 COPE-0347    (0)   :  0.208 0.190 0.206 0.007 0.196 0.192 
348 COPE-0348    (0)   :  0.197 0.194 0.204 0.015 0.197 0.193 
349 COPE-0349    (0)   :  0.165 0.198 0.187 0.006 0.206 0.238 
350 COPE-0350    (0)   :  0.208 0.188 0.205 0.006 0.198 0.195 
351 COPE-0351    (0)   :  0.200 0.187 0.202 0.006 0.206 0.200 
352 COPE-0352    (0)   :  0.191 0.184 0.194 0.027 0.198 0.206 
353 COPE-0353    (0)   :  0.186 0.204 0.206 0.006 0.200 0.199 
354 COPE-0354    (0)   :  0.192 0.205 0.203 0.017 0.194 0.189 
355 COPE-0355    (0)   :  0.191 0.208 0.206 0.007 0.200 0.188 
356 COPE-0356    (0)   :  0.228 0.182 0.205 0.008 0.193 0.184 
357 COPE-0357    (0)   :  0.176 0.197 0.190 0.009 0.202 0.226 
358 COPE-0358    (0)   :  0.007 0.007 0.007 0.963 0.007 0.008 
359 COPE-0359   (14)   :  0.234 0.179 0.203 0.009 0.190 0.186 
360 COPE-0360    (0)   :  0.173 0.207 0.207 0.007 0.200 0.206 
361 COPE-0361    (0)   :  0.255 0.170 0.205 0.008 0.183 0.180 
362 COPE-0362    (0)   :  0.150 0.198 0.186 0.007 0.212 0.247 
363 COPE-0363   (14)   :  0.248 0.176 0.198 0.014 0.182 0.181 
364 COPE-0364    (0)   :  0.197 0.207 0.193 0.006 0.203 0.195 
365 COPE-0365    (0)   :  0.167 0.218 0.180 0.028 0.202 0.204 
366 COPE-0366    (0)   :  0.156 0.192 0.184 0.023 0.210 0.236 
367 COPE-0367   (14)   :  0.011 0.010 0.010 0.949 0.010 0.010 
368 COPE-0368    (0)   :  0.188 0.217 0.198 0.009 0.200 0.189 
369 COPE-0369    (0)   :  0.199 0.203 0.194 0.009 0.201 0.194 
370 COPE-0370   (28)   :  0.008 0.008 0.008 0.959 0.008 0.008 
371 COPE-0371    (0)   :  0.174 0.219 0.189 0.012 0.206 0.201 
372 COPE-0372    (0)   :  0.154 0.208 0.199 0.047 0.194 0.199 
373 COPE-0373   (14)   :  0.212 0.209 0.197 0.007 0.198 0.177 
374 COPE-0374    (0)   :  0.229 0.188 0.201 0.008 0.187 0.186 
375 COPE-0375   (14)   :  0.194 0.203 0.190 0.013 0.196 0.204 
376 COPE-0376   (14)   :  0.216 0.184 0.206 0.006 0.196 0.191 
377 COPE-0377    (0)   :  0.073 0.062 0.066 0.673 0.063 0.063 
378 COPE-0378    (0)   :  0.182 0.206 0.207 0.007 0.204 0.194 
379 COPE-0379    (0)   :  0.152 0.197 0.182 0.007 0.213 0.248 
380 COPE-0380   (28)   :  0.031 0.035 0.035 0.833 0.035 0.032 
381 COPE-0381    (0)   :  0.217 0.189 0.203 0.014 0.189 0.187 
382 COPE-0382    (0)   :  0.149 0.197 0.184 0.006 0.214 0.251 
383 COPE-0383    (0)   :  0.147 0.181 0.161 0.162 0.170 0.179 
384 COPE-0384    (0)   :  0.174 0.214 0.204 0.008 0.198 0.202 


Estimated Allele Frequencies in each cluster
First column gives estimated ancestral frequencies


Locus 1 : COPE5 
78 alleles
0.5% missing data
   1   (0.007) 0.001 0.001 0.001 0.641 0.001 0.001 
   2   (0.023) 0.027 0.022 0.024 0.022 0.022 0.022 
   3   (0.013) 0.018 0.013 0.014 0.002 0.013 0.013 
   4   (0.023) 0.025 0.025 0.025 0.002 0.026 0.027 
   5   (0.011) 0.009 0.010 0.010 0.001 0.011 0.012 
   6   (0.019) 0.019 0.017 0.018 0.007 0.018 0.019 
   7   (0.007) 0.004 0.003 0.004 0.001 0.003 0.003 
   8   (0.036) 0.087 0.093 0.090 0.003 0.088 0.085 
   9   (0.020) 0.026 0.020 0.023 0.002 0.021 0.022 
  10   (0.019) 0.021 0.020 0.020 0.001 0.020 0.020 
  11   (0.016) 0.013 0.016 0.014 0.019 0.015 0.015 
  12   (0.017) 0.022 0.025 0.023 0.001 0.025 0.022 
  13   (0.010) 0.011 0.012 0.011 0.001 0.011 0.010 
  14   (0.023) 0.029 0.028 0.027 0.002 0.028 0.026 
  15   (0.017) 0.029 0.034 0.033 0.001 0.033 0.032 
  16   (0.009) 0.006 0.006 0.006 0.001 0.006 0.006 
  17   (0.017) 0.015 0.014 0.015 0.001 0.015 0.015 
  18   (0.017) 0.012 0.014 0.013 0.008 0.014 0.016 
  19   (0.011) 0.008 0.010 0.010 0.001 0.011 0.012 
  20   (0.027) 0.050 0.056 0.053 0.002 0.054 0.051 
  21   (0.022) 0.020 0.022 0.022 0.002 0.022 0.023 
  22   (0.018) 0.014 0.015 0.015 0.009 0.015 0.016 
  23   (0.013) 0.011 0.012 0.012 0.001 0.012 0.013 
  24   (0.016) 0.019 0.019 0.020 0.001 0.019 0.019 
  25   (0.010) 0.009 0.008 0.008 0.001 0.008 0.007 
  26   (0.013) 0.010 0.009 0.009 0.001 0.009 0.009 
  27   (0.012) 0.011 0.009 0.010 0.001 0.010 0.010 
  28   (0.008) 0.003 0.002 0.002 0.021 0.002 0.002 
  29   (0.013) 0.012 0.011 0.012 0.001 0.011 0.011 
  30   (0.020) 0.021 0.020 0.020 0.005 0.020 0.020 
  31   (0.019) 0.017 0.019 0.019 0.001 0.019 0.021 
  32   (0.026) 0.035 0.041 0.038 0.002 0.041 0.043 
  33   (0.006) 0.002 0.002 0.002 0.000 0.002 0.002 
  34   (0.017) 0.019 0.021 0.019 0.001 0.020 0.019 
  35   (0.007) 0.001 0.001 0.001 0.052 0.001 0.001 
  36   (0.006) 0.002 0.002 0.002 0.000 0.002 0.002 
  37   (0.020) 0.022 0.026 0.025 0.023 0.024 0.024 
  38   (0.015) 0.014 0.011 0.013 0.009 0.012 0.012 
  39   (0.014) 0.019 0.017 0.019 0.001 0.018 0.017 
  40   (0.010) 0.008 0.010 0.010 0.001 0.010 0.012 
  41   (0.009) 0.005 0.005 0.005 0.001 0.005 0.005 
  42   (0.006) 0.002 0.002 0.002 0.000 0.002 0.002 
  43   (0.009) 0.006 0.005 0.005 0.001 0.005 0.005 
  44   (0.023) 0.032 0.024 0.027 0.002 0.025 0.026 
  45   (0.006) 0.003 0.002 0.002 0.000 0.002 0.002 
  46   (0.015) 0.018 0.019 0.018 0.001 0.018 0.017 
  47   (0.010) 0.008 0.006 0.007 0.001 0.006 0.006 
  48   (0.006) 0.002 0.002 0.002 0.000 0.002 0.002 
  49   (0.014) 0.018 0.015 0.016 0.001 0.015 0.015 
  50   (0.013) 0.012 0.011 0.011 0.002 0.011 0.012 
  51   (0.014) 0.011 0.014 0.013 0.019 0.013 0.014 
  52   (0.013) 0.013 0.013 0.012 0.001 0.012 0.011 
  53   (0.007) 0.001 0.001 0.001 0.031 0.001 0.001 
  54   (0.006) 0.001 0.001 0.001 0.073 0.001 0.001 
  55   (0.010) 0.008 0.007 0.008 0.001 0.008 0.007 
  56   (0.011) 0.009 0.012 0.011 0.001 0.011 0.011 
  57   (0.013) 0.010 0.011 0.011 0.001 0.012 0.013 
  58   (0.009) 0.007 0.006 0.006 0.001 0.006 0.006 
  59   (0.011) 0.015 0.010 0.012 0.001 0.010 0.011 
  60   (0.010) 0.007 0.008 0.008 0.001 0.008 0.008 
  61   (0.006) 0.002 0.002 0.002 0.000 0.002 0.002 
  62   (0.013) 0.012 0.012 0.012 0.001 0.012 0.012 
  63   (0.011) 0.017 0.015 0.016 0.001 0.016 0.015 
  64   (0.009) 0.005 0.005 0.005 0.001 0.005 0.005 
  65   (0.019) 0.018 0.021 0.020 0.001 0.021 0.022 
  66   (0.009) 0.008 0.009 0.010 0.001 0.010 0.009 
  67   (0.010) 0.006 0.006 0.006 0.001 0.006 0.006 
  68   (0.012) 0.010 0.011 0.011 0.001 0.012 0.013 
  69   (0.006) 0.002 0.002 0.002 0.000 0.002 0.002 
  70   (0.006) 0.002 0.002 0.002 0.000 0.002 0.002 
  71   (0.010) 0.007 0.006 0.007 0.001 0.006 0.006 
  72   (0.006) 0.002 0.002 0.002 0.000 0.002 0.002 
  73   (0.006) 0.002 0.002 0.002 0.001 0.002 0.002 
  74   (0.006) 0.002 0.002 0.002 0.000 0.002 0.002 
  75   (0.009) 0.005 0.005 0.005 0.001 0.005 0.005 
  76   (0.006) 0.003 0.002 0.002 0.000 0.002 0.002 
  77   (0.008) 0.003 0.003 0.004 0.001 0.004 0.004 
  78   (0.006) 0.002 0.002 0.002 0.000 0.002 0.002 

Locus 2 : COPE9 
12 alleles
8.3% missing data
   1   (0.412) 0.462 0.476 0.467 0.408 0.473 0.469 
   2   (0.142) 0.152 0.130 0.139 0.259 0.131 0.131 
   3   (0.050) 0.044 0.052 0.051 0.029 0.051 0.050 
   4   (0.073) 0.068 0.076 0.074 0.027 0.077 0.083 
   5   (0.037) 0.025 0.025 0.026 0.024 0.026 0.027 
   6   (0.130) 0.138 0.135 0.134 0.055 0.134 0.132 
   7   (0.039) 0.030 0.024 0.026 0.066 0.025 0.027 
   8   (0.081) 0.070 0.071 0.072 0.082 0.071 0.072 
   9   (0.011) 0.004 0.004 0.004 0.001 0.004 0.004 
  10   (0.009) 0.001 0.001 0.001 0.048 0.001 0.001 
  11   (0.008) 0.003 0.003 0.003 0.001 0.003 0.003 
  12   (0.008) 0.003 0.003 0.003 0.001 0.003 0.003 

Locus 3 : CPER26 
12 alleles
2.6% missing data
   1   (0.230) 0.234 0.236 0.234 0.137 0.234 0.233 
   2   (0.034) 0.020 0.024 0.023 0.148 0.025 0.028 
   3   (0.083) 0.083 0.076 0.080 0.008 0.079 0.083 
   4   (0.499) 0.582 0.582 0.583 0.061 0.581 0.575 
   5   (0.056) 0.040 0.045 0.042 0.298 0.044 0.044 
   6   (0.030) 0.016 0.015 0.015 0.308 0.015 0.015 
   7   (0.013) 0.006 0.005 0.006 0.001 0.005 0.005 
   8   (0.018) 0.008 0.007 0.008 0.023 0.007 0.007 
   9   (0.008) 0.002 0.002 0.002 0.004 0.002 0.002 
  10   (0.012) 0.003 0.003 0.003 0.010 0.003 0.003 
  11   (0.008) 0.002 0.002 0.002 0.001 0.002 0.002 
  12   (0.008) 0.003 0.002 0.002 0.001 0.002 0.002 

Locus 4 : CPER92 
12 alleles
6.8% missing data
   1   (0.618) 0.659 0.686 0.679 0.513 0.687 0.696 
   2   (0.115) 0.155 0.128 0.134 0.276 0.128 0.121 
   3   (0.088) 0.089 0.088 0.088 0.045 0.086 0.085 
   4   (0.015) 0.006 0.008 0.008 0.019 0.007 0.008 
   5   (0.039) 0.028 0.024 0.025 0.034 0.024 0.024 
   6   (0.035) 0.027 0.028 0.027 0.008 0.028 0.026 
   7   (0.019) 0.008 0.008 0.008 0.035 0.008 0.008 
   8   (0.012) 0.003 0.003 0.003 0.035 0.003 0.003 
   9   (0.021) 0.011 0.011 0.011 0.018 0.012 0.013 
  10   (0.017) 0.007 0.008 0.008 0.016 0.008 0.008 
  11   (0.013) 0.006 0.006 0.006 0.001 0.006 0.006 
  12   (0.008) 0.003 0.002 0.002 0.001 0.002 0.002 

Locus 5 : CPER99 
5 alleles
1.0% missing data
   1   (0.013) 0.003 0.003 0.003 0.341 0.003 0.003 
   2   (0.870) 0.929 0.932 0.930 0.090 0.932 0.932 
   3   (0.080) 0.055 0.054 0.055 0.475 0.053 0.053 
   4   (0.013) 0.003 0.003 0.003 0.030 0.003 0.003 
   5   (0.024) 0.010 0.009 0.009 0.064 0.009 0.009 

Locus 6 : CPER119 
22 alleles
5.5% missing data
   1   (0.009) 0.001 0.001 0.001 0.106 0.001 0.001 
   2   (0.080) 0.091 0.095 0.089 0.045 0.092 0.088 
   3   (0.036) 0.033 0.031 0.032 0.052 0.030 0.031 
   4   (0.008) 0.002 0.002 0.002 0.001 0.003 0.003 
   5   (0.159) 0.174 0.173 0.175 0.094 0.178 0.181 
   6   (0.070) 0.069 0.072 0.072 0.080 0.075 0.084 
   7   (0.070) 0.097 0.089 0.085 0.079 0.087 0.085 
   8   (0.083) 0.076 0.076 0.077 0.101 0.077 0.077 
   9   (0.115) 0.128 0.135 0.136 0.067 0.132 0.133 
  10   (0.061) 0.063 0.062 0.065 0.033 0.063 0.061 
  11   (0.021) 0.017 0.012 0.014 0.023 0.013 0.013 
  12   (0.085) 0.105 0.106 0.105 0.010 0.106 0.102 
  13   (0.015) 0.007 0.006 0.006 0.011 0.006 0.006 
  14   (0.028) 0.036 0.039 0.038 0.010 0.037 0.034 
  15   (0.026) 0.019 0.021 0.020 0.064 0.020 0.020 
  16   (0.022) 0.011 0.010 0.011 0.029 0.010 0.010 
  17   (0.024) 0.012 0.012 0.012 0.095 0.013 0.013 
  18   (0.017) 0.010 0.010 0.010 0.008 0.010 0.009 
  19   (0.011) 0.003 0.003 0.003 0.025 0.003 0.003 
  20   (0.037) 0.034 0.031 0.034 0.060 0.033 0.033 
  21   (0.012) 0.008 0.007 0.007 0.005 0.007 0.006 
  22   (0.010) 0.005 0.006 0.006 0.001 0.006 0.006 

Locus 7 : CPER188 
15 alleles
1.6% missing data
   1   (0.598) 0.671 0.675 0.672 0.820 0.675 0.676 
   2   (0.112) 0.102 0.101 0.103 0.091 0.102 0.103 
   3   (0.032) 0.029 0.023 0.025 0.002 0.024 0.024 
   4   (0.040) 0.033 0.031 0.032 0.003 0.031 0.031 
   5   (0.089) 0.102 0.115 0.111 0.006 0.112 0.110 
   6   (0.016) 0.007 0.006 0.007 0.008 0.006 0.006 
   7   (0.017) 0.013 0.009 0.010 0.006 0.010 0.010 
   8   (0.023) 0.014 0.012 0.012 0.008 0.012 0.013 
   9   (0.009) 0.001 0.001 0.001 0.040 0.001 0.001 
  10   (0.008) 0.001 0.001 0.001 0.010 0.001 0.001 
  11   (0.018) 0.013 0.010 0.011 0.001 0.011 0.011 
  12   (0.015) 0.007 0.007 0.007 0.001 0.007 0.007 
  13   (0.008) 0.002 0.002 0.002 0.003 0.002 0.002 
  14   (0.008) 0.002 0.003 0.003 0.001 0.003 0.002 
  15   (0.008) 0.002 0.003 0.002 0.001 0.002 0.002 

Values of parameters used in structure:
DATAFILE=../Data/microsats.structure,	OUTFILE=../Structure_Results/02_K_06.out,	NUMINDS=384,	NUMLOCI=7,	MISSING=-9,	LABEL=1,	POPDATA=0,	POPFLAG=0,	PHENOTYPE=0,	EXTRACOLS=0,	MAXPOPS=6,	BURNIN=1000000,	NUMREPS=10000000,	USEPOPINFO=0,	INFERALPHA=1,	INFERLAMBDA=0,	POPSPECIFICLAMBDA=0,	POPALPHAS=0,	COMPUTEPROB=1,	NOADMIX=0,	ADMBURNIN=500,	UPDATEFREQ=100,	PRINTLIKES=0,	INTERMEDSAVE=0,	PRINTKLD=0,	PRINTNET=1,	PRINTLAMBDA=1,	ANCESTDIST=0,	NUMBOXES=1000,	ANCESTPINT=0.90000,	GENSBACK=2,	MIGRPRIOR=0.01000,	PRINTQHAT=0,	PRINTQSUM=1,	ALPHA=1.0000,	FREQSCORR=1,	FPRIORMEAN=0.0100,	FPRIORSD=0.0500,	ONEFST=0,	LAMBDA=1.0000,	UNIFPRIORALPHA=1,	ALPHAMAX=10.0000,	ALPHAPRIORA=1.0000,	ALPHAPRIORB=2.0000,	ALPHAPROPSD=0.0250,	STARTATPOPINFO=0,	RANDOMIZE=0,	LINKAGE=0,	METROFREQ=10,	REPORTHITRATE=0,	MARKOVPHASE=-1,	PHASED=0,	PLOIDY=2,	PHASEINFO=0	LOCPRIOR=0, 	LOCPRIORINIT=1.000000, 	LOCDATA=0, 	LOCISPOP=0, 	LOCPRIORSTEP=0.100000, 	MAXLOCPRIOR=20.000000, 	SEED=34255356,	
[STRAT parameters]:    NUMSIMSTATS=1000,	PHENOTYPECOL=-9,	POOLFREQ=10,	LOCUSxONLY=0,	EMERROR=0.00100,	MISSINGPHENO=-9,	