

----------------------------------------------------
STRUCTURE by Pritchard, Stephens and Donnelly (2000)
     and Falush, Stephens and Pritchard (2003)
       Code by Pritchard, Falush and Hubisz
             Version 2.3.4 (Jul 2012)
----------------------------------------------------



Command line arguments:   /home/jason/Programs/structure -K 13 -i ../Data/microsats.structure -m Structure_Run/mainparams -e Structure_Run/extraparams -D 53703237 -o ../Structure_Results/02_K_13.out 
Input File:    ../Data/microsats.structure

Run parameters:
   384 individuals
   7 loci
   13 populations assumed
   1000000 Burn-in period
   10000000 Reps
RANDOMIZE turned off


--------------------------------------------
Overall proportion of membership of the
sample in each of the 13 clusters

Inferred Clusters
  1      2      3      4      5      6      7      8      9     10     11     12     13    
0.074  0.075  0.074  0.074  0.075  0.074  0.075  0.075  0.075  0.105  0.075  0.075  0.075  

--------------------------------------------

Allele-freq. divergence among pops (Net nucleotide distance),
computed using point estimates of P.

      1       2       3       4       5       6       7       8       9      10      11      12      13      
 1      -    0.0003  0.0001  0.0001  0.0001  0.0003  0.0001  0.0001  0.0001  0.1719  0.0001  0.0002  0.0001  
 2   0.0003     -    0.0001  0.0001  0.0002  0.0001  0.0002  0.0001  0.0001  0.1736  0.0001  0.0001  0.0002  
 3   0.0001  0.0001     -    0.0001  0.0002  0.0002  0.0001  0.0001  0.0001  0.1730  0.0001  0.0001  0.0001  
 4   0.0001  0.0001  0.0001     -    0.0001  0.0001  0.0002  0.0001  0.0001  0.1729  0.0001  0.0000  0.0001  
 5   0.0001  0.0002  0.0002  0.0001     -    0.0003  0.0000  0.0001  0.0001  0.1713  0.0001  0.0001  0.0000  
 6   0.0003  0.0001  0.0002  0.0001  0.0003     -    0.0003  0.0002  0.0003  0.1743  0.0002  0.0001  0.0003  
 7   0.0001  0.0002  0.0001  0.0002  0.0000  0.0003     -    0.0000  0.0001  0.1714  0.0001  0.0001  0.0000  
 8   0.0001  0.0001  0.0001  0.0001  0.0001  0.0002  0.0000     -    0.0000  0.1724  0.0000  0.0001  0.0000  
 9   0.0001  0.0001  0.0001  0.0001  0.0001  0.0003  0.0001  0.0000     -    0.1723  0.0001  0.0001  0.0000  
10   0.1719  0.1736  0.1730  0.1729  0.1713  0.1743  0.1714  0.1724  0.1723     -    0.1729  0.1723  0.1716  
11   0.0001  0.0001  0.0001  0.0001  0.0001  0.0002  0.0001  0.0000  0.0001  0.1729     -    0.0000  0.0001  
12   0.0002  0.0001  0.0001  0.0000  0.0001  0.0001  0.0001  0.0001  0.0001  0.1723  0.0000     -    0.0001  
13   0.0001  0.0002  0.0001  0.0001  0.0000  0.0003  0.0000  0.0000  0.0000  0.1716  0.0001  0.0001     -    

Average distances (expected heterozygosity) between individuals in same cluster:
cluster  1  : 0.6284 
cluster  2  : 0.6229 
cluster  3  : 0.6270 
cluster  4  : 0.6250 
cluster  5  : 0.6271 
cluster  6  : 0.6211 
cluster  7  : 0.6279 
cluster  8  : 0.6267 
cluster  9  : 0.6255 
cluster 10  : 0.6264 
cluster 11  : 0.6236 
cluster 12  : 0.6255 
cluster 13  : 0.6273 

--------------------------------------------
Estimated Ln Prob of Data   = -9325.7
Mean value of ln likelihood = -7574.9
Variance of ln likelihood   = 3501.8
Mean value of alpha         = 0.0496

Mean value of Fst_1         = 0.1219
Mean value of Fst_2         = 0.1229
Mean value of Fst_3         = 0.1175
Mean value of Fst_4         = 0.1235
Mean value of Fst_5         = 0.1181
Mean value of Fst_6         = 0.1276
Mean value of Fst_7         = 0.1193
Mean value of Fst_8         = 0.1205
Mean value of Fst_9         = 0.1221
Mean value of Fst_10         = 0.2231
Mean value of Fst_11         = 0.1209
Mean value of Fst_12         = 0.1187
Mean value of Fst_13         = 0.1210


Inferred ancestry of individuals:
        Label (%Miss) :  Inferred clusters
  1 COPE-0001    (0)   :  0.009 0.009 0.009 0.009 0.009 0.009 0.009 0.009 0.009 0.895 0.009 0.009 0.009 
  2 COPE-0002    (0)   :  0.089 0.079 0.076 0.079 0.087 0.073 0.085 0.086 0.086 0.011 0.082 0.079 0.089 
  3 COPE-0003    (0)   :  0.080 0.081 0.087 0.081 0.086 0.074 0.083 0.083 0.084 0.007 0.087 0.085 0.084 
  4 COPE-0004    (0)   :  0.102 0.069 0.071 0.083 0.089 0.074 0.093 0.083 0.087 0.011 0.075 0.070 0.094 
  5 COPE-0005    (0)   :  0.091 0.079 0.081 0.082 0.079 0.079 0.082 0.079 0.081 0.022 0.078 0.077 0.089 
  6 COPE-0006    (0)   :  0.081 0.085 0.084 0.076 0.084 0.083 0.081 0.083 0.083 0.018 0.079 0.082 0.081 
  7 COPE-0007    (0)   :  0.090 0.082 0.089 0.082 0.075 0.087 0.081 0.082 0.083 0.006 0.081 0.077 0.086 
  8 COPE-0008    (0)   :  0.081 0.080 0.081 0.078 0.083 0.085 0.085 0.081 0.083 0.008 0.085 0.085 0.084 
  9 COPE-0009    (0)   :  0.079 0.085 0.084 0.078 0.081 0.071 0.082 0.086 0.086 0.015 0.086 0.080 0.086 
 10 COPE-0010    (0)   :  0.083 0.081 0.085 0.082 0.082 0.079 0.082 0.086 0.081 0.007 0.085 0.084 0.083 
 11 COPE-0011   (14)   :  0.014 0.012 0.013 0.013 0.013 0.012 0.014 0.013 0.013 0.842 0.013 0.013 0.014 
 12 COPE-0012   (14)   :  0.081 0.079 0.084 0.080 0.084 0.079 0.085 0.080 0.083 0.006 0.087 0.086 0.085 
 13 COPE-0013    (0)   :  0.076 0.085 0.079 0.079 0.081 0.075 0.085 0.084 0.086 0.006 0.091 0.080 0.092 
 14 COPE-0014    (0)   :  0.067 0.102 0.073 0.100 0.082 0.110 0.069 0.071 0.072 0.008 0.082 0.088 0.076 
 15 COPE-0015    (0)   :  0.073 0.094 0.077 0.094 0.081 0.103 0.074 0.076 0.076 0.007 0.084 0.085 0.076 
 16 COPE-0016    (0)   :  0.080 0.090 0.078 0.079 0.087 0.076 0.086 0.084 0.096 0.009 0.074 0.074 0.088 
 17 COPE-0017    (0)   :  0.035 0.044 0.036 0.042 0.038 0.047 0.035 0.036 0.036 0.539 0.037 0.039 0.037 
 18 COPE-0018    (0)   :  0.084 0.085 0.084 0.074 0.083 0.082 0.080 0.086 0.085 0.007 0.084 0.078 0.086 
 19 COPE-0019    (0)   :  0.080 0.084 0.082 0.078 0.083 0.078 0.082 0.087 0.086 0.006 0.089 0.080 0.086 
 20 COPE-0020    (0)   :  0.084 0.084 0.089 0.081 0.078 0.079 0.081 0.085 0.084 0.006 0.083 0.084 0.082 
 21 COPE-0021    (0)   :  0.083 0.086 0.089 0.086 0.075 0.096 0.078 0.080 0.077 0.006 0.082 0.085 0.077 
 22 COPE-0022    (0)   :  0.078 0.079 0.081 0.077 0.086 0.079 0.089 0.084 0.083 0.006 0.084 0.092 0.083 
 23 COPE-0023    (0)   :  0.087 0.080 0.082 0.077 0.084 0.077 0.081 0.086 0.083 0.008 0.083 0.084 0.087 
 24 COPE-0024   (14)   :  0.087 0.084 0.090 0.081 0.071 0.087 0.081 0.083 0.086 0.006 0.080 0.080 0.082 
 25 COPE-0025    (0)   :  0.082 0.076 0.096 0.078 0.077 0.071 0.082 0.080 0.075 0.042 0.076 0.089 0.076 
 26 COPE-0026    (0)   :  0.079 0.088 0.083 0.079 0.083 0.087 0.083 0.083 0.082 0.005 0.084 0.080 0.082 
 27 COPE-0027    (0)   :  0.079 0.082 0.081 0.080 0.082 0.077 0.084 0.084 0.087 0.006 0.088 0.083 0.087 
 28 COPE-0028    (0)   :  0.080 0.083 0.090 0.083 0.086 0.080 0.084 0.084 0.075 0.005 0.082 0.086 0.081 
 29 COPE-0029    (0)   :  0.081 0.090 0.084 0.081 0.084 0.080 0.083 0.087 0.094 0.005 0.074 0.074 0.083 
 30 COPE-0030   (14)   :  0.026 0.025 0.026 0.023 0.026 0.025 0.025 0.025 0.026 0.698 0.025 0.025 0.026 
 31 COPE-0031    (0)   :  0.078 0.089 0.082 0.074 0.080 0.094 0.078 0.084 0.086 0.009 0.085 0.077 0.084 
 32 COPE-0032    (0)   :  0.083 0.079 0.086 0.078 0.086 0.075 0.083 0.086 0.080 0.008 0.086 0.089 0.082 
 33 COPE-0033    (0)   :  0.083 0.079 0.081 0.079 0.085 0.078 0.081 0.086 0.083 0.011 0.084 0.084 0.085 
 34 COPE-0034    (0)   :  0.090 0.080 0.075 0.085 0.083 0.083 0.087 0.080 0.084 0.009 0.077 0.074 0.093 
 35 COPE-0035   (14)   :  0.083 0.078 0.088 0.080 0.085 0.076 0.086 0.086 0.079 0.007 0.082 0.088 0.081 
 36 COPE-0036   (14)   :  0.092 0.086 0.093 0.091 0.071 0.086 0.074 0.085 0.079 0.006 0.080 0.082 0.076 
 37 COPE-0037    (0)   :  0.083 0.081 0.084 0.080 0.078 0.079 0.083 0.081 0.084 0.024 0.082 0.081 0.081 
 38 COPE-0038    (0)   :  0.078 0.081 0.084 0.077 0.081 0.082 0.087 0.085 0.084 0.006 0.089 0.086 0.079 
 39 COPE-0039    (0)   :  0.081 0.079 0.086 0.077 0.080 0.072 0.082 0.082 0.080 0.040 0.076 0.084 0.081 
 40 COPE-0040   (14)   :  0.076 0.078 0.080 0.076 0.077 0.075 0.075 0.077 0.077 0.073 0.079 0.079 0.078 
 41 COPE-0041    (0)   :  0.081 0.082 0.086 0.078 0.078 0.076 0.079 0.082 0.082 0.025 0.085 0.082 0.084 
 42 COPE-0042    (0)   :  0.080 0.078 0.079 0.080 0.092 0.080 0.084 0.088 0.081 0.009 0.084 0.086 0.078 
 43 COPE-0043    (0)   :  0.087 0.084 0.078 0.078 0.087 0.075 0.087 0.087 0.089 0.005 0.078 0.077 0.088 
 44 COPE-0044    (0)   :  0.093 0.073 0.073 0.083 0.090 0.075 0.089 0.082 0.085 0.011 0.080 0.077 0.089 
 45 COPE-0045    (0)   :  0.088 0.072 0.078 0.079 0.082 0.075 0.087 0.080 0.084 0.033 0.079 0.078 0.085 
 46 COPE-0046    (0)   :  0.023 0.024 0.022 0.024 0.025 0.023 0.024 0.024 0.025 0.715 0.024 0.023 0.024 
 47 COPE-0047    (0)   :  0.007 0.007 0.007 0.007 0.007 0.007 0.007 0.007 0.008 0.911 0.007 0.007 0.008 
 48 COPE-0048    (0)   :  0.084 0.074 0.079 0.083 0.090 0.079 0.083 0.091 0.081 0.006 0.086 0.084 0.080 
 49 COPE-0049    (0)   :  0.088 0.077 0.088 0.078 0.084 0.074 0.088 0.082 0.080 0.016 0.077 0.085 0.083 
 50 COPE-0050    (0)   :  0.081 0.080 0.071 0.084 0.091 0.074 0.087 0.084 0.089 0.007 0.086 0.080 0.086 
 51 COPE-0051    (0)   :  0.070 0.068 0.076 0.075 0.085 0.076 0.078 0.075 0.066 0.098 0.080 0.085 0.068 
 52 COPE-0052    (0)   :  0.066 0.100 0.072 0.100 0.081 0.112 0.067 0.070 0.073 0.011 0.083 0.089 0.076 
 53 COPE-0053    (0)   :  0.079 0.091 0.077 0.083 0.087 0.081 0.083 0.086 0.095 0.008 0.073 0.072 0.086 
 54 COPE-0054    (0)   :  0.094 0.079 0.099 0.091 0.065 0.090 0.078 0.084 0.081 0.005 0.079 0.080 0.074 
 55 COPE-0055    (0)   :  0.080 0.078 0.082 0.078 0.085 0.080 0.089 0.084 0.082 0.005 0.084 0.092 0.082 
 56 COPE-0056    (0)   :  0.080 0.077 0.083 0.080 0.085 0.076 0.087 0.081 0.081 0.015 0.083 0.086 0.085 
 57 COPE-0057    (0)   :  0.082 0.083 0.087 0.080 0.078 0.073 0.082 0.086 0.082 0.009 0.087 0.085 0.086 
 58 COPE-0058    (0)   :  0.087 0.081 0.087 0.081 0.081 0.073 0.083 0.086 0.082 0.009 0.082 0.083 0.084 
 59 COPE-0059    (0)   :  0.077 0.077 0.080 0.082 0.088 0.071 0.085 0.080 0.088 0.017 0.087 0.083 0.083 
 60 COPE-0060    (0)   :  0.084 0.085 0.079 0.078 0.086 0.075 0.080 0.088 0.088 0.006 0.085 0.081 0.087 
 61 COPE-0061    (0)   :  0.079 0.089 0.078 0.082 0.086 0.079 0.083 0.085 0.094 0.010 0.077 0.072 0.086 
 62 COPE-0062    (0)   :  0.075 0.096 0.081 0.096 0.075 0.111 0.071 0.073 0.071 0.008 0.082 0.089 0.073 
 63 COPE-0063    (0)   :  0.079 0.075 0.080 0.079 0.084 0.078 0.087 0.079 0.079 0.021 0.084 0.093 0.082 
 64 COPE-0064    (0)   :  0.080 0.086 0.074 0.082 0.088 0.083 0.084 0.084 0.086 0.008 0.082 0.080 0.083 
 65 COPE-0065    (0)   :  0.006 0.006 0.006 0.006 0.006 0.006 0.006 0.006 0.006 0.927 0.006 0.006 0.006 
 66 COPE-0066    (0)   :  0.077 0.077 0.084 0.081 0.091 0.077 0.084 0.084 0.077 0.017 0.087 0.087 0.079 
 67 COPE-0067   (14)   :  0.029 0.027 0.030 0.027 0.030 0.027 0.029 0.030 0.028 0.655 0.030 0.030 0.027 
 68 COPE-0068    (0)   :  0.078 0.080 0.076 0.083 0.090 0.074 0.084 0.081 0.088 0.012 0.089 0.081 0.084 
 69 COPE-0069   (14)   :  0.078 0.085 0.076 0.090 0.085 0.088 0.081 0.079 0.081 0.010 0.084 0.085 0.079 
 70 COPE-0070    (0)   :  0.089 0.075 0.083 0.079 0.084 0.078 0.088 0.081 0.080 0.011 0.082 0.085 0.086 
 71 COPE-0071    (0)   :  0.081 0.079 0.096 0.086 0.083 0.079 0.084 0.081 0.077 0.004 0.084 0.088 0.078 
 72 COPE-0072    (0)   :  0.081 0.084 0.071 0.085 0.087 0.080 0.084 0.087 0.085 0.006 0.085 0.081 0.083 
 73 COPE-0073   (14)   :  0.036 0.034 0.036 0.035 0.030 0.034 0.032 0.034 0.036 0.603 0.029 0.030 0.032 
 74 COPE-0074    (0)   :  0.084 0.077 0.082 0.082 0.086 0.080 0.082 0.088 0.081 0.008 0.085 0.085 0.080 
 75 COPE-0075    (0)   :  0.081 0.073 0.081 0.082 0.092 0.082 0.086 0.085 0.075 0.011 0.087 0.090 0.076 
 76 COPE-0076    (0)   :  0.082 0.082 0.085 0.087 0.080 0.085 0.081 0.080 0.083 0.006 0.085 0.084 0.080 
 77 COPE-0077   (14)   :  0.079 0.081 0.078 0.081 0.091 0.077 0.087 0.083 0.087 0.008 0.085 0.084 0.081 
 78 COPE-0078   (14)   :  0.093 0.078 0.086 0.081 0.075 0.082 0.085 0.081 0.083 0.008 0.082 0.079 0.088 
 79 COPE-0079    (0)   :  0.110 0.064 0.066 0.081 0.090 0.071 0.097 0.082 0.089 0.008 0.073 0.066 0.102 
 80 COPE-0080   (42)   :  0.018 0.019 0.018 0.018 0.018 0.018 0.018 0.018 0.018 0.783 0.018 0.018 0.018 
 81 COPE-0081   (14)   :  0.048 0.047 0.050 0.048 0.048 0.048 0.049 0.048 0.048 0.420 0.050 0.050 0.047 
 82 COPE-0082   (14)   :  0.080 0.075 0.084 0.079 0.083 0.077 0.083 0.079 0.074 0.044 0.080 0.083 0.079 
 83 COPE-0083   (14)   :  0.061 0.113 0.066 0.111 0.078 0.136 0.060 0.063 0.062 0.005 0.083 0.092 0.070 
 84 COPE-0084    (0)   :  0.065 0.076 0.062 0.064 0.074 0.063 0.069 0.071 0.079 0.189 0.059 0.060 0.069 
 85 COPE-0085    (0)   :  0.093 0.076 0.082 0.082 0.086 0.074 0.088 0.080 0.085 0.009 0.080 0.077 0.089 
 86 COPE-0086    (0)   :  0.083 0.081 0.086 0.076 0.084 0.081 0.085 0.083 0.082 0.017 0.078 0.085 0.078 
 87 COPE-0087   (14)   :  0.081 0.085 0.078 0.076 0.086 0.075 0.080 0.088 0.092 0.007 0.084 0.080 0.088 
 88 COPE-0088   (14)   :  0.084 0.080 0.079 0.079 0.086 0.077 0.080 0.081 0.083 0.023 0.080 0.081 0.086 
 89 COPE-0089   (14)   :  0.008 0.007 0.007 0.008 0.008 0.007 0.008 0.008 0.007 0.909 0.008 0.008 0.008 
 90 COPE-0090    (0)   :  0.081 0.080 0.085 0.074 0.083 0.081 0.087 0.084 0.084 0.008 0.087 0.087 0.081 
 91 COPE-0091   (14)   :  0.078 0.090 0.077 0.084 0.085 0.087 0.076 0.083 0.085 0.005 0.083 0.083 0.084 
 92 COPE-0092   (28)   :  0.021 0.019 0.020 0.020 0.021 0.019 0.021 0.020 0.021 0.756 0.020 0.020 0.021 
 93 COPE-0093    (0)   :  0.080 0.075 0.081 0.081 0.086 0.079 0.088 0.079 0.081 0.006 0.087 0.094 0.084 
 94 COPE-0094    (0)   :  0.108 0.063 0.064 0.081 0.089 0.068 0.096 0.083 0.088 0.025 0.071 0.062 0.100 
 95 COPE-0095    (0)   :  0.080 0.090 0.078 0.079 0.086 0.084 0.082 0.088 0.093 0.005 0.076 0.074 0.085 
 96 COPE-0096    (0)   :  0.075 0.090 0.081 0.086 0.084 0.086 0.080 0.078 0.082 0.009 0.082 0.084 0.081 
 97 COPE-0097    (0)   :  0.076 0.088 0.084 0.094 0.083 0.095 0.078 0.079 0.072 0.007 0.083 0.085 0.076 
 98 COPE-0098    (0)   :  0.079 0.087 0.081 0.077 0.080 0.094 0.078 0.082 0.084 0.009 0.085 0.077 0.085 
 99 COPE-0099    (0)   :  0.079 0.078 0.093 0.080 0.084 0.068 0.083 0.079 0.079 0.020 0.085 0.090 0.081 
100 COPE-0100    (0)   :  0.081 0.085 0.085 0.078 0.082 0.078 0.082 0.083 0.083 0.007 0.085 0.084 0.086 
101 COPE-0101    (0)   :  0.081 0.074 0.079 0.076 0.086 0.077 0.083 0.081 0.078 0.045 0.081 0.081 0.080 
102 COPE-0102    (0)   :  0.082 0.082 0.082 0.079 0.085 0.082 0.083 0.083 0.085 0.006 0.084 0.084 0.084 
103 COPE-0103    (0)   :  0.089 0.083 0.074 0.088 0.083 0.089 0.082 0.078 0.078 0.015 0.078 0.079 0.084 
104 COPE-0104   (14)   :  0.083 0.079 0.086 0.085 0.085 0.080 0.084 0.087 0.078 0.006 0.081 0.085 0.081 
105 COPE-0105    (0)   :  0.073 0.077 0.088 0.083 0.087 0.083 0.086 0.075 0.066 0.034 0.086 0.089 0.073 
106 COPE-0106    (0)   :  0.103 0.080 0.108 0.094 0.052 0.096 0.072 0.087 0.082 0.004 0.075 0.077 0.070 
107 COPE-0107    (0)   :  0.020 0.018 0.019 0.019 0.020 0.018 0.021 0.020 0.020 0.766 0.020 0.021 0.019 
108 COPE-0108    (0)   :  0.074 0.091 0.082 0.085 0.081 0.097 0.078 0.079 0.077 0.006 0.087 0.085 0.077 
109 COPE-0109    (0)   :  0.094 0.075 0.074 0.081 0.090 0.074 0.091 0.082 0.087 0.011 0.079 0.074 0.090 
110 COPE-0110   (14)   :  0.086 0.084 0.084 0.083 0.078 0.080 0.081 0.083 0.085 0.013 0.079 0.078 0.085 
111 COPE-0111    (0)   :  0.086 0.087 0.087 0.085 0.076 0.088 0.078 0.082 0.083 0.008 0.079 0.081 0.082 
112 COPE-0112   (14)   :  0.082 0.077 0.078 0.085 0.089 0.083 0.082 0.089 0.079 0.008 0.083 0.087 0.079 
113 COPE-0113    (0)   :  0.081 0.082 0.085 0.080 0.080 0.078 0.081 0.082 0.083 0.015 0.085 0.083 0.084 
114 COPE-0114    (0)   :  0.093 0.079 0.097 0.088 0.068 0.086 0.076 0.085 0.082 0.009 0.080 0.081 0.075 
115 COPE-0115    (0)   :  0.023 0.028 0.024 0.028 0.025 0.029 0.023 0.024 0.024 0.697 0.024 0.026 0.025 
116 COPE-0116   (28)   :  0.011 0.011 0.012 0.011 0.011 0.011 0.011 0.011 0.011 0.866 0.011 0.011 0.011 
117 COPE-0117    (0)   :  0.079 0.090 0.076 0.081 0.087 0.083 0.080 0.086 0.092 0.010 0.075 0.074 0.088 
118 COPE-0118    (0)   :  0.093 0.083 0.095 0.095 0.063 0.100 0.071 0.084 0.080 0.009 0.076 0.081 0.069 
119 COPE-0119    (0)   :  0.076 0.088 0.085 0.085 0.077 0.097 0.078 0.079 0.076 0.012 0.085 0.086 0.075 
120 COPE-0120    (0)   :  0.084 0.079 0.074 0.082 0.091 0.075 0.089 0.084 0.085 0.010 0.083 0.081 0.083 
121 COPE-0121    (0)   :  0.076 0.082 0.081 0.084 0.078 0.082 0.075 0.077 0.079 0.046 0.081 0.082 0.075 
122 COPE-0122    (0)   :  0.088 0.080 0.077 0.075 0.084 0.075 0.081 0.087 0.084 0.008 0.088 0.082 0.090 
123 COPE-0123    (0)   :  0.087 0.078 0.081 0.076 0.086 0.076 0.082 0.084 0.083 0.017 0.081 0.082 0.087 
124 COPE-0124    (0)   :  0.085 0.083 0.089 0.074 0.081 0.077 0.082 0.082 0.084 0.012 0.081 0.084 0.085 
125 COPE-0125    (0)   :  0.089 0.075 0.098 0.090 0.076 0.081 0.080 0.082 0.085 0.006 0.083 0.076 0.079 
126 COPE-0126    (0)   :  0.078 0.091 0.075 0.079 0.087 0.086 0.081 0.087 0.091 0.012 0.073 0.072 0.087 
127 COPE-0127   (14)   :  0.080 0.083 0.086 0.085 0.085 0.083 0.083 0.080 0.077 0.006 0.083 0.084 0.084 
128 COPE-0128    (0)   :  0.085 0.082 0.090 0.079 0.079 0.076 0.082 0.083 0.081 0.016 0.080 0.087 0.081 
129 COPE-0129    (0)   :  0.096 0.073 0.075 0.079 0.087 0.075 0.090 0.081 0.087 0.006 0.081 0.076 0.094 
130 COPE-0130    (0)   :  0.079 0.082 0.075 0.081 0.090 0.076 0.084 0.081 0.088 0.013 0.086 0.081 0.085 
131 COPE-0131   (14)   :  0.070 0.102 0.072 0.098 0.079 0.115 0.067 0.071 0.071 0.007 0.084 0.090 0.074 
132 COPE-0132   (14)   :  0.083 0.082 0.087 0.081 0.070 0.084 0.080 0.079 0.082 0.033 0.081 0.082 0.078 
133 COPE-0133    (0)   :  0.082 0.092 0.075 0.080 0.089 0.076 0.085 0.088 0.097 0.008 0.071 0.071 0.086 
134 COPE-0134    (0)   :  0.089 0.081 0.081 0.079 0.081 0.074 0.085 0.088 0.084 0.007 0.087 0.081 0.086 
135 COPE-0135    (0)   :  0.082 0.079 0.084 0.080 0.086 0.075 0.085 0.084 0.079 0.007 0.083 0.091 0.083 
136 COPE-0136    (0)   :  0.013 0.013 0.013 0.013 0.014 0.013 0.013 0.013 0.014 0.841 0.013 0.013 0.014 
137 COPE-0137    (0)   :  0.079 0.085 0.084 0.078 0.080 0.077 0.083 0.083 0.084 0.011 0.088 0.082 0.088 
138 COPE-0138   (14)   :  0.010 0.009 0.010 0.010 0.009 0.009 0.009 0.009 0.009 0.888 0.010 0.009 0.009 
139 COPE-0139    (0)   :  0.080 0.083 0.096 0.079 0.080 0.072 0.085 0.081 0.082 0.007 0.084 0.087 0.085 
140 COPE-0140   (14)   :  0.023 0.023 0.025 0.023 0.024 0.022 0.024 0.024 0.023 0.717 0.024 0.024 0.023 
141 COPE-0141    (0)   :  0.083 0.076 0.086 0.081 0.083 0.077 0.087 0.079 0.081 0.008 0.086 0.089 0.085 
142 COPE-0142    (0)   :  0.082 0.080 0.084 0.081 0.081 0.080 0.085 0.080 0.082 0.009 0.084 0.086 0.083 
143 COPE-0143    (0)   :  0.084 0.085 0.078 0.080 0.089 0.079 0.086 0.085 0.089 0.009 0.074 0.076 0.085 
144 COPE-0144   (14)   :  0.080 0.071 0.072 0.075 0.080 0.067 0.078 0.078 0.079 0.093 0.074 0.075 0.079 
145 COPE-0145   (14)   :  0.065 0.061 0.086 0.063 0.061 0.052 0.066 0.067 0.060 0.221 0.064 0.073 0.062 
146 COPE-0146   (14)   :  0.079 0.085 0.081 0.075 0.083 0.084 0.081 0.083 0.083 0.027 0.080 0.077 0.084 
147 COPE-0147    (0)   :  0.083 0.073 0.073 0.073 0.084 0.071 0.084 0.077 0.080 0.070 0.073 0.077 0.082 
148 COPE-0148    (0)   :  0.082 0.088 0.076 0.082 0.086 0.080 0.083 0.085 0.094 0.008 0.074 0.074 0.087 
149 COPE-0149    (0)   :  0.080 0.086 0.077 0.080 0.083 0.075 0.081 0.087 0.088 0.006 0.088 0.080 0.088 
150 COPE-0150    (0)   :  0.085 0.073 0.078 0.081 0.092 0.079 0.082 0.093 0.079 0.007 0.087 0.085 0.079 
151 COPE-0151    (0)   :  0.080 0.084 0.094 0.079 0.081 0.076 0.084 0.084 0.085 0.006 0.080 0.085 0.082 
152 COPE-0152   (14)   :  0.072 0.069 0.076 0.068 0.076 0.071 0.077 0.072 0.072 0.124 0.074 0.077 0.073 
153 COPE-0153    (0)   :  0.082 0.085 0.082 0.080 0.083 0.085 0.083 0.082 0.083 0.006 0.082 0.082 0.085 
154 COPE-0154    (0)   :  0.083 0.083 0.086 0.082 0.080 0.080 0.083 0.083 0.085 0.007 0.085 0.081 0.083 
155 COPE-0155    (0)   :  0.084 0.080 0.088 0.079 0.082 0.076 0.084 0.085 0.085 0.005 0.085 0.086 0.083 
156 COPE-0156   (14)   :  0.009 0.009 0.009 0.009 0.009 0.009 0.009 0.009 0.009 0.890 0.009 0.009 0.009 
157 COPE-0157   (14)   :  0.067 0.060 0.068 0.063 0.064 0.061 0.068 0.061 0.062 0.227 0.065 0.069 0.065 
158 COPE-0158    (0)   :  0.079 0.089 0.076 0.080 0.089 0.075 0.085 0.084 0.094 0.009 0.078 0.075 0.088 
159 COPE-0159    (0)   :  0.084 0.082 0.079 0.081 0.083 0.078 0.087 0.083 0.086 0.008 0.084 0.082 0.083 
160 COPE-0160    (0)   :  0.090 0.078 0.084 0.080 0.082 0.076 0.089 0.082 0.081 0.007 0.082 0.083 0.088 
161 COPE-0161    (0)   :  0.084 0.079 0.078 0.082 0.086 0.082 0.083 0.082 0.082 0.012 0.081 0.084 0.083 
162 COPE-0162   (14)   :  0.007 0.007 0.007 0.007 0.007 0.007 0.007 0.007 0.007 0.913 0.007 0.007 0.007 
163 COPE-0163   (28)   :  0.013 0.012 0.012 0.012 0.013 0.012 0.013 0.012 0.012 0.850 0.012 0.013 0.013 
164 COPE-0164    (0)   :  0.081 0.082 0.088 0.072 0.080 0.078 0.081 0.084 0.083 0.024 0.083 0.080 0.083 
165 COPE-0165    (0)   :  0.080 0.079 0.079 0.081 0.088 0.075 0.087 0.082 0.087 0.008 0.086 0.085 0.083 
166 COPE-0166   (14)   :  0.091 0.081 0.079 0.077 0.081 0.073 0.086 0.086 0.085 0.008 0.085 0.080 0.088 
167 COPE-0167    (0)   :  0.098 0.078 0.085 0.080 0.079 0.081 0.084 0.081 0.085 0.008 0.078 0.077 0.088 
168 COPE-0168    (0)   :  0.079 0.088 0.079 0.081 0.087 0.077 0.087 0.083 0.089 0.006 0.079 0.081 0.084 
169 COPE-0169    (0)   :  0.077 0.084 0.077 0.081 0.087 0.074 0.085 0.083 0.086 0.010 0.090 0.082 0.084 
170 COPE-0170    (0)   :  0.078 0.080 0.084 0.085 0.081 0.085 0.082 0.077 0.074 0.023 0.081 0.093 0.078 
171 COPE-0171    (0)   :  0.079 0.084 0.089 0.084 0.081 0.079 0.086 0.081 0.082 0.007 0.081 0.089 0.079 
172 COPE-0172    (0)   :  0.080 0.085 0.085 0.076 0.085 0.086 0.084 0.083 0.081 0.007 0.084 0.083 0.081 
173 COPE-0173   (14)   :  0.075 0.077 0.069 0.080 0.088 0.069 0.083 0.079 0.084 0.052 0.084 0.081 0.080 
174 COPE-0174   (28)   :  0.082 0.083 0.079 0.079 0.085 0.078 0.084 0.085 0.082 0.013 0.081 0.084 0.085 
175 COPE-0175    (0)   :  0.082 0.081 0.082 0.073 0.080 0.075 0.084 0.082 0.084 0.039 0.077 0.076 0.085 
176 COPE-0176    (0)   :  0.094 0.077 0.087 0.087 0.073 0.084 0.083 0.081 0.082 0.008 0.081 0.081 0.082 
177 COPE-0177    (0)   :  0.080 0.085 0.082 0.077 0.081 0.074 0.081 0.089 0.085 0.007 0.091 0.081 0.087 
178 COPE-0178    (0)   :  0.101 0.079 0.108 0.096 0.054 0.093 0.071 0.089 0.081 0.007 0.074 0.076 0.070 
179 COPE-0179    (0)   :  0.082 0.081 0.087 0.079 0.082 0.076 0.084 0.084 0.082 0.009 0.084 0.087 0.083 
180 COPE-0180   (14)   :  0.079 0.081 0.075 0.082 0.088 0.073 0.085 0.084 0.088 0.006 0.090 0.082 0.086 
181 COPE-0181   (14)   :  0.079 0.084 0.081 0.079 0.081 0.074 0.083 0.086 0.086 0.008 0.089 0.081 0.089 
182 COPE-0182    (0)   :  0.077 0.086 0.087 0.075 0.086 0.087 0.084 0.084 0.078 0.005 0.090 0.083 0.078 
183 COPE-0183    (0)   :  0.082 0.085 0.084 0.076 0.085 0.084 0.080 0.084 0.085 0.010 0.082 0.079 0.085 
184 COPE-0184    (0)   :  0.090 0.078 0.082 0.083 0.081 0.079 0.087 0.079 0.082 0.009 0.080 0.079 0.090 
185 COPE-0185    (0)   :  0.076 0.082 0.084 0.079 0.082 0.083 0.084 0.085 0.084 0.006 0.087 0.088 0.079 
186 COPE-0186    (0)   :  0.065 0.106 0.070 0.106 0.078 0.128 0.063 0.066 0.066 0.005 0.084 0.091 0.072 
187 COPE-0187    (0)   :  0.079 0.075 0.082 0.084 0.090 0.082 0.088 0.081 0.074 0.009 0.085 0.092 0.079 
188 COPE-0188    (0)   :  0.029 0.026 0.026 0.026 0.031 0.026 0.028 0.030 0.027 0.665 0.029 0.028 0.027 
189 COPE-0189    (0)   :  0.077 0.087 0.080 0.083 0.082 0.079 0.081 0.082 0.083 0.007 0.086 0.083 0.088 
190 COPE-0190    (0)   :  0.096 0.072 0.073 0.080 0.087 0.076 0.090 0.084 0.086 0.013 0.079 0.075 0.088 
191 COPE-0191    (0)   :  0.080 0.090 0.078 0.088 0.082 0.092 0.077 0.081 0.078 0.010 0.081 0.081 0.082 
192 COPE-0192   (14)   :  0.009 0.012 0.010 0.012 0.010 0.013 0.009 0.010 0.010 0.873 0.011 0.011 0.010 
193 COPE-0193    (0)   :  0.082 0.088 0.086 0.077 0.082 0.084 0.083 0.086 0.088 0.006 0.080 0.076 0.082 
194 COPE-0194    (0)   :  0.080 0.078 0.086 0.082 0.090 0.079 0.082 0.086 0.075 0.009 0.086 0.090 0.078 
195 COPE-0195    (0)   :  0.084 0.080 0.083 0.077 0.087 0.079 0.084 0.087 0.082 0.006 0.086 0.084 0.082 
196 COPE-0196    (0)   :  0.085 0.080 0.082 0.082 0.085 0.079 0.087 0.081 0.079 0.010 0.082 0.086 0.082 
197 COPE-0197    (0)   :  0.082 0.081 0.078 0.080 0.088 0.073 0.084 0.086 0.086 0.007 0.089 0.084 0.083 
198 COPE-0198    (0)   :  0.079 0.079 0.075 0.082 0.086 0.076 0.088 0.079 0.089 0.011 0.089 0.084 0.082 
199 COPE-0199    (0)   :  0.078 0.083 0.081 0.079 0.081 0.075 0.082 0.085 0.086 0.012 0.090 0.081 0.086 
200 COPE-0200   (42)   :  0.081 0.081 0.077 0.080 0.087 0.074 0.084 0.083 0.088 0.009 0.089 0.080 0.087 
201 COPE-0201    (0)   :  0.076 0.088 0.083 0.085 0.082 0.092 0.079 0.078 0.077 0.008 0.084 0.088 0.080 
202 COPE-0202    (0)   :  0.099 0.072 0.071 0.081 0.089 0.076 0.093 0.082 0.087 0.012 0.074 0.071 0.093 
203 COPE-0203    (0)   :  0.082 0.082 0.084 0.080 0.079 0.078 0.086 0.082 0.085 0.006 0.087 0.085 0.082 
204 COPE-0204    (0)   :  0.089 0.077 0.099 0.092 0.068 0.085 0.076 0.083 0.076 0.027 0.078 0.080 0.070 
205 COPE-0205    (0)   :  0.078 0.086 0.083 0.072 0.086 0.083 0.084 0.085 0.089 0.019 0.078 0.075 0.081 
206 COPE-0206    (0)   :  0.087 0.082 0.097 0.085 0.071 0.087 0.079 0.084 0.082 0.005 0.081 0.083 0.078 
207 COPE-0207    (0)   :  0.085 0.085 0.093 0.085 0.067 0.090 0.082 0.083 0.080 0.011 0.080 0.084 0.075 
208 COPE-0208    (0)   :  0.028 0.029 0.034 0.028 0.029 0.027 0.030 0.029 0.028 0.646 0.030 0.032 0.029 
209 COPE-0209    (0)   :  0.077 0.084 0.077 0.085 0.086 0.082 0.085 0.081 0.084 0.006 0.087 0.086 0.081 
210 COPE-0210    (0)   :  0.080 0.086 0.075 0.083 0.091 0.079 0.084 0.085 0.089 0.009 0.077 0.079 0.083 
211 COPE-0211    (0)   :  0.084 0.074 0.080 0.082 0.091 0.079 0.084 0.092 0.079 0.005 0.084 0.087 0.079 
212 COPE-0212    (0)   :  0.084 0.084 0.090 0.082 0.071 0.086 0.083 0.083 0.083 0.011 0.081 0.084 0.078 
213 COPE-0213    (0)   :  0.084 0.082 0.091 0.082 0.079 0.078 0.082 0.083 0.081 0.008 0.083 0.086 0.079 
214 COPE-0214    (0)   :  0.076 0.079 0.067 0.085 0.095 0.072 0.089 0.082 0.091 0.008 0.089 0.081 0.086 
215 COPE-0215    (0)   :  0.074 0.078 0.072 0.078 0.084 0.069 0.080 0.079 0.083 0.057 0.085 0.078 0.081 
216 COPE-0216   (14)   :  0.054 0.057 0.054 0.053 0.056 0.054 0.055 0.055 0.057 0.342 0.053 0.055 0.055 
217 COPE-0217    (0)   :  0.089 0.080 0.091 0.083 0.069 0.085 0.080 0.082 0.081 0.027 0.078 0.078 0.077 
218 COPE-0218    (0)   :  0.079 0.081 0.082 0.079 0.088 0.080 0.085 0.081 0.086 0.009 0.085 0.084 0.081 
219 COPE-0219   (14)   :  0.078 0.081 0.074 0.082 0.091 0.076 0.085 0.085 0.089 0.008 0.087 0.081 0.084 
220 COPE-0220    (0)   :  0.092 0.081 0.097 0.085 0.067 0.089 0.077 0.084 0.083 0.013 0.078 0.080 0.076 
221 COPE-0221    (0)   :  0.081 0.074 0.077 0.079 0.082 0.075 0.091 0.085 0.078 0.016 0.086 0.094 0.080 
222 COPE-0222    (0)   :  0.078 0.088 0.078 0.079 0.084 0.089 0.082 0.086 0.090 0.007 0.080 0.077 0.083 
223 COPE-0223    (0)   :  0.084 0.084 0.078 0.076 0.083 0.071 0.083 0.087 0.084 0.007 0.091 0.084 0.087 
224 COPE-0224    (0)   :  0.108 0.066 0.066 0.082 0.087 0.071 0.095 0.081 0.088 0.019 0.071 0.064 0.100 
225 COPE-0225    (0)   :  0.076 0.079 0.067 0.085 0.093 0.072 0.088 0.082 0.091 0.013 0.089 0.079 0.085 
226 COPE-0226    (0)   :  0.085 0.081 0.082 0.085 0.083 0.080 0.083 0.083 0.085 0.006 0.082 0.083 0.083 
227 COPE-0227    (0)   :  0.077 0.086 0.077 0.087 0.084 0.086 0.081 0.083 0.084 0.006 0.085 0.081 0.082 
228 COPE-0228    (0)   :  0.089 0.081 0.091 0.083 0.072 0.082 0.080 0.085 0.083 0.017 0.077 0.079 0.080 
229 COPE-0229    (0)   :  0.081 0.083 0.081 0.084 0.084 0.078 0.084 0.085 0.086 0.007 0.083 0.080 0.082 
230 COPE-0230    (0)   :  0.091 0.075 0.095 0.089 0.075 0.079 0.081 0.082 0.086 0.010 0.080 0.076 0.083 
231 COPE-0231    (0)   :  0.084 0.081 0.085 0.079 0.082 0.078 0.082 0.086 0.086 0.006 0.086 0.080 0.084 
232 COPE-0232    (0)   :  0.094 0.075 0.079 0.081 0.083 0.074 0.087 0.086 0.082 0.015 0.079 0.076 0.089 
233 COPE-0233    (0)   :  0.079 0.087 0.085 0.072 0.080 0.090 0.080 0.088 0.087 0.005 0.085 0.076 0.085 
234 COPE-0234    (0)   :  0.091 0.077 0.089 0.075 0.086 0.075 0.086 0.082 0.082 0.008 0.078 0.081 0.090 
235 COPE-0235    (0)   :  0.087 0.084 0.079 0.075 0.084 0.077 0.081 0.085 0.085 0.006 0.087 0.084 0.089 
236 COPE-0236    (0)   :  0.096 0.074 0.102 0.096 0.068 0.084 0.076 0.083 0.087 0.005 0.080 0.072 0.077 
237 COPE-0237    (0)   :  0.076 0.085 0.079 0.081 0.081 0.088 0.082 0.084 0.087 0.006 0.086 0.081 0.083 
238 COPE-0238    (0)   :  0.080 0.083 0.081 0.080 0.083 0.073 0.082 0.087 0.087 0.009 0.092 0.077 0.086 
239 COPE-0239    (0)   :  0.088 0.075 0.077 0.078 0.083 0.074 0.082 0.080 0.080 0.037 0.079 0.079 0.087 
240 COPE-0240    (0)   :  0.079 0.089 0.079 0.079 0.086 0.079 0.086 0.084 0.093 0.008 0.076 0.075 0.087 
241 COPE-0241    (0)   :  0.075 0.085 0.078 0.080 0.082 0.075 0.085 0.083 0.086 0.007 0.091 0.080 0.091 
242 COPE-0242    (0)   :  0.080 0.088 0.084 0.087 0.076 0.095 0.079 0.079 0.079 0.006 0.083 0.085 0.078 
243 COPE-0243    (0)   :  0.080 0.078 0.080 0.081 0.092 0.084 0.084 0.083 0.074 0.007 0.088 0.091 0.078 
244 COPE-0244    (0)   :  0.082 0.080 0.083 0.080 0.087 0.078 0.086 0.082 0.081 0.009 0.084 0.086 0.082 
245 COPE-0245    (0)   :  0.079 0.079 0.083 0.078 0.090 0.082 0.086 0.084 0.078 0.011 0.087 0.088 0.077 
246 COPE-0246    (0)   :  0.085 0.084 0.078 0.081 0.083 0.082 0.082 0.083 0.082 0.012 0.079 0.081 0.086 
247 COPE-0247    (0)   :  0.078 0.078 0.076 0.081 0.085 0.075 0.087 0.082 0.085 0.015 0.090 0.088 0.079 
248 COPE-0248    (0)   :  0.078 0.085 0.091 0.077 0.084 0.084 0.084 0.083 0.079 0.005 0.087 0.084 0.079 
249 COPE-0249    (0)   :  0.092 0.073 0.072 0.081 0.090 0.071 0.088 0.081 0.085 0.026 0.079 0.075 0.088 
250 COPE-0250    (0)   :  0.093 0.075 0.080 0.079 0.080 0.074 0.088 0.081 0.086 0.017 0.081 0.075 0.091 
251 COPE-0251   (14)   :  0.027 0.028 0.030 0.028 0.030 0.029 0.031 0.030 0.031 0.645 0.031 0.032 0.028 
252 COPE-0252    (0)   :  0.099 0.072 0.071 0.082 0.087 0.072 0.089 0.087 0.088 0.011 0.077 0.071 0.095 
253 COPE-0253    (0)   :  0.078 0.079 0.080 0.082 0.085 0.082 0.084 0.082 0.082 0.008 0.084 0.090 0.084 
254 COPE-0254    (0)   :  0.079 0.079 0.087 0.084 0.087 0.086 0.087 0.077 0.070 0.014 0.085 0.087 0.077 
255 COPE-0255    (0)   :  0.079 0.076 0.082 0.079 0.085 0.076 0.088 0.082 0.078 0.021 0.086 0.088 0.080 
256 COPE-0256    (0)   :  0.080 0.089 0.082 0.080 0.083 0.079 0.084 0.085 0.095 0.010 0.073 0.074 0.086 
257 COPE-0257    (0)   :  0.064 0.109 0.069 0.107 0.079 0.130 0.062 0.065 0.065 0.007 0.082 0.091 0.069 
258 COPE-0258    (0)   :  0.077 0.086 0.083 0.087 0.084 0.092 0.078 0.078 0.076 0.014 0.082 0.088 0.075 
259 COPE-0259    (0)   :  0.082 0.083 0.089 0.085 0.082 0.082 0.082 0.087 0.082 0.006 0.082 0.081 0.078 
260 COPE-0260    (0)   :  0.081 0.082 0.081 0.079 0.083 0.075 0.081 0.084 0.085 0.022 0.086 0.079 0.083 
261 COPE-0261    (0)   :  0.081 0.080 0.092 0.092 0.082 0.089 0.084 0.079 0.072 0.006 0.085 0.085 0.073 
262 COPE-0262    (0)   :  0.081 0.084 0.081 0.076 0.087 0.080 0.086 0.085 0.084 0.017 0.078 0.082 0.080 
263 COPE-0263    (0)   :  0.074 0.087 0.084 0.082 0.082 0.089 0.079 0.081 0.082 0.007 0.088 0.085 0.080 
264 COPE-0264    (0)   :  0.070 0.097 0.079 0.098 0.077 0.109 0.068 0.072 0.071 0.017 0.082 0.087 0.073 
265 COPE-0265    (0)   :  0.079 0.084 0.085 0.078 0.084 0.083 0.082 0.082 0.084 0.011 0.084 0.082 0.083 
266 COPE-0266    (0)   :  0.086 0.080 0.095 0.082 0.074 0.081 0.081 0.082 0.080 0.018 0.080 0.085 0.077 
267 COPE-0267    (0)   :  0.084 0.084 0.084 0.073 0.079 0.085 0.084 0.086 0.088 0.006 0.084 0.076 0.088 
268 COPE-0268    (0)   :  0.078 0.087 0.085 0.069 0.077 0.091 0.079 0.087 0.088 0.013 0.086 0.076 0.084 
269 COPE-0269    (0)   :  0.082 0.087 0.080 0.083 0.085 0.087 0.077 0.081 0.081 0.006 0.082 0.085 0.084 
270 COPE-0270    (0)   :  0.083 0.074 0.076 0.082 0.092 0.079 0.083 0.093 0.079 0.007 0.087 0.084 0.081 
271 COPE-0271    (0)   :  0.084 0.086 0.074 0.079 0.085 0.076 0.079 0.089 0.085 0.007 0.089 0.082 0.085 
272 COPE-0272    (0)   :  0.086 0.078 0.086 0.081 0.085 0.078 0.086 0.082 0.079 0.007 0.081 0.087 0.083 
273 COPE-0273    (0)   :  0.084 0.082 0.092 0.081 0.069 0.086 0.083 0.081 0.082 0.015 0.083 0.083 0.078 
274 COPE-0274   (14)   :  0.026 0.023 0.025 0.024 0.028 0.024 0.025 0.027 0.024 0.700 0.026 0.026 0.023 
275 COPE-0275    (0)   :  0.084 0.079 0.081 0.080 0.084 0.075 0.085 0.084 0.085 0.009 0.084 0.084 0.085 
276 COPE-0276   (14)   :  0.007 0.007 0.007 0.007 0.007 0.007 0.007 0.007 0.007 0.921 0.007 0.007 0.007 
277 COPE-0277   (14)   :  0.083 0.088 0.087 0.084 0.081 0.080 0.079 0.083 0.091 0.013 0.073 0.075 0.084 
278 COPE-0278    (0)   :  0.100 0.081 0.106 0.090 0.055 0.094 0.073 0.085 0.084 0.007 0.075 0.078 0.073 
279 COPE-0279    (0)   :  0.087 0.083 0.091 0.084 0.079 0.078 0.081 0.085 0.082 0.009 0.080 0.084 0.079 
280 COPE-0280    (0)   :  0.012 0.012 0.012 0.012 0.012 0.012 0.012 0.012 0.012 0.852 0.012 0.012 0.012 
281 COPE-0281    (0)   :  0.032 0.030 0.032 0.031 0.032 0.028 0.033 0.031 0.031 0.624 0.031 0.033 0.031 
282 COPE-0282   (14)   :  0.113 0.064 0.066 0.083 0.088 0.070 0.098 0.082 0.089 0.006 0.072 0.063 0.105 
283 COPE-0283    (0)   :  0.091 0.083 0.098 0.087 0.066 0.090 0.077 0.082 0.082 0.007 0.076 0.082 0.078 
284 COPE-0284   (14)   :  0.078 0.081 0.086 0.077 0.080 0.069 0.082 0.083 0.080 0.031 0.085 0.086 0.082 
285 COPE-0285    (0)   :  0.026 0.030 0.028 0.030 0.028 0.030 0.027 0.028 0.028 0.659 0.030 0.029 0.029 
286 COPE-0286    (0)   :  0.081 0.081 0.096 0.078 0.083 0.073 0.086 0.083 0.079 0.008 0.083 0.089 0.080 
287 COPE-0287    (0)   :  0.077 0.084 0.085 0.067 0.078 0.090 0.078 0.085 0.086 0.027 0.084 0.075 0.084 
288 COPE-0288    (0)   :  0.084 0.075 0.079 0.081 0.080 0.075 0.092 0.084 0.080 0.010 0.087 0.091 0.081 
289 COPE-0289    (0)   :  0.076 0.089 0.079 0.085 0.082 0.089 0.078 0.082 0.085 0.007 0.082 0.081 0.087 
290 COPE-0290    (0)   :  0.080 0.077 0.081 0.080 0.089 0.078 0.085 0.087 0.082 0.007 0.088 0.083 0.083 
291 COPE-0291    (0)   :  0.076 0.090 0.079 0.092 0.083 0.095 0.077 0.075 0.079 0.005 0.083 0.087 0.078 
292 COPE-0292   (42)   :  0.015 0.015 0.015 0.015 0.015 0.014 0.015 0.015 0.015 0.822 0.015 0.015 0.015 
293 COPE-0293    (0)   :  0.081 0.078 0.086 0.083 0.084 0.083 0.085 0.079 0.082 0.008 0.087 0.083 0.082 
294 COPE-0294    (0)   :  0.086 0.081 0.086 0.078 0.084 0.077 0.083 0.083 0.084 0.011 0.079 0.082 0.086 
295 COPE-0295    (0)   :  0.091 0.078 0.080 0.084 0.081 0.079 0.086 0.080 0.085 0.007 0.081 0.076 0.091 
296 COPE-0296   (14)   :  0.083 0.080 0.082 0.081 0.081 0.077 0.087 0.086 0.084 0.007 0.085 0.087 0.082 
297 COPE-0297   (14)   :  0.074 0.077 0.077 0.081 0.086 0.072 0.085 0.078 0.086 0.035 0.085 0.081 0.083 
298 COPE-0298    (0)   :  0.088 0.075 0.082 0.082 0.085 0.078 0.086 0.080 0.083 0.009 0.083 0.082 0.087 
299 COPE-0299    (0)   :  0.076 0.082 0.087 0.084 0.091 0.082 0.086 0.081 0.071 0.006 0.087 0.089 0.079 
300 COPE-0300   (14)   :  0.080 0.090 0.081 0.077 0.083 0.083 0.083 0.086 0.091 0.008 0.079 0.074 0.086 
301 COPE-0301   (14)   :  0.079 0.076 0.079 0.080 0.086 0.080 0.087 0.080 0.081 0.009 0.086 0.093 0.084 
302 COPE-0302    (0)   :  0.065 0.077 0.065 0.078 0.072 0.077 0.067 0.068 0.071 0.149 0.068 0.070 0.074 
303 COPE-0303    (0)   :  0.097 0.081 0.099 0.093 0.064 0.085 0.073 0.087 0.083 0.006 0.079 0.078 0.075 
304 COPE-0304    (0)   :  0.084 0.082 0.084 0.074 0.083 0.083 0.083 0.085 0.084 0.007 0.085 0.082 0.084 
305 COPE-0305   (14)   :  0.083 0.081 0.078 0.083 0.083 0.083 0.077 0.079 0.079 0.033 0.078 0.080 0.082 
306 COPE-0306    (0)   :  0.094 0.084 0.100 0.092 0.059 0.096 0.074 0.087 0.080 0.010 0.077 0.078 0.071 
307 COPE-0307   (28)   :  0.008 0.008 0.008 0.008 0.008 0.008 0.008 0.008 0.008 0.903 0.008 0.008 0.008 
308 COPE-0308    (0)   :  0.106 0.067 0.070 0.081 0.086 0.072 0.097 0.082 0.087 0.006 0.075 0.071 0.101 
309 COPE-0309   (14)   :  0.036 0.035 0.037 0.035 0.037 0.033 0.037 0.036 0.035 0.572 0.034 0.037 0.035 
310 COPE-0310   (28)   :  0.031 0.051 0.032 0.050 0.036 0.060 0.030 0.031 0.030 0.536 0.038 0.043 0.033 
311 COPE-0311    (0)   :  0.074 0.085 0.089 0.087 0.081 0.086 0.078 0.076 0.076 0.019 0.082 0.088 0.077 
312 COPE-0312   (28)   :  0.014 0.013 0.014 0.014 0.011 0.013 0.012 0.013 0.013 0.845 0.013 0.013 0.012 
313 COPE-0313    (0)   :  0.076 0.093 0.082 0.088 0.074 0.101 0.075 0.080 0.076 0.009 0.085 0.086 0.075 
314 COPE-0314    (0)   :  0.075 0.086 0.089 0.072 0.084 0.088 0.083 0.085 0.082 0.007 0.089 0.082 0.078 
315 COPE-0315    (0)   :  0.079 0.088 0.080 0.084 0.080 0.089 0.078 0.082 0.082 0.008 0.085 0.083 0.083 
316 COPE-0316    (0)   :  0.082 0.079 0.092 0.082 0.080 0.075 0.081 0.083 0.079 0.019 0.084 0.084 0.081 
317 COPE-0317   (14)   :  0.009 0.009 0.009 0.009 0.009 0.009 0.009 0.008 0.009 0.895 0.009 0.009 0.009 
318 COPE-0318    (0)   :  0.079 0.085 0.083 0.081 0.083 0.084 0.081 0.082 0.080 0.005 0.087 0.085 0.084 
319 COPE-0319    (0)   :  0.093 0.076 0.078 0.078 0.085 0.075 0.087 0.085 0.084 0.006 0.083 0.077 0.093 
320 COPE-0320   (14)   :  0.081 0.081 0.079 0.076 0.084 0.081 0.084 0.083 0.081 0.015 0.081 0.087 0.087 
321 COPE-0321   (14)   :  0.074 0.089 0.080 0.087 0.079 0.098 0.078 0.078 0.077 0.011 0.085 0.087 0.076 
322 COPE-0322   (14)   :  0.082 0.086 0.079 0.078 0.085 0.080 0.081 0.084 0.084 0.006 0.088 0.083 0.086 
323 COPE-0323    (0)   :  0.061 0.112 0.067 0.109 0.077 0.134 0.060 0.064 0.063 0.008 0.083 0.092 0.070 
324 COPE-0324    (0)   :  0.077 0.083 0.072 0.085 0.089 0.078 0.086 0.083 0.089 0.006 0.087 0.079 0.085 
325 COPE-0325   (14)   :  0.076 0.094 0.078 0.080 0.088 0.078 0.082 0.083 0.096 0.011 0.071 0.074 0.087 
326 COPE-0326    (0)   :  0.090 0.074 0.084 0.084 0.078 0.079 0.088 0.082 0.082 0.007 0.084 0.082 0.086 
327 COPE-0327   (14)   :  0.081 0.077 0.082 0.080 0.086 0.077 0.086 0.086 0.079 0.008 0.081 0.091 0.085 
328 COPE-0328    (0)   :  0.084 0.085 0.088 0.084 0.078 0.079 0.080 0.086 0.083 0.006 0.084 0.082 0.082 
329 COPE-0329   (28)   :  0.079 0.083 0.081 0.080 0.083 0.079 0.082 0.083 0.087 0.013 0.087 0.081 0.083 
330 COPE-0330    (0)   :  0.074 0.086 0.086 0.071 0.084 0.089 0.083 0.083 0.080 0.020 0.086 0.082 0.076 
331 COPE-0331    (0)   :  0.080 0.077 0.081 0.078 0.085 0.079 0.089 0.081 0.082 0.006 0.086 0.093 0.081 
332 COPE-0332   (14)   :  0.088 0.084 0.093 0.087 0.076 0.081 0.078 0.084 0.080 0.006 0.081 0.084 0.078 
333 COPE-0333    (0)   :  0.069 0.066 0.072 0.068 0.073 0.067 0.076 0.072 0.070 0.144 0.073 0.078 0.071 
334 COPE-0334   (28)   :  0.035 0.050 0.036 0.049 0.039 0.058 0.034 0.035 0.034 0.509 0.041 0.045 0.037 
335 COPE-0335    (0)   :  0.076 0.080 0.066 0.087 0.096 0.073 0.088 0.082 0.092 0.006 0.088 0.080 0.084 
336 COPE-0336    (0)   :  0.082 0.076 0.093 0.081 0.085 0.073 0.087 0.081 0.080 0.006 0.082 0.093 0.081 
337 COPE-0337   (28)   :  0.017 0.017 0.017 0.017 0.017 0.016 0.017 0.017 0.017 0.798 0.017 0.017 0.018 
338 COPE-0338    (0)   :  0.072 0.091 0.084 0.082 0.079 0.094 0.077 0.080 0.077 0.020 0.085 0.084 0.076 
339 COPE-0339    (0)   :  0.075 0.093 0.075 0.085 0.087 0.087 0.081 0.086 0.092 0.005 0.072 0.074 0.087 
340 COPE-0340   (14)   :  0.012 0.012 0.013 0.012 0.012 0.012 0.013 0.012 0.013 0.850 0.013 0.013 0.013 
341 COPE-0341    (0)   :  0.090 0.077 0.082 0.074 0.087 0.079 0.088 0.082 0.085 0.007 0.080 0.078 0.088 
342 COPE-0342    (0)   :  0.078 0.086 0.074 0.082 0.086 0.073 0.083 0.085 0.087 0.008 0.091 0.080 0.087 
343 COPE-0343    (0)   :  0.084 0.082 0.092 0.084 0.078 0.085 0.084 0.083 0.079 0.006 0.083 0.082 0.079 
344 COPE-0344   (14)   :  0.012 0.012 0.011 0.011 0.011 0.012 0.012 0.011 0.012 0.861 0.011 0.011 0.012 
