

----------------------------------------------------
STRUCTURE by Pritchard, Stephens and Donnelly (2000)
     and Falush, Stephens and Pritchard (2003)
       Code by Pritchard, Falush and Hubisz
             Version 2.3.4 (Jul 2012)
----------------------------------------------------



Command line arguments:   /home/jason/Programs/structure -K 10 -i ../Data/microsats.structure -m Structure_Run/mainparams -e Structure_Run/extraparams -D 94694675 -o ../Structure_Results/02_K_10.out 
Input File:    ../Data/microsats.structure

Run parameters:
   384 individuals
   7 loci
   10 populations assumed
   1000000 Burn-in period
   10000000 Reps
RANDOMIZE turned off


--------------------------------------------
Overall proportion of membership of the
sample in each of the 10 clusters

Inferred Clusters
  1      2      3      4      5      6      7      8      9     10    
0.112  0.099  0.098  0.099  0.099  0.099  0.099  0.099  0.099  0.099  

--------------------------------------------

Allele-freq. divergence among pops (Net nucleotide distance),
computed using point estimates of P.

      1       2       3       4       5       6       7       8       9      10      
 1      -    0.1643  0.1653  0.1654  0.1650  0.1645  0.1639  0.1610  0.1642  0.1648  
 2   0.1643     -    0.0002  0.0001  0.0002  0.0001  0.0001  0.0004  0.0001  0.0001  
 3   0.1653  0.0002     -    0.0001  0.0001  0.0002  0.0002  0.0005  0.0002  0.0001  
 4   0.1654  0.0001  0.0001     -    0.0000  0.0001  0.0002  0.0003  0.0001  0.0001  
 5   0.1650  0.0002  0.0001  0.0000     -    0.0001  0.0002  0.0003  0.0001  0.0001  
 6   0.1645  0.0001  0.0002  0.0001  0.0001     -    0.0002  0.0002  0.0001  0.0002  
 7   0.1639  0.0001  0.0002  0.0002  0.0002  0.0002     -    0.0006  0.0001  0.0001  
 8   0.1610  0.0004  0.0005  0.0003  0.0003  0.0002  0.0006     -    0.0003  0.0003  
 9   0.1642  0.0001  0.0002  0.0001  0.0001  0.0001  0.0001  0.0003     -    0.0000  
10   0.1648  0.0001  0.0001  0.0001  0.0001  0.0002  0.0001  0.0003  0.0000     -    

Average distances (expected heterozygosity) between individuals in same cluster:
cluster  1  : 0.6390 
cluster  2  : 0.6251 
cluster  3  : 0.6222 
cluster  4  : 0.6217 
cluster  5  : 0.6228 
cluster  6  : 0.6259 
cluster  7  : 0.6248 
cluster  8  : 0.6372 
cluster  9  : 0.6236 
cluster 10  : 0.6217 

--------------------------------------------
Estimated Ln Prob of Data   = -9414.2
Mean value of ln likelihood = -7759.8
Variance of ln likelihood   = 3308.8
Mean value of alpha         = 0.0483

Mean value of Fst_1         = 0.1932
Mean value of Fst_2         = 0.0904
Mean value of Fst_3         = 0.0975
Mean value of Fst_4         = 0.0943
Mean value of Fst_5         = 0.0924
Mean value of Fst_6         = 0.0890
Mean value of Fst_7         = 0.0929
Mean value of Fst_8         = 0.0658
Mean value of Fst_9         = 0.0900
Mean value of Fst_10         = 0.0919


Inferred ancestry of individuals:
        Label (%Miss) :  Inferred clusters
  1 COPE-0001    (0)   :  0.923 0.008 0.008 0.009 0.009 0.008 0.009 0.008 0.009 0.009 
  2 COPE-0002    (0)   :  0.011 0.112 0.109 0.106 0.113 0.115 0.116 0.103 0.108 0.108 
  3 COPE-0003    (0)   :  0.007 0.099 0.086 0.107 0.109 0.111 0.096 0.155 0.120 0.110 
  4 COPE-0004    (0)   :  0.012 0.114 0.120 0.099 0.101 0.114 0.122 0.091 0.114 0.112 
  5 COPE-0005    (0)   :  0.021 0.109 0.129 0.116 0.103 0.109 0.121 0.080 0.103 0.109 
  6 COPE-0006    (0)   :  0.018 0.111 0.107 0.114 0.113 0.111 0.103 0.110 0.105 0.107 
  7 COPE-0007    (0)   :  0.007 0.102 0.130 0.116 0.110 0.104 0.119 0.093 0.105 0.116 
  8 COPE-0008    (0)   :  0.008 0.121 0.120 0.110 0.109 0.094 0.130 0.073 0.116 0.119 
  9 COPE-0009    (0)   :  0.017 0.106 0.094 0.110 0.118 0.111 0.102 0.134 0.107 0.102 
 10 COPE-0010    (0)   :  0.007 0.119 0.098 0.098 0.103 0.125 0.107 0.118 0.112 0.112 
 11 COPE-0011   (14)   :  0.879 0.015 0.014 0.013 0.013 0.014 0.014 0.011 0.013 0.014 
 12 COPE-0012   (14)   :  0.007 0.121 0.108 0.108 0.107 0.104 0.121 0.093 0.115 0.117 
 13 COPE-0013    (0)   :  0.006 0.106 0.085 0.109 0.116 0.120 0.096 0.108 0.130 0.125 
 14 COPE-0014    (0)   :  0.009 0.096 0.125 0.113 0.117 0.096 0.117 0.104 0.113 0.110 
 15 COPE-0015    (0)   :  0.007 0.104 0.123 0.114 0.114 0.104 0.118 0.094 0.112 0.110 
 16 COPE-0016    (0)   :  0.010 0.107 0.114 0.124 0.134 0.127 0.118 0.079 0.096 0.089 
 17 COPE-0017    (0)   :  0.609 0.041 0.048 0.046 0.047 0.041 0.044 0.038 0.042 0.043 
 18 COPE-0018    (0)   :  0.008 0.116 0.106 0.118 0.114 0.111 0.103 0.100 0.109 0.116 
 19 COPE-0019    (0)   :  0.006 0.108 0.098 0.114 0.114 0.115 0.101 0.106 0.121 0.116 
 20 COPE-0020    (0)   :  0.007 0.107 0.104 0.106 0.110 0.110 0.095 0.153 0.102 0.107 
 21 COPE-0021    (0)   :  0.006 0.108 0.125 0.119 0.110 0.110 0.101 0.109 0.101 0.112 
 22 COPE-0022    (0)   :  0.006 0.129 0.110 0.108 0.114 0.095 0.119 0.082 0.118 0.119 
 23 COPE-0023    (0)   :  0.008 0.122 0.098 0.100 0.107 0.113 0.103 0.129 0.106 0.114 
 24 COPE-0024   (14)   :  0.006 0.111 0.130 0.126 0.114 0.112 0.097 0.098 0.094 0.111 
 25 COPE-0025    (0)   :  0.052 0.094 0.078 0.088 0.090 0.097 0.087 0.235 0.094 0.087 
 26 COPE-0026    (0)   :  0.005 0.102 0.119 0.111 0.111 0.111 0.128 0.090 0.112 0.111 
 27 COPE-0027    (0)   :  0.006 0.110 0.096 0.111 0.112 0.112 0.100 0.104 0.126 0.123 
 28 COPE-0028    (0)   :  0.005 0.113 0.092 0.098 0.097 0.122 0.118 0.149 0.113 0.092 
 29 COPE-0029    (0)   :  0.005 0.102 0.118 0.124 0.133 0.122 0.116 0.089 0.096 0.094 
 30 COPE-0030   (14)   :  0.738 0.029 0.029 0.029 0.029 0.029 0.029 0.030 0.029 0.029 
 31 COPE-0031    (0)   :  0.010 0.101 0.124 0.117 0.117 0.095 0.130 0.077 0.112 0.116 
 32 COPE-0032    (0)   :  0.009 0.117 0.089 0.094 0.101 0.118 0.106 0.154 0.108 0.105 
 33 COPE-0033    (0)   :  0.011 0.113 0.094 0.102 0.107 0.115 0.106 0.135 0.109 0.108 
 34 COPE-0034    (0)   :  0.010 0.106 0.131 0.114 0.110 0.109 0.129 0.075 0.109 0.108 
 35 COPE-0035   (14)   :  0.007 0.115 0.090 0.096 0.098 0.120 0.113 0.151 0.112 0.098 
 36 COPE-0036   (14)   :  0.006 0.110 0.120 0.122 0.108 0.110 0.091 0.120 0.100 0.113 
 37 COPE-0037    (0)   :  0.024 0.108 0.111 0.111 0.108 0.110 0.098 0.114 0.105 0.111 
 38 COPE-0038    (0)   :  0.007 0.110 0.114 0.113 0.112 0.097 0.121 0.091 0.116 0.120 
 39 COPE-0039    (0)   :  0.056 0.095 0.085 0.095 0.099 0.098 0.089 0.188 0.100 0.094 
 40 COPE-0040   (14)   :  0.084 0.096 0.094 0.101 0.100 0.097 0.092 0.130 0.103 0.103 
 41 COPE-0041    (0)   :  0.028 0.113 0.099 0.105 0.107 0.106 0.100 0.127 0.106 0.110 
 42 COPE-0042    (0)   :  0.010 0.112 0.089 0.097 0.107 0.121 0.110 0.131 0.116 0.106 
 43 COPE-0043    (0)   :  0.005 0.113 0.111 0.112 0.124 0.117 0.116 0.092 0.107 0.102 
 44 COPE-0044    (0)   :  0.013 0.114 0.112 0.096 0.104 0.107 0.118 0.107 0.114 0.114 
 45 COPE-0045    (0)   :  0.033 0.117 0.106 0.099 0.102 0.106 0.110 0.105 0.109 0.113 
 46 COPE-0046    (0)   :  0.760 0.025 0.025 0.027 0.028 0.027 0.026 0.027 0.028 0.027 
 47 COPE-0047    (0)   :  0.933 0.007 0.007 0.008 0.008 0.008 0.007 0.008 0.007 0.007 
 48 COPE-0048    (0)   :  0.007 0.119 0.085 0.096 0.106 0.128 0.114 0.125 0.116 0.104 
 49 COPE-0049    (0)   :  0.016 0.108 0.103 0.099 0.096 0.106 0.109 0.161 0.106 0.098 
 50 COPE-0050    (0)   :  0.007 0.103 0.094 0.106 0.114 0.116 0.104 0.112 0.124 0.119 
 51 COPE-0051    (0)   :  0.104 0.114 0.085 0.084 0.081 0.124 0.122 0.090 0.110 0.088 
 52 COPE-0052    (0)   :  0.011 0.095 0.134 0.117 0.117 0.095 0.126 0.081 0.111 0.113 
 53 COPE-0053    (0)   :  0.008 0.104 0.123 0.131 0.140 0.129 0.117 0.074 0.090 0.084 
 54 COPE-0054    (0)   :  0.005 0.112 0.127 0.124 0.109 0.106 0.092 0.110 0.099 0.116 
 55 COPE-0055    (0)   :  0.005 0.130 0.111 0.109 0.113 0.095 0.122 0.078 0.117 0.121 
 56 COPE-0056    (0)   :  0.016 0.120 0.102 0.100 0.106 0.102 0.109 0.118 0.114 0.113 
 57 COPE-0057    (0)   :  0.010 0.110 0.096 0.105 0.106 0.106 0.095 0.152 0.111 0.110 
 58 COPE-0058    (0)   :  0.009 0.115 0.105 0.108 0.103 0.113 0.108 0.124 0.104 0.110 
 59 COPE-0059    (0)   :  0.018 0.094 0.087 0.110 0.107 0.106 0.090 0.150 0.122 0.116 
 60 COPE-0060    (0)   :  0.007 0.113 0.114 0.116 0.123 0.115 0.112 0.091 0.107 0.104 
 61 COPE-0061    (0)   :  0.010 0.105 0.114 0.127 0.134 0.127 0.114 0.081 0.096 0.091 
 62 COPE-0062    (0)   :  0.009 0.100 0.129 0.118 0.110 0.097 0.111 0.104 0.108 0.115 
 63 COPE-0063    (0)   :  0.024 0.130 0.109 0.104 0.106 0.095 0.122 0.077 0.114 0.119 
 64 COPE-0064    (0)   :  0.009 0.102 0.112 0.109 0.118 0.107 0.117 0.098 0.114 0.114 
 65 COPE-0065    (0)   :  0.946 0.006 0.006 0.006 0.006 0.006 0.006 0.006 0.006 0.006 
 66 COPE-0066    (0)   :  0.017 0.117 0.083 0.092 0.098 0.128 0.114 0.131 0.117 0.103 
 67 COPE-0067   (14)   :  0.746 0.029 0.024 0.025 0.027 0.029 0.027 0.040 0.027 0.026 
 68 COPE-0068    (0)   :  0.011 0.097 0.086 0.109 0.113 0.115 0.098 0.125 0.129 0.119 
 69 COPE-0069   (14)   :  0.011 0.101 0.112 0.113 0.111 0.102 0.105 0.123 0.109 0.114 
 70 COPE-0070    (0)   :  0.011 0.116 0.116 0.106 0.098 0.113 0.130 0.091 0.113 0.105 
 71 COPE-0071    (0)   :  0.004 0.110 0.087 0.093 0.096 0.120 0.108 0.169 0.112 0.099 
 72 COPE-0072    (0)   :  0.006 0.105 0.103 0.108 0.116 0.111 0.108 0.109 0.118 0.115 
 73 COPE-0073   (14)   :  0.651 0.037 0.044 0.044 0.044 0.041 0.036 0.034 0.034 0.035 
 74 COPE-0074    (0)   :  0.009 0.117 0.092 0.097 0.108 0.122 0.109 0.132 0.109 0.106 
 75 COPE-0075    (0)   :  0.012 0.126 0.092 0.091 0.091 0.137 0.135 0.096 0.121 0.097 
 76 COPE-0076    (0)   :  0.006 0.114 0.114 0.114 0.112 0.105 0.111 0.095 0.111 0.118 
 77 COPE-0077   (14)   :  0.008 0.108 0.099 0.107 0.114 0.113 0.107 0.115 0.115 0.112 
 78 COPE-0078   (14)   :  0.008 0.113 0.130 0.115 0.104 0.106 0.119 0.085 0.107 0.112 
 79 COPE-0079    (0)   :  0.008 0.119 0.130 0.103 0.099 0.118 0.137 0.055 0.117 0.113 
 80 COPE-0080   (42)   :  0.821 0.020 0.019 0.020 0.020 0.020 0.019 0.020 0.020 0.020 
 81 COPE-0081   (14)   :  0.444 0.064 0.061 0.061 0.061 0.058 0.062 0.065 0.061 0.063 
 82 COPE-0082   (14)   :  0.044 0.120 0.097 0.095 0.093 0.114 0.116 0.107 0.113 0.102 
 83 COPE-0083   (14)   :  0.005 0.090 0.143 0.118 0.119 0.087 0.126 0.079 0.115 0.117 
 84 COPE-0084    (0)   :  0.208 0.084 0.094 0.103 0.111 0.104 0.093 0.062 0.074 0.068 
 85 COPE-0085    (0)   :  0.010 0.105 0.111 0.105 0.103 0.109 0.116 0.128 0.109 0.103 
 86 COPE-0086    (0)   :  0.019 0.110 0.100 0.107 0.107 0.119 0.107 0.128 0.103 0.100 
 87 COPE-0087   (14)   :  0.007 0.114 0.111 0.118 0.128 0.123 0.114 0.085 0.101 0.099 
 88 COPE-0088   (14)   :  0.025 0.109 0.116 0.112 0.106 0.113 0.120 0.093 0.104 0.103 
 89 COPE-0089   (14)   :  0.932 0.008 0.008 0.007 0.007 0.007 0.008 0.007 0.008 0.008 
 90 COPE-0090    (0)   :  0.008 0.123 0.110 0.111 0.113 0.095 0.119 0.088 0.115 0.119 
 91 COPE-0091   (14)   :  0.005 0.110 0.117 0.120 0.128 0.115 0.115 0.084 0.105 0.100 
 92 COPE-0092   (28)   :  0.795 0.021 0.021 0.022 0.021 0.023 0.022 0.029 0.024 0.022 
 93 COPE-0093    (0)   :  0.006 0.135 0.114 0.108 0.109 0.093 0.124 0.070 0.116 0.125 
 94 COPE-0094    (0)   :  0.028 0.116 0.125 0.100 0.099 0.118 0.132 0.053 0.116 0.112 
 95 COPE-0095    (0)   :  0.005 0.104 0.120 0.128 0.134 0.124 0.120 0.076 0.095 0.094 
 96 COPE-0096    (0)   :  0.009 0.104 0.119 0.115 0.115 0.106 0.120 0.101 0.106 0.105 
 97 COPE-0097    (0)   :  0.007 0.116 0.107 0.102 0.098 0.124 0.125 0.102 0.117 0.102 
 98 COPE-0098    (0)   :  0.009 0.105 0.127 0.114 0.114 0.092 0.134 0.072 0.115 0.119 
 99 COPE-0099    (0)   :  0.021 0.095 0.082 0.100 0.097 0.101 0.087 0.202 0.110 0.105 
100 COPE-0100    (0)   :  0.007 0.110 0.094 0.105 0.110 0.114 0.102 0.138 0.111 0.109 
101 COPE-0101    (0)   :  0.046 0.115 0.093 0.092 0.097 0.107 0.109 0.130 0.107 0.103 
102 COPE-0102    (0)   :  0.006 0.117 0.106 0.107 0.111 0.116 0.112 0.105 0.107 0.113 
103 COPE-0103    (0)   :  0.016 0.105 0.130 0.109 0.104 0.103 0.125 0.085 0.112 0.109 
104 COPE-0104   (14)   :  0.007 0.118 0.093 0.098 0.104 0.117 0.113 0.129 0.117 0.103 
105 COPE-0105    (0)   :  0.037 0.122 0.092 0.096 0.085 0.127 0.124 0.103 0.119 0.095 
106 COPE-0106    (0)   :  0.004 0.108 0.136 0.132 0.113 0.107 0.072 0.124 0.092 0.112 
107 COPE-0107    (0)   :  0.822 0.021 0.020 0.019 0.020 0.018 0.020 0.018 0.020 0.021 
108 COPE-0108    (0)   :  0.006 0.104 0.118 0.114 0.110 0.101 0.119 0.101 0.113 0.114 
109 COPE-0109    (0)   :  0.011 0.114 0.114 0.099 0.105 0.113 0.122 0.095 0.114 0.113 
110 COPE-0110   (14)   :  0.013 0.109 0.119 0.116 0.115 0.110 0.103 0.109 0.103 0.103 
111 COPE-0111    (0)   :  0.009 0.108 0.122 0.122 0.116 0.111 0.095 0.109 0.102 0.108 
112 COPE-0112   (14)   :  0.010 0.119 0.091 0.098 0.110 0.121 0.115 0.116 0.112 0.108 
113 COPE-0113    (0)   :  0.018 0.105 0.095 0.102 0.106 0.106 0.102 0.143 0.112 0.112 
114 COPE-0114    (0)   :  0.009 0.108 0.120 0.123 0.107 0.105 0.086 0.132 0.098 0.113 
115 COPE-0115    (0)   :  0.753 0.025 0.032 0.029 0.029 0.027 0.030 0.023 0.027 0.026 
116 COPE-0116   (28)   :  0.901 0.010 0.010 0.010 0.011 0.010 0.010 0.016 0.011 0.011 
117 COPE-0117    (0)   :  0.010 0.103 0.121 0.130 0.137 0.127 0.120 0.073 0.091 0.088 
118 COPE-0118    (0)   :  0.009 0.102 0.136 0.131 0.111 0.103 0.081 0.118 0.094 0.114 
119 COPE-0119    (0)   :  0.010 0.106 0.131 0.122 0.109 0.097 0.106 0.095 0.105 0.118 
120 COPE-0120    (0)   :  0.011 0.110 0.100 0.100 0.110 0.113 0.109 0.114 0.117 0.116 
121 COPE-0121    (0)   :  0.055 0.099 0.105 0.105 0.104 0.094 0.096 0.140 0.100 0.102 
122 COPE-0122    (0)   :  0.008 0.123 0.105 0.103 0.112 0.118 0.112 0.098 0.107 0.115 
123 COPE-0123    (0)   :  0.016 0.121 0.099 0.099 0.106 0.115 0.108 0.117 0.108 0.111 
124 COPE-0124    (0)   :  0.012 0.114 0.099 0.104 0.102 0.106 0.096 0.152 0.104 0.110 
125 COPE-0125    (0)   :  0.006 0.117 0.106 0.108 0.103 0.116 0.104 0.114 0.110 0.115 
126 COPE-0126    (0)   :  0.012 0.101 0.123 0.131 0.134 0.126 0.123 0.069 0.091 0.090 
127 COPE-0127   (14)   :  0.007 0.115 0.108 0.109 0.100 0.119 0.122 0.108 0.111 0.101 
128 COPE-0128    (0)   :  0.018 0.102 0.101 0.103 0.103 0.104 0.088 0.177 0.100 0.105 
129 COPE-0129    (0)   :  0.006 0.116 0.120 0.105 0.101 0.115 0.127 0.080 0.115 0.114 
130 COPE-0130    (0)   :  0.013 0.102 0.093 0.110 0.113 0.111 0.104 0.118 0.121 0.115 
131 COPE-0131   (14)   :  0.008 0.096 0.127 0.117 0.112 0.094 0.112 0.100 0.117 0.118 
132 COPE-0132   (14)   :  0.039 0.106 0.126 0.123 0.109 0.105 0.089 0.103 0.092 0.109 
133 COPE-0133    (0)   :  0.009 0.105 0.119 0.126 0.140 0.129 0.117 0.074 0.095 0.087 
134 COPE-0134    (0)   :  0.007 0.117 0.110 0.108 0.110 0.112 0.106 0.105 0.111 0.115 
135 COPE-0135    (0)   :  0.008 0.119 0.098 0.095 0.102 0.109 0.110 0.134 0.114 0.112 
136 COPE-0136    (0)   :  0.880 0.013 0.013 0.013 0.013 0.014 0.013 0.014 0.013 0.013 
137 COPE-0137    (0)   :  0.012 0.114 0.090 0.103 0.112 0.113 0.093 0.143 0.108 0.112 
138 COPE-0138   (14)   :  0.918 0.009 0.009 0.009 0.009 0.009 0.009 0.010 0.009 0.009 
139 COPE-0139    (0)   :  0.007 0.096 0.081 0.103 0.104 0.105 0.089 0.210 0.107 0.098 
140 COPE-0140   (14)   :  0.780 0.023 0.021 0.023 0.024 0.024 0.022 0.035 0.024 0.023 
141 COPE-0141    (0)   :  0.008 0.125 0.110 0.106 0.104 0.096 0.118 0.102 0.113 0.117 
142 COPE-0142    (0)   :  0.009 0.121 0.114 0.111 0.109 0.103 0.111 0.095 0.110 0.118 
143 COPE-0143    (0)   :  0.009 0.113 0.117 0.116 0.122 0.115 0.115 0.089 0.102 0.101 
144 COPE-0144   (14)   :  0.162 0.087 0.084 0.085 0.092 0.090 0.087 0.139 0.088 0.084 
145 COPE-0145   (14)   :  0.260 0.066 0.056 0.067 0.071 0.069 0.061 0.214 0.071 0.066 
146 COPE-0146   (14)   :  0.029 0.108 0.111 0.116 0.115 0.107 0.116 0.093 0.104 0.104 
147 COPE-0147    (0)   :  0.071 0.114 0.105 0.091 0.102 0.101 0.110 0.092 0.107 0.108 
148 COPE-0148    (0)   :  0.009 0.107 0.122 0.127 0.134 0.126 0.117 0.074 0.094 0.091 
149 COPE-0149    (0)   :  0.007 0.109 0.102 0.117 0.121 0.118 0.108 0.090 0.117 0.112 
150 COPE-0150    (0)   :  0.008 0.124 0.080 0.092 0.104 0.135 0.115 0.125 0.115 0.102 
151 COPE-0151    (0)   :  0.007 0.103 0.097 0.107 0.111 0.104 0.097 0.173 0.102 0.101 
152 COPE-0152   (14)   :  0.127 0.107 0.098 0.092 0.095 0.085 0.103 0.094 0.100 0.101 
153 COPE-0153    (0)   :  0.006 0.107 0.119 0.109 0.111 0.103 0.116 0.103 0.111 0.114 
154 COPE-0154    (0)   :  0.007 0.112 0.109 0.116 0.115 0.110 0.105 0.105 0.110 0.112 
155 COPE-0155    (0)   :  0.006 0.107 0.098 0.107 0.109 0.109 0.094 0.155 0.106 0.109 
156 COPE-0156   (14)   :  0.919 0.009 0.009 0.009 0.009 0.009 0.009 0.009 0.009 0.009 
157 COPE-0157   (14)   :  0.247 0.085 0.083 0.076 0.076 0.076 0.090 0.107 0.081 0.080 
158 COPE-0158    (0)   :  0.009 0.106 0.110 0.122 0.133 0.126 0.115 0.081 0.103 0.094 
159 COPE-0159    (0)   :  0.008 0.115 0.119 0.109 0.110 0.106 0.119 0.088 0.112 0.114 
160 COPE-0160    (0)   :  0.007 0.116 0.113 0.108 0.095 0.111 0.119 0.111 0.109 0.111 
161 COPE-0161    (0)   :  0.012 0.117 0.108 0.101 0.110 0.111 0.113 0.105 0.108 0.114 
162 COPE-0162   (14)   :  0.937 0.007 0.007 0.007 0.007 0.007 0.007 0.007 0.007 0.007 
163 COPE-0163   (28)   :  0.881 0.013 0.013 0.013 0.013 0.013 0.013 0.013 0.013 0.013 
164 COPE-0164    (0)   :  0.027 0.103 0.095 0.111 0.108 0.101 0.101 0.145 0.104 0.105 
165 COPE-0165    (0)   :  0.008 0.107 0.097 0.106 0.112 0.113 0.106 0.122 0.116 0.113 
166 COPE-0166   (14)   :  0.008 0.116 0.115 0.112 0.108 0.112 0.111 0.093 0.111 0.115 
167 COPE-0167    (0)   :  0.008 0.110 0.127 0.114 0.106 0.110 0.113 0.097 0.105 0.109 
168 COPE-0168    (0)   :  0.006 0.109 0.116 0.115 0.125 0.115 0.120 0.090 0.104 0.100 
169 COPE-0169    (0)   :  0.011 0.097 0.089 0.112 0.112 0.112 0.096 0.118 0.128 0.124 
170 COPE-0170    (0)   :  0.026 0.108 0.106 0.097 0.100 0.088 0.104 0.156 0.106 0.109 
171 COPE-0171    (0)   :  0.008 0.102 0.105 0.108 0.112 0.099 0.104 0.160 0.101 0.101 
172 COPE-0172    (0)   :  0.007 0.109 0.109 0.112 0.108 0.113 0.117 0.106 0.109 0.111 
173 COPE-0173   (14)   :  0.059 0.092 0.086 0.103 0.104 0.102 0.093 0.129 0.119 0.113 
174 COPE-0174   (28)   :  0.016 0.113 0.105 0.106 0.114 0.106 0.110 0.116 0.108 0.107 
175 COPE-0175    (0)   :  0.040 0.101 0.106 0.107 0.109 0.107 0.114 0.117 0.099 0.099 
176 COPE-0176    (0)   :  0.009 0.117 0.129 0.117 0.107 0.102 0.108 0.090 0.107 0.116 
177 COPE-0177    (0)   :  0.007 0.112 0.096 0.113 0.113 0.112 0.103 0.106 0.120 0.117 
178 COPE-0178    (0)   :  0.007 0.108 0.134 0.129 0.111 0.109 0.073 0.124 0.092 0.113 
179 COPE-0179    (0)   :  0.009 0.113 0.097 0.101 0.107 0.109 0.102 0.143 0.109 0.111 
180 COPE-0180   (14)   :  0.006 0.101 0.089 0.112 0.111 0.115 0.099 0.114 0.130 0.122 
181 COPE-0181   (14)   :  0.009 0.108 0.094 0.107 0.112 0.115 0.101 0.112 0.122 0.119 
182 COPE-0182    (0)   :  0.005 0.111 0.110 0.108 0.100 0.114 0.130 0.093 0.117 0.111 
183 COPE-0183    (0)   :  0.011 0.114 0.108 0.113 0.112 0.107 0.107 0.106 0.109 0.113 
184 COPE-0184    (0)   :  0.009 0.112 0.128 0.117 0.103 0.114 0.126 0.076 0.107 0.108 
185 COPE-0185    (0)   :  0.006 0.110 0.113 0.113 0.113 0.097 0.117 0.094 0.115 0.122 
186 COPE-0186    (0)   :  0.005 0.095 0.138 0.118 0.116 0.090 0.124 0.083 0.114 0.118 
187 COPE-0187    (0)   :  0.010 0.127 0.099 0.095 0.091 0.128 0.132 0.090 0.124 0.104 
188 COPE-0188    (0)   :  0.768 0.028 0.023 0.023 0.026 0.029 0.027 0.027 0.026 0.024 
189 COPE-0189    (0)   :  0.008 0.108 0.093 0.106 0.115 0.115 0.105 0.121 0.115 0.114 
190 COPE-0190    (0)   :  0.014 0.118 0.109 0.098 0.102 0.115 0.116 0.100 0.114 0.113 
191 COPE-0191    (0)   :  0.011 0.109 0.116 0.111 0.116 0.105 0.111 0.096 0.112 0.112 
192 COPE-0192   (14)   :  0.902 0.010 0.012 0.011 0.011 0.010 0.011 0.011 0.011 0.011 
193 COPE-0193    (0)   :  0.006 0.107 0.113 0.123 0.125 0.115 0.108 0.101 0.100 0.103 
194 COPE-0194    (0)   :  0.009 0.118 0.086 0.092 0.094 0.127 0.116 0.146 0.114 0.098 
195 COPE-0195    (0)   :  0.006 0.116 0.094 0.098 0.107 0.120 0.109 0.139 0.106 0.105 
196 COPE-0196    (0)   :  0.011 0.111 0.108 0.099 0.106 0.104 0.107 0.128 0.112 0.114 
197 COPE-0197    (0)   :  0.007 0.106 0.097 0.111 0.112 0.112 0.099 0.121 0.118 0.116 
198 COPE-0198    (0)   :  0.014 0.101 0.104 0.114 0.115 0.105 0.101 0.106 0.119 0.122 
199 COPE-0199    (0)   :  0.012 0.106 0.093 0.112 0.108 0.113 0.093 0.114 0.126 0.122 
200 COPE-0200   (42)   :  0.009 0.102 0.091 0.110 0.113 0.117 0.101 0.114 0.126 0.117 
201 COPE-0201    (0)   :  0.009 0.112 0.116 0.113 0.105 0.103 0.120 0.098 0.111 0.113 
202 COPE-0202    (0)   :  0.013 0.119 0.125 0.103 0.105 0.106 0.131 0.066 0.117 0.114 
203 COPE-0203    (0)   :  0.006 0.116 0.113 0.112 0.114 0.108 0.106 0.103 0.108 0.114 
204 COPE-0204    (0)   :  0.029 0.113 0.109 0.109 0.098 0.116 0.094 0.125 0.104 0.101 
205 COPE-0205    (0)   :  0.022 0.104 0.108 0.117 0.124 0.112 0.112 0.100 0.101 0.101 
206 COPE-0206    (0)   :  0.005 0.106 0.119 0.112 0.107 0.105 0.082 0.161 0.097 0.106 
207 COPE-0207    (0)   :  0.011 0.109 0.132 0.123 0.111 0.105 0.085 0.113 0.098 0.113 
208 COPE-0208    (0)   :  0.720 0.028 0.027 0.028 0.029 0.028 0.028 0.053 0.030 0.030 
209 COPE-0209    (0)   :  0.006 0.102 0.099 0.107 0.111 0.107 0.101 0.141 0.115 0.112 
210 COPE-0210    (0)   :  0.011 0.107 0.106 0.115 0.129 0.123 0.116 0.093 0.104 0.095 
211 COPE-0211    (0)   :  0.005 0.119 0.081 0.092 0.103 0.128 0.111 0.145 0.115 0.101 
212 COPE-0212    (0)   :  0.012 0.110 0.129 0.124 0.113 0.108 0.093 0.105 0.097 0.111 
213 COPE-0213    (0)   :  0.008 0.109 0.107 0.111 0.106 0.108 0.097 0.138 0.104 0.112 
214 COPE-0214    (0)   :  0.008 0.093 0.088 0.112 0.114 0.113 0.096 0.116 0.134 0.126 
215 COPE-0215    (0)   :  0.048 0.095 0.085 0.108 0.105 0.108 0.090 0.119 0.124 0.118 
216 COPE-0216   (14)   :  0.386 0.068 0.068 0.071 0.074 0.070 0.068 0.068 0.065 0.063 
217 COPE-0217    (0)   :  0.028 0.106 0.126 0.121 0.108 0.106 0.084 0.115 0.097 0.109 
218 COPE-0218    (0)   :  0.009 0.105 0.106 0.112 0.115 0.111 0.106 0.118 0.108 0.111 
219 COPE-0219   (14)   :  0.009 0.105 0.096 0.110 0.116 0.113 0.105 0.106 0.124 0.116 
220 COPE-0220    (0)   :  0.014 0.110 0.125 0.124 0.109 0.109 0.080 0.120 0.097 0.112 
221 COPE-0221    (0)   :  0.017 0.126 0.111 0.105 0.110 0.095 0.115 0.081 0.120 0.120 
222 COPE-0222    (0)   :  0.007 0.107 0.120 0.124 0.125 0.111 0.125 0.073 0.103 0.105 
223 COPE-0223    (0)   :  0.007 0.110 0.092 0.109 0.104 0.112 0.097 0.130 0.120 0.119 
224 COPE-0224    (0)   :  0.019 0.113 0.133 0.104 0.098 0.113 0.136 0.057 0.115 0.111 
225 COPE-0225    (0)   :  0.015 0.093 0.087 0.112 0.114 0.113 0.095 0.114 0.133 0.125 
226 COPE-0226    (0)   :  0.007 0.113 0.114 0.110 0.115 0.110 0.113 0.102 0.105 0.110 
227 COPE-0227    (0)   :  0.006 0.096 0.114 0.112 0.116 0.102 0.112 0.110 0.115 0.119 
228 COPE-0228    (0)   :  0.019 0.106 0.117 0.116 0.109 0.109 0.085 0.136 0.099 0.105 
229 COPE-0229    (0)   :  0.007 0.110 0.105 0.109 0.115 0.113 0.109 0.105 0.114 0.113 
230 COPE-0230    (0)   :  0.010 0.117 0.114 0.112 0.108 0.111 0.103 0.099 0.106 0.120 
231 COPE-0231    (0)   :  0.006 0.110 0.102 0.113 0.113 0.119 0.100 0.116 0.111 0.110 
232 COPE-0232    (0)   :  0.015 0.118 0.114 0.107 0.101 0.114 0.115 0.094 0.108 0.114 
233 COPE-0233    (0)   :  0.005 0.102 0.121 0.118 0.117 0.100 0.124 0.089 0.109 0.116 
234 COPE-0234    (0)   :  0.008 0.114 0.108 0.102 0.101 0.111 0.113 0.130 0.105 0.108 
235 COPE-0235    (0)   :  0.006 0.122 0.105 0.107 0.107 0.114 0.107 0.103 0.111 0.118 
236 COPE-0236    (0)   :  0.005 0.115 0.119 0.117 0.106 0.115 0.098 0.103 0.104 0.119 
237 COPE-0237    (0)   :  0.006 0.101 0.122 0.115 0.117 0.094 0.121 0.084 0.117 0.123 
238 COPE-0238    (0)   :  0.008 0.108 0.094 0.115 0.114 0.117 0.097 0.101 0.125 0.119 
239 COPE-0239    (0)   :  0.034 0.113 0.119 0.107 0.100 0.110 0.123 0.084 0.106 0.106 
240 COPE-0240    (0)   :  0.008 0.104 0.118 0.122 0.130 0.121 0.123 0.079 0.100 0.096 
241 COPE-0241    (0)   :  0.007 0.105 0.085 0.109 0.116 0.119 0.096 0.106 0.130 0.126 
242 COPE-0242    (0)   :  0.006 0.107 0.131 0.124 0.112 0.101 0.100 0.103 0.101 0.115 
243 COPE-0243    (0)   :  0.008 0.127 0.096 0.095 0.092 0.134 0.129 0.094 0.123 0.103 
244 COPE-0244    (0)   :  0.009 0.110 0.099 0.107 0.103 0.114 0.105 0.130 0.114 0.111 
245 COPE-0245    (0)   :  0.011 0.121 0.094 0.097 0.098 0.128 0.124 0.108 0.117 0.102 
246 COPE-0246    (0)   :  0.013 0.116 0.113 0.109 0.112 0.106 0.110 0.100 0.110 0.112 
247 COPE-0247    (0)   :  0.017 0.112 0.101 0.109 0.112 0.102 0.109 0.105 0.119 0.114 
248 COPE-0248    (0)   :  0.005 0.108 0.101 0.100 0.102 0.117 0.117 0.137 0.111 0.103 
249 COPE-0249    (0)   :  0.031 0.104 0.108 0.100 0.102 0.109 0.113 0.113 0.111 0.110 
250 COPE-0250    (0)   :  0.016 0.118 0.122 0.108 0.105 0.114 0.119 0.078 0.107 0.113 
251 COPE-0251   (14)   :  0.719 0.031 0.032 0.032 0.032 0.028 0.033 0.028 0.032 0.034 
252 COPE-0252    (0)   :  0.012 0.116 0.116 0.106 0.109 0.119 0.123 0.076 0.114 0.111 
253 COPE-0253    (0)   :  0.008 0.130 0.109 0.108 0.111 0.095 0.123 0.079 0.116 0.121 
254 COPE-0254    (0)   :  0.014 0.126 0.105 0.103 0.089 0.125 0.130 0.088 0.122 0.099 
255 COPE-0255    (0)   :  0.024 0.116 0.099 0.102 0.100 0.106 0.109 0.115 0.116 0.113 
256 COPE-0256    (0)   :  0.010 0.105 0.118 0.126 0.134 0.124 0.115 0.081 0.095 0.092 
257 COPE-0257    (0)   :  0.008 0.095 0.139 0.116 0.117 0.088 0.119 0.086 0.114 0.117 
258 COPE-0258    (0)   :  0.019 0.096 0.106 0.103 0.105 0.097 0.107 0.155 0.106 0.107 
259 COPE-0259    (0)   :  0.006 0.110 0.101 0.102 0.109 0.117 0.109 0.128 0.110 0.108 
260 COPE-0260    (0)   :  0.024 0.107 0.097 0.111 0.105 0.112 0.096 0.114 0.118 0.116 
261 COPE-0261    (0)   :  0.006 0.126 0.101 0.101 0.091 0.132 0.122 0.098 0.122 0.099 
262 COPE-0262    (0)   :  0.019 0.115 0.101 0.110 0.110 0.129 0.118 0.098 0.106 0.094 
263 COPE-0263    (0)   :  0.007 0.096 0.124 0.115 0.114 0.095 0.123 0.095 0.111 0.120 
264 COPE-0264    (0)   :  0.019 0.100 0.123 0.110 0.112 0.094 0.109 0.112 0.109 0.113 
265 COPE-0265    (0)   :  0.011 0.113 0.105 0.110 0.108 0.109 0.113 0.112 0.107 0.111 
266 COPE-0266    (0)   :  0.017 0.108 0.116 0.110 0.104 0.110 0.088 0.142 0.097 0.107 
267 COPE-0267    (0)   :  0.006 0.107 0.124 0.115 0.110 0.105 0.124 0.083 0.108 0.118 
268 COPE-0268    (0)   :  0.013 0.098 0.125 0.118 0.116 0.095 0.124 0.080 0.109 0.123 
269 COPE-0269    (0)   :  0.006 0.108 0.115 0.112 0.118 0.106 0.112 0.114 0.104 0.104 
270 COPE-0270    (0)   :  0.007 0.125 0.083 0.093 0.105 0.135 0.118 0.108 0.122 0.105 
271 COPE-0271    (0)   :  0.007 0.115 0.107 0.112 0.120 0.115 0.108 0.091 0.115 0.112 
272 COPE-0272    (0)   :  0.007 0.119 0.109 0.106 0.101 0.106 0.108 0.123 0.110 0.112 
273 COPE-0273    (0)   :  0.016 0.110 0.129 0.124 0.108 0.105 0.090 0.109 0.096 0.114 
274 COPE-0274   (14)   :  0.792 0.024 0.019 0.020 0.022 0.026 0.024 0.028 0.023 0.021 
275 COPE-0275    (0)   :  0.010 0.112 0.097 0.100 0.110 0.111 0.107 0.132 0.110 0.112 
276 COPE-0276   (14)   :  0.943 0.006 0.006 0.006 0.006 0.006 0.006 0.006 0.006 0.006 
277 COPE-0277   (14)   :  0.013 0.106 0.120 0.124 0.128 0.116 0.108 0.091 0.098 0.096 
278 COPE-0278    (0)   :  0.007 0.109 0.134 0.132 0.113 0.107 0.076 0.120 0.092 0.111 
279 COPE-0279    (0)   :  0.009 0.113 0.113 0.113 0.109 0.111 0.097 0.123 0.103 0.108 
280 COPE-0280    (0)   :  0.884 0.013 0.013 0.013 0.013 0.013 0.013 0.013 0.013 0.013 
281 COPE-0281    (0)   :  0.716 0.028 0.025 0.029 0.029 0.030 0.027 0.056 0.031 0.030 
282 COPE-0282   (14)   :  0.006 0.118 0.135 0.105 0.098 0.116 0.140 0.052 0.118 0.114 
283 COPE-0283    (0)   :  0.007 0.107 0.128 0.124 0.113 0.106 0.084 0.129 0.094 0.108 
284 COPE-0284   (14)   :  0.032 0.102 0.084 0.101 0.104 0.104 0.088 0.166 0.110 0.108 
285 COPE-0285    (0)   :  0.720 0.030 0.032 0.032 0.032 0.031 0.031 0.031 0.030 0.031 
286 COPE-0286    (0)   :  0.010 0.096 0.075 0.089 0.099 0.102 0.086 0.255 0.096 0.092 
287 COPE-0287    (0)   :  0.031 0.091 0.126 0.113 0.114 0.093 0.127 0.077 0.107 0.120 
288 COPE-0288    (0)   :  0.010 0.126 0.115 0.106 0.109 0.099 0.115 0.083 0.119 0.119 
289 COPE-0289    (0)   :  0.008 0.108 0.116 0.120 0.118 0.111 0.118 0.087 0.106 0.109 
290 COPE-0290    (0)   :  0.008 0.116 0.080 0.096 0.110 0.127 0.112 0.121 0.120 0.110 
291 COPE-0291    (0)   :  0.006 0.099 0.108 0.109 0.112 0.103 0.103 0.141 0.110 0.109 
292 COPE-0292   (42)   :  0.867 0.015 0.014 0.015 0.015 0.015 0.014 0.016 0.015 0.015 
293 COPE-0293    (0)   :  0.008 0.126 0.109 0.108 0.106 0.104 0.121 0.084 0.114 0.120 
294 COPE-0294    (0)   :  0.011 0.111 0.102 0.104 0.105 0.111 0.103 0.137 0.108 0.108 
295 COPE-0295    (0)   :  0.007 0.114 0.129 0.119 0.108 0.112 0.124 0.074 0.106 0.106 
296 COPE-0296   (14)   :  0.007 0.120 0.110 0.108 0.111 0.111 0.108 0.107 0.110 0.109 
297 COPE-0297   (14)   :  0.035 0.093 0.083 0.107 0.108 0.110 0.092 0.135 0.123 0.115 
298 COPE-0298    (0)   :  0.010 0.124 0.114 0.101 0.105 0.108 0.119 0.088 0.113 0.119 
299 COPE-0299    (0)   :  0.006 0.122 0.093 0.095 0.091 0.131 0.127 0.112 0.122 0.101 
300 COPE-0300   (14)   :  0.008 0.100 0.121 0.118 0.126 0.114 0.124 0.081 0.103 0.105 
301 COPE-0301   (14)   :  0.009 0.134 0.113 0.107 0.110 0.093 0.126 0.069 0.118 0.123 
302 COPE-0302    (0)   :  0.214 0.079 0.097 0.096 0.093 0.089 0.093 0.077 0.080 0.082 
303 COPE-0303    (0)   :  0.006 0.112 0.124 0.124 0.108 0.112 0.084 0.115 0.100 0.114 
304 COPE-0304    (0)   :  0.007 0.114 0.108 0.114 0.108 0.110 0.115 0.102 0.109 0.113 
305 COPE-0305   (14)   :  0.035 0.104 0.111 0.102 0.107 0.103 0.108 0.123 0.103 0.104 
306 COPE-0306    (0)   :  0.009 0.106 0.134 0.125 0.111 0.107 0.076 0.123 0.096 0.112 
307 COPE-0307   (28)   :  0.927 0.008 0.008 0.008 0.008 0.008 0.008 0.008 0.008 0.008 
308 COPE-0308    (0)   :  0.006 0.118 0.132 0.107 0.098 0.111 0.136 0.059 0.118 0.114 
309 COPE-0309   (14)   :  0.607 0.044 0.038 0.039 0.041 0.043 0.043 0.060 0.043 0.041 
310 COPE-0310   (28)   :  0.600 0.038 0.055 0.047 0.046 0.035 0.048 0.037 0.046 0.047 
311 COPE-0311    (0)   :  0.022 0.094 0.110 0.104 0.103 0.089 0.105 0.165 0.103 0.106 
312 COPE-0312   (28)   :  0.883 0.013 0.014 0.014 0.013 0.013 0.011 0.015 0.012 0.013 
313 COPE-0313    (0)   :  0.008 0.102 0.131 0.118 0.109 0.103 0.099 0.111 0.105 0.113 
314 COPE-0314    (0)   :  0.007 0.104 0.114 0.112 0.110 0.103 0.124 0.097 0.113 0.117 
315 COPE-0315    (0)   :  0.008 0.106 0.116 0.115 0.109 0.105 0.103 0.103 0.117 0.119 
316 COPE-0316    (0)   :  0.021 0.108 0.090 0.099 0.099 0.113 0.097 0.164 0.109 0.101 
317 COPE-0317   (14)   :  0.923 0.008 0.009 0.009 0.008 0.008 0.009 0.008 0.009 0.009 
318 COPE-0318    (0)   :  0.005 0.114 0.103 0.105 0.107 0.114 0.109 0.113 0.115 0.113 
319 COPE-0319    (0)   :  0.007 0.112 0.117 0.107 0.105 0.114 0.126 0.090 0.111 0.112 
320 COPE-0320   (14)   :  0.014 0.125 0.109 0.108 0.111 0.099 0.118 0.086 0.115 0.115 
321 COPE-0321   (14)   :  0.011 0.101 0.121 0.111 0.111 0.099 0.115 0.102 0.112 0.117 
322 COPE-0322   (14)   :  0.006 0.117 0.102 0.107 0.108 0.116 0.099 0.112 0.115 0.118 
323 COPE-0323    (0)   :  0.008 0.089 0.142 0.118 0.116 0.085 0.126 0.080 0.116 0.118 
324 COPE-0324    (0)   :  0.006 0.098 0.093 0.113 0.115 0.114 0.100 0.114 0.126 0.122 
325 COPE-0325   (14)   :  0.011 0.105 0.121 0.127 0.139 0.126 0.118 0.073 0.095 0.085 
326 COPE-0326    (0)   :  0.007 0.123 0.126 0.114 0.104 0.102 0.112 0.081 0.112 0.118 
327 COPE-0327   (14)   :  0.008 0.128 0.104 0.102 0.107 0.099 0.113 0.106 0.117 0.115 
328 COPE-0328    (0)   :  0.006 0.115 0.102 0.109 0.110 0.114 0.099 0.120 0.109 0.115 
329 COPE-0329   (28)   :  0.013 0.104 0.101 0.115 0.110 0.109 0.094 0.116 0.120 0.119 
330 COPE-0330    (0)   :  0.022 0.105 0.113 0.110 0.109 0.104 0.118 0.095 0.112 0.112 
331 COPE-0331    (0)   :  0.006 0.130 0.113 0.107 0.111 0.095 0.126 0.074 0.117 0.122 
332 COPE-0332   (14)   :  0.007 0.107 0.113 0.113 0.106 0.106 0.096 0.141 0.101 0.110 
333 COPE-0333    (0)   :  0.151 0.105 0.090 0.091 0.092 0.082 0.098 0.098 0.097 0.098 
334 COPE-0334   (28)   :  0.563 0.043 0.057 0.051 0.050 0.040 0.053 0.042 0.050 0.050 
335 COPE-0335    (0)   :  0.007 0.094 0.087 0.111 0.114 0.113 0.099 0.114 0.135 0.125 
336 COPE-0336    (0)   :  0.006 0.105 0.090 0.099 0.100 0.100 0.098 0.193 0.108 0.102 
337 COPE-0337   (28)   :  0.839 0.017 0.016 0.018 0.018 0.018 0.016 0.020 0.019 0.018 
338 COPE-0338    (0)   :  0.020 0.095 0.122 0.113 0.112 0.097 0.116 0.104 0.107 0.113 
339 COPE-0339    (0)   :  0.006 0.101 0.126 0.130 0.137 0.129 0.123 0.069 0.091 0.088 
340 COPE-0340   (14)   :  0.890 0.012 0.012 0.012 0.012 0.012 0.012 0.012 0.012 0.013 
341 COPE-0341    (0)   :  0.007 0.116 0.116 0.109 0.106 0.112 0.122 0.089 0.112 0.112 
342 COPE-0342    (0)   :  0.007 0.102 0.088 0.112 0.113 0.116 0.096 0.105 0.133 0.126 
343 COPE-0343    (0)   :  0.006 0.117 0.117 0.112 0.105 0.113 0.106 0.105 0.108 0.110 
344 COPE-0344   (14)   :  0.902 0.010 0.012 0.011 0.011 0.010 0.012 0.010 0.011 0.011 
345 COPE-0345    (0)   :  0.006 0.115 0.118 0.108 0.108 0.113 0.124 0.090 0.107 0.111 
346 COPE-0346    (0)   :  0.031 0.106 0.094 0.100 0.106 0.104 0.098 0.147 0.105 0.108 
347 COPE-0347    (0)   :  0.006 0.113 0.097 0.103 0.102 0.117 0.115 0.138 0.109 0.100 
348 COPE-0348    (0)   :  0.015 0.114 0.107 0.104 0.101 0.122 0.107 0.115 0.111 0.104 
349 COPE-0349    (0)   :  0.006 0.109 0.095 0.113 0.113 0.112 0.098 0.101 0.128 0.124 
350 COPE-0350    (0)   :  0.006 0.116 0.090 0.100 0.106 0.119 0.104 0.138 0.111 0.110 
351 COPE-0351    (0)   :  0.006 0.121 0.092 0.099 0.094 0.129 0.122 0.109 0.122 0.106 
352 COPE-0352    (0)   :  0.026 0.098 0.091 0.101 0.100 0.101 0.091 0.191 0.101 0.100 
353 COPE-0353    (0)   :  0.005 0.100 0.133 0.114 0.118 0.093 0.116 0.092 0.111 0.117 
354 COPE-0354    (0)   :  0.015 0.109 0.120 0.110 0.105 0.100 0.116 0.099 0.115 0.111 
355 COPE-0355    (0)   :  0.006 0.104 0.121 0.131 0.144 0.132 0.118 0.068 0.092 0.083 
356 COPE-0356    (0)   :  0.008 0.128 0.105 0.100 0.087 0.126 0.135 0.084 0.124 0.102 
357 COPE-0357    (0)   :  0.008 0.100 0.099 0.107 0.114 0.110 0.108 0.112 0.124 0.118 
358 COPE-0358    (0)   :  0.932 0.007 0.007 0.008 0.007 0.008 0.007 0.008 0.008 0.008 
359 COPE-0359   (14)   :  0.009 0.114 0.108 0.112 0.109 0.110 0.102 0.117 0.105 0.111 
360 COPE-0360    (0)   :  0.006 0.100 0.128 0.115 0.114 0.097 0.121 0.090 0.113 0.115 
361 COPE-0361    (0)   :  0.009 0.126 0.105 0.102 0.105 0.121 0.110 0.093 0.110 0.119 
362 COPE-0362    (0)   :  0.007 0.099 0.093 0.111 0.114 0.114 0.098 0.113 0.129 0.123 
363 COPE-0363   (14)   :  0.013 0.119 0.104 0.109 0.110 0.112 0.103 0.113 0.106 0.110 
364 COPE-0364    (0)   :  0.006 0.097 0.128 0.113 0.115 0.096 0.123 0.092 0.114 0.118 
365 COPE-0365    (0)   :  0.018 0.089 0.138 0.116 0.116 0.084 0.129 0.074 0.113 0.124 
366 COPE-0366    (0)   :  0.023 0.103 0.084 0.103 0.104 0.113 0.093 0.143 0.119 0.115 
367 COPE-0367   (14)   :  0.888 0.013 0.013 0.012 0.012 0.012 0.014 0.010 0.013 0.013 
368 COPE-0368    (0)   :  0.010 0.104 0.122 0.127 0.131 0.122 0.114 0.084 0.092 0.093 
369 COPE-0369    (0)   :  0.008 0.117 0.107 0.106 0.113 0.107 0.116 0.096 0.116 0.113 
370 COPE-0370   (28)   :  0.919 0.009 0.009 0.009 0.009 0.009 0.009 0.009 0.009 0.009 
371 COPE-0371    (0)   :  0.013 0.110 0.118 0.115 0.113 0.092 0.120 0.089 0.112 0.117 
372 COPE-0372    (0)   :  0.047 0.099 0.113 0.118 0.106 0.101 0.087 0.121 0.098 0.111 
373 COPE-0373   (14)   :  0.007 0.124 0.125 0.111 0.104 0.105 0.117 0.077 0.114 0.116 
374 COPE-0374    (0)   :  0.008 0.104 0.115 0.113 0.105 0.106 0.123 0.108 0.106 0.112 
375 COPE-0375   (14)   :  0.009 0.094 0.137 0.113 0.116 0.090 0.127 0.084 0.114 0.116 
376 COPE-0376   (14)   :  0.006 0.125 0.099 0.099 0.088 0.131 0.132 0.097 0.125 0.098 
377 COPE-0377    (0)   :  0.568 0.050 0.047 0.044 0.045 0.047 0.050 0.049 0.051 0.048 
378 COPE-0378    (0)   :  0.006 0.107 0.114 0.117 0.124 0.117 0.118 0.095 0.105 0.098 
379 COPE-0379    (0)   :  0.007 0.106 0.087 0.107 0.114 0.119 0.097 0.110 0.130 0.123 
380 COPE-0380   (28)   :  0.688 0.035 0.039 0.038 0.034 0.035 0.027 0.038 0.031 0.035 
381 COPE-0381    (0)   :  0.010 0.110 0.112 0.103 0.108 0.104 0.117 0.114 0.111 0.110 
382 COPE-0382    (0)   :  0.006 0.104 0.088 0.111 0.115 0.118 0.100 0.105 0.130 0.123 
383 COPE-0383    (0)   :  0.048 0.085 0.137 0.110 0.112 0.081 0.126 0.073 0.113 0.115 
384 COPE-0384    (0)   :  0.007 0.105 0.120 0.116 0.118 0.114 0.115 0.094 0.105 0.105 


Estimated Allele Frequencies in each cluster
First column gives estimated ancestral frequencies


Locus 1 : COPE5 
78 alleles
0.5% missing data
   1   (0.007) 0.701 0.001 0.001 0.001 0.001 0.001 0.001 0.003 0.001 0.001 
   2   (0.024) 0.011 0.025 0.025 0.023 0.025 0.025 0.026 0.022 0.024 0.024 
   3   (0.015) 0.001 0.015 0.015 0.014 0.015 0.016 0.016 0.012 0.014 0.014 
   4   (0.023) 0.001 0.025 0.023 0.025 0.026 0.027 0.025 0.024 0.025 0.024 
   5   (0.012) 0.001 0.009 0.008 0.010 0.010 0.010 0.009 0.012 0.011 0.010 
   6   (0.019) 0.004 0.018 0.017 0.017 0.018 0.019 0.018 0.018 0.019 0.018 
   7   (0.007) 0.001 0.004 0.004 0.003 0.003 0.004 0.004 0.004 0.004 0.003 
   8   (0.032) 0.002 0.092 0.107 0.100 0.090 0.090 0.081 0.082 0.082 0.091 
   9   (0.021) 0.001 0.023 0.021 0.021 0.021 0.022 0.020 0.021 0.021 0.023 
  10   (0.020) 0.001 0.019 0.020 0.020 0.020 0.020 0.020 0.020 0.020 0.020 
  11   (0.015) 0.012 0.013 0.017 0.016 0.016 0.013 0.017 0.014 0.015 0.017 
  12   (0.016) 0.001 0.027 0.023 0.023 0.023 0.021 0.025 0.020 0.024 0.026 
  13   (0.011) 0.001 0.012 0.011 0.011 0.010 0.010 0.012 0.010 0.011 0.012 
  14   (0.024) 0.002 0.029 0.026 0.027 0.028 0.026 0.028 0.025 0.028 0.028 
  15   (0.016) 0.001 0.030 0.034 0.036 0.040 0.036 0.035 0.024 0.028 0.026 
  16   (0.010) 0.001 0.006 0.005 0.005 0.006 0.006 0.006 0.007 0.006 0.006 
  17   (0.018) 0.001 0.015 0.014 0.014 0.014 0.015 0.013 0.017 0.015 0.015 
  18   (0.017) 0.006 0.013 0.011 0.013 0.014 0.014 0.012 0.016 0.015 0.014 
  19   (0.011) 0.001 0.009 0.008 0.009 0.010 0.010 0.009 0.011 0.011 0.011 
  20   (0.029) 0.002 0.051 0.057 0.056 0.056 0.049 0.059 0.042 0.052 0.054 
  21   (0.023) 0.001 0.022 0.021 0.022 0.023 0.023 0.022 0.022 0.022 0.022 
  22   (0.018) 0.007 0.015 0.015 0.016 0.016 0.015 0.014 0.016 0.016 0.016 
  23   (0.013) 0.001 0.012 0.010 0.011 0.012 0.011 0.011 0.012 0.012 0.012 
  24   (0.015) 0.001 0.019 0.019 0.018 0.017 0.020 0.022 0.018 0.020 0.018 
  25   (0.009) 0.001 0.009 0.008 0.008 0.008 0.007 0.008 0.007 0.008 0.008 
  26   (0.013) 0.001 0.009 0.008 0.008 0.009 0.009 0.008 0.010 0.009 0.009 
  27   (0.013) 0.001 0.011 0.008 0.008 0.009 0.011 0.010 0.011 0.010 0.009 
  28   (0.008) 0.016 0.003 0.002 0.003 0.003 0.003 0.003 0.005 0.003 0.003 
  29   (0.014) 0.001 0.012 0.009 0.010 0.010 0.013 0.012 0.013 0.012 0.010 
  30   (0.018) 0.003 0.020 0.020 0.019 0.020 0.020 0.021 0.019 0.021 0.020 
  31   (0.019) 0.001 0.018 0.018 0.019 0.020 0.020 0.019 0.018 0.019 0.018 
  32   (0.024) 0.001 0.037 0.035 0.038 0.039 0.037 0.037 0.040 0.042 0.042 
  33   (0.006) 0.000 0.002 0.002 0.002 0.002 0.002 0.002 0.003 0.002 0.002 
  34   (0.019) 0.001 0.019 0.020 0.020 0.020 0.018 0.021 0.019 0.019 0.020 
  35   (0.006) 0.056 0.001 0.001 0.001 0.001 0.001 0.001 0.002 0.001 0.001 
  36   (0.006) 0.000 0.002 0.002 0.002 0.002 0.002 0.002 0.003 0.002 0.002 
  37   (0.020) 0.014 0.023 0.029 0.027 0.027 0.024 0.028 0.022 0.025 0.025 
  38   (0.015) 0.006 0.013 0.011 0.012 0.012 0.014 0.013 0.013 0.012 0.011 
  39   (0.014) 0.001 0.019 0.021 0.021 0.018 0.019 0.016 0.021 0.017 0.019 
  40   (0.012) 0.001 0.009 0.008 0.009 0.009 0.010 0.008 0.011 0.010 0.010 
  41   (0.009) 0.001 0.005 0.004 0.004 0.004 0.005 0.005 0.006 0.005 0.004 
  42   (0.006) 0.000 0.002 0.002 0.002 0.002 0.002 0.002 0.003 0.002 0.002 
  43   (0.008) 0.001 0.005 0.005 0.004 0.005 0.005 0.005 0.005 0.005 0.005 
  44   (0.023) 0.001 0.028 0.027 0.026 0.024 0.029 0.031 0.023 0.028 0.026 
  45   (0.006) 0.000 0.002 0.002 0.002 0.002 0.002 0.002 0.003 0.002 0.002 
