

----------------------------------------------------
STRUCTURE by Pritchard, Stephens and Donnelly (2000)
     and Falush, Stephens and Pritchard (2003)
       Code by Pritchard, Falush and Hubisz
             Version 2.3.4 (Jul 2012)
----------------------------------------------------



Command line arguments:   /home/jason/Programs/structure -K 9 -i ../Data/microsats.structure -m Structure_Run/mainparams -e Structure_Run/extraparams -D 76666200 -o ../Structure_Results/02_K_09.out 
Input File:    ../Data/microsats.structure

Run parameters:
   384 individuals
   7 loci
   9 populations assumed
   1000000 Burn-in period
   10000000 Reps
RANDOMIZE turned off


--------------------------------------------
Overall proportion of membership of the
sample in each of the 9 clusters

Inferred Clusters
  1      2      3      4      5      6      7      8      9    
0.111  0.110  0.111  0.111  0.110  0.110  0.111  0.110  0.115  

--------------------------------------------

Allele-freq. divergence among pops (Net nucleotide distance),
computed using point estimates of P.

      1       2       3       4       5       6       7       8       9      
 1      -    0.0003  0.0003  0.0002  0.0002  0.0002  0.0002  0.0001  0.1590  
 2   0.0003     -    0.0001  0.0002  0.0001  0.0000  0.0001  0.0001  0.1611  
 3   0.0003  0.0001     -    0.0001  0.0002  0.0001  0.0002  0.0001  0.1608  
 4   0.0002  0.0002  0.0001     -    0.0002  0.0002  0.0001  0.0002  0.1594  
 5   0.0002  0.0001  0.0002  0.0002     -    0.0001  0.0001  0.0001  0.1614  
 6   0.0002  0.0000  0.0001  0.0002  0.0001     -    0.0001  0.0000  0.1610  
 7   0.0002  0.0001  0.0002  0.0001  0.0001  0.0001     -    0.0001  0.1611  
 8   0.0001  0.0001  0.0001  0.0002  0.0001  0.0000  0.0001     -    0.1603  
 9   0.1590  0.1611  0.1608  0.1594  0.1614  0.1610  0.1611  0.1603     -    

Average distances (expected heterozygosity) between individuals in same cluster:
cluster  1  : 0.6295 
cluster  2  : 0.6239 
cluster  3  : 0.6216 
cluster  4  : 0.6252 
cluster  5  : 0.6232 
cluster  6  : 0.6237 
cluster  7  : 0.6233 
cluster  8  : 0.6257 
cluster  9  : 0.6452 

--------------------------------------------
Estimated Ln Prob of Data   = -9066.6
Mean value of ln likelihood = -7810.1
Variance of ln likelihood   = 2513.1
Mean value of alpha         = 0.0476

Mean value of Fst_1         = 0.0772
Mean value of Fst_2         = 0.0815
Mean value of Fst_3         = 0.0803
Mean value of Fst_4         = 0.0756
Mean value of Fst_5         = 0.0824
Mean value of Fst_6         = 0.0820
Mean value of Fst_7         = 0.0794
Mean value of Fst_8         = 0.0804
Mean value of Fst_9         = 0.1806


Inferred ancestry of individuals:
        Label (%Miss) :  Inferred clusters
  1 COPE-0001    (0)   :  0.008 0.008 0.009 0.009 0.008 0.008 0.008 0.008 0.933 
  2 COPE-0002    (0)   :  0.156 0.119 0.106 0.120 0.125 0.121 0.114 0.129 0.011 
  3 COPE-0003    (0)   :  0.122 0.102 0.130 0.171 0.109 0.113 0.134 0.113 0.007 
  4 COPE-0004    (0)   :  0.157 0.124 0.108 0.131 0.118 0.114 0.101 0.134 0.013 
  5 COPE-0005    (0)   :  0.140 0.118 0.111 0.110 0.130 0.117 0.116 0.138 0.020 
  6 COPE-0006    (0)   :  0.129 0.122 0.114 0.119 0.123 0.121 0.131 0.122 0.018 
  7 COPE-0007    (0)   :  0.128 0.122 0.124 0.117 0.134 0.122 0.117 0.128 0.007 
  8 COPE-0008    (0)   :  0.104 0.134 0.147 0.124 0.118 0.134 0.110 0.122 0.008 
  9 COPE-0009    (0)   :  0.143 0.107 0.115 0.130 0.119 0.120 0.133 0.116 0.017 
 10 COPE-0010    (0)   :  0.117 0.137 0.124 0.111 0.123 0.127 0.126 0.128 0.007 
 11 COPE-0011   (14)   :  0.016 0.013 0.013 0.014 0.013 0.013 0.012 0.015 0.892 
 12 COPE-0012   (14)   :  0.108 0.129 0.138 0.126 0.114 0.136 0.120 0.123 0.007 
 13 COPE-0013    (0)   :  0.128 0.096 0.139 0.167 0.109 0.107 0.138 0.110 0.006 
 14 COPE-0014    (0)   :  0.110 0.119 0.137 0.128 0.135 0.124 0.125 0.113 0.009 
 15 COPE-0015    (0)   :  0.113 0.127 0.132 0.116 0.131 0.129 0.124 0.121 0.007 
 16 COPE-0016    (0)   :  0.160 0.109 0.093 0.100 0.134 0.128 0.138 0.127 0.010 
 17 COPE-0017    (0)   :  0.044 0.045 0.044 0.042 0.048 0.045 0.044 0.043 0.645 
 18 COPE-0018    (0)   :  0.129 0.119 0.124 0.125 0.121 0.117 0.134 0.123 0.008 
 19 COPE-0019    (0)   :  0.126 0.108 0.132 0.145 0.112 0.116 0.140 0.116 0.006 
 20 COPE-0020    (0)   :  0.121 0.130 0.117 0.122 0.128 0.127 0.125 0.122 0.007 
 21 COPE-0021    (0)   :  0.101 0.140 0.122 0.108 0.140 0.133 0.125 0.126 0.006 
 22 COPE-0022    (0)   :  0.106 0.139 0.145 0.121 0.115 0.134 0.112 0.121 0.007 
 23 COPE-0023    (0)   :  0.143 0.126 0.111 0.126 0.122 0.117 0.121 0.125 0.008 
 24 COPE-0024   (14)   :  0.119 0.136 0.109 0.105 0.142 0.129 0.125 0.128 0.006 
 25 COPE-0025    (0)   :  0.128 0.113 0.113 0.136 0.106 0.106 0.116 0.117 0.065 
 26 COPE-0026    (0)   :  0.123 0.119 0.136 0.116 0.127 0.129 0.122 0.123 0.005 
 27 COPE-0027    (0)   :  0.121 0.110 0.141 0.152 0.110 0.114 0.133 0.113 0.006 
 28 COPE-0028    (0)   :  0.126 0.123 0.128 0.116 0.114 0.129 0.128 0.131 0.005 
 29 COPE-0029    (0)   :  0.148 0.116 0.098 0.100 0.140 0.131 0.138 0.123 0.005 
 30 COPE-0030   (14)   :  0.033 0.031 0.029 0.031 0.031 0.030 0.030 0.031 0.754 
 31 COPE-0031    (0)   :  0.112 0.122 0.144 0.123 0.127 0.128 0.117 0.116 0.010 
 32 COPE-0032    (0)   :  0.131 0.128 0.118 0.126 0.118 0.121 0.123 0.126 0.009 
 33 COPE-0033    (0)   :  0.135 0.121 0.116 0.129 0.119 0.120 0.124 0.124 0.012 
 34 COPE-0034    (0)   :  0.140 0.117 0.120 0.117 0.128 0.121 0.117 0.130 0.010 
 35 COPE-0035   (14)   :  0.126 0.125 0.127 0.123 0.112 0.124 0.123 0.132 0.007 
 36 COPE-0036   (14)   :  0.110 0.142 0.109 0.110 0.145 0.129 0.124 0.124 0.006 
 37 COPE-0037    (0)   :  0.118 0.124 0.119 0.120 0.128 0.123 0.124 0.121 0.023 
 38 COPE-0038    (0)   :  0.108 0.123 0.149 0.123 0.127 0.130 0.116 0.117 0.007 
 39 COPE-0039    (0)   :  0.122 0.114 0.110 0.134 0.110 0.111 0.115 0.112 0.072 
 40 COPE-0040   (14)   :  0.114 0.106 0.119 0.132 0.109 0.107 0.119 0.106 0.090 
 41 COPE-0041    (0)   :  0.127 0.120 0.119 0.129 0.118 0.115 0.124 0.118 0.029 
 42 COPE-0042    (0)   :  0.127 0.121 0.130 0.129 0.112 0.119 0.126 0.126 0.011 
 43 COPE-0043    (0)   :  0.156 0.119 0.105 0.108 0.129 0.125 0.123 0.129 0.005 
 44 COPE-0044    (0)   :  0.144 0.124 0.116 0.137 0.113 0.120 0.107 0.126 0.013 
 45 COPE-0045    (0)   :  0.133 0.126 0.116 0.128 0.114 0.119 0.110 0.122 0.032 
 46 COPE-0046    (0)   :  0.029 0.025 0.028 0.030 0.027 0.026 0.029 0.027 0.779 
 47 COPE-0047    (0)   :  0.008 0.007 0.007 0.007 0.007 0.007 0.008 0.007 0.940 
 48 COPE-0048    (0)   :  0.123 0.130 0.125 0.119 0.115 0.124 0.126 0.132 0.007 
 49 COPE-0049    (0)   :  0.140 0.117 0.115 0.134 0.113 0.120 0.116 0.129 0.016 
 50 COPE-0050    (0)   :  0.133 0.110 0.124 0.153 0.114 0.112 0.128 0.120 0.007 
 51 COPE-0051    (0)   :  0.109 0.110 0.122 0.095 0.106 0.114 0.113 0.127 0.105 
 52 COPE-0052    (0)   :  0.108 0.123 0.134 0.117 0.137 0.127 0.126 0.117 0.011 
 53 COPE-0053    (0)   :  0.158 0.110 0.087 0.094 0.138 0.131 0.141 0.131 0.009 
 54 COPE-0054    (0)   :  0.090 0.158 0.115 0.109 0.141 0.135 0.123 0.124 0.005 
 55 COPE-0055    (0)   :  0.100 0.141 0.149 0.120 0.116 0.138 0.110 0.120 0.005 
 56 COPE-0056    (0)   :  0.116 0.128 0.132 0.136 0.110 0.128 0.118 0.116 0.017 
 57 COPE-0057    (0)   :  0.121 0.120 0.124 0.138 0.118 0.123 0.129 0.115 0.010 
 58 COPE-0058    (0)   :  0.140 0.122 0.109 0.119 0.127 0.121 0.121 0.132 0.009 
 59 COPE-0059    (0)   :  0.116 0.101 0.135 0.170 0.107 0.106 0.136 0.111 0.018 
 60 COPE-0060    (0)   :  0.153 0.117 0.105 0.111 0.132 0.123 0.125 0.128 0.007 
 61 COPE-0061    (0)   :  0.152 0.107 0.096 0.108 0.129 0.128 0.143 0.126 0.011 
 62 COPE-0062    (0)   :  0.095 0.138 0.131 0.115 0.135 0.130 0.126 0.120 0.009 
 63 COPE-0063    (0)   :  0.096 0.139 0.142 0.120 0.110 0.142 0.110 0.117 0.025 
 64 COPE-0064    (0)   :  0.128 0.121 0.126 0.129 0.122 0.124 0.121 0.121 0.009 
 65 COPE-0065    (0)   :  0.006 0.006 0.006 0.006 0.006 0.006 0.006 0.006 0.953 
 66 COPE-0066    (0)   :  0.123 0.124 0.130 0.124 0.109 0.123 0.127 0.125 0.016 
 67 COPE-0067   (14)   :  0.028 0.028 0.028 0.028 0.027 0.028 0.028 0.028 0.778 
 68 COPE-0068    (0)   :  0.121 0.098 0.135 0.173 0.107 0.107 0.137 0.111 0.010 
 69 COPE-0069   (14)   :  0.107 0.127 0.125 0.131 0.130 0.121 0.124 0.124 0.012 
 70 COPE-0070    (0)   :  0.143 0.114 0.122 0.119 0.118 0.118 0.116 0.139 0.011 
 71 COPE-0071    (0)   :  0.117 0.132 0.131 0.120 0.115 0.125 0.128 0.127 0.004 
 72 COPE-0072    (0)   :  0.135 0.120 0.118 0.132 0.123 0.119 0.122 0.125 0.007 
 73 COPE-0073   (14)   :  0.043 0.042 0.032 0.034 0.046 0.042 0.043 0.040 0.678 
 74 COPE-0074    (0)   :  0.121 0.135 0.123 0.117 0.119 0.121 0.125 0.130 0.009 
 75 COPE-0075    (0)   :  0.124 0.121 0.132 0.105 0.117 0.124 0.124 0.140 0.012 
 76 COPE-0076    (0)   :  0.106 0.134 0.129 0.123 0.124 0.131 0.124 0.122 0.006 
 77 COPE-0077   (14)   :  0.125 0.121 0.121 0.135 0.120 0.119 0.126 0.124 0.008 
 78 COPE-0078   (14)   :  0.131 0.127 0.119 0.116 0.130 0.122 0.114 0.133 0.008 
 79 COPE-0079    (0)   :  0.173 0.118 0.108 0.126 0.117 0.108 0.097 0.143 0.008 
 80 COPE-0080   (42)   :  0.021 0.020 0.021 0.021 0.020 0.020 0.021 0.020 0.837 
 81 COPE-0081   (14)   :  0.063 0.072 0.071 0.068 0.067 0.071 0.065 0.067 0.457 
 82 COPE-0082   (14)   :  0.110 0.125 0.129 0.109 0.105 0.131 0.118 0.128 0.045 
 83 COPE-0083   (14)   :  0.095 0.131 0.145 0.120 0.142 0.126 0.124 0.112 0.005 
 84 COPE-0084    (0)   :  0.125 0.087 0.069 0.075 0.106 0.105 0.112 0.103 0.218 
 85 COPE-0085    (0)   :  0.149 0.115 0.114 0.135 0.116 0.113 0.115 0.133 0.010 
 86 COPE-0086    (0)   :  0.128 0.122 0.114 0.114 0.119 0.124 0.130 0.130 0.020 
 87 COPE-0087   (14)   :  0.154 0.114 0.100 0.106 0.130 0.126 0.132 0.130 0.007 
 88 COPE-0088   (14)   :  0.145 0.110 0.110 0.115 0.123 0.119 0.122 0.132 0.024 
 89 COPE-0089   (14)   :  0.007 0.008 0.008 0.008 0.007 0.008 0.007 0.008 0.940 
 90 COPE-0090    (0)   :  0.104 0.137 0.148 0.121 0.118 0.135 0.111 0.118 0.008 
 91 COPE-0091   (14)   :  0.146 0.117 0.106 0.108 0.138 0.126 0.127 0.126 0.006 
 92 COPE-0092   (28)   :  0.026 0.022 0.024 0.027 0.022 0.021 0.023 0.024 0.811 
 93 COPE-0093    (0)   :  0.094 0.145 0.143 0.122 0.113 0.147 0.112 0.117 0.006 
 94 COPE-0094    (0)   :  0.169 0.119 0.105 0.124 0.115 0.107 0.096 0.136 0.029 
 95 COPE-0095    (0)   :  0.151 0.112 0.097 0.101 0.135 0.131 0.138 0.129 0.005 
 96 COPE-0096    (0)   :  0.123 0.118 0.123 0.115 0.136 0.125 0.128 0.122 0.009 
 97 COPE-0097    (0)   :  0.107 0.132 0.134 0.106 0.121 0.131 0.127 0.134 0.008 
 98 COPE-0098    (0)   :  0.110 0.125 0.146 0.125 0.127 0.129 0.113 0.117 0.009 
 99 COPE-0099    (0)   :  0.119 0.106 0.132 0.165 0.106 0.110 0.131 0.108 0.022 
100 COPE-0100    (0)   :  0.120 0.116 0.130 0.135 0.116 0.124 0.130 0.120 0.007 
101 COPE-0101    (0)   :  0.125 0.122 0.126 0.125 0.105 0.121 0.116 0.115 0.045 
102 COPE-0102    (0)   :  0.137 0.119 0.122 0.122 0.122 0.119 0.126 0.126 0.006 
103 COPE-0103    (0)   :  0.141 0.118 0.121 0.123 0.123 0.115 0.111 0.130 0.016 
104 COPE-0104   (14)   :  0.112 0.133 0.132 0.117 0.113 0.131 0.125 0.131 0.007 
105 COPE-0105    (0)   :  0.111 0.119 0.135 0.102 0.107 0.129 0.124 0.135 0.037 
106 COPE-0106    (0)   :  0.085 0.166 0.102 0.099 0.158 0.135 0.126 0.125 0.005 
107 COPE-0107    (0)   :  0.019 0.021 0.021 0.019 0.019 0.020 0.018 0.019 0.843 
108 COPE-0108    (0)   :  0.108 0.124 0.143 0.118 0.127 0.130 0.121 0.122 0.006 
109 COPE-0109    (0)   :  0.150 0.123 0.112 0.132 0.116 0.114 0.107 0.134 0.011 
110 COPE-0110   (14)   :  0.129 0.125 0.109 0.111 0.134 0.125 0.125 0.128 0.014 
111 COPE-0111    (0)   :  0.114 0.133 0.111 0.111 0.140 0.130 0.127 0.125 0.009 
112 COPE-0112   (14)   :  0.120 0.129 0.129 0.120 0.117 0.124 0.124 0.128 0.010 
113 COPE-0113    (0)   :  0.121 0.117 0.132 0.142 0.113 0.116 0.125 0.115 0.020 
114 COPE-0114    (0)   :  0.097 0.144 0.114 0.117 0.143 0.130 0.125 0.121 0.009 
115 COPE-0115    (0)   :  0.028 0.026 0.027 0.025 0.029 0.028 0.028 0.027 0.781 
116 COPE-0116   (28)   :  0.011 0.010 0.010 0.011 0.010 0.010 0.010 0.010 0.917 
117 COPE-0117    (0)   :  0.155 0.108 0.091 0.097 0.137 0.131 0.141 0.130 0.010 
118 COPE-0118    (0)   :  0.085 0.158 0.108 0.109 0.153 0.132 0.123 0.124 0.009 
119 COPE-0119    (0)   :  0.096 0.139 0.133 0.115 0.136 0.134 0.119 0.118 0.010 
120 COPE-0120    (0)   :  0.133 0.126 0.115 0.133 0.120 0.120 0.117 0.125 0.011 
121 COPE-0121    (0)   :  0.107 0.120 0.117 0.125 0.129 0.113 0.120 0.111 0.058 
122 COPE-0122    (0)   :  0.150 0.124 0.114 0.121 0.121 0.114 0.119 0.129 0.008 
123 COPE-0123    (0)   :  0.138 0.125 0.114 0.126 0.116 0.118 0.117 0.130 0.016 
124 COPE-0124    (0)   :  0.140 0.123 0.113 0.133 0.120 0.114 0.122 0.122 0.013 
125 COPE-0125    (0)   :  0.106 0.142 0.122 0.112 0.125 0.133 0.128 0.125 0.007 
126 COPE-0126    (0)   :  0.151 0.109 0.094 0.097 0.136 0.131 0.141 0.128 0.012 
127 COPE-0127   (14)   :  0.124 0.116 0.127 0.112 0.118 0.128 0.127 0.140 0.007 
128 COPE-0128    (0)   :  0.119 0.128 0.112 0.125 0.128 0.126 0.126 0.118 0.018 
129 COPE-0129    (0)   :  0.160 0.113 0.116 0.130 0.119 0.108 0.109 0.139 0.006 
130 COPE-0130    (0)   :  0.121 0.106 0.131 0.161 0.109 0.113 0.130 0.117 0.013 
131 COPE-0131   (14)   :  0.104 0.126 0.141 0.130 0.131 0.121 0.128 0.111 0.009 
132 COPE-0132   (14)   :  0.101 0.139 0.108 0.102 0.140 0.129 0.121 0.121 0.039 
133 COPE-0133    (0)   :  0.163 0.112 0.087 0.094 0.137 0.132 0.139 0.128 0.009 
134 COPE-0134    (0)   :  0.138 0.127 0.112 0.120 0.126 0.122 0.119 0.128 0.007 
135 COPE-0135    (0)   :  0.117 0.133 0.131 0.130 0.111 0.131 0.118 0.121 0.008 
136 COPE-0136    (0)   :  0.014 0.012 0.013 0.013 0.013 0.013 0.013 0.013 0.896 
137 COPE-0137    (0)   :  0.131 0.116 0.122 0.141 0.116 0.114 0.132 0.117 0.012 
138 COPE-0138   (14)   :  0.008 0.009 0.009 0.008 0.009 0.009 0.009 0.009 0.929 
139 COPE-0139    (0)   :  0.127 0.105 0.130 0.161 0.114 0.113 0.131 0.111 0.008 
140 COPE-0140   (14)   :  0.025 0.022 0.023 0.025 0.022 0.022 0.024 0.023 0.815 
141 COPE-0141    (0)   :  0.110 0.135 0.136 0.128 0.115 0.136 0.114 0.119 0.008 
142 COPE-0142    (0)   :  0.105 0.139 0.129 0.121 0.123 0.133 0.120 0.121 0.009 
143 COPE-0143    (0)   :  0.141 0.124 0.109 0.110 0.123 0.129 0.130 0.125 0.009 
144 COPE-0144   (14)   :  0.118 0.095 0.086 0.108 0.095 0.097 0.096 0.099 0.205 
145 COPE-0145   (14)   :  0.096 0.079 0.077 0.102 0.080 0.077 0.079 0.080 0.330 
146 COPE-0146   (14)   :  0.124 0.119 0.121 0.115 0.118 0.126 0.128 0.121 0.028 
147 COPE-0147    (0)   :  0.125 0.125 0.113 0.122 0.109 0.115 0.102 0.120 0.069 
148 COPE-0148    (0)   :  0.157 0.113 0.091 0.098 0.136 0.130 0.135 0.130 0.009 
149 COPE-0149    (0)   :  0.140 0.104 0.120 0.136 0.119 0.119 0.136 0.121 0.007 
150 COPE-0150    (0)   :  0.127 0.128 0.123 0.116 0.114 0.122 0.127 0.135 0.008 
151 COPE-0151    (0)   :  0.126 0.122 0.120 0.133 0.117 0.125 0.132 0.118 0.007 
152 COPE-0152   (14)   :  0.097 0.122 0.122 0.111 0.101 0.117 0.098 0.106 0.125 
153 COPE-0153    (0)   :  0.123 0.126 0.131 0.126 0.127 0.125 0.116 0.120 0.006 
154 COPE-0154    (0)   :  0.116 0.128 0.123 0.126 0.121 0.125 0.132 0.122 0.007 
155 COPE-0155    (0)   :  0.122 0.126 0.119 0.130 0.123 0.126 0.131 0.118 0.006 
156 COPE-0156   (14)   :  0.009 0.009 0.009 0.009 0.009 0.009 0.009 0.009 0.929 
157 COPE-0157   (14)   :  0.092 0.092 0.094 0.100 0.086 0.094 0.085 0.093 0.265 
158 COPE-0158    (0)   :  0.155 0.107 0.101 0.109 0.132 0.126 0.136 0.125 0.009 
159 COPE-0159    (0)   :  0.124 0.130 0.127 0.120 0.124 0.126 0.113 0.128 0.008 
160 COPE-0160    (0)   :  0.142 0.120 0.119 0.124 0.122 0.119 0.112 0.136 0.007 
161 COPE-0161    (0)   :  0.136 0.124 0.124 0.124 0.120 0.118 0.117 0.126 0.012 
162 COPE-0162   (14)   :  0.007 0.007 0.007 0.007 0.007 0.007 0.007 0.007 0.944 
163 COPE-0163   (28)   :  0.013 0.013 0.013 0.013 0.013 0.013 0.013 0.013 0.894 
164 COPE-0164    (0)   :  0.126 0.112 0.125 0.131 0.117 0.114 0.131 0.115 0.030 
165 COPE-0165    (0)   :  0.128 0.113 0.125 0.143 0.115 0.115 0.131 0.122 0.008 
166 COPE-0166   (14)   :  0.146 0.124 0.109 0.117 0.127 0.119 0.117 0.133 0.008 
167 COPE-0167    (0)   :  0.139 0.124 0.111 0.118 0.126 0.119 0.116 0.139 0.008 
168 COPE-0168    (0)   :  0.140 0.120 0.113 0.110 0.131 0.129 0.126 0.125 0.006 
169 COPE-0169    (0)   :  0.121 0.096 0.142 0.167 0.108 0.108 0.135 0.112 0.011 
170 COPE-0170    (0)   :  0.105 0.132 0.133 0.130 0.117 0.127 0.112 0.115 0.029 
171 COPE-0171    (0)   :  0.119 0.128 0.123 0.124 0.129 0.125 0.123 0.121 0.008 
172 COPE-0172    (0)   :  0.124 0.119 0.129 0.118 0.121 0.126 0.126 0.129 0.007 
173 COPE-0173   (14)   :  0.116 0.098 0.126 0.156 0.102 0.103 0.126 0.110 0.062 
174 COPE-0174   (28)   :  0.129 0.126 0.118 0.122 0.119 0.126 0.120 0.122 0.017 
175 COPE-0175    (0)   :  0.146 0.108 0.107 0.117 0.120 0.117 0.119 0.125 0.040 
176 COPE-0176    (0)   :  0.110 0.141 0.118 0.118 0.130 0.135 0.114 0.126 0.009 
177 COPE-0177    (0)   :  0.128 0.107 0.135 0.144 0.112 0.116 0.137 0.115 0.007 
178 COPE-0178    (0)   :  0.086 0.164 0.102 0.099 0.156 0.136 0.126 0.125 0.007 
179 COPE-0179    (0)   :  0.127 0.123 0.121 0.136 0.117 0.121 0.125 0.121 0.009 
180 COPE-0180   (14)   :  0.124 0.097 0.139 0.167 0.109 0.107 0.137 0.113 0.006 
181 COPE-0181   (14)   :  0.129 0.112 0.128 0.149 0.113 0.114 0.132 0.115 0.009 
182 COPE-0182    (0)   :  0.115 0.114 0.147 0.112 0.121 0.134 0.124 0.128 0.005 
183 COPE-0183    (0)   :  0.123 0.124 0.125 0.125 0.120 0.123 0.126 0.122 0.011 
184 COPE-0184    (0)   :  0.144 0.117 0.115 0.106 0.131 0.120 0.117 0.141 0.009 
185 COPE-0185    (0)   :  0.106 0.126 0.151 0.127 0.122 0.125 0.116 0.119 0.007 
186 COPE-0186    (0)   :  0.097 0.133 0.142 0.118 0.137 0.129 0.124 0.115 0.005 
187 COPE-0187    (0)   :  0.117 0.124 0.135 0.109 0.115 0.133 0.121 0.137 0.010 
188 COPE-0188    (0)   :  0.027 0.025 0.024 0.024 0.024 0.025 0.025 0.026 0.799 
189 COPE-0189    (0)   :  0.125 0.114 0.129 0.141 0.115 0.117 0.129 0.122 0.008 
190 COPE-0190    (0)   :  0.149 0.124 0.113 0.129 0.117 0.118 0.107 0.127 0.015 
191 COPE-0191    (0)   :  0.126 0.121 0.125 0.123 0.126 0.123 0.126 0.118 0.012 
192 COPE-0192   (14)   :  0.010 0.011 0.011 0.011 0.011 0.011 0.011 0.010 0.915 
193 COPE-0193    (0)   :  0.135 0.122 0.110 0.110 0.130 0.126 0.136 0.124 0.006 
194 COPE-0194    (0)   :  0.125 0.128 0.130 0.117 0.111 0.125 0.126 0.129 0.009 
195 COPE-0195    (0)   :  0.134 0.125 0.120 0.119 0.120 0.121 0.125 0.130 0.007 
196 COPE-0196    (0)   :  0.123 0.128 0.125 0.128 0.124 0.124 0.118 0.120 0.011 
197 COPE-0197    (0)   :  0.127 0.112 0.127 0.144 0.115 0.118 0.134 0.117 0.007 
198 COPE-0198    (0)   :  0.111 0.114 0.135 0.142 0.120 0.117 0.129 0.118 0.014 
199 COPE-0199    (0)   :  0.122 0.105 0.137 0.158 0.109 0.110 0.138 0.110 0.011 
200 COPE-0200   (42)   :  0.126 0.102 0.131 0.166 0.109 0.109 0.135 0.112 0.009 
201 COPE-0201    (0)   :  0.104 0.127 0.137 0.117 0.122 0.135 0.124 0.125 0.009 
202 COPE-0202    (0)   :  0.136 0.133 0.124 0.125 0.117 0.120 0.101 0.131 0.013 
203 COPE-0203    (0)   :  0.119 0.130 0.124 0.121 0.126 0.127 0.123 0.124 0.006 
204 COPE-0204    (0)   :  0.099 0.142 0.115 0.102 0.130 0.128 0.124 0.129 0.032 
205 COPE-0205    (0)   :  0.140 0.116 0.109 0.110 0.124 0.125 0.134 0.121 0.022 
206 COPE-0206    (0)   :  0.102 0.141 0.115 0.118 0.142 0.127 0.128 0.122 0.005 
207 COPE-0207    (0)   :  0.095 0.152 0.114 0.104 0.145 0.132 0.122 0.125 0.011 
208 COPE-0208    (0)   :  0.029 0.028 0.031 0.034 0.028 0.028 0.028 0.029 0.764 
209 COPE-0209    (0)   :  0.117 0.122 0.131 0.140 0.117 0.120 0.129 0.119 0.006 
210 COPE-0210    (0)   :  0.145 0.112 0.107 0.109 0.131 0.127 0.131 0.127 0.011 
211 COPE-0211    (0)   :  0.124 0.126 0.128 0.122 0.112 0.123 0.128 0.132 0.005 
212 COPE-0212    (0)   :  0.107 0.142 0.111 0.107 0.143 0.131 0.123 0.124 0.012 
213 COPE-0213    (0)   :  0.111 0.132 0.120 0.120 0.132 0.128 0.125 0.125 0.008 
214 COPE-0214    (0)   :  0.122 0.095 0.138 0.173 0.107 0.104 0.137 0.115 0.008 
215 COPE-0215    (0)   :  0.121 0.092 0.134 0.163 0.103 0.104 0.133 0.107 0.043 
216 COPE-0216   (14)   :  0.084 0.071 0.064 0.068 0.077 0.075 0.076 0.076 0.409 
217 COPE-0217    (0)   :  0.099 0.145 0.108 0.107 0.141 0.127 0.123 0.124 0.028 
218 COPE-0218    (0)   :  0.124 0.116 0.124 0.129 0.124 0.120 0.132 0.122 0.009 
219 COPE-0219   (14)   :  0.127 0.107 0.131 0.147 0.113 0.116 0.132 0.118 0.009 
220 COPE-0220    (0)   :  0.096 0.147 0.111 0.110 0.142 0.127 0.126 0.125 0.014 
221 COPE-0221    (0)   :  0.104 0.136 0.142 0.126 0.118 0.133 0.106 0.119 0.016 
222 COPE-0222    (0)   :  0.130 0.121 0.121 0.111 0.129 0.130 0.128 0.124 0.007 
223 COPE-0223    (0)   :  0.135 0.107 0.130 0.153 0.112 0.112 0.131 0.113 0.008 
224 COPE-0224    (0)   :  0.168 0.115 0.108 0.124 0.116 0.108 0.099 0.141 0.020 
225 COPE-0225    (0)   :  0.120 0.095 0.138 0.171 0.107 0.104 0.137 0.113 0.015 
226 COPE-0226    (0)   :  0.129 0.130 0.116 0.119 0.126 0.128 0.121 0.125 0.007 
227 COPE-0227    (0)   :  0.114 0.119 0.134 0.135 0.127 0.123 0.125 0.116 0.006 
228 COPE-0228    (0)   :  0.110 0.140 0.106 0.115 0.136 0.126 0.125 0.122 0.020 
229 COPE-0229    (0)   :  0.124 0.127 0.121 0.128 0.121 0.122 0.125 0.125 0.007 
230 COPE-0230    (0)   :  0.113 0.138 0.117 0.113 0.127 0.132 0.126 0.124 0.010 
231 COPE-0231    (0)   :  0.125 0.118 0.125 0.128 0.120 0.122 0.136 0.120 0.006 
232 COPE-0232    (0)   :  0.148 0.125 0.110 0.121 0.122 0.117 0.111 0.130 0.015 
233 COPE-0233    (0)   :  0.120 0.124 0.136 0.121 0.128 0.130 0.117 0.118 0.005 
234 COPE-0234    (0)   :  0.158 0.120 0.113 0.130 0.117 0.110 0.110 0.134 0.008 
235 COPE-0235    (0)   :  0.144 0.120 0.120 0.128 0.120 0.113 0.124 0.125 0.006 
236 COPE-0236    (0)   :  0.102 0.149 0.117 0.105 0.134 0.135 0.130 0.124 0.005 
237 COPE-0237    (0)   :  0.111 0.121 0.146 0.127 0.131 0.125 0.118 0.115 0.006 
238 COPE-0238    (0)   :  0.130 0.097 0.137 0.156 0.110 0.112 0.140 0.110 0.008 
239 COPE-0239    (0)   :  0.151 0.112 0.110 0.118 0.117 0.113 0.110 0.134 0.034 
240 COPE-0240    (0)   :  0.148 0.112 0.106 0.104 0.136 0.130 0.133 0.123 0.008 
241 COPE-0241    (0)   :  0.128 0.096 0.140 0.167 0.107 0.106 0.138 0.111 0.007 
242 COPE-0242    (0)   :  0.099 0.141 0.122 0.114 0.138 0.135 0.122 0.121 0.006 
243 COPE-0243    (0)   :  0.122 0.127 0.133 0.109 0.116 0.125 0.124 0.137 0.008 
244 COPE-0244    (0)   :  0.130 0.113 0.131 0.137 0.113 0.114 0.129 0.124 0.009 
245 COPE-0245    (0)   :  0.121 0.121 0.135 0.110 0.115 0.128 0.123 0.136 0.012 
246 COPE-0246    (0)   :  0.135 0.127 0.116 0.118 0.126 0.122 0.119 0.124 0.013 
247 COPE-0247    (0)   :  0.106 0.121 0.135 0.145 0.115 0.123 0.119 0.119 0.017 
248 COPE-0248    (0)   :  0.117 0.121 0.137 0.117 0.118 0.131 0.126 0.129 0.005 
249 COPE-0249    (0)   :  0.154 0.114 0.111 0.136 0.110 0.110 0.107 0.127 0.032 
250 COPE-0250    (0)   :  0.153 0.124 0.108 0.121 0.119 0.112 0.108 0.139 0.016 
251 COPE-0251   (14)   :  0.028 0.032 0.037 0.032 0.031 0.032 0.029 0.031 0.749 
252 COPE-0252    (0)   :  0.159 0.123 0.107 0.116 0.123 0.118 0.109 0.132 0.012 
253 COPE-0253    (0)   :  0.099 0.139 0.145 0.124 0.113 0.141 0.113 0.118 0.008 
254 COPE-0254    (0)   :  0.115 0.119 0.137 0.101 0.114 0.134 0.123 0.142 0.014 
255 COPE-0255    (0)   :  0.111 0.121 0.137 0.130 0.113 0.126 0.117 0.120 0.026 
256 COPE-0256    (0)   :  0.152 0.114 0.095 0.097 0.139 0.128 0.138 0.126 0.011 
257 COPE-0257    (0)   :  0.098 0.133 0.143 0.118 0.139 0.124 0.124 0.113 0.008 
258 COPE-0258    (0)   :  0.109 0.124 0.132 0.128 0.125 0.123 0.124 0.115 0.021 
259 COPE-0259    (0)   :  0.118 0.132 0.123 0.116 0.126 0.127 0.127 0.125 0.006 
260 COPE-0260    (0)   :  0.124 0.102 0.133 0.147 0.112 0.111 0.134 0.113 0.024 
261 COPE-0261    (0)   :  0.108 0.131 0.135 0.099 0.119 0.133 0.128 0.140 0.006 
262 COPE-0262    (0)   :  0.132 0.120 0.113 0.104 0.118 0.126 0.132 0.134 0.021 
263 COPE-0263    (0)   :  0.113 0.117 0.146 0.127 0.131 0.122 0.121 0.115 0.008 
264 COPE-0264    (0)   :  0.101 0.132 0.135 0.120 0.131 0.121 0.123 0.115 0.020 
265 COPE-0265    (0)   :  0.114 0.123 0.134 0.123 0.116 0.132 0.124 0.122 0.011 
266 COPE-0266    (0)   :  0.109 0.137 0.113 0.115 0.134 0.129 0.123 0.124 0.018 
267 COPE-0267    (0)   :  0.131 0.121 0.130 0.116 0.129 0.125 0.116 0.126 0.006 
268 COPE-0268    (0)   :  0.117 0.120 0.144 0.118 0.134 0.125 0.117 0.111 0.013 
269 COPE-0269    (0)   :  0.144 0.121 0.110 0.117 0.133 0.123 0.121 0.124 0.007 
270 COPE-0270    (0)   :  0.125 0.126 0.126 0.118 0.112 0.124 0.128 0.136 0.007 
271 COPE-0271    (0)   :  0.144 0.116 0.112 0.122 0.128 0.121 0.125 0.124 0.008 
272 COPE-0272    (0)   :  0.116 0.131 0.124 0.127 0.119 0.131 0.118 0.127 0.007 
273 COPE-0273    (0)   :  0.100 0.144 0.115 0.106 0.142 0.134 0.120 0.123 0.015 
274 COPE-0274   (14)   :  0.023 0.022 0.023 0.022 0.021 0.022 0.023 0.023 0.820 
275 COPE-0275    (0)   :  0.130 0.124 0.121 0.134 0.116 0.116 0.119 0.129 0.010 
276 COPE-0276   (14)   :  0.006 0.006 0.006 0.006 0.006 0.006 0.006 0.006 0.950 
277 COPE-0277   (14)   :  0.139 0.121 0.099 0.101 0.142 0.128 0.132 0.124 0.013 
278 COPE-0278    (0)   :  0.090 0.159 0.103 0.100 0.155 0.132 0.128 0.126 0.007 
279 COPE-0279    (0)   :  0.121 0.134 0.111 0.111 0.133 0.128 0.128 0.126 0.009 
280 COPE-0280    (0)   :  0.013 0.013 0.013 0.013 0.013 0.013 0.013 0.013 0.896 
281 COPE-0281    (0)   :  0.031 0.029 0.030 0.037 0.028 0.027 0.031 0.028 0.759 
282 COPE-0282   (14)   :  0.173 0.118 0.109 0.127 0.118 0.107 0.097 0.144 0.006 
283 COPE-0283    (0)   :  0.098 0.148 0.107 0.109 0.146 0.131 0.127 0.127 0.007 
284 COPE-0284   (14)   :  0.128 0.105 0.125 0.152 0.108 0.110 0.127 0.110 0.035 
285 COPE-0285    (0)   :  0.031 0.031 0.032 0.032 0.032 0.032 0.033 0.031 0.747 
286 COPE-0286    (0)   :  0.131 0.115 0.124 0.152 0.113 0.114 0.124 0.114 0.011 
287 COPE-0287    (0)   :  0.118 0.111 0.143 0.119 0.131 0.120 0.113 0.113 0.033 
288 COPE-0288    (0)   :  0.109 0.138 0.136 0.123 0.121 0.133 0.107 0.123 0.010 
289 COPE-0289    (0)   :  0.124 0.118 0.124 0.117 0.125 0.130 0.131 0.124 0.008 
290 COPE-0290    (0)   :  0.123 0.118 0.131 0.137 0.110 0.118 0.130 0.125 0.008 
291 COPE-0291    (0)   :  0.117 0.125 0.127 0.131 0.127 0.120 0.129 0.119 0.006 
292 COPE-0292   (42)   :  0.015 0.014 0.014 0.015 0.014 0.014 0.014 0.014 0.885 
293 COPE-0293    (0)   :  0.103 0.137 0.141 0.118 0.111 0.143 0.117 0.122 0.008 
294 COPE-0294    (0)   :  0.136 0.121 0.117 0.132 0.119 0.116 0.122 0.125 0.012 
295 COPE-0295    (0)   :  0.142 0.120 0.109 0.111 0.130 0.122 0.118 0.140 0.008 
296 COPE-0296   (14)   :  0.117 0.133 0.123 0.116 0.124 0.130 0.122 0.128 0.007 
297 COPE-0297   (14)   :  0.120 0.096 0.134 0.163 0.105 0.103 0.134 0.109 0.035 
298 COPE-0298    (0)   :  0.126 0.133 0.123 0.122 0.115 0.130 0.115 0.126 0.010 
299 COPE-0299    (0)   :  0.118 0.124 0.139 0.113 0.109 0.134 0.126 0.133 0.006 
300 COPE-0300   (14)   :  0.139 0.114 0.117 0.114 0.132 0.128 0.129 0.119 0.008 
301 COPE-0301   (14)   :  0.095 0.143 0.147 0.123 0.112 0.144 0.109 0.118 0.009 
302 COPE-0302    (0)   :  0.095 0.091 0.092 0.088 0.103 0.097 0.102 0.099 0.233 
303 COPE-0303    (0)   :  0.102 0.148 0.106 0.107 0.147 0.132 0.128 0.124 0.006 
304 COPE-0304    (0)   :  0.127 0.119 0.127 0.119 0.121 0.124 0.128 0.127 0.007 
305 COPE-0305   (14)   :  0.137 0.120 0.110 0.122 0.123 0.117 0.113 0.120 0.037 
306 COPE-0306    (0)   :  0.086 0.160 0.109 0.102 0.151 0.133 0.127 0.122 0.009 
307 COPE-0307   (28)   :  0.008 0.008 0.008 0.008 0.008 0.008 0.008 0.008 0.935 
308 COPE-0308    (0)   :  0.162 0.121 0.113 0.128 0.117 0.113 0.099 0.141 0.006 
309 COPE-0309   (14)   :  0.046 0.048 0.045 0.048 0.043 0.046 0.043 0.046 0.633 
310 COPE-0310   (28)   :  0.036 0.049 0.051 0.044 0.049 0.046 0.045 0.041 0.639 
311 COPE-0311    (0)   :  0.109 0.122 0.130 0.130 0.128 0.123 0.120 0.116 0.023 
312 COPE-0312   (28)   :  0.011 0.014 0.012 0.012 0.014 0.013 0.013 0.013 0.899 
313 COPE-0313    (0)   :  0.097 0.139 0.129 0.112 0.137 0.133 0.124 0.120 0.008 
314 COPE-0314    (0)   :  0.113 0.117 0.151 0.118 0.126 0.128 0.117 0.122 0.008 
315 COPE-0315    (0)   :  0.117 0.119 0.132 0.134 0.124 0.121 0.127 0.118 0.008 
316 COPE-0316    (0)   :  0.117 0.125 0.124 0.128 0.119 0.118 0.129 0.120 0.021 
317 COPE-0317   (14)   :  0.009 0.008 0.009 0.008 0.009 0.008 0.008 0.009 0.932 
318 COPE-0318    (0)   :  0.122 0.126 0.130 0.126 0.120 0.122 0.126 0.124 0.005 
319 COPE-0319    (0)   :  0.154 0.114 0.118 0.129 0.121 0.111 0.113 0.134 0.007 
320 COPE-0320   (14)   :  0.117 0.134 0.130 0.121 0.116 0.130 0.116 0.122 0.014 
321 COPE-0321   (14)   :  0.100 0.131 0.138 0.120 0.131 0.128 0.123 0.118 0.011 
322 COPE-0322   (14)   :  0.128 0.117 0.128 0.135 0.119 0.117 0.130 0.120 0.006 
323 COPE-0323    (0)   :  0.093 0.131 0.150 0.121 0.139 0.125 0.123 0.109 0.009 
324 COPE-0324    (0)   :  0.121 0.103 0.136 0.162 0.111 0.109 0.135 0.116 0.006 
325 COPE-0325   (14)   :  0.157 0.110 0.093 0.094 0.142 0.129 0.136 0.128 0.011 
326 COPE-0326    (0)   :  0.114 0.140 0.122 0.120 0.124 0.135 0.112 0.126 0.007 
327 COPE-0327   (14)   :  0.106 0.138 0.139 0.127 0.111 0.138 0.114 0.118 0.008 
328 COPE-0328    (0)   :  0.121 0.129 0.118 0.122 0.128 0.122 0.129 0.124 0.006 
329 COPE-0329   (28)   :  0.115 0.112 0.133 0.147 0.116 0.113 0.134 0.117 0.012 
330 COPE-0330    (0)   :  0.115 0.118 0.141 0.117 0.123 0.125 0.119 0.119 0.021 
331 COPE-0331    (0)   :  0.096 0.141 0.151 0.122 0.114 0.140 0.110 0.120 0.006 
332 COPE-0332   (14)   :  0.117 0.134 0.113 0.116 0.137 0.130 0.124 0.122 0.007 
333 COPE-0333    (0)   :  0.090 0.115 0.122 0.109 0.097 0.116 0.099 0.100 0.151 
334 COPE-0334   (28)   :  0.043 0.054 0.057 0.050 0.054 0.052 0.051 0.047 0.593 
335 COPE-0335    (0)   :  0.121 0.098 0.138 0.170 0.108 0.107 0.136 0.115 0.007 
336 COPE-0336    (0)   :  0.116 0.118 0.129 0.160 0.112 0.122 0.117 0.121 0.006 
337 COPE-0337   (28)   :  0.018 0.017 0.020 0.021 0.017 0.018 0.019 0.017 0.853 
338 COPE-0338    (0)   :  0.111 0.120 0.140 0.118 0.131 0.124 0.125 0.110 0.021 
339 COPE-0339    (0)   :  0.150 0.110 0.094 0.096 0.141 0.130 0.143 0.129 0.006 
340 COPE-0340   (14)   :  0.012 0.012 0.012 0.012 0.012 0.012 0.012 0.012 0.904 
341 COPE-0341    (0)   :  0.149 0.122 0.118 0.122 0.122 0.118 0.111 0.132 0.007 
342 COPE-0342    (0)   :  0.123 0.094 0.143 0.171 0.107 0.107 0.137 0.111 0.007 
343 COPE-0343    (0)   :  0.108 0.137 0.124 0.109 0.129 0.135 0.120 0.130 0.006 
344 COPE-0344   (14)   :  0.011 0.011 0.011 0.011 0.011 0.011 0.010 0.010 0.915 
345 COPE-0345    (0)   :  0.160 0.117 0.112 0.125 0.119 0.113 0.112 0.137 0.006 
346 COPE-0346    (0)   :  0.128 0.121 0.115 0.135 0.118 0.117 0.116 0.119 0.032 
347 COPE-0347    (0)   :  0.125 0.119 0.129 0.118 0.116 0.127 0.128 0.131 0.007 
348 COPE-0348    (0)   :  0.109 0.134 0.126 0.107 0.124 0.127 0.128 0.130 0.015 
349 COPE-0349    (0)   :  0.132 0.102 0.133 0.155 0.113 0.111 0.134 0.114 0.006 
350 COPE-0350    (0)   :  0.124 0.131 0.123 0.121 0.120 0.124 0.126 0.125 0.006 
351 COPE-0351    (0)   :  0.119 0.120 0.136 0.122 0.110 0.129 0.129 0.128 0.006 
352 COPE-0352    (0)   :  0.128 0.116 0.118 0.139 0.118 0.114 0.124 0.117 0.027 
353 COPE-0353    (0)   :  0.107 0.130 0.140 0.121 0.135 0.123 0.125 0.113 0.005 
354 COPE-0354    (0)   :  0.109 0.127 0.135 0.121 0.124 0.129 0.119 0.121 0.016 
355 COPE-0355    (0)   :  0.165 0.107 0.084 0.092 0.141 0.132 0.144 0.129 0.006 
356 COPE-0356    (0)   :  0.118 0.118 0.139 0.106 0.113 0.134 0.120 0.143 0.008 
357 COPE-0357    (0)   :  0.126 0.114 0.129 0.145 0.115 0.115 0.126 0.122 0.008 
358 COPE-0358    (0)   :  0.008 0.007 0.008 0.008 0.007 0.007 0.008 0.007 0.940 
359 COPE-0359   (14)   :  0.135 0.122 0.117 0.122 0.122 0.119 0.129 0.126 0.009 
360 COPE-0360    (0)   :  0.104 0.130 0.136 0.120 0.133 0.128 0.125 0.117 0.006 
361 COPE-0361    (0)   :  0.142 0.129 0.115 0.119 0.123 0.117 0.119 0.128 0.009 
362 COPE-0362    (0)   :  0.122 0.103 0.137 0.161 0.110 0.110 0.135 0.115 0.007 
363 COPE-0363   (14)   :  0.142 0.125 0.112 0.123 0.120 0.117 0.123 0.125 0.013 
364 COPE-0364    (0)   :  0.111 0.122 0.148 0.121 0.131 0.127 0.122 0.113 0.006 
365 COPE-0365    (0)   :  0.100 0.123 0.154 0.120 0.136 0.125 0.116 0.109 0.019 
366 COPE-0366    (0)   :  0.124 0.100 0.137 0.157 0.105 0.113 0.133 0.109 0.023 
367 COPE-0367   (14)   :  0.013 0.012 0.012 0.012 0.012 0.012 0.011 0.012 0.904 
368 COPE-0368    (0)   :  0.143 0.115 0.099 0.100 0.136 0.131 0.137 0.129 0.010 
369 COPE-0369    (0)   :  0.118 0.129 0.127 0.126 0.120 0.126 0.118 0.127 0.009 
370 COPE-0370   (28)   :  0.009 0.009 0.009 0.009 0.009 0.009 0.009 0.009 0.929 
371 COPE-0371    (0)   :  0.105 0.130 0.145 0.122 0.128 0.125 0.115 0.118 0.013 
372 COPE-0372    (0)   :  0.097 0.131 0.111 0.122 0.132 0.119 0.122 0.119 0.046 
373 COPE-0373   (14)   :  0.124 0.134 0.124 0.122 0.123 0.130 0.108 0.127 0.007 
374 COPE-0374    (0)   :  0.139 0.110 0.124 0.119 0.126 0.121 0.122 0.131 0.008 
375 COPE-0375   (14)   :  0.110 0.125 0.142 0.124 0.134 0.123 0.121 0.111 0.010 
376 COPE-0376   (14)   :  0.115 0.122 0.139 0.104 0.116 0.131 0.125 0.142 0.006 
377 COPE-0377    (0)   :  0.054 0.052 0.051 0.054 0.049 0.052 0.047 0.052 0.590 
378 COPE-0378    (0)   :  0.138 0.118 0.112 0.109 0.134 0.129 0.129 0.125 0.006 
379 COPE-0379    (0)   :  0.127 0.099 0.138 0.166 0.108 0.108 0.136 0.110 0.007 
380 COPE-0380   (28)   :  0.028 0.043 0.031 0.030 0.040 0.037 0.036 0.035 0.720 
381 COPE-0381    (0)   :  0.133 0.122 0.124 0.129 0.122 0.122 0.116 0.121 0.011 
382 COPE-0382    (0)   :  0.125 0.099 0.139 0.165 0.109 0.108 0.139 0.111 0.006 
383 COPE-0383    (0)   :  0.093 0.120 0.146 0.118 0.130 0.119 0.115 0.103 0.056 
384 COPE-0384    (0)   :  0.124 0.124 0.120 0.110 0.134 0.129 0.127 0.124 0.008 


Estimated Allele Frequencies in each cluster
First column gives estimated ancestral frequencies


Locus 1 : COPE5 
78 alleles
0.5% missing data
   1   (0.007) 0.001 0.001 0.001 0.001 0.001 0.001 0.001 0.001 0.688 
   2   (0.023) 0.028 0.024 0.022 0.024 0.024 0.024 0.023 0.025 0.013 
   3   (0.013) 0.019 0.014 0.012 0.013 0.015 0.014 0.013 0.015 0.001 
   4   (0.023) 0.028 0.022 0.024 0.026 0.025 0.024 0.027 0.025 0.001 
   5   (0.011) 0.009 0.009 0.011 0.013 0.009 0.009 0.010 0.009 0.001 
   6   (0.019) 0.020 0.017 0.017 0.020 0.017 0.017 0.018 0.018 0.004 
   7   (0.007) 0.004 0.004 0.003 0.004 0.003 0.003 0.003 0.004 0.001 
   8   (0.034) 0.085 0.101 0.079 0.079 0.101 0.093 0.087 0.094 0.002 
   9   (0.021) 0.024 0.022 0.021 0.022 0.021 0.021 0.022 0.022 0.001 
  10   (0.019) 0.020 0.020 0.021 0.020 0.020 0.020 0.020 0.019 0.001 
  11   (0.014) 0.014 0.014 0.018 0.016 0.016 0.015 0.014 0.014 0.014 
  12   (0.016) 0.019 0.027 0.026 0.023 0.022 0.026 0.022 0.023 0.001 
  13   (0.010) 0.009 0.012 0.012 0.011 0.010 0.012 0.010 0.011 0.001 
  14   (0.024) 0.027 0.028 0.029 0.027 0.026 0.029 0.026 0.027 0.002 
  15   (0.016) 0.040 0.029 0.026 0.026 0.036 0.034 0.035 0.033 0.001 
  16   (0.010) 0.006 0.006 0.006 0.006 0.006 0.006 0.006 0.006 0.001 
  17   (0.018) 0.014 0.015 0.014 0.015 0.015 0.015 0.015 0.014 0.001 
  18   (0.017) 0.014 0.012 0.015 0.017 0.013 0.013 0.015 0.013 0.006 
  19   (0.011) 0.010 0.008 0.011 0.013 0.009 0.009 0.011 0.009 0.001 
  20   (0.029) 0.050 0.053 0.056 0.051 0.054 0.056 0.053 0.051 0.002 
  21   (0.023) 0.022 0.021 0.021 0.023 0.021 0.022 0.023 0.022 0.001 
  22   (0.019) 0.016 0.015 0.016 0.016 0.015 0.015 0.016 0.015 0.008 
  23   (0.013) 0.011 0.011 0.013 0.013 0.011 0.011 0.012 0.011 0.001 
  24   (0.014) 0.016 0.020 0.021 0.017 0.019 0.020 0.019 0.020 0.001 
  25   (0.010) 0.008 0.008 0.008 0.008 0.007 0.008 0.007 0.008 0.001 
  26   (0.013) 0.009 0.009 0.009 0.009 0.009 0.009 0.009 0.009 0.001 
  27   (0.012) 0.010 0.010 0.009 0.010 0.009 0.009 0.010 0.010 0.001 
  28   (0.008) 0.003 0.003 0.003 0.003 0.003 0.003 0.003 0.003 0.018 
  29   (0.014) 0.011 0.012 0.012 0.011 0.010 0.012 0.012 0.012 0.001 
  30   (0.018) 0.021 0.021 0.020 0.020 0.019 0.020 0.019 0.020 0.003 
  31   (0.019) 0.020 0.017 0.019 0.019 0.018 0.019 0.020 0.019 0.001 
  32   (0.025) 0.036 0.036 0.043 0.045 0.037 0.037 0.039 0.037 0.001 
  33   (0.006) 0.002 0.002 0.002 0.002 0.002 0.002 0.002 0.002 0.000 
  34   (0.018) 0.018 0.019 0.021 0.019 0.020 0.020 0.019 0.019 0.001 
  35   (0.006) 0.001 0.001 0.001 0.001 0.001 0.001 0.001 0.001 0.055 
  36   (0.006) 0.002 0.002 0.002 0.002 0.002 0.002 0.002 0.002 0.000 
  37   (0.021) 0.023 0.025 0.026 0.023 0.027 0.026 0.026 0.025 0.016 
  38   (0.016) 0.014 0.012 0.012 0.012 0.012 0.013 0.013 0.013 0.006 
  39   (0.014) 0.017 0.022 0.016 0.017 0.022 0.020 0.019 0.019 0.001 
  40   (0.011) 0.010 0.009 0.010 0.011 0.009 0.009 0.010 0.009 0.001 
  41   (0.008) 0.005 0.005 0.005 0.005 0.004 0.005 0.005 0.005 0.001 
  42   (0.006) 0.002 0.002 0.002 0.002 0.002 0.002 0.002 0.002 0.000 
  43   (0.009) 0.005 0.005 0.005 0.005 0.005 0.005 0.005 0.005 0.001 
  44   (0.022) 0.031 0.025 0.026 0.026 0.026 0.025 0.026 0.029 0.001 
  45   (0.006) 0.002 0.002 0.002 0.002 0.002 0.002 0.002 0.002 0.000 
  46   (0.016) 0.016 0.020 0.018 0.018 0.019 0.019 0.017 0.018 0.001 
  47   (0.009) 0.007 0.006 0.006 0.006 0.006 0.006 0.006 0.007 0.001 
  48   (0.006) 0.002 0.002 0.002 0.003 0.002 0.002 0.002 0.002 0.000 
  49   (0.015) 0.019 0.015 0.014 0.015 0.016 0.015 0.016 0.017 0.001 
  50   (0.013) 0.013 0.011 0.011 0.012 0.011 0.011 0.011 0.011 0.001 
  51   (0.011) 0.011 0.015 0.017 0.014 0.016 0.015 0.014 0.013 0.008 
  52   (0.014) 0.011 0.012 0.013 0.012 0.011 0.013 0.012 0.012 0.001 
  53   (0.007) 0.001 0.001 0.001 0.001 0.001 0.001 0.001 0.001 0.032 
  54   (0.007) 0.001 0.001 0.001 0.001 0.001 0.001 0.001 0.001 0.078 
  55   (0.010) 0.007 0.007 0.008 0.007 0.007 0.008 0.008 0.008 0.001 
  56   (0.010) 0.008 0.013 0.010 0.011 0.013 0.011 0.011 0.011 0.001 
  57   (0.014) 0.011 0.010 0.012 0.014 0.010 0.010 0.012 0.011 0.001 
  58   (0.009) 0.006 0.006 0.006 0.006 0.006 0.006 0.006 0.006 0.000 
  59   (0.010) 0.016 0.011 0.011 0.012 0.011 0.010 0.010 0.013 0.001 
  60   (0.010) 0.007 0.008 0.008 0.008 0.008 0.008 0.008 0.008 0.001 
  61   (0.006) 0.002 0.002 0.002 0.002 0.002 0.002 0.002 0.002 0.000 
  62   (0.012) 0.011 0.012 0.013 0.012 0.012 0.012 0.012 0.011 0.001 
  63   (0.011) 0.014 0.015 0.017 0.013 0.015 0.017 0.016 0.018 0.001 
  64   (0.010) 0.005 0.005 0.005 0.005 0.005 0.005 0.005 0.005 0.001 
  65   (0.019) 0.018 0.021 0.021 0.021 0.021 0.020 0.021 0.019 0.001 
  66   (0.009) 0.008 0.011 0.009 0.008 0.010 0.010 0.010 0.009 0.001 
  67   (0.010) 0.006 0.006 0.007 0.006 0.005 0.006 0.006 0.006 0.001 
  68   (0.013) 0.011 0.010 0.012 0.013 0.010 0.010 0.012 0.010 0.001 
  69   (0.006) 0.002 0.002 0.002 0.002 0.002 0.002 0.002 0.002 0.000 
  70   (0.006) 0.002 0.002 0.002 0.002 0.002 0.002 0.002 0.002 0.000 
  71   (0.010) 0.007 0.006 0.006 0.006 0.006 0.006 0.007 0.006 0.001 
  72   (0.006) 0.002 0.002 0.002 0.002 0.002 0.002 0.002 0.002 0.000 
  73   (0.006) 0.002 0.002 0.002 0.002 0.002 0.002 0.002 0.002 0.000 
  74   (0.006) 0.002 0.002 0.002 0.002 0.002 0.002 0.002 0.002 0.000 
  75   (0.008) 0.005 0.005 0.005 0.005 0.004 0.004 0.005 0.005 0.000 
  76   (0.006) 0.002 0.002 0.002 0.002 0.002 0.002 0.002 0.002 0.000 
  77   (0.008) 0.004 0.003 0.003 0.004 0.003 0.003 0.004 0.003 0.000 
  78   (0.006) 0.002 0.002 0.002 0.002 0.002 0.002 0.002 0.002 0.000 

Locus 2 : COPE9 
12 alleles
8.3% missing data
   1   (0.411) 0.449 0.471 0.488 0.474 0.464 0.472 0.463 0.464 0.410 
   2   (0.142) 0.149 0.136 0.128 0.129 0.137 0.135 0.134 0.144 0.276 
   3   (0.045) 0.044 0.058 0.045 0.047 0.058 0.052 0.052 0.051 0.020 
   4   (0.073) 0.078 0.068 0.075 0.080 0.074 0.072 0.080 0.072 0.022 
   5   (0.037) 0.024 0.025 0.027 0.027 0.023 0.026 0.026 0.025 0.021 
   6   (0.134) 0.142 0.132 0.131 0.131 0.135 0.134 0.136 0.135 0.047 
   7   (0.039) 0.031 0.025 0.025 0.029 0.025 0.024 0.025 0.028 0.072 
