

----------------------------------------------------
STRUCTURE by Pritchard, Stephens and Donnelly (2000)
     and Falush, Stephens and Pritchard (2003)
       Code by Pritchard, Falush and Hubisz
             Version 2.3.4 (Jul 2012)
----------------------------------------------------



Command line arguments:   /home/jason/Programs/structure -K 7 -i ../Data/microsats.structure -m Structure_Run/mainparams -e Structure_Run/extraparams -D 99684031 -o ../Structure_Results/02_K_07.out 
Input File:    ../Data/microsats.structure

Run parameters:
   384 individuals
   7 loci
   7 populations assumed
   1000000 Burn-in period
   10000000 Reps
RANDOMIZE turned off


--------------------------------------------
Overall proportion of membership of the
sample in each of the 7 clusters

Inferred Clusters
  1      2      3      4      5      6      7    
0.146  0.146  0.122  0.148  0.146  0.146  0.146  

--------------------------------------------

Allele-freq. divergence among pops (Net nucleotide distance),
computed using point estimates of P.

      1       2       3       4       5       6       7      
 1      -    0.0002  0.1532  0.0004  0.0001  0.0002  0.0001  
 2   0.0002     -    0.1519  0.0002  0.0002  0.0001  0.0001  
 3   0.1532  0.1519     -    0.1510  0.1525  0.1517  0.1525  
 4   0.0004  0.0002  0.1510     -    0.0002  0.0003  0.0002  
 5   0.0001  0.0002  0.1525  0.0002     -    0.0003  0.0001  
 6   0.0002  0.0001  0.1517  0.0003  0.0003     -    0.0002  
 7   0.0001  0.0001  0.1525  0.0002  0.0001  0.0002     -    

Average distances (expected heterozygosity) between individuals in same cluster:
cluster  1  : 0.6215 
cluster  2  : 0.6225 
cluster  3  : 0.6569 
cluster  4  : 0.6277 
cluster  5  : 0.6246 
cluster  6  : 0.6233 
cluster  7  : 0.6229 

--------------------------------------------
Estimated Ln Prob of Data   = -8903.2
Mean value of ln likelihood = -7975.7
Variance of ln likelihood   = 1855.0
Mean value of alpha         = 0.0459

Mean value of Fst_1         = 0.0628
Mean value of Fst_2         = 0.0621
Mean value of Fst_3         = 0.1572
Mean value of Fst_4         = 0.0552
Mean value of Fst_5         = 0.0595
Mean value of Fst_6         = 0.0624
Mean value of Fst_7         = 0.0596


Inferred ancestry of individuals:
        Label (%Miss) :  Inferred clusters
  1 COPE-0001    (0)   :  0.008 0.008 0.952 0.008 0.008 0.008 0.008 
  2 COPE-0002    (0)   :  0.141 0.173 0.010 0.200 0.163 0.174 0.139 
  3 COPE-0003    (0)   :  0.133 0.184 0.007 0.192 0.150 0.161 0.173 
  4 COPE-0004    (0)   :  0.128 0.177 0.014 0.205 0.156 0.182 0.137 
  5 COPE-0005    (0)   :  0.171 0.163 0.018 0.168 0.173 0.157 0.149 
  6 COPE-0006    (0)   :  0.165 0.159 0.019 0.174 0.164 0.160 0.159 
  7 COPE-0007    (0)   :  0.183 0.165 0.007 0.157 0.174 0.161 0.153 
  8 COPE-0008    (0)   :  0.191 0.186 0.007 0.102 0.135 0.212 0.166 
  9 COPE-0009    (0)   :  0.143 0.178 0.018 0.193 0.149 0.159 0.160 
 10 COPE-0010    (0)   :  0.173 0.128 0.007 0.169 0.194 0.134 0.196 
 11 COPE-0011   (14)   :  0.012 0.014 0.919 0.015 0.013 0.014 0.012 
 12 COPE-0012   (14)   :  0.177 0.178 0.007 0.124 0.143 0.201 0.170 
 13 COPE-0013    (0)   :  0.123 0.188 0.006 0.201 0.145 0.159 0.178 
 14 COPE-0014    (0)   :  0.183 0.159 0.010 0.164 0.194 0.136 0.154 
 15 COPE-0015    (0)   :  0.184 0.158 0.007 0.153 0.185 0.150 0.164 
 16 COPE-0016    (0)   :  0.173 0.179 0.010 0.170 0.160 0.159 0.149 
 17 COPE-0017    (0)   :  0.045 0.042 0.742 0.043 0.046 0.040 0.041 
 18 COPE-0018    (0)   :  0.158 0.171 0.008 0.180 0.151 0.167 0.165 
 19 COPE-0019    (0)   :  0.143 0.181 0.006 0.185 0.147 0.162 0.177 
 20 COPE-0020    (0)   :  0.168 0.152 0.008 0.174 0.177 0.152 0.170 
 21 COPE-0021    (0)   :  0.189 0.145 0.006 0.156 0.195 0.141 0.168 
 22 COPE-0022    (0)   :  0.185 0.182 0.007 0.119 0.137 0.206 0.163 
 23 COPE-0023    (0)   :  0.143 0.152 0.008 0.209 0.168 0.169 0.151 
 24 COPE-0024   (14)   :  0.185 0.172 0.006 0.145 0.162 0.172 0.157 
 25 COPE-0025    (0)   :  0.141 0.134 0.083 0.176 0.156 0.146 0.164 
 26 COPE-0026    (0)   :  0.190 0.168 0.005 0.141 0.164 0.168 0.164 
 27 COPE-0027    (0)   :  0.142 0.185 0.006 0.175 0.142 0.173 0.177 
 28 COPE-0028    (0)   :  0.181 0.129 0.006 0.162 0.190 0.138 0.196 
 29 COPE-0029    (0)   :  0.187 0.177 0.005 0.159 0.161 0.163 0.148 
 30 COPE-0030   (14)   :  0.033 0.035 0.792 0.038 0.033 0.036 0.032 
 31 COPE-0031    (0)   :  0.193 0.179 0.010 0.121 0.147 0.189 0.162 
 32 COPE-0032    (0)   :  0.164 0.132 0.009 0.183 0.184 0.143 0.186 
 33 COPE-0033    (0)   :  0.157 0.149 0.011 0.185 0.169 0.156 0.172 
 34 COPE-0034    (0)   :  0.180 0.177 0.011 0.148 0.161 0.174 0.149 
 35 COPE-0035   (14)   :  0.165 0.135 0.008 0.168 0.181 0.147 0.196 
 36 COPE-0036   (14)   :  0.165 0.150 0.006 0.167 0.185 0.162 0.164 
 37 COPE-0037    (0)   :  0.167 0.156 0.023 0.163 0.167 0.158 0.166 
 38 COPE-0038    (0)   :  0.198 0.177 0.006 0.111 0.148 0.197 0.163 
 39 COPE-0039    (0)   :  0.134 0.153 0.110 0.168 0.142 0.149 0.144 
 40 COPE-0040   (14)   :  0.131 0.164 0.101 0.172 0.138 0.147 0.148 
 41 COPE-0041    (0)   :  0.147 0.164 0.032 0.184 0.154 0.165 0.155 
 42 COPE-0042    (0)   :  0.167 0.132 0.011 0.171 0.179 0.139 0.201 
 43 COPE-0043    (0)   :  0.153 0.172 0.005 0.190 0.162 0.171 0.147 
 44 COPE-0044    (0)   :  0.133 0.176 0.015 0.198 0.152 0.182 0.143 
 45 COPE-0045    (0)   :  0.143 0.163 0.031 0.181 0.151 0.181 0.150 
 46 COPE-0046    (0)   :  0.027 0.031 0.825 0.032 0.028 0.028 0.029 
 47 COPE-0047    (0)   :  0.007 0.007 0.956 0.008 0.007 0.007 0.007 
 48 COPE-0048    (0)   :  0.173 0.122 0.007 0.169 0.189 0.134 0.207 
 49 COPE-0049    (0)   :  0.150 0.161 0.016 0.190 0.157 0.172 0.153 
 50 COPE-0050    (0)   :  0.127 0.188 0.007 0.200 0.148 0.165 0.165 
 51 COPE-0051    (0)   :  0.155 0.108 0.105 0.149 0.177 0.119 0.186 
 52 COPE-0052    (0)   :  0.194 0.160 0.010 0.152 0.193 0.141 0.150 
 53 COPE-0053    (0)   :  0.180 0.182 0.010 0.163 0.162 0.159 0.145 
 54 COPE-0054    (0)   :  0.186 0.157 0.005 0.138 0.175 0.169 0.170 
 55 COPE-0055    (0)   :  0.192 0.185 0.005 0.102 0.133 0.216 0.167 
 56 COPE-0056    (0)   :  0.153 0.168 0.019 0.171 0.147 0.184 0.157 
 57 COPE-0057    (0)   :  0.148 0.172 0.011 0.183 0.155 0.165 0.167 
 58 COPE-0058    (0)   :  0.149 0.156 0.009 0.187 0.171 0.169 0.158 
 59 COPE-0059    (0)   :  0.127 0.187 0.019 0.193 0.143 0.158 0.173 
 60 COPE-0060    (0)   :  0.155 0.173 0.007 0.188 0.172 0.162 0.143 
 61 COPE-0061    (0)   :  0.160 0.183 0.012 0.176 0.150 0.161 0.157 
 62 COPE-0062    (0)   :  0.190 0.144 0.010 0.149 0.200 0.138 0.169 
 63 COPE-0063    (0)   :  0.183 0.179 0.029 0.101 0.130 0.212 0.166 
 64 COPE-0064    (0)   :  0.165 0.179 0.010 0.166 0.160 0.166 0.154 
 65 COPE-0065    (0)   :  0.006 0.006 0.966 0.006 0.006 0.006 0.006 
 66 COPE-0066    (0)   :  0.165 0.119 0.016 0.173 0.186 0.129 0.212 
 67 COPE-0067   (14)   :  0.027 0.023 0.839 0.027 0.029 0.024 0.030 
 68 COPE-0068    (0)   :  0.123 0.190 0.010 0.199 0.144 0.158 0.176 
 69 COPE-0069   (14)   :  0.172 0.166 0.013 0.158 0.177 0.156 0.159 
 70 COPE-0070    (0)   :  0.154 0.161 0.012 0.175 0.165 0.172 0.162 
 71 COPE-0071    (0)   :  0.175 0.124 0.004 0.168 0.196 0.130 0.203 
 72 COPE-0072    (0)   :  0.143 0.179 0.007 0.190 0.165 0.162 0.154 
 73 COPE-0073   (14)   :  0.046 0.045 0.741 0.042 0.043 0.042 0.040 
 74 COPE-0074    (0)   :  0.173 0.131 0.009 0.170 0.185 0.139 0.192 
 75 COPE-0075    (0)   :  0.170 0.117 0.013 0.166 0.196 0.131 0.206 
 76 COPE-0076    (0)   :  0.169 0.173 0.006 0.151 0.156 0.179 0.167 
 77 COPE-0077   (14)   :  0.159 0.169 0.009 0.175 0.158 0.165 0.165 
 78 COPE-0078   (14)   :  0.177 0.174 0.008 0.145 0.159 0.182 0.156 
 79 COPE-0079    (0)   :  0.120 0.177 0.009 0.215 0.158 0.189 0.133 
 80 COPE-0080   (42)   :  0.020 0.022 0.872 0.023 0.021 0.021 0.021 
 81 COPE-0081   (14)   :  0.090 0.088 0.487 0.074 0.081 0.094 0.087 
 82 COPE-0082   (14)   :  0.167 0.139 0.047 0.142 0.165 0.155 0.185 
 83 COPE-0083   (14)   :  0.197 0.151 0.006 0.153 0.210 0.132 0.151 
 84 COPE-0084    (0)   :  0.135 0.133 0.249 0.127 0.121 0.121 0.114 
 85 COPE-0085    (0)   :  0.138 0.170 0.010 0.194 0.157 0.175 0.156 
 86 COPE-0086    (0)   :  0.168 0.146 0.021 0.171 0.170 0.152 0.172 
 87 COPE-0087   (14)   :  0.163 0.170 0.007 0.180 0.167 0.160 0.152 
 88 COPE-0088   (14)   :  0.158 0.166 0.024 0.179 0.162 0.164 0.147 
 89 COPE-0089   (14)   :  0.007 0.007 0.956 0.007 0.007 0.008 0.007 
 90 COPE-0090    (0)   :  0.192 0.182 0.008 0.108 0.134 0.211 0.165 
 91 COPE-0091   (14)   :  0.169 0.170 0.006 0.175 0.178 0.154 0.149 
 92 COPE-0092   (28)   :  0.021 0.026 0.850 0.030 0.024 0.025 0.025 
 93 COPE-0093    (0)   :  0.187 0.185 0.006 0.102 0.134 0.216 0.169 
 94 COPE-0094    (0)   :  0.117 0.174 0.032 0.211 0.155 0.183 0.129 
 95 COPE-0095    (0)   :  0.185 0.180 0.005 0.153 0.157 0.168 0.152 
 96 COPE-0096    (0)   :  0.186 0.160 0.009 0.163 0.185 0.143 0.154 
 97 COPE-0097    (0)   :  0.180 0.131 0.008 0.149 0.201 0.138 0.194 
 98 COPE-0098    (0)   :  0.196 0.182 0.008 0.112 0.144 0.196 0.162 
 99 COPE-0099    (0)   :  0.131 0.178 0.021 0.198 0.146 0.155 0.171 
100 COPE-0100    (0)   :  0.158 0.168 0.007 0.166 0.160 0.161 0.179 
101 COPE-0101    (0)   :  0.161 0.141 0.044 0.155 0.160 0.154 0.184 
102 COPE-0102    (0)   :  0.153 0.162 0.006 0.187 0.163 0.167 0.163 
103 COPE-0103    (0)   :  0.147 0.162 0.018 0.187 0.168 0.172 0.147 
104 COPE-0104   (14)   :  0.179 0.138 0.007 0.150 0.180 0.150 0.197 
105 COPE-0105    (0)   :  0.167 0.123 0.037 0.143 0.191 0.138 0.201 
106 COPE-0106    (0)   :  0.188 0.152 0.005 0.145 0.192 0.150 0.169 
107 COPE-0107    (0)   :  0.020 0.020 0.887 0.016 0.017 0.022 0.019 
108 COPE-0108    (0)   :  0.188 0.153 0.006 0.139 0.175 0.167 0.171 
109 COPE-0109    (0)   :  0.134 0.177 0.012 0.195 0.154 0.183 0.144 
110 COPE-0110   (14)   :  0.164 0.164 0.014 0.166 0.173 0.162 0.157 
111 COPE-0111    (0)   :  0.176 0.159 0.009 0.168 0.185 0.144 0.158 
112 COPE-0112   (14)   :  0.171 0.133 0.011 0.163 0.183 0.143 0.196 
113 COPE-0113    (0)   :  0.144 0.169 0.023 0.176 0.151 0.167 0.169 
114 COPE-0114    (0)   :  0.176 0.164 0.010 0.154 0.167 0.170 0.159 
115 COPE-0115    (0)   :  0.027 0.025 0.849 0.024 0.027 0.023 0.023 
116 COPE-0116   (28)   :  0.009 0.010 0.942 0.010 0.010 0.010 0.010 
117 COPE-0117    (0)   :  0.179 0.182 0.011 0.163 0.160 0.160 0.144 
118 COPE-0118    (0)   :  0.189 0.154 0.009 0.148 0.194 0.146 0.160 
119 COPE-0119    (0)   :  0.199 0.155 0.010 0.132 0.174 0.169 0.161 
120 COPE-0120    (0)   :  0.145 0.170 0.012 0.187 0.158 0.168 0.160 
121 COPE-0121    (0)   :  0.168 0.146 0.061 0.160 0.174 0.136 0.155 
122 COPE-0122    (0)   :  0.140 0.158 0.008 0.204 0.169 0.171 0.150 
123 COPE-0123    (0)   :  0.146 0.152 0.015 0.194 0.165 0.171 0.157 
124 COPE-0124    (0)   :  0.143 0.162 0.013 0.202 0.161 0.175 0.144 
125 COPE-0125    (0)   :  0.172 0.150 0.007 0.146 0.180 0.159 0.187 
126 COPE-0126    (0)   :  0.185 0.182 0.013 0.153 0.156 0.162 0.148 
127 COPE-0127   (14)   :  0.166 0.149 0.007 0.157 0.179 0.161 0.182 
128 COPE-0128    (0)   :  0.162 0.152 0.020 0.181 0.170 0.156 0.159 
129 COPE-0129    (0)   :  0.126 0.173 0.007 0.209 0.159 0.178 0.148 
130 COPE-0130    (0)   :  0.136 0.187 0.012 0.185 0.146 0.165 0.170 
131 COPE-0131   (14)   :  0.177 0.157 0.010 0.163 0.184 0.144 0.165 
132 COPE-0132   (14)   :  0.193 0.164 0.035 0.126 0.163 0.167 0.152 
133 COPE-0133    (0)   :  0.172 0.182 0.010 0.171 0.162 0.161 0.144 
134 COPE-0134    (0)   :  0.146 0.168 0.007 0.189 0.169 0.168 0.154 
135 COPE-0135    (0)   :  0.172 0.141 0.009 0.168 0.172 0.155 0.183 
136 COPE-0136    (0)   :  0.012 0.013 0.926 0.013 0.012 0.012 0.012 
137 COPE-0137    (0)   :  0.144 0.167 0.013 0.197 0.155 0.156 0.168 
138 COPE-0138   (14)   :  0.008 0.008 0.951 0.008 0.008 0.008 0.008 
139 COPE-0139    (0)   :  0.139 0.175 0.008 0.198 0.156 0.156 0.168 
140 COPE-0140   (14)   :  0.020 0.020 0.873 0.023 0.021 0.020 0.022 
141 COPE-0141    (0)   :  0.175 0.176 0.009 0.134 0.144 0.203 0.161 
142 COPE-0142    (0)   :  0.176 0.172 0.009 0.135 0.148 0.192 0.168 
143 COPE-0143    (0)   :  0.176 0.177 0.009 0.154 0.148 0.183 0.153 
144 COPE-0144   (14)   :  0.098 0.125 0.316 0.136 0.104 0.120 0.101 
145 COPE-0145   (14)   :  0.086 0.098 0.400 0.124 0.101 0.096 0.094 
146 COPE-0146   (14)   :  0.175 0.167 0.029 0.148 0.153 0.167 0.161 
147 COPE-0147    (0)   :  0.141 0.166 0.063 0.172 0.142 0.181 0.136 
148 COPE-0148    (0)   :  0.177 0.183 0.009 0.162 0.161 0.164 0.144 
149 COPE-0149    (0)   :  0.138 0.183 0.007 0.190 0.151 0.163 0.168 
150 COPE-0150    (0)   :  0.174 0.110 0.009 0.172 0.197 0.125 0.213 
151 COPE-0151    (0)   :  0.163 0.177 0.007 0.168 0.147 0.173 0.165 
152 COPE-0152   (14)   :  0.162 0.157 0.122 0.110 0.125 0.182 0.143 
153 COPE-0153    (0)   :  0.179 0.169 0.006 0.155 0.159 0.176 0.157 
154 COPE-0154    (0)   :  0.159 0.175 0.006 0.169 0.154 0.169 0.168 
155 COPE-0155    (0)   :  0.155 0.166 0.006 0.189 0.160 0.158 0.167 
156 COPE-0156   (14)   :  0.009 0.009 0.948 0.009 0.009 0.009 0.009 
157 COPE-0157   (14)   :  0.118 0.122 0.303 0.104 0.106 0.135 0.112 
158 COPE-0158    (0)   :  0.164 0.183 0.009 0.177 0.160 0.155 0.153 
159 COPE-0159    (0)   :  0.187 0.179 0.007 0.133 0.152 0.186 0.156 
160 COPE-0160    (0)   :  0.146 0.165 0.006 0.182 0.165 0.180 0.154 
161 COPE-0161    (0)   :  0.148 0.160 0.012 0.192 0.163 0.169 0.156 
162 COPE-0162   (14)   :  0.007 0.007 0.959 0.007 0.007 0.007 0.007 
163 COPE-0163   (28)   :  0.013 0.013 0.921 0.013 0.013 0.013 0.013 
164 COPE-0164    (0)   :  0.157 0.170 0.034 0.172 0.142 0.164 0.162 
165 COPE-0165    (0)   :  0.142 0.174 0.008 0.191 0.157 0.158 0.169 
166 COPE-0166   (14)   :  0.142 0.171 0.008 0.197 0.167 0.169 0.146 
167 COPE-0167    (0)   :  0.152 0.171 0.008 0.184 0.160 0.176 0.149 
168 COPE-0168    (0)   :  0.182 0.176 0.006 0.156 0.166 0.163 0.151 
169 COPE-0169    (0)   :  0.127 0.190 0.012 0.195 0.145 0.157 0.173 
170 COPE-0170    (0)   :  0.178 0.165 0.036 0.140 0.155 0.175 0.152 
171 COPE-0171    (0)   :  0.186 0.165 0.009 0.152 0.174 0.155 0.159 
172 COPE-0172    (0)   :  0.178 0.156 0.006 0.158 0.169 0.164 0.169 
173 COPE-0173   (14)   :  0.119 0.179 0.068 0.188 0.134 0.151 0.160 
174 COPE-0174   (28)   :  0.164 0.170 0.020 0.168 0.154 0.173 0.152 
175 COPE-0175    (0)   :  0.157 0.169 0.040 0.177 0.152 0.165 0.140 
176 COPE-0176    (0)   :  0.171 0.170 0.010 0.142 0.164 0.186 0.158 
177 COPE-0177    (0)   :  0.139 0.183 0.007 0.190 0.148 0.162 0.172 
178 COPE-0178    (0)   :  0.182 0.148 0.008 0.145 0.193 0.155 0.169 
179 COPE-0179    (0)   :  0.152 0.161 0.009 0.183 0.161 0.164 0.170 
180 COPE-0180   (14)   :  0.126 0.187 0.006 0.199 0.147 0.158 0.178 
181 COPE-0181   (14)   :  0.133 0.180 0.009 0.195 0.151 0.162 0.169 
182 COPE-0182    (0)   :  0.195 0.161 0.005 0.127 0.158 0.181 0.174 
183 COPE-0183    (0)   :  0.165 0.166 0.011 0.168 0.158 0.169 0.163 
184 COPE-0184    (0)   :  0.172 0.165 0.010 0.166 0.174 0.162 0.152 
185 COPE-0185    (0)   :  0.186 0.179 0.006 0.125 0.151 0.187 0.165 
186 COPE-0186    (0)   :  0.193 0.148 0.006 0.153 0.204 0.135 0.162 
187 COPE-0187    (0)   :  0.171 0.129 0.010 0.155 0.189 0.147 0.199 
188 COPE-0188    (0)   :  0.022 0.020 0.866 0.024 0.023 0.021 0.024 
189 COPE-0189    (0)   :  0.147 0.160 0.009 0.178 0.167 0.159 0.179 
190 COPE-0190    (0)   :  0.138 0.162 0.015 0.200 0.160 0.173 0.151 
191 COPE-0191    (0)   :  0.160 0.171 0.013 0.176 0.164 0.162 0.155 
192 COPE-0192   (14)   :  0.011 0.010 0.941 0.010 0.011 0.009 0.010 
193 COPE-0193    (0)   :  0.176 0.174 0.006 0.164 0.154 0.169 0.158 
194 COPE-0194    (0)   :  0.177 0.115 0.009 0.170 0.195 0.125 0.209 
195 COPE-0195    (0)   :  0.165 0.143 0.007 0.178 0.174 0.152 0.179 
196 COPE-0196    (0)   :  0.170 0.155 0.011 0.169 0.168 0.167 0.160 
197 COPE-0197    (0)   :  0.136 0.182 0.007 0.200 0.150 0.157 0.168 
198 COPE-0198    (0)   :  0.172 0.181 0.013 0.147 0.147 0.175 0.165 
199 COPE-0199    (0)   :  0.130 0.186 0.010 0.193 0.145 0.162 0.175 
200 COPE-0200   (42)   :  0.127 0.189 0.010 0.197 0.144 0.161 0.172 
201 COPE-0201    (0)   :  0.187 0.165 0.009 0.127 0.163 0.180 0.169 
202 COPE-0202    (0)   :  0.168 0.180 0.014 0.142 0.146 0.198 0.152 
203 COPE-0203    (0)   :  0.175 0.173 0.006 0.155 0.157 0.177 0.157 
204 COPE-0204    (0)   :  0.170 0.128 0.037 0.142 0.195 0.139 0.189 
205 COPE-0205    (0)   :  0.175 0.173 0.022 0.154 0.146 0.177 0.153 
206 COPE-0206    (0)   :  0.184 0.147 0.005 0.162 0.191 0.144 0.167 
207 COPE-0207    (0)   :  0.196 0.151 0.010 0.146 0.188 0.149 0.160 
208 COPE-0208    (0)   :  0.028 0.028 0.833 0.028 0.026 0.028 0.028 
209 COPE-0209    (0)   :  0.156 0.164 0.007 0.182 0.166 0.152 0.173 
210 COPE-0210    (0)   :  0.174 0.168 0.012 0.168 0.173 0.145 0.160 
211 COPE-0211    (0)   :  0.172 0.118 0.005 0.169 0.192 0.132 0.212 
212 COPE-0212    (0)   :  0.194 0.161 0.012 0.142 0.175 0.161 0.156 
213 COPE-0213    (0)   :  0.171 0.149 0.008 0.161 0.178 0.160 0.173 
214 COPE-0214    (0)   :  0.124 0.193 0.008 0.197 0.143 0.160 0.176 
215 COPE-0215    (0)   :  0.120 0.183 0.037 0.195 0.140 0.153 0.172 
216 COPE-0216   (14)   :  0.087 0.087 0.479 0.093 0.088 0.084 0.082 
217 COPE-0217    (0)   :  0.178 0.154 0.027 0.153 0.178 0.150 0.159 
218 COPE-0218    (0)   :  0.171 0.172 0.009 0.166 0.156 0.163 0.161 
219 COPE-0219   (14)   :  0.135 0.187 0.009 0.190 0.146 0.163 0.171 
220 COPE-0220    (0)   :  0.174 0.152 0.015 0.157 0.182 0.152 0.168 
221 COPE-0221    (0)   :  0.190 0.183 0.014 0.104 0.137 0.211 0.160 
222 COPE-0222    (0)   :  0.191 0.184 0.007 0.128 0.148 0.185 0.157 
223 COPE-0223    (0)   :  0.133 0.177 0.008 0.202 0.151 0.160 0.169 
224 COPE-0224    (0)   :  0.125 0.175 0.022 0.203 0.156 0.185 0.134 
225 COPE-0225    (0)   :  0.122 0.192 0.016 0.196 0.142 0.157 0.175 
226 COPE-0226    (0)   :  0.165 0.175 0.008 0.165 0.160 0.177 0.151 
227 COPE-0227    (0)   :  0.170 0.169 0.006 0.164 0.173 0.154 0.163 
228 COPE-0228    (0)   :  0.162 0.161 0.026 0.170 0.169 0.156 0.156 
229 COPE-0229    (0)   :  0.154 0.181 0.007 0.169 0.156 0.171 0.161 
230 COPE-0230    (0)   :  0.164 0.164 0.010 0.155 0.167 0.175 0.164 
231 COPE-0231    (0)   :  0.146 0.172 0.006 0.190 0.157 0.155 0.173 
232 COPE-0232    (0)   :  0.138 0.161 0.014 0.196 0.165 0.176 0.149 
233 COPE-0233    (0)   :  0.193 0.181 0.005 0.119 0.144 0.195 0.163 
234 COPE-0234    (0)   :  0.131 0.169 0.008 0.211 0.161 0.180 0.140 
235 COPE-0235    (0)   :  0.138 0.165 0.006 0.204 0.163 0.172 0.152 
236 COPE-0236    (0)   :  0.174 0.155 0.005 0.144 0.181 0.164 0.177 
237 COPE-0237    (0)   :  0.195 0.179 0.006 0.118 0.151 0.191 0.160 
238 COPE-0238    (0)   :  0.127 0.188 0.007 0.202 0.143 0.157 0.176 
239 COPE-0239    (0)   :  0.138 0.166 0.035 0.191 0.157 0.176 0.138 
240 COPE-0240    (0)   :  0.185 0.174 0.008 0.163 0.170 0.152 0.148 
241 COPE-0241    (0)   :  0.122 0.189 0.007 0.201 0.143 0.160 0.179 
242 COPE-0242    (0)   :  0.192 0.152 0.006 0.152 0.183 0.154 0.160 
243 COPE-0243    (0)   :  0.170 0.124 0.008 0.166 0.194 0.135 0.202 
244 COPE-0244    (0)   :  0.149 0.165 0.009 0.190 0.156 0.162 0.169 
245 COPE-0245    (0)   :  0.176 0.134 0.013 0.155 0.179 0.148 0.196 
246 COPE-0246    (0)   :  0.158 0.166 0.013 0.181 0.162 0.171 0.148 
247 COPE-0247    (0)   :  0.165 0.183 0.017 0.144 0.143 0.184 0.164 
248 COPE-0248    (0)   :  0.183 0.146 0.005 0.148 0.176 0.153 0.188 
249 COPE-0249    (0)   :  0.121 0.177 0.033 0.205 0.148 0.174 0.142 
250 COPE-0250    (0)   :  0.138 0.168 0.016 0.198 0.163 0.176 0.142 
251 COPE-0251   (14)   :  0.037 0.036 0.802 0.025 0.030 0.038 0.033 
252 COPE-0252    (0)   :  0.136 0.169 0.012 0.200 0.165 0.176 0.141 
253 COPE-0253    (0)   :  0.184 0.182 0.008 0.109 0.137 0.209 0.170 
254 COPE-0254    (0)   :  0.168 0.134 0.013 0.147 0.189 0.153 0.196 
255 COPE-0255    (0)   :  0.172 0.160 0.028 0.133 0.154 0.179 0.173 
256 COPE-0256    (0)   :  0.180 0.176 0.011 0.163 0.163 0.156 0.151 
257 COPE-0257    (0)   :  0.190 0.147 0.008 0.159 0.204 0.134 0.157 
258 COPE-0258    (0)   :  0.173 0.148 0.024 0.167 0.180 0.140 0.166 
259 COPE-0259    (0)   :  0.178 0.143 0.006 0.161 0.184 0.146 0.182 
260 COPE-0260    (0)   :  0.133 0.177 0.024 0.192 0.147 0.156 0.171 
261 COPE-0261    (0)   :  0.174 0.127 0.006 0.143 0.203 0.139 0.207 
262 COPE-0262    (0)   :  0.168 0.140 0.024 0.165 0.174 0.147 0.181 
263 COPE-0263    (0)   :  0.188 0.169 0.009 0.150 0.171 0.159 0.154 
264 COPE-0264    (0)   :  0.182 0.145 0.023 0.158 0.188 0.143 0.162 
265 COPE-0265    (0)   :  0.179 0.174 0.010 0.128 0.146 0.188 0.175 
266 COPE-0266    (0)   :  0.170 0.147 0.019 0.166 0.179 0.154 0.164 
267 COPE-0267    (0)   :  0.190 0.183 0.006 0.121 0.145 0.192 0.162 
268 COPE-0268    (0)   :  0.198 0.178 0.013 0.117 0.146 0.191 0.157 
269 COPE-0269    (0)   :  0.159 0.168 0.007 0.189 0.172 0.163 0.143 
270 COPE-0270    (0)   :  0.169 0.118 0.007 0.168 0.193 0.130 0.214 
271 COPE-0271    (0)   :  0.148 0.171 0.008 0.193 0.169 0.158 0.153 
272 COPE-0272    (0)   :  0.163 0.165 0.007 0.167 0.158 0.185 0.156 
273 COPE-0273    (0)   :  0.195 0.169 0.014 0.122 0.160 0.181 0.159 
274 COPE-0274   (14)   :  0.021 0.017 0.879 0.020 0.022 0.018 0.023 
275 COPE-0275    (0)   :  0.150 0.152 0.011 0.182 0.170 0.163 0.171 
276 COPE-0276   (14)   :  0.006 0.006 0.964 0.006 0.006 0.006 0.006 
277 COPE-0277   (14)   :  0.175 0.168 0.014 0.161 0.174 0.153 0.154 
278 COPE-0278    (0)   :  0.185 0.157 0.007 0.149 0.181 0.155 0.166 
279 COPE-0279    (0)   :  0.167 0.156 0.008 0.172 0.172 0.162 0.163 
280 COPE-0280    (0)   :  0.013 0.013 0.922 0.014 0.013 0.013 0.013 
281 COPE-0281    (0)   :  0.023 0.028 0.838 0.032 0.026 0.026 0.027 
282 COPE-0282   (14)   :  0.122 0.179 0.007 0.210 0.158 0.190 0.134 
283 COPE-0283    (0)   :  0.185 0.156 0.007 0.157 0.182 0.151 0.161 
284 COPE-0284   (14)   :  0.129 0.173 0.036 0.196 0.148 0.155 0.164 
285 COPE-0285    (0)   :  0.032 0.033 0.807 0.032 0.032 0.032 0.032 
286 COPE-0286    (0)   :  0.149 0.150 0.014 0.192 0.168 0.151 0.176 
287 COPE-0287    (0)   :  0.189 0.173 0.042 0.121 0.150 0.175 0.150 
288 COPE-0288    (0)   :  0.187 0.184 0.010 0.110 0.140 0.209 0.160 
289 COPE-0289    (0)   :  0.177 0.178 0.008 0.141 0.154 0.179 0.163 
290 COPE-0290    (0)   :  0.153 0.137 0.009 0.178 0.177 0.142 0.204 
291 COPE-0291    (0)   :  0.162 0.160 0.006 0.179 0.178 0.151 0.164 
292 COPE-0292   (42)   :  0.013 0.014 0.917 0.014 0.014 0.014 0.014 
293 COPE-0293    (0)   :  0.181 0.172 0.008 0.115 0.152 0.195 0.178 
294 COPE-0294    (0)   :  0.143 0.167 0.011 0.195 0.158 0.172 0.152 
295 COPE-0295    (0)   :  0.163 0.177 0.008 0.156 0.161 0.182 0.153 
296 COPE-0296   (14)   :  0.184 0.163 0.007 0.141 0.161 0.172 0.172 
297 COPE-0297   (14)   :  0.121 0.182 0.035 0.194 0.141 0.155 0.172 
298 COPE-0298    (0)   :  0.149 0.164 0.011 0.182 0.157 0.187 0.151 
299 COPE-0299    (0)   :  0.180 0.121 0.006 0.158 0.195 0.135 0.206 
300 COPE-0300   (14)   :  0.183 0.177 0.008 0.159 0.163 0.161 0.150 
301 COPE-0301   (14)   :  0.190 0.185 0.010 0.097 0.130 0.221 0.167 
302 COPE-0302    (0)   :  0.134 0.122 0.280 0.111 0.130 0.113 0.111 
303 COPE-0303    (0)   :  0.166 0.160 0.006 0.160 0.177 0.167 0.163 
304 COPE-0304    (0)   :  0.170 0.169 0.007 0.163 0.152 0.175 0.163 
305 COPE-0305   (14)   :  0.143 0.165 0.042 0.188 0.161 0.164 0.138 
306 COPE-0306    (0)   :  0.189 0.147 0.009 0.146 0.194 0.146 0.168 
307 COPE-0307   (28)   :  0.008 0.008 0.952 0.008 0.008 0.008 0.008 
308 COPE-0308    (0)   :  0.132 0.180 0.006 0.193 0.155 0.195 0.138 
309 COPE-0309   (14)   :  0.054 0.053 0.676 0.054 0.053 0.055 0.054 
310 COPE-0310   (28)   :  0.047 0.038 0.751 0.039 0.050 0.034 0.039 
311 COPE-0311    (0)   :  0.184 0.156 0.023 0.153 0.178 0.152 0.154 
312 COPE-0312   (28)   :  0.012 0.011 0.932 0.011 0.012 0.011 0.011 
313 COPE-0313    (0)   :  0.189 0.142 0.009 0.152 0.191 0.147 0.170 
314 COPE-0314    (0)   :  0.193 0.167 0.008 0.127 0.156 0.183 0.167 
315 COPE-0315    (0)   :  0.158 0.170 0.008 0.172 0.162 0.166 0.165 
316 COPE-0316    (0)   :  0.159 0.140 0.023 0.173 0.180 0.138 0.187 
317 COPE-0317   (14)   :  0.008 0.008 0.951 0.008 0.008 0.008 0.008 
318 COPE-0318    (0)   :  0.160 0.151 0.006 0.180 0.176 0.155 0.173 
319 COPE-0319    (0)   :  0.140 0.174 0.007 0.199 0.159 0.173 0.147 
320 COPE-0320   (14)   :  0.171 0.173 0.015 0.149 0.145 0.189 0.159 
321 COPE-0321   (14)   :  0.186 0.147 0.011 0.148 0.184 0.152 0.172 
322 COPE-0322   (14)   :  0.145 0.162 0.006 0.196 0.163 0.155 0.172 
323 COPE-0323    (0)   :  0.198 0.147 0.014 0.151 0.207 0.131 0.152 
324 COPE-0324    (0)   :  0.132 0.188 0.006 0.191 0.148 0.160 0.175 
325 COPE-0325   (14)   :  0.183 0.174 0.012 0.164 0.171 0.149 0.146 
326 COPE-0326    (0)   :  0.171 0.184 0.007 0.126 0.150 0.201 0.161 
327 COPE-0327   (14)   :  0.177 0.175 0.009 0.128 0.145 0.196 0.169 
328 COPE-0328    (0)   :  0.162 0.153 0.006 0.170 0.176 0.158 0.175 
329 COPE-0329   (28)   :  0.144 0.176 0.012 0.182 0.153 0.159 0.173 
330 COPE-0330    (0)   :  0.188 0.156 0.023 0.138 0.158 0.172 0.165 
331 COPE-0331    (0)   :  0.192 0.186 0.006 0.099 0.130 0.219 0.168 
332 COPE-0332   (14)   :  0.167 0.150 0.007 0.170 0.181 0.163 0.164 
333 COPE-0333    (0)   :  0.157 0.156 0.146 0.100 0.117 0.177 0.147 
334 COPE-0334   (28)   :  0.058 0.051 0.685 0.048 0.059 0.048 0.051 
335 COPE-0335    (0)   :  0.125 0.194 0.007 0.195 0.145 0.159 0.176 
336 COPE-0336    (0)   :  0.160 0.176 0.006 0.162 0.150 0.182 0.164 
337 COPE-0337   (28)   :  0.017 0.020 0.885 0.021 0.019 0.018 0.020 
338 COPE-0338    (0)   :  0.193 0.153 0.025 0.146 0.172 0.155 0.156 
339 COPE-0339    (0)   :  0.187 0.183 0.007 0.155 0.164 0.159 0.147 
340 COPE-0340   (14)   :  0.011 0.012 0.930 0.012 0.011 0.012 0.012 
341 COPE-0341    (0)   :  0.148 0.171 0.007 0.190 0.155 0.186 0.143 
342 COPE-0342    (0)   :  0.120 0.194 0.007 0.201 0.144 0.158 0.176 
343 COPE-0343    (0)   :  0.180 0.157 0.006 0.136 0.175 0.168 0.177 
344 COPE-0344   (14)   :  0.010 0.010 0.942 0.009 0.009 0.010 0.009 
345 COPE-0345    (0)   :  0.138 0.176 0.006 0.201 0.159 0.181 0.139 
346 COPE-0346    (0)   :  0.154 0.159 0.035 0.181 0.154 0.169 0.148 
347 COPE-0347    (0)   :  0.170 0.139 0.007 0.161 0.187 0.147 0.190 
348 COPE-0348    (0)   :  0.174 0.135 0.015 0.156 0.190 0.140 0.190 
349 COPE-0349    (0)   :  0.127 0.184 0.006 0.201 0.152 0.161 0.170 
350 COPE-0350    (0)   :  0.167 0.132 0.006 0.176 0.186 0.139 0.193 
351 COPE-0351    (0)   :  0.168 0.132 0.006 0.167 0.185 0.136 0.206 
352 COPE-0352    (0)   :  0.143 0.162 0.027 0.187 0.158 0.163 0.160 
353 COPE-0353    (0)   :  0.181 0.150 0.006 0.167 0.193 0.144 0.158 
354 COPE-0354    (0)   :  0.177 0.154 0.018 0.147 0.176 0.167 0.161 
355 COPE-0355    (0)   :  0.183 0.182 0.006 0.165 0.163 0.157 0.144 
356 COPE-0356    (0)   :  0.168 0.137 0.008 0.148 0.188 0.157 0.194 
357 COPE-0357    (0)   :  0.145 0.182 0.009 0.182 0.155 0.165 0.162 
358 COPE-0358    (0)   :  0.007 0.008 0.955 0.008 0.007 0.007 0.008 
359 COPE-0359   (14)   :  0.155 0.165 0.009 0.187 0.159 0.172 0.152 
360 COPE-0360    (0)   :  0.184 0.149 0.006 0.161 0.200 0.134 0.166 
361 COPE-0361    (0)   :  0.141 0.156 0.008 0.200 0.171 0.172 0.152 
362 COPE-0362    (0)   :  0.129 0.186 0.007 0.197 0.150 0.156 0.176 
363 COPE-0363   (14)   :  0.149 0.162 0.014 0.198 0.157 0.178 0.143 
364 COPE-0364    (0)   :  0.195 0.153 0.006 0.146 0.172 0.163 0.165 
365 COPE-0365    (0)   :  0.198 0.161 0.027 0.127 0.172 0.161 0.154 
366 COPE-0366    (0)   :  0.137 0.166 0.023 0.195 0.148 0.144 0.187 
367 COPE-0367   (14)   :  0.011 0.011 0.934 0.010 0.010 0.012 0.011 
368 COPE-0368    (0)   :  0.187 0.182 0.010 0.145 0.156 0.170 0.150 
369 COPE-0369    (0)   :  0.173 0.179 0.009 0.147 0.151 0.182 0.159 
370 COPE-0370   (28)   :  0.008 0.009 0.949 0.008 0.008 0.009 0.008 
371 COPE-0371    (0)   :  0.193 0.170 0.012 0.130 0.162 0.174 0.159 
372 COPE-0372    (0)   :  0.168 0.159 0.049 0.152 0.168 0.150 0.153 
373 COPE-0373   (14)   :  0.173 0.184 0.007 0.129 0.150 0.199 0.158 
374 COPE-0374    (0)   :  0.169 0.168 0.008 0.174 0.161 0.172 0.147 
375 COPE-0375   (14)   :  0.183 0.161 0.013 0.162 0.184 0.148 0.149 
376 COPE-0376   (14)   :  0.172 0.125 0.006 0.152 0.201 0.138 0.205 
377 COPE-0377    (0)   :  0.055 0.061 0.643 0.062 0.057 0.064 0.057 
378 COPE-0378    (0)   :  0.182 0.160 0.007 0.169 0.179 0.141 0.163 
379 COPE-0379    (0)   :  0.122 0.189 0.007 0.201 0.146 0.160 0.176 
380 COPE-0380   (28)   :  0.036 0.032 0.796 0.031 0.038 0.032 0.036 
381 COPE-0381    (0)   :  0.154 0.162 0.013 0.183 0.171 0.162 0.155 
382 COPE-0382    (0)   :  0.125 0.190 0.006 0.198 0.143 0.162 0.176 
383 COPE-0383    (0)   :  0.173 0.139 0.129 0.128 0.166 0.130 0.135 
384 COPE-0384    (0)   :  0.187 0.158 0.008 0.156 0.186 0.144 0.161 


Estimated Allele Frequencies in each cluster
First column gives estimated ancestral frequencies


Locus 1 : COPE5 
78 alleles
0.5% missing data
   1   (0.007) 0.001 0.001 0.658 0.001 0.001 0.001 0.001 
   2   (0.022) 0.022 0.025 0.018 0.026 0.023 0.025 0.021 
   3   (0.013) 0.012 0.015 0.002 0.017 0.014 0.015 0.012 
   4   (0.022) 0.023 0.026 0.001 0.028 0.025 0.024 0.026 
   5   (0.011) 0.009 0.011 0.001 0.011 0.009 0.010 0.010 
   6   (0.019) 0.015 0.019 0.006 0.021 0.017 0.018 0.017 
   7   (0.007) 0.003 0.004 0.001 0.004 0.003 0.004 0.003 
   8   (0.035) 0.095 0.090 0.002 0.082 0.092 0.091 0.084 
   9   (0.019) 0.020 0.022 0.001 0.026 0.022 0.023 0.021 
  10   (0.019) 0.022 0.019 0.001 0.020 0.020 0.020 0.020 
  11   (0.015) 0.017 0.015 0.016 0.013 0.014 0.015 0.014 
  12   (0.016) 0.026 0.026 0.001 0.018 0.020 0.029 0.024 
  13   (0.010) 0.012 0.012 0.001 0.008 0.009 0.013 0.011 
  14   (0.023) 0.029 0.029 0.002 0.025 0.025 0.031 0.027 
  15   (0.015) 0.035 0.034 0.001 0.033 0.033 0.030 0.029 
  16   (0.010) 0.006 0.005 0.001 0.006 0.007 0.005 0.007 
  17   (0.018) 0.015 0.014 0.001 0.015 0.016 0.014 0.015 
  18   (0.016) 0.012 0.015 0.007 0.016 0.013 0.013 0.014 
  19   (0.011) 0.008 0.011 0.001 0.012 0.009 0.010 0.011 
  20   (0.029) 0.059 0.056 0.002 0.044 0.051 0.056 0.053 
  21   (0.023) 0.021 0.023 0.002 0.023 0.021 0.022 0.022 
  22   (0.019) 0.014 0.016 0.009 0.017 0.015 0.015 0.015 
  23   (0.013) 0.011 0.013 0.001 0.012 0.011 0.012 0.012 
  24   (0.015) 0.020 0.015 0.001 0.018 0.022 0.016 0.021 
  25   (0.010) 0.008 0.008 0.001 0.007 0.007 0.009 0.007 
  26   (0.013) 0.008 0.009 0.001 0.010 0.009 0.009 0.009 
  27   (0.012) 0.010 0.008 0.001 0.011 0.011 0.009 0.011 
  28   (0.008) 0.002 0.002 0.020 0.003 0.002 0.002 0.003 
  29   (0.013) 0.012 0.009 0.001 0.011 0.013 0.010 0.014 
  30   (0.019) 0.020 0.021 0.004 0.020 0.019 0.021 0.019 
  31   (0.019) 0.018 0.020 0.001 0.020 0.018 0.018 0.020 
  32   (0.025) 0.038 0.042 0.002 0.037 0.036 0.041 0.041 
  33   (0.006) 0.002 0.002 0.000 0.002 0.002 0.002 0.002 
  34   (0.018) 0.022 0.020 0.001 0.017 0.018 0.022 0.019 
  35   (0.006) 0.001 0.001 0.053 0.001 0.001 0.001 0.001 
  36   (0.006) 0.002 0.002 0.000 0.002 0.002 0.002 0.002 
  37   (0.021) 0.027 0.024 0.021 0.022 0.027 0.023 0.023 
  38   (0.016) 0.012 0.011 0.008 0.013 0.013 0.012 0.013 
  39   (0.015) 0.018 0.017 0.001 0.019 0.020 0.018 0.019 
  40   (0.011) 0.008 0.011 0.001 0.012 0.009 0.009 0.010 
  41   (0.008) 0.005 0.004 0.001 0.005 0.005 0.004 0.006 
  42   (0.006) 0.002 0.002 0.000 0.002 0.002 0.002 0.002 
  43   (0.009) 0.004 0.005 0.001 0.006 0.005 0.005 0.005 
  44   (0.023) 0.025 0.026 0.002 0.030 0.027 0.027 0.026 
  45   (0.006) 0.002 0.002 0.000 0.002 0.002 0.002 0.002 
  46   (0.015) 0.020 0.018 0.001 0.016 0.018 0.019 0.017 
  47   (0.010) 0.006 0.006 0.001 0.007 0.006 0.007 0.006 
  48   (0.006) 0.002 0.002 0.000 0.002 0.002 0.002 0.002 
  49   (0.014) 0.015 0.016 0.001 0.018 0.016 0.016 0.014 
  50   (0.013) 0.010 0.012 0.002 0.014 0.011 0.011 0.011 
  51   (0.013) 0.015 0.012 0.015 0.013 0.016 0.011 0.013 
  52   (0.013) 0.013 0.012 0.001 0.010 0.012 0.013 0.013 
  53   (0.007) 0.001 0.001 0.031 0.001 0.001 0.001 0.001 
  54   (0.007) 0.001 0.001 0.075 0.001 0.001 0.001 0.001 
  55   (0.010) 0.008 0.006 0.001 0.008 0.009 0.006 0.009 
  56   (0.011) 0.012 0.011 0.001 0.010 0.012 0.010 0.011 
  57   (0.013) 0.010 0.012 0.001 0.013 0.011 0.011 0.012 
  58   (0.009) 0.006 0.005 0.001 0.006 0.007 0.005 0.007 
  59   (0.011) 0.009 0.012 0.001 0.014 0.011 0.013 0.010 
  60   (0.010) 0.008 0.008 0.001 0.008 0.009 0.007 0.008 
  61   (0.006) 0.002 0.002 0.000 0.002 0.002 0.002 0.002 
  62   (0.013) 0.012 0.011 0.001 0.012 0.013 0.011 0.012 
  63   (0.011) 0.016 0.012 0.001 0.014 0.018 0.014 0.019 
  64   (0.009) 0.005 0.005 0.001 0.005 0.005 0.005 0.005 
  65   (0.019) 0.020 0.020 0.001 0.021 0.021 0.019 0.021 
  66   (0.010) 0.010 0.009 0.001 0.008 0.010 0.009 0.010 
  67   (0.010) 0.006 0.005 0.001 0.006 0.007 0.005 0.007 
  68   (0.012) 0.009 0.012 0.001 0.013 0.011 0.010 0.012 
  69   (0.006) 0.002 0.002 0.000 0.002 0.002 0.002 0.002 
  70   (0.006) 0.002 0.002 0.000 0.002 0.002 0.002 0.002 
  71   (0.010) 0.006 0.006 0.001 0.007 0.006 0.007 0.006 
  72   (0.006) 0.002 0.002 0.000 0.002 0.002 0.002 0.002 
  73   (0.006) 0.002 0.002 0.001 0.002 0.002 0.002 0.002 
  74   (0.006) 0.002 0.002 0.000 0.002 0.002 0.002 0.002 
  75   (0.008) 0.004 0.004 0.001 0.005 0.005 0.005 0.005 
  76   (0.006) 0.002 0.002 0.000 0.002 0.002 0.002 0.002 
  77   (0.008) 0.003 0.003 0.001 0.004 0.004 0.003 0.003 
  78   (0.006) 0.002 0.002 0.000 0.002 0.002 0.002 0.002 

Locus 2 : COPE9 
12 alleles
8.3% missing data
   1   (0.411) 0.479 0.470 0.409 0.449 0.467 0.477 0.472 
   2   (0.143) 0.132 0.132 0.264 0.146 0.141 0.134 0.134 
   3   (0.049) 0.052 0.049 0.026 0.048 0.053 0.048 0.049 
   4   (0.073) 0.071 0.080 0.025 0.082 0.073 0.072 0.075 
   5   (0.036) 0.024 0.025 0.023 0.026 0.026 0.025 0.028 
   6   (0.131) 0.137 0.136 0.053 0.133 0.131 0.138 0.134 
   7   (0.039) 0.022 0.027 0.068 0.031 0.025 0.027 0.025 
   8   (0.081) 0.072 0.071 0.080 0.074 0.073 0.069 0.070 
   9   (0.011) 0.005 0.004 0.001 0.004 0.005 0.004 0.005 
  10   (0.009) 0.001 0.001 0.050 0.002 0.001 0.001 0.001 
  11   (0.008) 0.003 0.002 0.001 0.003 0.003 0.002 0.003 
  12   (0.008) 0.003 0.003 0.001 0.003 0.003 0.003 0.002 

Locus 3 : CPER26 
12 alleles
2.6% missing data
   1   (0.231) 0.239 0.238 0.129 0.227 0.234 0.239 0.235 
   2   (0.033) 0.020 0.025 0.151 0.026 0.022 0.023 0.025 
   3   (0.083) 0.070 0.079 0.007 0.091 0.080 0.077 0.081 
   4   (0.500) 0.586 0.580 0.055 0.576 0.581 0.581 0.579 
   5   (0.055) 0.047 0.042 0.304 0.040 0.045 0.043 0.042 
   6   (0.030) 0.015 0.015 0.316 0.015 0.014 0.016 0.014 
   7   (0.013) 0.005 0.005 0.001 0.006 0.006 0.006 0.006 
   8   (0.018) 0.007 0.006 0.023 0.008 0.008 0.006 0.008 
   9   (0.008) 0.002 0.002 0.003 0.002 0.002 0.002 0.002 
  10   (0.012) 0.003 0.003 0.010 0.003 0.003 0.003 0.003 
  11   (0.008) 0.002 0.002 0.001 0.003 0.002 0.002 0.002 
  12   (0.009) 0.002 0.003 0.001 0.003 0.002 0.003 0.002 

Locus 4 : CPER92 
12 alleles
6.8% missing data
   1   (0.619) 0.681 0.680 0.510 0.689 0.687 0.666 0.686 
   2   (0.109) 0.129 0.136 0.281 0.127 0.125 0.150 0.128 
   3   (0.091) 0.090 0.087 0.045 0.085 0.088 0.086 0.086 
   4   (0.015) 0.009 0.007 0.018 0.007 0.009 0.006 0.007 
   5   (0.040) 0.025 0.024 0.033 0.026 0.026 0.025 0.025 
   6   (0.036) 0.028 0.027 0.007 0.024 0.026 0.029 0.028 
   7   (0.019) 0.008 0.008 0.035 0.008 0.008 0.008 0.008 
   8   (0.012) 0.003 0.003 0.035 0.003 0.003 0.003 0.003 
   9   (0.021) 0.010 0.012 0.018 0.014 0.011 0.011 0.012 
  10   (0.017) 0.009 0.008 0.015 0.008 0.009 0.008 0.008 
  11   (0.013) 0.006 0.005 0.001 0.006 0.006 0.005 0.006 
  12   (0.008) 0.002 0.002 0.001 0.003 0.003 0.002 0.003 

Locus 5 : CPER99 
5 alleles
1.0% missing data
   1   (0.013) 0.003 0.003 0.347 0.003 0.003 0.003 0.003 
   2   (0.869) 0.931 0.930 0.081 0.927 0.930 0.932 0.932 
   3   (0.080) 0.054 0.055 0.478 0.057 0.055 0.054 0.053 
   4   (0.013) 0.003 0.003 0.030 0.003 0.003 0.003 0.003 
   5   (0.024) 0.009 0.009 0.065 0.009 0.009 0.009 0.009 

Locus 6 : CPER119 
22 alleles
5.5% missing data
   1   (0.009) 0.001 0.001 0.111 0.001 0.001 0.001 0.001 
   2   (0.080) 0.098 0.096 0.042 0.079 0.085 0.101 0.090 
   3   (0.037) 0.033 0.031 0.054 0.033 0.033 0.030 0.029 
   4   (0.008) 0.002 0.003 0.001 0.003 0.002 0.002 0.003 
   5   (0.161) 0.163 0.183 0.093 0.184 0.166 0.183 0.176 
   6   (0.069) 0.061 0.081 0.080 0.086 0.069 0.073 0.074 
   7   (0.070) 0.091 0.094 0.080 0.084 0.084 0.096 0.082 
   8   (0.084) 0.076 0.077 0.104 0.078 0.074 0.077 0.077 
   9   (0.115) 0.137 0.130 0.060 0.139 0.145 0.125 0.128 
  10   (0.061) 0.065 0.055 0.032 0.060 0.070 0.058 0.069 
  11   (0.021) 0.012 0.013 0.023 0.016 0.013 0.014 0.013 
  12   (0.087) 0.113 0.095 0.010 0.097 0.112 0.100 0.111 
  13   (0.016) 0.006 0.006 0.010 0.007 0.006 0.006 0.006 
  14   (0.024) 0.040 0.040 0.007 0.035 0.035 0.037 0.033 
  15   (0.027) 0.022 0.021 0.068 0.017 0.019 0.021 0.020 
  16   (0.023) 0.010 0.010 0.030 0.011 0.010 0.011 0.010 
  17   (0.024) 0.012 0.012 0.100 0.013 0.012 0.012 0.014 
  18   (0.017) 0.010 0.010 0.007 0.009 0.009 0.011 0.010 
  19   (0.011) 0.003 0.003 0.024 0.003 0.003 0.003 0.003 
  20   (0.035) 0.033 0.025 0.059 0.033 0.037 0.027 0.040 
  21   (0.013) 0.007 0.007 0.004 0.007 0.007 0.008 0.007 
  22   (0.010) 0.006 0.005 0.001 0.006 0.006 0.005 0.006 

Locus 7 : CPER188 
15 alleles
1.6% missing data
   1   (0.596) 0.673 0.680 0.822 0.670 0.667 0.681 0.674 
   2   (0.112) 0.101 0.101 0.090 0.105 0.102 0.098 0.104 
   3   (0.032) 0.023 0.025 0.002 0.027 0.024 0.026 0.023 
   4   (0.041) 0.031 0.032 0.003 0.031 0.031 0.033 0.032 
   5   (0.090) 0.119 0.105 0.006 0.103 0.118 0.105 0.111 
   6   (0.016) 0.007 0.006 0.008 0.006 0.007 0.006 0.007 
   7   (0.017) 0.009 0.010 0.006 0.012 0.010 0.011 0.009 
   8   (0.023) 0.011 0.012 0.007 0.014 0.012 0.012 0.013 
   9   (0.009) 0.001 0.001 0.041 0.001 0.001 0.001 0.001 
  10   (0.008) 0.001 0.001 0.010 0.001 0.001 0.001 0.001 
  11   (0.018) 0.009 0.012 0.001 0.013 0.011 0.012 0.011 
  12   (0.015) 0.007 0.007 0.001 0.007 0.007 0.007 0.007 
  13   (0.008) 0.002 0.002 0.003 0.002 0.002 0.002 0.002 
  14   (0.008) 0.003 0.002 0.000 0.003 0.003 0.002 0.002 
  15   (0.008) 0.003 0.002 0.001 0.002 0.003 0.002 0.002 

Values of parameters used in structure:
DATAFILE=../Data/microsats.structure,	OUTFILE=../Structure_Results/02_K_07.out,	NUMINDS=384,	NUMLOCI=7,	MISSING=-9,	LABEL=1,	POPDATA=0,	POPFLAG=0,	PHENOTYPE=0,	EXTRACOLS=0,	MAXPOPS=7,	BURNIN=1000000,	NUMREPS=10000000,	USEPOPINFO=0,	INFERALPHA=1,	INFERLAMBDA=0,	POPSPECIFICLAMBDA=0,	POPALPHAS=0,	COMPUTEPROB=1,	NOADMIX=0,	ADMBURNIN=500,	UPDATEFREQ=100,	PRINTLIKES=0,	INTERMEDSAVE=0,	PRINTKLD=0,	PRINTNET=1,	PRINTLAMBDA=1,	ANCESTDIST=0,	NUMBOXES=1000,	ANCESTPINT=0.90000,	GENSBACK=2,	MIGRPRIOR=0.01000,	PRINTQHAT=0,	PRINTQSUM=1,	ALPHA=1.0000,	FREQSCORR=1,	FPRIORMEAN=0.0100,	FPRIORSD=0.0500,	ONEFST=0,	LAMBDA=1.0000,	UNIFPRIORALPHA=1,	ALPHAMAX=10.0000,	ALPHAPRIORA=1.0000,	ALPHAPRIORB=2.0000,	ALPHAPROPSD=0.0250,	STARTATPOPINFO=0,	RANDOMIZE=0,	LINKAGE=0,	METROFREQ=10,	REPORTHITRATE=0,	MARKOVPHASE=-1,	PHASED=0,	PLOIDY=2,	PHASEINFO=0	LOCPRIOR=0, 	LOCPRIORINIT=1.000000, 	LOCDATA=0, 	LOCISPOP=0, 	LOCPRIORSTEP=0.100000, 	MAXLOCPRIOR=20.000000, 	SEED=99684031,	
[STRAT parameters]:    NUMSIMSTATS=1000,	PHENOTYPECOL=-9,	POOLFREQ=10,	LOCUSxONLY=0,	EMERROR=0.00100,	MISSINGPHENO=-9,	