

----------------------------------------------------
STRUCTURE by Pritchard, Stephens and Donnelly (2000)
     and Falush, Stephens and Pritchard (2003)
       Code by Pritchard, Falush and Hubisz
             Version 2.3.4 (Jul 2012)
----------------------------------------------------



Command line arguments:   /home/jason/Programs/structure -K 11 -i ../Data/microsats.structure -m Structure_Run/mainparams -e Structure_Run/extraparams -D 89910719 -o ../Structure_Results/02_K_11.out 
Input File:    ../Data/microsats.structure

Run parameters:
   384 individuals
   7 loci
   11 populations assumed
   1000000 Burn-in period
   10000000 Reps
RANDOMIZE turned off


--------------------------------------------
Overall proportion of membership of the
sample in each of the 11 clusters

Inferred Clusters
  1      2      3      4      5      6      7      8      9     10     11    
0.089  0.089  0.089  0.089  0.089  0.089  0.089  0.110  0.089  0.089  0.089  

--------------------------------------------

Allele-freq. divergence among pops (Net nucleotide distance),
computed using point estimates of P.

      1       2       3       4       5       6       7       8       9      10      11      
 1      -    0.0001  0.0001  0.0001  0.0001  0.0001  0.0001  0.1672  0.0000  0.0003  0.0001  
 2   0.0001     -    0.0002  0.0002  0.0001  0.0003  0.0000  0.1680  0.0001  0.0006  0.0003  
 3   0.0001  0.0002     -    0.0001  0.0002  0.0000  0.0003  0.1669  0.0000  0.0003  0.0001  
 4   0.0001  0.0002  0.0001     -    0.0001  0.0002  0.0003  0.1657  0.0001  0.0003  0.0001  
 5   0.0001  0.0001  0.0002  0.0001     -    0.0003  0.0001  0.1671  0.0001  0.0004  0.0002  
 6   0.0001  0.0003  0.0000  0.0002  0.0003     -    0.0003  0.1668  0.0001  0.0003  0.0001  
 7   0.0001  0.0000  0.0003  0.0003  0.0001  0.0003     -    0.1686  0.0001  0.0005  0.0003  
 8   0.1672  0.1680  0.1669  0.1657  0.1671  0.1668  0.1686     -    0.1672  0.1683  0.1667  
 9   0.0000  0.0001  0.0000  0.0001  0.0001  0.0001  0.0001  0.1672     -    0.0003  0.0001  
10   0.0003  0.0006  0.0003  0.0003  0.0004  0.0003  0.0005  0.1683  0.0003     -    0.0001  
11   0.0001  0.0003  0.0001  0.0001  0.0002  0.0001  0.0003  0.1667  0.0001  0.0001     -    

Average distances (expected heterozygosity) between individuals in same cluster:
cluster  1  : 0.6243 
cluster  2  : 0.6210 
cluster  3  : 0.6254 
cluster  4  : 0.6298 
cluster  5  : 0.6250 
cluster  6  : 0.6269 
cluster  7  : 0.6196 
cluster  8  : 0.6347 
cluster  9  : 0.6249 
cluster 10  : 0.6265 
cluster 11  : 0.6280 

--------------------------------------------
Estimated Ln Prob of Data   = -9288.2
Mean value of ln likelihood = -7687.8
Variance of ln likelihood   = 3200.7
Mean value of alpha         = 0.0489

Mean value of Fst_1         = 0.1018
Mean value of Fst_2         = 0.1023
Mean value of Fst_3         = 0.0984
Mean value of Fst_4         = 0.0901
Mean value of Fst_5         = 0.1000
Mean value of Fst_6         = 0.0982
Mean value of Fst_7         = 0.1050
Mean value of Fst_8         = 0.2033
Mean value of Fst_9         = 0.0997
Mean value of Fst_10         = 0.1030
Mean value of Fst_11         = 0.0971


Inferred ancestry of individuals:
        Label (%Miss) :  Inferred clusters
  1 COPE-0001    (0)   :  0.009 0.009 0.009 0.009 0.009 0.009 0.009 0.914 0.009 0.008 0.008 
  2 COPE-0002    (0)   :  0.097 0.090 0.100 0.106 0.107 0.099 0.087 0.011 0.096 0.104 0.103 
  3 COPE-0003    (0)   :  0.095 0.101 0.102 0.116 0.092 0.100 0.098 0.007 0.101 0.089 0.100 
  4 COPE-0004    (0)   :  0.110 0.088 0.095 0.099 0.104 0.095 0.085 0.012 0.096 0.107 0.109 
  5 COPE-0005    (0)   :  0.102 0.089 0.096 0.094 0.102 0.094 0.088 0.022 0.098 0.112 0.104 
  6 COPE-0006    (0)   :  0.094 0.095 0.099 0.102 0.100 0.100 0.092 0.018 0.095 0.103 0.101 
  7 COPE-0007    (0)   :  0.108 0.101 0.097 0.090 0.101 0.091 0.104 0.006 0.097 0.106 0.100 
  8 COPE-0008    (0)   :  0.111 0.112 0.105 0.084 0.091 0.110 0.114 0.008 0.096 0.082 0.088 
  9 COPE-0009    (0)   :  0.094 0.091 0.097 0.115 0.096 0.097 0.089 0.016 0.099 0.105 0.099 
 10 COPE-0010    (0)   :  0.089 0.096 0.100 0.103 0.098 0.109 0.086 0.007 0.102 0.105 0.106 
 11 COPE-0011   (14)   :  0.014 0.013 0.013 0.014 0.014 0.014 0.011 0.866 0.013 0.014 0.014 
 12 COPE-0012   (14)   :  0.102 0.104 0.106 0.090 0.087 0.109 0.108 0.007 0.100 0.091 0.096 
 13 COPE-0013    (0)   :  0.100 0.102 0.107 0.112 0.094 0.091 0.099 0.006 0.103 0.085 0.102 
 14 COPE-0014    (0)   :  0.104 0.122 0.076 0.098 0.133 0.072 0.127 0.008 0.095 0.079 0.084 
 15 COPE-0015    (0)   :  0.101 0.112 0.085 0.095 0.116 0.086 0.119 0.007 0.098 0.091 0.089 
 16 COPE-0016    (0)   :  0.098 0.079 0.095 0.104 0.092 0.106 0.088 0.009 0.095 0.131 0.103 
 17 COPE-0017    (0)   :  0.043 0.046 0.036 0.041 0.049 0.036 0.048 0.582 0.041 0.040 0.039 
 18 COPE-0018    (0)   :  0.097 0.100 0.106 0.100 0.098 0.100 0.093 0.008 0.097 0.101 0.100 
 19 COPE-0019    (0)   :  0.098 0.102 0.102 0.105 0.096 0.098 0.098 0.006 0.103 0.094 0.100 
 20 COPE-0020    (0)   :  0.095 0.094 0.099 0.109 0.094 0.102 0.091 0.007 0.098 0.107 0.103 
 21 COPE-0021    (0)   :  0.100 0.101 0.095 0.089 0.100 0.091 0.109 0.006 0.101 0.109 0.098 
 22 COPE-0022    (0)   :  0.107 0.108 0.113 0.086 0.086 0.123 0.108 0.006 0.096 0.079 0.087 
 23 COPE-0023    (0)   :  0.095 0.092 0.102 0.112 0.104 0.103 0.086 0.008 0.096 0.098 0.105 
 24 COPE-0024   (14)   :  0.102 0.092 0.105 0.085 0.087 0.103 0.098 0.006 0.100 0.116 0.105 
 25 COPE-0025    (0)   :  0.088 0.088 0.100 0.126 0.087 0.097 0.082 0.052 0.092 0.088 0.100 
 26 COPE-0026    (0)   :  0.102 0.105 0.099 0.097 0.104 0.099 0.104 0.005 0.102 0.090 0.094 
 27 COPE-0027    (0)   :  0.099 0.105 0.105 0.101 0.093 0.099 0.102 0.006 0.104 0.087 0.099 
 28 COPE-0028    (0)   :  0.087 0.099 0.103 0.112 0.101 0.106 0.086 0.005 0.104 0.096 0.100 
 29 COPE-0029    (0)   :  0.098 0.083 0.096 0.099 0.094 0.105 0.091 0.005 0.096 0.130 0.105 
 30 COPE-0030   (14)   :  0.029 0.027 0.028 0.029 0.028 0.028 0.026 0.723 0.027 0.027 0.029 
 31 COPE-0031    (0)   :  0.109 0.112 0.102 0.088 0.105 0.095 0.112 0.010 0.096 0.084 0.088 
 32 COPE-0032    (0)   :  0.091 0.095 0.105 0.113 0.099 0.107 0.084 0.009 0.100 0.094 0.103 
 33 COPE-0033    (0)   :  0.095 0.097 0.103 0.113 0.094 0.104 0.087 0.011 0.098 0.094 0.103 
 34 COPE-0034    (0)   :  0.106 0.096 0.096 0.095 0.104 0.096 0.094 0.009 0.097 0.106 0.100 
 35 COPE-0035   (14)   :  0.092 0.096 0.106 0.115 0.096 0.105 0.087 0.007 0.101 0.092 0.104 
 36 COPE-0036   (14)   :  0.100 0.093 0.093 0.084 0.100 0.094 0.103 0.006 0.096 0.123 0.108 
 37 COPE-0037    (0)   :  0.098 0.094 0.102 0.097 0.091 0.100 0.096 0.023 0.099 0.101 0.100 
 38 COPE-0038    (0)   :  0.106 0.109 0.111 0.087 0.096 0.110 0.110 0.007 0.101 0.076 0.089 
 39 COPE-0039    (0)   :  0.096 0.088 0.093 0.114 0.086 0.098 0.092 0.051 0.093 0.090 0.101 
 40 COPE-0040   (14)   :  0.093 0.094 0.091 0.101 0.094 0.088 0.091 0.080 0.092 0.085 0.090 
 41 COPE-0041    (0)   :  0.094 0.095 0.100 0.107 0.099 0.099 0.091 0.027 0.097 0.093 0.098 
 42 COPE-0042    (0)   :  0.094 0.099 0.104 0.111 0.094 0.106 0.091 0.010 0.101 0.090 0.099 
 43 COPE-0043    (0)   :  0.098 0.086 0.097 0.109 0.102 0.102 0.088 0.005 0.097 0.114 0.102 
 44 COPE-0044    (0)   :  0.108 0.093 0.100 0.097 0.098 0.099 0.095 0.012 0.099 0.095 0.103 
 45 COPE-0045    (0)   :  0.101 0.092 0.101 0.095 0.095 0.099 0.093 0.033 0.095 0.094 0.100 
 46 COPE-0046    (0)   :  0.026 0.026 0.025 0.027 0.026 0.024 0.026 0.743 0.026 0.025 0.026 
 47 COPE-0047    (0)   :  0.007 0.007 0.008 0.008 0.007 0.008 0.007 0.925 0.008 0.008 0.008 
 48 COPE-0048    (0)   :  0.094 0.098 0.108 0.110 0.088 0.111 0.087 0.007 0.103 0.093 0.102 
 49 COPE-0049    (0)   :  0.095 0.090 0.101 0.105 0.100 0.101 0.087 0.016 0.099 0.099 0.106 
 50 COPE-0050    (0)   :  0.103 0.101 0.098 0.108 0.095 0.094 0.101 0.007 0.101 0.092 0.099 
 51 COPE-0051    (0)   :  0.073 0.088 0.099 0.092 0.097 0.102 0.076 0.102 0.101 0.080 0.090 
 52 COPE-0052    (0)   :  0.106 0.123 0.073 0.091 0.135 0.073 0.127 0.011 0.097 0.081 0.083 
 53 COPE-0053    (0)   :  0.095 0.079 0.095 0.101 0.092 0.105 0.086 0.008 0.097 0.137 0.107 
 54 COPE-0054    (0)   :  0.100 0.096 0.095 0.076 0.084 0.099 0.109 0.005 0.099 0.133 0.104 
 55 COPE-0055    (0)   :  0.107 0.109 0.115 0.082 0.082 0.125 0.112 0.005 0.098 0.079 0.087 
 56 COPE-0056    (0)   :  0.102 0.100 0.105 0.095 0.088 0.107 0.103 0.016 0.100 0.089 0.096 
 57 COPE-0057    (0)   :  0.095 0.098 0.101 0.108 0.093 0.101 0.094 0.010 0.099 0.098 0.101 
 58 COPE-0058    (0)   :  0.097 0.087 0.100 0.102 0.105 0.103 0.083 0.009 0.098 0.105 0.110 
 59 COPE-0059    (0)   :  0.096 0.105 0.100 0.110 0.090 0.090 0.105 0.018 0.103 0.086 0.096 
 60 COPE-0060    (0)   :  0.095 0.093 0.098 0.108 0.103 0.101 0.092 0.007 0.095 0.109 0.100 
 61 COPE-0061    (0)   :  0.096 0.083 0.097 0.102 0.092 0.102 0.088 0.010 0.099 0.126 0.105 
 62 COPE-0062    (0)   :  0.099 0.120 0.080 0.088 0.120 0.077 0.125 0.008 0.101 0.094 0.088 
 63 COPE-0063    (0)   :  0.104 0.105 0.110 0.076 0.078 0.121 0.113 0.023 0.100 0.082 0.088 
 64 COPE-0064    (0)   :  0.105 0.102 0.095 0.101 0.103 0.094 0.107 0.009 0.098 0.093 0.093 
 65 COPE-0065    (0)   :  0.006 0.006 0.006 0.006 0.006 0.006 0.006 0.940 0.006 0.006 0.006 
 66 COPE-0066    (0)   :  0.085 0.097 0.107 0.113 0.092 0.108 0.083 0.017 0.103 0.091 0.105 
 67 COPE-0067   (14)   :  0.027 0.028 0.030 0.032 0.027 0.030 0.025 0.714 0.030 0.027 0.030 
 68 COPE-0068    (0)   :  0.099 0.105 0.099 0.109 0.093 0.092 0.104 0.011 0.104 0.088 0.096 
 69 COPE-0069   (14)   :  0.102 0.108 0.091 0.098 0.103 0.091 0.113 0.011 0.097 0.092 0.094 
 70 COPE-0070    (0)   :  0.097 0.094 0.104 0.097 0.106 0.102 0.085 0.011 0.101 0.101 0.102 
 71 COPE-0071    (0)   :  0.084 0.099 0.100 0.113 0.098 0.109 0.087 0.004 0.101 0.100 0.104 
 72 COPE-0072    (0)   :  0.099 0.101 0.095 0.109 0.107 0.094 0.101 0.006 0.096 0.096 0.096 
 73 COPE-0073   (14)   :  0.037 0.031 0.035 0.033 0.034 0.037 0.036 0.632 0.035 0.051 0.040 
 74 COPE-0074    (0)   :  0.098 0.097 0.103 0.105 0.093 0.109 0.089 0.009 0.101 0.096 0.101 
 75 COPE-0075    (0)   :  0.084 0.096 0.109 0.102 0.105 0.111 0.082 0.012 0.110 0.088 0.101 
 76 COPE-0076    (0)   :  0.100 0.106 0.099 0.090 0.092 0.102 0.112 0.006 0.098 0.101 0.094 
 77 COPE-0077   (14)   :  0.100 0.099 0.101 0.106 0.096 0.102 0.099 0.008 0.099 0.094 0.095 
 78 COPE-0078   (14)   :  0.105 0.094 0.101 0.091 0.095 0.100 0.095 0.008 0.098 0.109 0.104 
 79 COPE-0079    (0)   :  0.111 0.084 0.095 0.101 0.109 0.092 0.076 0.008 0.095 0.117 0.112 
 80 COPE-0080   (42)   :  0.019 0.020 0.019 0.020 0.020 0.019 0.019 0.807 0.019 0.019 0.019 
 81 COPE-0081   (14)   :  0.057 0.057 0.059 0.054 0.053 0.061 0.057 0.436 0.056 0.053 0.056 
 82 COPE-0082   (14)   :  0.089 0.096 0.102 0.092 0.092 0.104 0.091 0.044 0.100 0.093 0.096 
 83 COPE-0083   (14)   :  0.108 0.141 0.061 0.087 0.151 0.058 0.148 0.005 0.098 0.069 0.073 
 84 COPE-0084    (0)   :  0.074 0.062 0.076 0.083 0.077 0.086 0.068 0.201 0.078 0.108 0.086 
 85 COPE-0085    (0)   :  0.101 0.091 0.100 0.110 0.097 0.098 0.088 0.010 0.095 0.104 0.105 
 86 COPE-0086    (0)   :  0.088 0.091 0.101 0.103 0.099 0.102 0.089 0.019 0.099 0.106 0.103 
 87 COPE-0087   (14)   :  0.095 0.087 0.099 0.107 0.096 0.104 0.087 0.007 0.097 0.117 0.104 
 88 COPE-0088   (14)   :  0.097 0.090 0.098 0.101 0.104 0.095 0.085 0.024 0.098 0.104 0.103 
 89 COPE-0089   (14)   :  0.008 0.008 0.008 0.007 0.007 0.008 0.008 0.924 0.008 0.007 0.007 
 90 COPE-0090    (0)   :  0.105 0.107 0.115 0.084 0.085 0.118 0.106 0.008 0.097 0.083 0.091 
 91 COPE-0091   (14)   :  0.095 0.098 0.090 0.104 0.107 0.095 0.102 0.005 0.096 0.109 0.097 
 92 COPE-0092   (28)   :  0.022 0.021 0.022 0.025 0.021 0.021 0.021 0.781 0.022 0.021 0.023 
 93 COPE-0093    (0)   :  0.107 0.108 0.112 0.073 0.077 0.122 0.118 0.006 0.102 0.087 0.088 
 94 COPE-0094    (0)   :  0.109 0.083 0.093 0.098 0.107 0.090 0.075 0.028 0.093 0.114 0.110 
 95 COPE-0095    (0)   :  0.097 0.085 0.098 0.100 0.092 0.108 0.092 0.005 0.096 0.125 0.103 
 96 COPE-0096    (0)   :  0.100 0.099 0.093 0.100 0.114 0.091 0.105 0.009 0.095 0.098 0.095 
 97 COPE-0097    (0)   :  0.086 0.108 0.094 0.096 0.114 0.098 0.102 0.007 0.106 0.094 0.096 
 98 COPE-0098    (0)   :  0.112 0.114 0.098 0.086 0.107 0.096 0.115 0.009 0.096 0.080 0.086 
 99 COPE-0099    (0)   :  0.092 0.098 0.100 0.123 0.093 0.095 0.091 0.021 0.101 0.087 0.098 
100 COPE-0100    (0)   :  0.097 0.098 0.107 0.109 0.092 0.101 0.096 0.007 0.099 0.090 0.103 
101 COPE-0101    (0)   :  0.093 0.092 0.104 0.098 0.090 0.105 0.090 0.045 0.096 0.087 0.099 
102 COPE-0102    (0)   :  0.100 0.095 0.103 0.103 0.102 0.099 0.093 0.006 0.100 0.096 0.103 
103 COPE-0103    (0)   :  0.104 0.102 0.089 0.094 0.113 0.087 0.102 0.015 0.096 0.099 0.098 
104 COPE-0104   (14)   :  0.095 0.101 0.102 0.106 0.094 0.109 0.094 0.007 0.102 0.092 0.098 
105 COPE-0105    (0)   :  0.076 0.097 0.105 0.096 0.104 0.110 0.085 0.035 0.106 0.092 0.095 
106 COPE-0106    (0)   :  0.103 0.089 0.090 0.068 0.082 0.092 0.108 0.004 0.094 0.157 0.113 
107 COPE-0107    (0)   :  0.021 0.020 0.022 0.018 0.018 0.024 0.021 0.800 0.020 0.017 0.019 
108 COPE-0108    (0)   :  0.102 0.113 0.095 0.095 0.109 0.089 0.111 0.006 0.101 0.087 0.090 
109 COPE-0109    (0)   :  0.106 0.091 0.098 0.102 0.101 0.099 0.087 0.011 0.098 0.100 0.106 
110 COPE-0110   (14)   :  0.100 0.090 0.097 0.098 0.094 0.098 0.093 0.013 0.096 0.117 0.103 
111 COPE-0111    (0)   :  0.100 0.096 0.094 0.093 0.098 0.090 0.103 0.009 0.097 0.117 0.104 
112 COPE-0112   (14)   :  0.098 0.102 0.105 0.106 0.094 0.106 0.094 0.009 0.102 0.087 0.098 
113 COPE-0113    (0)   :  0.098 0.099 0.100 0.109 0.098 0.097 0.099 0.017 0.099 0.087 0.099 
114 COPE-0114    (0)   :  0.099 0.095 0.096 0.084 0.090 0.095 0.104 0.009 0.094 0.125 0.108 
115 COPE-0115    (0)   :  0.027 0.029 0.024 0.026 0.032 0.023 0.030 0.731 0.027 0.026 0.025 
116 COPE-0116   (28)   :  0.011 0.011 0.011 0.012 0.011 0.011 0.011 0.890 0.011 0.010 0.011 
117 COPE-0117    (0)   :  0.094 0.081 0.094 0.101 0.094 0.104 0.088 0.010 0.096 0.132 0.105 
118 COPE-0118    (0)   :  0.101 0.103 0.085 0.075 0.094 0.082 0.117 0.009 0.094 0.134 0.106 
119 COPE-0119    (0)   :  0.103 0.109 0.091 0.089 0.100 0.088 0.115 0.011 0.103 0.098 0.092 
120 COPE-0120    (0)   :  0.102 0.093 0.100 0.108 0.098 0.100 0.093 0.010 0.100 0.095 0.101 
121 COPE-0121    (0)   :  0.095 0.097 0.090 0.100 0.105 0.084 0.105 0.052 0.091 0.087 0.093 
122 COPE-0122    (0)   :  0.096 0.095 0.102 0.107 0.104 0.100 0.084 0.008 0.099 0.102 0.103 
123 COPE-0123    (0)   :  0.096 0.094 0.102 0.105 0.099 0.105 0.086 0.016 0.098 0.094 0.104 
124 COPE-0124    (0)   :  0.096 0.093 0.104 0.114 0.100 0.100 0.086 0.012 0.094 0.095 0.106 
125 COPE-0125    (0)   :  0.091 0.096 0.100 0.092 0.089 0.107 0.101 0.006 0.097 0.115 0.104 
126 COPE-0126    (0)   :  0.094 0.082 0.096 0.098 0.093 0.105 0.089 0.012 0.095 0.131 0.104 
127 COPE-0127   (14)   :  0.088 0.096 0.103 0.099 0.106 0.103 0.091 0.006 0.103 0.102 0.101 
128 COPE-0128    (0)   :  0.096 0.090 0.095 0.109 0.096 0.100 0.090 0.017 0.095 0.104 0.108 
129 COPE-0129    (0)   :  0.106 0.089 0.099 0.106 0.104 0.092 0.083 0.006 0.099 0.109 0.106 
130 COPE-0130    (0)   :  0.101 0.105 0.098 0.105 0.094 0.095 0.106 0.013 0.101 0.089 0.094 
131 COPE-0131   (14)   :  0.103 0.128 0.077 0.095 0.128 0.071 0.131 0.008 0.098 0.079 0.082 
132 COPE-0132   (14)   :  0.097 0.094 0.105 0.083 0.082 0.102 0.100 0.037 0.096 0.105 0.101 
133 COPE-0133    (0)   :  0.094 0.077 0.093 0.103 0.097 0.105 0.085 0.009 0.096 0.135 0.106 
134 COPE-0134    (0)   :  0.097 0.092 0.103 0.105 0.099 0.102 0.087 0.007 0.097 0.108 0.104 
135 COPE-0135    (0)   :  0.095 0.098 0.108 0.100 0.091 0.116 0.095 0.008 0.102 0.088 0.098 
136 COPE-0136    (0)   :  0.013 0.013 0.013 0.014 0.013 0.013 0.013 0.867 0.013 0.014 0.014 
137 COPE-0137    (0)   :  0.097 0.093 0.106 0.114 0.094 0.100 0.091 0.011 0.099 0.090 0.104 
138 COPE-0138   (14)   :  0.009 0.009 0.009 0.009 0.009 0.009 0.009 0.908 0.009 0.010 0.010 
139 COPE-0139    (0)   :  0.092 0.095 0.103 0.129 0.090 0.096 0.092 0.007 0.096 0.094 0.106 
140 COPE-0140   (14)   :  0.023 0.023 0.025 0.028 0.023 0.025 0.022 0.758 0.024 0.023 0.025 
141 COPE-0141    (0)   :  0.103 0.103 0.106 0.085 0.087 0.111 0.106 0.008 0.101 0.093 0.095 
142 COPE-0142    (0)   :  0.100 0.102 0.104 0.089 0.088 0.109 0.104 0.009 0.100 0.100 0.095 
143 COPE-0143    (0)   :  0.099 0.086 0.101 0.096 0.095 0.108 0.090 0.009 0.098 0.114 0.103 
144 COPE-0144   (14)   :  0.088 0.078 0.086 0.098 0.086 0.087 0.082 0.131 0.087 0.085 0.092 
145 COPE-0145   (14)   :  0.065 0.066 0.073 0.108 0.070 0.078 0.062 0.260 0.067 0.070 0.080 
146 COPE-0146   (14)   :  0.094 0.097 0.101 0.093 0.093 0.101 0.098 0.028 0.096 0.104 0.095 
147 COPE-0147    (0)   :  0.099 0.090 0.098 0.091 0.091 0.101 0.089 0.071 0.091 0.086 0.094 
148 COPE-0148    (0)   :  0.097 0.081 0.095 0.098 0.094 0.106 0.087 0.008 0.096 0.130 0.106 
149 COPE-0149    (0)   :  0.097 0.097 0.102 0.106 0.096 0.097 0.093 0.007 0.102 0.103 0.101 
150 COPE-0150    (0)   :  0.093 0.096 0.111 0.112 0.088 0.112 0.080 0.008 0.106 0.090 0.104 
151 COPE-0151    (0)   :  0.096 0.093 0.100 0.111 0.091 0.107 0.093 0.007 0.097 0.102 0.104 
152 COPE-0152   (14)   :  0.092 0.091 0.096 0.082 0.077 0.098 0.091 0.126 0.087 0.078 0.082 
153 COPE-0153    (0)   :  0.106 0.102 0.095 0.102 0.103 0.095 0.101 0.006 0.099 0.095 0.098 
154 COPE-0154    (0)   :  0.098 0.102 0.100 0.096 0.091 0.100 0.104 0.007 0.097 0.108 0.097 
155 COPE-0155    (0)   :  0.097 0.093 0.100 0.109 0.095 0.103 0.090 0.006 0.100 0.103 0.105 
156 COPE-0156   (14)   :  0.009 0.009 0.009 0.009 0.009 0.009 0.009 0.910 0.009 0.009 0.009 
157 COPE-0157   (14)   :  0.078 0.074 0.078 0.078 0.070 0.082 0.076 0.241 0.075 0.070 0.077 
158 COPE-0158    (0)   :  0.099 0.084 0.093 0.104 0.096 0.100 0.091 0.009 0.097 0.124 0.102 
159 COPE-0159    (0)   :  0.105 0.099 0.106 0.095 0.093 0.110 0.101 0.008 0.098 0.091 0.095 
160 COPE-0160    (0)   :  0.102 0.090 0.105 0.099 0.100 0.103 0.089 0.007 0.100 0.102 0.104 
161 COPE-0161    (0)   :  0.103 0.098 0.099 0.100 0.105 0.099 0.096 0.012 0.097 0.091 0.100 
162 COPE-0162   (14)   :  0.007 0.007 0.007 0.007 0.007 0.007 0.007 0.929 0.007 0.007 0.007 
163 COPE-0163   (28)   :  0.013 0.013 0.013 0.013 0.013 0.013 0.013 0.870 0.013 0.013 0.013 
164 COPE-0164    (0)   :  0.095 0.097 0.105 0.105 0.095 0.100 0.091 0.026 0.095 0.094 0.097 
165 COPE-0165    (0)   :  0.098 0.099 0.101 0.107 0.100 0.099 0.096 0.008 0.102 0.092 0.098 
166 COPE-0166   (14)   :  0.098 0.091 0.101 0.105 0.101 0.100 0.086 0.008 0.097 0.109 0.105 
167 COPE-0167    (0)   :  0.103 0.089 0.099 0.092 0.098 0.096 0.092 0.008 0.097 0.119 0.107 
168 COPE-0168    (0)   :  0.101 0.091 0.098 0.102 0.097 0.105 0.097 0.006 0.096 0.110 0.097 
169 COPE-0169    (0)   :  0.099 0.106 0.100 0.111 0.095 0.089 0.105 0.011 0.104 0.082 0.099 
170 COPE-0170    (0)   :  0.101 0.107 0.097 0.096 0.095 0.104 0.108 0.025 0.097 0.080 0.090 
171 COPE-0171    (0)   :  0.103 0.096 0.098 0.106 0.092 0.106 0.104 0.008 0.094 0.096 0.097 
172 COPE-0172    (0)   :  0.096 0.100 0.103 0.102 0.102 0.101 0.096 0.007 0.102 0.095 0.097 
173 COPE-0173   (14)   :  0.095 0.100 0.095 0.107 0.090 0.086 0.097 0.056 0.100 0.082 0.092 
174 COPE-0174   (28)   :  0.102 0.096 0.101 0.101 0.096 0.105 0.100 0.014 0.097 0.093 0.096 
175 COPE-0175    (0)   :  0.099 0.085 0.098 0.103 0.097 0.097 0.084 0.040 0.095 0.102 0.102 
176 COPE-0176    (0)   :  0.106 0.096 0.100 0.081 0.087 0.101 0.106 0.009 0.095 0.116 0.102 
177 COPE-0177    (0)   :  0.096 0.104 0.103 0.105 0.098 0.096 0.097 0.007 0.102 0.094 0.098 
178 COPE-0178    (0)   :  0.102 0.088 0.090 0.068 0.082 0.093 0.106 0.007 0.094 0.155 0.114 
179 COPE-0179    (0)   :  0.097 0.096 0.102 0.110 0.096 0.099 0.094 0.009 0.098 0.096 0.104 
180 COPE-0180   (14)   :  0.097 0.107 0.102 0.111 0.094 0.092 0.100 0.006 0.105 0.086 0.099 
181 COPE-0181   (14)   :  0.100 0.099 0.101 0.108 0.097 0.095 0.096 0.009 0.100 0.093 0.102 
182 COPE-0182    (0)   :  0.096 0.107 0.114 0.090 0.101 0.105 0.097 0.005 0.108 0.083 0.093 
183 COPE-0183    (0)   :  0.099 0.101 0.103 0.099 0.097 0.100 0.097 0.011 0.096 0.098 0.098 
184 COPE-0184    (0)   :  0.101 0.090 0.101 0.095 0.103 0.101 0.086 0.009 0.099 0.111 0.104 
185 COPE-0185    (0)   :  0.108 0.113 0.103 0.090 0.098 0.107 0.113 0.006 0.097 0.077 0.087 
186 COPE-0186    (0)   :  0.105 0.135 0.069 0.088 0.140 0.064 0.141 0.005 0.099 0.076 0.078 
187 COPE-0187    (0)   :  0.087 0.100 0.107 0.094 0.104 0.112 0.093 0.009 0.109 0.090 0.096 
188 COPE-0188    (0)   :  0.027 0.026 0.029 0.029 0.026 0.029 0.024 0.729 0.029 0.025 0.028 
189 COPE-0189    (0)   :  0.098 0.102 0.102 0.109 0.098 0.094 0.099 0.008 0.099 0.092 0.100 
190 COPE-0190    (0)   :  0.102 0.092 0.101 0.100 0.104 0.097 0.087 0.014 0.097 0.100 0.106 
191 COPE-0191    (0)   :  0.100 0.106 0.091 0.099 0.113 0.091 0.106 0.011 0.098 0.092 0.093 
192 COPE-0192   (14)   :  0.011 0.012 0.009 0.011 0.013 0.009 0.013 0.892 0.011 0.009 0.010 
193 COPE-0193    (0)   :  0.097 0.090 0.102 0.099 0.093 0.104 0.092 0.006 0.098 0.116 0.103 
194 COPE-0194    (0)   :  0.083 0.096 0.106 0.115 0.096 0.112 0.083 0.009 0.103 0.094 0.104 
195 COPE-0195    (0)   :  0.098 0.093 0.109 0.108 0.094 0.106 0.087 0.006 0.103 0.092 0.104 
196 COPE-0196    (0)   :  0.099 0.098 0.100 0.103 0.102 0.102 0.097 0.011 0.099 0.091 0.098 
197 COPE-0197    (0)   :  0.099 0.098 0.100 0.109 0.098 0.095 0.093 0.007 0.105 0.096 0.100 
198 COPE-0198    (0)   :  0.099 0.110 0.105 0.098 0.092 0.100 0.108 0.013 0.102 0.081 0.091 
199 COPE-0199    (0)   :  0.097 0.103 0.102 0.105 0.094 0.091 0.101 0.012 0.104 0.088 0.101 
200 COPE-0200   (42)   :  0.100 0.103 0.098 0.108 0.095 0.094 0.100 0.009 0.104 0.091 0.098 
201 COPE-0201    (0)   :  0.100 0.112 0.097 0.090 0.104 0.095 0.111 0.008 0.101 0.091 0.092 
202 COPE-0202    (0)   :  0.112 0.092 0.101 0.092 0.099 0.102 0.090 0.013 0.097 0.101 0.101 
203 COPE-0203    (0)   :  0.102 0.100 0.108 0.096 0.091 0.110 0.099 0.006 0.098 0.094 0.096 
204 COPE-0204    (0)   :  0.088 0.091 0.093 0.084 0.092 0.101 0.094 0.029 0.097 0.123 0.107 
205 COPE-0205    (0)   :  0.096 0.090 0.103 0.101 0.092 0.103 0.088 0.021 0.097 0.106 0.102 
206 COPE-0206    (0)   :  0.101 0.093 0.096 0.098 0.091 0.096 0.103 0.005 0.098 0.115 0.106 
207 COPE-0207    (0)   :  0.103 0.098 0.098 0.081 0.088 0.098 0.108 0.011 0.098 0.116 0.102 
208 COPE-0208    (0)   :  0.030 0.030 0.031 0.036 0.029 0.031 0.030 0.697 0.030 0.026 0.030 
209 COPE-0209    (0)   :  0.100 0.103 0.097 0.107 0.100 0.096 0.104 0.006 0.101 0.089 0.096 
210 COPE-0210    (0)   :  0.100 0.089 0.095 0.105 0.096 0.102 0.093 0.010 0.097 0.114 0.100 
211 COPE-0211    (0)   :  0.095 0.097 0.110 0.115 0.088 0.110 0.083 0.005 0.105 0.089 0.104 
212 COPE-0212    (0)   :  0.100 0.096 0.104 0.086 0.086 0.103 0.103 0.012 0.099 0.110 0.102 
213 COPE-0213    (0)   :  0.099 0.095 0.100 0.096 0.096 0.102 0.096 0.008 0.100 0.103 0.104 
214 COPE-0214    (0)   :  0.100 0.109 0.100 0.108 0.093 0.089 0.108 0.008 0.107 0.084 0.095 
215 COPE-0215    (0)   :  0.091 0.101 0.098 0.106 0.090 0.087 0.098 0.052 0.100 0.082 0.096 
216 COPE-0216   (14)   :  0.061 0.058 0.061 0.066 0.065 0.063 0.060 0.369 0.061 0.069 0.065 
217 COPE-0217    (0)   :  0.100 0.090 0.096 0.082 0.084 0.094 0.100 0.028 0.096 0.123 0.106 
218 COPE-0218    (0)   :  0.098 0.103 0.103 0.105 0.096 0.101 0.097 0.009 0.100 0.092 0.097 
219 COPE-0219   (14)   :  0.101 0.102 0.100 0.106 0.095 0.096 0.101 0.009 0.104 0.090 0.097 
220 COPE-0220    (0)   :  0.101 0.092 0.096 0.081 0.086 0.095 0.104 0.013 0.097 0.129 0.108 
221 COPE-0221    (0)   :  0.104 0.104 0.115 0.082 0.086 0.124 0.109 0.017 0.101 0.073 0.086 
222 COPE-0222    (0)   :  0.101 0.097 0.101 0.092 0.094 0.109 0.102 0.007 0.095 0.106 0.095 
223 COPE-0223    (0)   :  0.094 0.099 0.105 0.114 0.100 0.096 0.090 0.007 0.102 0.089 0.104 
224 COPE-0224    (0)   :  0.110 0.085 0.094 0.096 0.106 0.094 0.078 0.019 0.092 0.116 0.109 
225 COPE-0225    (0)   :  0.099 0.109 0.098 0.107 0.092 0.086 0.108 0.014 0.107 0.085 0.095 
226 COPE-0226    (0)   :  0.104 0.096 0.099 0.094 0.094 0.104 0.104 0.006 0.097 0.102 0.101 
227 COPE-0227    (0)   :  0.104 0.110 0.091 0.100 0.107 0.086 0.115 0.006 0.101 0.090 0.091 
228 COPE-0228    (0)   :  0.100 0.088 0.096 0.093 0.088 0.096 0.095 0.018 0.096 0.123 0.108 
229 COPE-0229    (0)   :  0.101 0.096 0.100 0.101 0.093 0.100 0.100 0.007 0.099 0.102 0.101 
230 COPE-0230    (0)   :  0.097 0.093 0.099 0.086 0.090 0.104 0.104 0.010 0.095 0.118 0.105 
231 COPE-0231    (0)   :  0.098 0.096 0.101 0.105 0.097 0.100 0.090 0.006 0.102 0.102 0.102 
232 COPE-0232    (0)   :  0.103 0.087 0.100 0.093 0.108 0.098 0.086 0.015 0.098 0.103 0.109 
233 COPE-0233    (0)   :  0.110 0.104 0.106 0.092 0.099 0.101 0.105 0.005 0.097 0.088 0.094 
234 COPE-0234    (0)   :  0.099 0.089 0.099 0.113 0.104 0.099 0.080 0.008 0.097 0.102 0.110 
235 COPE-0235    (0)   :  0.095 0.096 0.104 0.108 0.104 0.100 0.086 0.006 0.100 0.097 0.104 
236 COPE-0236    (0)   :  0.093 0.094 0.097 0.081 0.090 0.103 0.106 0.005 0.093 0.130 0.107 
237 COPE-0237    (0)   :  0.109 0.114 0.099 0.092 0.106 0.096 0.117 0.006 0.100 0.076 0.085 
238 COPE-0238    (0)   :  0.096 0.101 0.102 0.109 0.098 0.093 0.095 0.009 0.106 0.093 0.100 
239 COPE-0239    (0)   :  0.099 0.089 0.096 0.098 0.104 0.094 0.084 0.035 0.097 0.103 0.101 
240 COPE-0240    (0)   :  0.100 0.087 0.095 0.099 0.099 0.100 0.093 0.008 0.096 0.121 0.101 
241 COPE-0241    (0)   :  0.099 0.104 0.105 0.110 0.094 0.091 0.101 0.007 0.105 0.084 0.102 
242 COPE-0242    (0)   :  0.102 0.104 0.090 0.088 0.099 0.087 0.113 0.006 0.102 0.111 0.097 
243 COPE-0243    (0)   :  0.083 0.099 0.107 0.103 0.109 0.107 0.087 0.007 0.108 0.091 0.100 
244 COPE-0244    (0)   :  0.094 0.097 0.104 0.107 0.102 0.099 0.092 0.009 0.104 0.091 0.101 
245 COPE-0245    (0)   :  0.089 0.099 0.110 0.101 0.098 0.110 0.087 0.011 0.108 0.088 0.099 
246 COPE-0246    (0)   :  0.101 0.097 0.097 0.099 0.109 0.098 0.095 0.013 0.096 0.098 0.098 
247 COPE-0247    (0)   :  0.104 0.108 0.105 0.094 0.090 0.111 0.109 0.016 0.097 0.079 0.087 
248 COPE-0248    (0)   :  0.096 0.101 0.108 0.103 0.097 0.105 0.094 0.005 0.105 0.089 0.098 
249 COPE-0249    (0)   :  0.103 0.091 0.098 0.104 0.099 0.093 0.089 0.028 0.096 0.096 0.103 
250 COPE-0250    (0)   :  0.104 0.088 0.098 0.099 0.100 0.098 0.081 0.017 0.098 0.110 0.108 
251 COPE-0251   (14)   :  0.033 0.034 0.033 0.028 0.029 0.034 0.034 0.691 0.030 0.024 0.027 
252 COPE-0252    (0)   :  0.101 0.086 0.097 0.103 0.108 0.097 0.082 0.011 0.095 0.113 0.107 
253 COPE-0253    (0)   :  0.106 0.109 0.109 0.083 0.083 0.118 0.116 0.008 0.100 0.081 0.088 
254 COPE-0254    (0)   :  0.080 0.097 0.107 0.091 0.108 0.109 0.089 0.014 0.107 0.100 0.098 
255 COPE-0255    (0)   :  0.094 0.102 0.109 0.092 0.091 0.110 0.099 0.023 0.104 0.082 0.093 
256 COPE-0256    (0)   :  0.097 0.080 0.096 0.098 0.093 0.103 0.091 0.010 0.093 0.135 0.105 
257 COPE-0257    (0)   :  0.106 0.136 0.064 0.089 0.146 0.062 0.141 0.007 0.097 0.074 0.078 
258 COPE-0258    (0)   :  0.097 0.109 0.089 0.107 0.109 0.087 0.109 0.017 0.099 0.083 0.093 
259 COPE-0259    (0)   :  0.094 0.099 0.098 0.104 0.099 0.104 0.094 0.006 0.100 0.102 0.101 
260 COPE-0260    (0)   :  0.094 0.101 0.100 0.107 0.096 0.093 0.094 0.024 0.102 0.090 0.099 
261 COPE-0261    (0)   :  0.080 0.098 0.101 0.090 0.105 0.110 0.092 0.006 0.109 0.106 0.103 
262 COPE-0262    (0)   :  0.085 0.089 0.100 0.103 0.100 0.105 0.085 0.018 0.100 0.111 0.104 
263 COPE-0263    (0)   :  0.109 0.118 0.092 0.096 0.115 0.086 0.116 0.007 0.097 0.076 0.087 
264 COPE-0264    (0)   :  0.102 0.120 0.077 0.094 0.126 0.075 0.122 0.018 0.096 0.083 0.088 
265 COPE-0265    (0)   :  0.098 0.102 0.109 0.096 0.090 0.105 0.098 0.011 0.100 0.093 0.098 
266 COPE-0266    (0)   :  0.099 0.090 0.099 0.096 0.089 0.101 0.092 0.018 0.097 0.113 0.107 
267 COPE-0267    (0)   :  0.110 0.098 0.109 0.092 0.096 0.104 0.096 0.006 0.098 0.092 0.098 
268 COPE-0268    (0)   :  0.112 0.110 0.105 0.086 0.104 0.097 0.109 0.013 0.097 0.078 0.089 
269 COPE-0269    (0)   :  0.098 0.099 0.091 0.106 0.112 0.093 0.104 0.006 0.094 0.100 0.097 
270 COPE-0270    (0)   :  0.094 0.099 0.108 0.111 0.088 0.110 0.082 0.007 0.106 0.091 0.103 
271 COPE-0271    (0)   :  0.094 0.097 0.100 0.108 0.106 0.099 0.092 0.007 0.097 0.101 0.098 
272 COPE-0272    (0)   :  0.100 0.097 0.103 0.094 0.093 0.105 0.101 0.007 0.101 0.098 0.100 
273 COPE-0273    (0)   :  0.101 0.095 0.108 0.082 0.082 0.105 0.103 0.016 0.099 0.106 0.103 
274 COPE-0274   (14)   :  0.024 0.024 0.026 0.027 0.023 0.026 0.022 0.758 0.026 0.022 0.025 
275 COPE-0275    (0)   :  0.098 0.099 0.101 0.108 0.098 0.101 0.091 0.010 0.100 0.093 0.101 
276 COPE-0276   (14)   :  0.006 0.006 0.006 0.006 0.006 0.006 0.006 0.936 0.006 0.006 0.006 
277 COPE-0277   (14)   :  0.096 0.084 0.092 0.094 0.098 0.098 0.098 0.013 0.091 0.132 0.102 
278 COPE-0278    (0)   :  0.102 0.088 0.094 0.071 0.082 0.093 0.107 0.007 0.093 0.151 0.112 
279 COPE-0279    (0)   :  0.097 0.090 0.099 0.094 0.100 0.103 0.092 0.009 0.097 0.112 0.107 
280 COPE-0280    (0)   :  0.013 0.013 0.013 0.013 0.013 0.013 0.013 0.872 0.013 0.013 0.013 
281 COPE-0281    (0)   :  0.031 0.031 0.032 0.038 0.029 0.030 0.031 0.683 0.032 0.030 0.032 
282 COPE-0282   (14)   :  0.114 0.085 0.094 0.098 0.107 0.094 0.076 0.006 0.094 0.119 0.112 
283 COPE-0283    (0)   :  0.101 0.092 0.097 0.085 0.087 0.093 0.104 0.007 0.096 0.129 0.108 
284 COPE-0284   (14)   :  0.092 0.095 0.102 0.115 0.094 0.096 0.089 0.033 0.096 0.087 0.102 
285 COPE-0285    (0)   :  0.030 0.032 0.029 0.030 0.032 0.028 0.032 0.698 0.030 0.029 0.030 
286 COPE-0286    (0)   :  0.096 0.090 0.107 0.131 0.087 0.102 0.087 0.009 0.097 0.084 0.109 
287 COPE-0287    (0)   :  0.113 0.112 0.098 0.086 0.107 0.088 0.110 0.030 0.095 0.074 0.087 
288 COPE-0288    (0)   :  0.105 0.101 0.115 0.086 0.086 0.123 0.105 0.010 0.101 0.078 0.089 
289 COPE-0289    (0)   :  0.100 0.102 0.099 0.094 0.100 0.098 0.103 0.007 0.099 0.100 0.098 
290 COPE-0290    (0)   :  0.095 0.099 0.109 0.113 0.088 0.105 0.089 0.007 0.104 0.090 0.101 
291 COPE-0291    (0)   :  0.100 0.108 0.088 0.107 0.112 0.087 0.111 0.006 0.097 0.091 0.094 
292 COPE-0292   (42)   :  0.015 0.015 0.015 0.015 0.014 0.015 0.014 0.852 0.015 0.015 0.015 
293 COPE-0293    (0)   :  0.099 0.105 0.107 0.085 0.088 0.114 0.109 0.008 0.100 0.092 0.093 
294 COPE-0294    (0)   :  0.098 0.094 0.100 0.109 0.098 0.100 0.090 0.012 0.095 0.100 0.104 
295 COPE-0295    (0)   :  0.101 0.089 0.103 0.095 0.098 0.101 0.086 0.008 0.098 0.117 0.105 
296 COPE-0296   (14)   :  0.100 0.098 0.109 0.097 0.087 0.114 0.097 0.007 0.100 0.093 0.097 
297 COPE-0297   (14)   :  0.096 0.101 0.098 0.112 0.091 0.088 0.100 0.036 0.100 0.084 0.096 
298 COPE-0298    (0)   :  0.101 0.096 0.104 0.091 0.094 0.108 0.101 0.009 0.099 0.097 0.100 
299 COPE-0299    (0)   :  0.081 0.102 0.110 0.102 0.102 0.113 0.088 0.006 0.107 0.091 0.097 
300 COPE-0300   (14)   :  0.106 0.095 0.097 0.097 0.101 0.095 0.100 0.008 0.098 0.106 0.098 
301 COPE-0301   (14)   :  0.109 0.109 0.112 0.074 0.079 0.124 0.118 0.009 0.100 0.080 0.086 
302 COPE-0302    (0)   :  0.079 0.082 0.078 0.078 0.088 0.078 0.082 0.188 0.082 0.083 0.080 
303 COPE-0303    (0)   :  0.100 0.089 0.095 0.077 0.091 0.097 0.101 0.006 0.094 0.138 0.112 
304 COPE-0304    (0)   :  0.097 0.098 0.108 0.097 0.099 0.102 0.092 0.007 0.100 0.097 0.101 
305 COPE-0305   (14)   :  0.099 0.097 0.090 0.102 0.109 0.088 0.100 0.034 0.091 0.093 0.097 
306 COPE-0306    (0)   :  0.102 0.094 0.089 0.075 0.085 0.092 0.108 0.009 0.097 0.139 0.109 
307 COPE-0307   (28)   :  0.008 0.008 0.008 0.008 0.008 0.008 0.008 0.919 0.008 0.008 0.008 
308 COPE-0308    (0)   :  0.112 0.087 0.097 0.098 0.102 0.099 0.082 0.006 0.096 0.114 0.107 
309 COPE-0309   (14)   :  0.039 0.039 0.041 0.045 0.039 0.043 0.038 0.598 0.040 0.038 0.041 
310 COPE-0310   (28)   :  0.045 0.059 0.028 0.039 0.061 0.027 0.060 0.574 0.042 0.032 0.034 
311 COPE-0311    (0)   :  0.100 0.106 0.087 0.107 0.108 0.088 0.107 0.021 0.097 0.086 0.092 
312 COPE-0312   (28)   :  0.013 0.013 0.013 0.012 0.012 0.013 0.013 0.870 0.013 0.015 0.014 
313 COPE-0313    (0)   :  0.102 0.110 0.087 0.090 0.103 0.086 0.115 0.009 0.100 0.102 0.096 
314 COPE-0314    (0)   :  0.104 0.111 0.107 0.093 0.100 0.100 0.106 0.007 0.102 0.078 0.091 
315 COPE-0315    (0)   :  0.102 0.108 0.095 0.097 0.102 0.088 0.111 0.008 0.099 0.093 0.098 
316 COPE-0316    (0)   :  0.087 0.096 0.100 0.110 0.093 0.104 0.089 0.020 0.098 0.099 0.105 
317 COPE-0317   (14)   :  0.009 0.009 0.008 0.009 0.009 0.008 0.009 0.913 0.009 0.008 0.009 
318 COPE-0318    (0)   :  0.096 0.101 0.101 0.104 0.102 0.100 0.096 0.005 0.101 0.094 0.100 
319 COPE-0319    (0)   :  0.105 0.092 0.099 0.106 0.106 0.094 0.084 0.006 0.100 0.102 0.106 
320 COPE-0320   (14)   :  0.104 0.103 0.106 0.088 0.093 0.112 0.102 0.015 0.097 0.089 0.091 
321 COPE-0321   (14)   :  0.101 0.116 0.091 0.092 0.112 0.088 0.117 0.011 0.103 0.083 0.086 
322 COPE-0322   (14)   :  0.097 0.099 0.102 0.107 0.102 0.098 0.093 0.006 0.102 0.093 0.102 
323 COPE-0323    (0)   :  0.108 0.141 0.061 0.087 0.149 0.057 0.149 0.008 0.098 0.068 0.073 
324 COPE-0324    (0)   :  0.102 0.107 0.098 0.105 0.094 0.089 0.110 0.006 0.103 0.090 0.096 
325 COPE-0325   (14)   :  0.097 0.079 0.090 0.100 0.099 0.101 0.092 0.011 0.093 0.136 0.103 
326 COPE-0326    (0)   :  0.104 0.095 0.106 0.085 0.086 0.109 0.100 0.007 0.097 0.109 0.100 
327 COPE-0327   (14)   :  0.104 0.101 0.109 0.089 0.089 0.116 0.106 0.008 0.101 0.084 0.094 
328 COPE-0328    (0)   :  0.096 0.095 0.100 0.099 0.100 0.101 0.094 0.006 0.098 0.105 0.106 
329 COPE-0329   (28)   :  0.098 0.103 0.101 0.098 0.093 0.091 0.106 0.013 0.103 0.094 0.099 
330 COPE-0330    (0)   :  0.099 0.108 0.103 0.098 0.099 0.098 0.101 0.021 0.101 0.081 0.091 
331 COPE-0331    (0)   :  0.109 0.112 0.114 0.080 0.080 0.124 0.115 0.006 0.097 0.079 0.086 
332 COPE-0332   (14)   :  0.099 0.094 0.094 0.096 0.101 0.096 0.098 0.007 0.096 0.114 0.106 
333 COPE-0333    (0)   :  0.088 0.091 0.096 0.077 0.072 0.101 0.093 0.147 0.086 0.071 0.079 
334 COPE-0334   (28)   :  0.048 0.059 0.035 0.043 0.060 0.034 0.060 0.542 0.045 0.037 0.038 
335 COPE-0335    (0)   :  0.101 0.109 0.098 0.109 0.095 0.089 0.110 0.006 0.106 0.084 0.093 
336 COPE-0336    (0)   :  0.098 0.098 0.103 0.110 0.091 0.113 0.099 0.006 0.099 0.084 0.100 
337 COPE-0337   (28)   :  0.017 0.018 0.018 0.019 0.017 0.017 0.018 0.824 0.018 0.016 0.018 
338 COPE-0338    (0)   :  0.102 0.114 0.090 0.095 0.110 0.086 0.112 0.021 0.100 0.082 0.089 
339 COPE-0339    (0)   :  0.094 0.084 0.093 0.098 0.099 0.103 0.090 0.006 0.097 0.132 0.105 
340 COPE-0340   (14)   :  0.012 0.012 0.013 0.012 0.012 0.012 0.012 0.877 0.012 0.012 0.012 
341 COPE-0341    (0)   :  0.106 0.091 0.101 0.106 0.102 0.099 0.083 0.007 0.098 0.102 0.106 
342 COPE-0342    (0)   :  0.098 0.108 0.102 0.109 0.097 0.086 0.104 0.008 0.106 0.084 0.099 
343 COPE-0343    (0)   :  0.096 0.096 0.102 0.091 0.093 0.107 0.099 0.006 0.100 0.109 0.101 
344 COPE-0344   (14)   :  0.012 0.012 0.011 0.011 0.012 0.011 0.012 0.888 0.011 0.011 0.011 
345 COPE-0345    (0)   :  0.104 0.091 0.099 0.105 0.104 0.097 0.086 0.006 0.099 0.103 0.106 
346 COPE-0346    (0)   :  0.096 0.093 0.101 0.111 0.097 0.099 0.090 0.031 0.094 0.089 0.099 
347 COPE-0347    (0)   :  0.087 0.097 0.102 0.110 0.103 0.103 0.091 0.006 0.103 0.098 0.100 
348 COPE-0348    (0)   :  0.090 0.099 0.096 0.095 0.100 0.102 0.093 0.015 0.103 0.106 0.101 
349 COPE-0349    (0)   :  0.096 0.104 0.104 0.106 0.103 0.092 0.099 0.006 0.101 0.089 0.099 
350 COPE-0350    (0)   :  0.090 0.097 0.103 0.111 0.096 0.109 0.086 0.006 0.101 0.098 0.103 
351 COPE-0351    (0)   :  0.083 0.102 0.109 0.105 0.100 0.109 0.087 0.006 0.108 0.091 0.099 
352 COPE-0352    (0)   :  0.094 0.093 0.095 0.118 0.095 0.096 0.093 0.026 0.093 0.097 0.101 
353 COPE-0353    (0)   :  0.104 0.127 0.072 0.093 0.138 0.070 0.131 0.005 0.097 0.079 0.084 
354 COPE-0354    (0)   :  0.100 0.113 0.089 0.092 0.114 0.089 0.116 0.014 0.099 0.085 0.089 
355 COPE-0355    (0)   :  0.094 0.076 0.092 0.102 0.093 0.108 0.085 0.007 0.096 0.141 0.107 
356 COPE-0356    (0)   :  0.083 0.099 0.109 0.091 0.108 0.111 0.090 0.008 0.108 0.096 0.097 
357 COPE-0357    (0)   :  0.104 0.102 0.098 0.108 0.098 0.095 0.104 0.008 0.101 0.088 0.094 
358 COPE-0358    (0)   :  0.007 0.008 0.008 0.008 0.007 0.007 0.007 0.925 0.008 0.007 0.008 
359 COPE-0359   (14)   :  0.096 0.092 0.101 0.104 0.104 0.100 0.088 0.009 0.098 0.101 0.106 
360 COPE-0360    (0)   :  0.100 0.125 0.077 0.093 0.130 0.073 0.129 0.006 0.100 0.082 0.084 
361 COPE-0361    (0)   :  0.095 0.093 0.101 0.102 0.108 0.103 0.084 0.009 0.098 0.101 0.105 
362 COPE-0362    (0)   :  0.100 0.106 0.097 0.107 0.100 0.089 0.107 0.007 0.104 0.086 0.096 
363 COPE-0363   (14)   :  0.098 0.091 0.104 0.108 0.102 0.102 0.085 0.013 0.095 0.097 0.106 
364 COPE-0364    (0)   :  0.106 0.120 0.086 0.097 0.117 0.083 0.119 0.006 0.102 0.076 0.086 
365 COPE-0365    (0)   :  0.113 0.133 0.075 0.086 0.128 0.069 0.139 0.018 0.097 0.067 0.075 
366 COPE-0366    (0)   :  0.091 0.099 0.104 0.113 0.092 0.097 0.091 0.024 0.103 0.084 0.102 
367 COPE-0367   (14)   :  0.014 0.013 0.013 0.012 0.013 0.013 0.012 0.873 0.013 0.013 0.013 
368 COPE-0368    (0)   :  0.097 0.085 0.101 0.097 0.090 0.108 0.089 0.010 0.098 0.120 0.105 
369 COPE-0369    (0)   :  0.103 0.100 0.106 0.099 0.092 0.113 0.103 0.008 0.097 0.088 0.090 
370 COPE-0370   (28)   :  0.009 0.009 0.009 0.009 0.009 0.009 0.009 0.909 0.009 0.009 0.009 
371 COPE-0371    (0)   :  0.107 0.113 0.100 0.090 0.105 0.099 0.116 0.013 0.094 0.078 0.085 
372 COPE-0372    (0)   :  0.096 0.096 0.092 0.089 0.090 0.087 0.106 0.047 0.093 0.106 0.098 
373 COPE-0373   (14)   :  0.106 0.093 0.105 0.089 0.091 0.112 0.098 0.007 0.099 0.101 0.100 
374 COPE-0374    (0)   :  0.104 0.095 0.105 0.098 0.106 0.098 0.089 0.008 0.101 0.095 0.102 
375 COPE-0375   (14)   :  0.107 0.130 0.072 0.093 0.134 0.068 0.132 0.009 0.098 0.077 0.080 
376 COPE-0376   (14)   :  0.079 0.100 0.107 0.098 0.110 0.109 0.090 0.006 0.110 0.093 0.098 
377 COPE-0377    (0)   :  0.046 0.043 0.046 0.045 0.044 0.046 0.043 0.553 0.045 0.044 0.046 
378 COPE-0378    (0)   :  0.097 0.094 0.092 0.102 0.105 0.098 0.099 0.006 0.096 0.111 0.099 
379 COPE-0379    (0)   :  0.098 0.102 0.105 0.113 0.094 0.092 0.098 0.007 0.103 0.087 0.102 
380 COPE-0380   (28)   :  0.033 0.031 0.032 0.027 0.030 0.033 0.035 0.662 0.032 0.047 0.037 
381 COPE-0381    (0)   :  0.101 0.100 0.096 0.103 0.112 0.093 0.102 0.010 0.095 0.091 0.098 
382 COPE-0382    (0)   :  0.101 0.104 0.103 0.107 0.093 0.090 0.103 0.006 0.104 0.090 0.100 
383 COPE-0383    (0)   :  0.107 0.135 0.062 0.085 0.139 0.057 0.140 0.046 0.094 0.064 0.071 
384 COPE-0384    (0)   :  0.099 0.100 0.093 0.096 0.104 0.095 0.106 0.007 0.099 0.106 0.095 


Estimated Allele Frequencies in each cluster
First column gives estimated ancestral frequencies


Locus 1 : COPE5 
78 alleles
0.5% missing data
   1   (0.007) 0.001 0.001 0.001 0.002 0.001 0.001 0.001 0.711 0.001 0.001 0.001 
   2   (0.023) 0.025 0.023 0.025 0.025 0.025 0.025 0.024 0.008 0.024 0.024 0.025 
   3   (0.014) 0.015 0.012 0.014 0.016 0.015 0.014 0.012 0.001 0.014 0.017 0.016 
   4   (0.024) 0.024 0.024 0.025 0.027 0.024 0.025 0.023 0.001 0.025 0.026 0.026 
   5   (0.011) 0.010 0.010 0.010 0.011 0.009 0.010 0.010 0.001 0.010 0.009 0.009 
   6   (0.019) 0.019 0.017 0.018 0.019 0.018 0.018 0.017 0.003 0.018 0.018 0.019 
   7   (0.007) 0.004 0.003 0.003 0.004 0.004 0.003 0.003 0.000 0.003 0.004 0.004 
   8   (0.033) 0.094 0.082 0.091 0.078 0.081 0.091 0.088 0.002 0.088 0.113 0.098 
   9   (0.020) 0.021 0.020 0.022 0.022 0.022 0.022 0.019 0.001 0.021 0.022 0.023 
  10   (0.019) 0.019 0.021 0.020 0.020 0.020 0.019 0.020 0.001 0.020 0.018 0.019 
