

----------------------------------------------------
STRUCTURE by Pritchard, Stephens and Donnelly (2000)
     and Falush, Stephens and Pritchard (2003)
       Code by Pritchard, Falush and Hubisz
             Version 2.3.4 (Jul 2012)
----------------------------------------------------



Command line arguments:   /home/jason/Programs/structure -K 8 -i ../Data/microsats.structure -m Structure_Run/mainparams -e Structure_Run/extraparams -D 3654366 -o ../Structure_Results/02_K_08.out 
Input File:    ../Data/microsats.structure

Run parameters:
   384 individuals
   7 loci
   8 populations assumed
   1000000 Burn-in period
   10000000 Reps
RANDOMIZE turned off


--------------------------------------------
Overall proportion of membership of the
sample in each of the 8 clusters

Inferred Clusters
  1      2      3      4      5      6      7      8    
0.118  0.126  0.126  0.126  0.126  0.125  0.125  0.127  

--------------------------------------------

Allele-freq. divergence among pops (Net nucleotide distance),
computed using point estimates of P.

      1       2       3       4       5       6       7       8      
 1      -    0.1562  0.1569  0.1558  0.1562  0.1574  0.1575  0.1564  
 2   0.1562     -    0.0000  0.0001  0.0001  0.0002  0.0002  0.0001  
 3   0.1569  0.0000     -    0.0001  0.0001  0.0001  0.0001  0.0000  
 4   0.1558  0.0001  0.0001     -    0.0001  0.0001  0.0001  0.0001  
 5   0.1562  0.0001  0.0001  0.0001     -    0.0001  0.0001  0.0001  
 6   0.1574  0.0002  0.0001  0.0001  0.0001     -    0.0000  0.0002  
 7   0.1575  0.0002  0.0001  0.0001  0.0001  0.0000     -    0.0002  
 8   0.1564  0.0001  0.0000  0.0001  0.0001  0.0002  0.0002     -    

Average distances (expected heterozygosity) between individuals in same cluster:
cluster  1  : 0.6508 
cluster  2  : 0.6259 
cluster  3  : 0.6227 
cluster  4  : 0.6261 
cluster  5  : 0.6263 
cluster  6  : 0.6234 
cluster  7  : 0.6221 
cluster  8  : 0.6229 

--------------------------------------------
Estimated Ln Prob of Data   = -8947.5
Mean value of ln likelihood = -7884.7
Variance of ln likelihood   = 2125.6
Mean value of alpha         = 0.0468

Mean value of Fst_1         = 0.1692
Mean value of Fst_2         = 0.0672
Mean value of Fst_3         = 0.0697
Mean value of Fst_4         = 0.0682
Mean value of Fst_5         = 0.0694
Mean value of Fst_6         = 0.0719
Mean value of Fst_7         = 0.0731
Mean value of Fst_8         = 0.0701


Inferred ancestry of individuals:
        Label (%Miss) :  Inferred clusters
  1 COPE-0001    (0)   :  0.942 0.008 0.008 0.008 0.008 0.008 0.008 0.008 
  2 COPE-0002    (0)   :  0.011 0.137 0.130 0.152 0.158 0.140 0.133 0.140 
  3 COPE-0003    (0)   :  0.007 0.160 0.161 0.139 0.130 0.115 0.117 0.172 
  4 COPE-0004    (0)   :  0.013 0.145 0.129 0.163 0.161 0.128 0.126 0.136 
  5 COPE-0005    (0)   :  0.020 0.133 0.134 0.139 0.150 0.147 0.145 0.131 
  6 COPE-0006    (0)   :  0.018 0.141 0.133 0.137 0.147 0.142 0.145 0.135 
  7 COPE-0007    (0)   :  0.007 0.129 0.138 0.142 0.143 0.156 0.152 0.133 
  8 COPE-0008    (0)   :  0.008 0.125 0.129 0.146 0.130 0.143 0.166 0.153 
  9 COPE-0009    (0)   :  0.018 0.143 0.145 0.131 0.143 0.138 0.130 0.154 
 10 COPE-0010    (0)   :  0.007 0.162 0.147 0.143 0.138 0.139 0.129 0.134 
 11 COPE-0011   (14)   :  0.904 0.014 0.013 0.015 0.016 0.012 0.013 0.013 
 12 COPE-0012   (14)   :  0.007 0.137 0.140 0.140 0.136 0.135 0.161 0.144 
 13 COPE-0013    (0)   :  0.006 0.169 0.167 0.137 0.126 0.106 0.109 0.180 
 14 COPE-0014    (0)   :  0.010 0.117 0.145 0.134 0.134 0.167 0.158 0.135 
 15 COPE-0015    (0)   :  0.007 0.130 0.145 0.138 0.137 0.158 0.153 0.132 
 16 COPE-0016    (0)   :  0.010 0.127 0.131 0.129 0.153 0.159 0.145 0.146 
 17 COPE-0017    (0)   :  0.688 0.040 0.044 0.043 0.045 0.050 0.047 0.043 
 18 COPE-0018    (0)   :  0.008 0.147 0.139 0.139 0.143 0.139 0.141 0.144 
 19 COPE-0019    (0)   :  0.006 0.158 0.156 0.138 0.134 0.122 0.123 0.164 
 20 COPE-0020    (0)   :  0.008 0.145 0.139 0.137 0.146 0.148 0.144 0.134 
 21 COPE-0021    (0)   :  0.006 0.134 0.146 0.132 0.143 0.162 0.156 0.122 
 22 COPE-0022    (0)   :  0.007 0.125 0.131 0.154 0.132 0.141 0.159 0.151 
 23 COPE-0023    (0)   :  0.008 0.146 0.130 0.153 0.154 0.133 0.134 0.143 
 24 COPE-0024   (14)   :  0.006 0.133 0.136 0.133 0.148 0.159 0.154 0.131 
 25 COPE-0025    (0)   :  0.074 0.147 0.129 0.140 0.132 0.131 0.118 0.128 
 26 COPE-0026    (0)   :  0.005 0.133 0.138 0.142 0.137 0.153 0.149 0.143 
 27 COPE-0027    (0)   :  0.006 0.158 0.156 0.140 0.129 0.117 0.122 0.172 
 28 COPE-0028    (0)   :  0.006 0.167 0.151 0.139 0.134 0.146 0.122 0.135 
 29 COPE-0029    (0)   :  0.005 0.127 0.129 0.128 0.153 0.163 0.154 0.141 
 30 COPE-0030   (14)   :  0.771 0.032 0.030 0.034 0.035 0.032 0.033 0.032 
 31 COPE-0031    (0)   :  0.010 0.126 0.130 0.141 0.133 0.150 0.164 0.146 
 32 COPE-0032    (0)   :  0.009 0.160 0.144 0.151 0.138 0.135 0.123 0.141 
 33 COPE-0033    (0)   :  0.012 0.153 0.141 0.145 0.141 0.135 0.128 0.145 
 34 COPE-0034    (0)   :  0.011 0.131 0.132 0.142 0.146 0.150 0.149 0.140 
 35 COPE-0035   (14)   :  0.008 0.169 0.150 0.144 0.132 0.136 0.120 0.141 
 36 COPE-0036   (14)   :  0.006 0.134 0.135 0.138 0.153 0.152 0.156 0.125 
 37 COPE-0037    (0)   :  0.023 0.140 0.141 0.137 0.139 0.143 0.137 0.140 
 38 COPE-0038    (0)   :  0.006 0.124 0.134 0.146 0.126 0.153 0.159 0.152 
 39 COPE-0039    (0)   :  0.088 0.133 0.130 0.138 0.132 0.123 0.122 0.134 
 40 COPE-0040   (14)   :  0.096 0.134 0.134 0.128 0.126 0.121 0.123 0.139 
 41 COPE-0041    (0)   :  0.031 0.142 0.135 0.143 0.139 0.134 0.136 0.140 
 42 COPE-0042    (0)   :  0.011 0.160 0.152 0.146 0.130 0.136 0.120 0.146 
 43 COPE-0043    (0)   :  0.005 0.138 0.130 0.143 0.160 0.146 0.136 0.141 
 44 COPE-0044    (0)   :  0.014 0.141 0.134 0.163 0.153 0.127 0.131 0.138 
 45 COPE-0045    (0)   :  0.031 0.140 0.129 0.157 0.145 0.129 0.137 0.132 
 46 COPE-0046    (0)   :  0.800 0.030 0.030 0.028 0.028 0.027 0.026 0.031 
 47 COPE-0047    (0)   :  0.948 0.008 0.007 0.007 0.008 0.007 0.007 0.007 
 48 COPE-0048    (0)   :  0.007 0.167 0.151 0.146 0.128 0.139 0.121 0.142 
 49 COPE-0049    (0)   :  0.017 0.144 0.131 0.157 0.150 0.136 0.136 0.128 
 50 COPE-0050    (0)   :  0.007 0.155 0.157 0.144 0.136 0.116 0.114 0.170 
 51 COPE-0051    (0)   :  0.105 0.163 0.141 0.128 0.117 0.121 0.103 0.121 
 52 COPE-0052    (0)   :  0.010 0.115 0.142 0.134 0.135 0.167 0.165 0.132 
 53 COPE-0053    (0)   :  0.009 0.128 0.131 0.123 0.155 0.163 0.148 0.143 
 54 COPE-0054    (0)   :  0.005 0.125 0.142 0.132 0.148 0.153 0.172 0.123 
 55 COPE-0055    (0)   :  0.005 0.124 0.129 0.153 0.129 0.142 0.165 0.153 
 56 COPE-0056    (0)   :  0.017 0.141 0.138 0.154 0.140 0.125 0.145 0.139 
 57 COPE-0057    (0)   :  0.011 0.150 0.146 0.139 0.142 0.129 0.137 0.147 
 58 COPE-0058    (0)   :  0.009 0.142 0.131 0.153 0.153 0.136 0.145 0.130 
 59 COPE-0059    (0)   :  0.019 0.164 0.166 0.131 0.130 0.106 0.109 0.175 
 60 COPE-0060    (0)   :  0.007 0.131 0.135 0.138 0.154 0.149 0.141 0.144 
 61 COPE-0061    (0)   :  0.011 0.137 0.140 0.124 0.149 0.150 0.140 0.149 
 62 COPE-0062    (0)   :  0.009 0.124 0.149 0.134 0.135 0.165 0.164 0.120 
 63 COPE-0063    (0)   :  0.026 0.122 0.129 0.147 0.129 0.135 0.166 0.146 
 64 COPE-0064    (0)   :  0.009 0.132 0.142 0.146 0.139 0.141 0.144 0.146 
 65 COPE-0065    (0)   :  0.959 0.006 0.006 0.006 0.006 0.006 0.006 0.006 
 66 COPE-0066    (0)   :  0.016 0.173 0.156 0.141 0.127 0.133 0.111 0.144 
 67 COPE-0067   (14)   :  0.807 0.030 0.028 0.028 0.027 0.028 0.026 0.027 
 68 COPE-0068    (0)   :  0.010 0.164 0.169 0.135 0.128 0.106 0.107 0.181 
 69 COPE-0069   (14)   :  0.013 0.125 0.146 0.141 0.136 0.148 0.151 0.139 
 70 COPE-0070    (0)   :  0.012 0.154 0.136 0.148 0.151 0.133 0.131 0.136 
 71 COPE-0071    (0)   :  0.004 0.170 0.156 0.139 0.133 0.138 0.122 0.138 
 72 COPE-0072    (0)   :  0.007 0.140 0.147 0.142 0.145 0.134 0.130 0.154 
 73 COPE-0073   (14)   :  0.709 0.038 0.039 0.038 0.046 0.046 0.045 0.039 
 74 COPE-0074    (0)   :  0.009 0.157 0.145 0.150 0.134 0.138 0.129 0.139 
 75 COPE-0075    (0)   :  0.012 0.179 0.154 0.145 0.130 0.134 0.113 0.135 
 76 COPE-0076    (0)   :  0.006 0.135 0.145 0.139 0.138 0.138 0.156 0.143 
 77 COPE-0077   (14)   :  0.009 0.141 0.144 0.146 0.139 0.135 0.135 0.150 
 78 COPE-0078   (14)   :  0.008 0.137 0.134 0.141 0.147 0.148 0.147 0.138 
 79 COPE-0079    (0)   :  0.008 0.154 0.124 0.166 0.168 0.122 0.120 0.136 
 80 COPE-0080   (42)   :  0.854 0.021 0.022 0.020 0.021 0.021 0.020 0.021 
 81 COPE-0081   (14)   :  0.471 0.073 0.074 0.075 0.073 0.077 0.081 0.077 
 82 COPE-0082   (14)   :  0.046 0.153 0.141 0.139 0.131 0.132 0.131 0.127 
 83 COPE-0083   (14)   :  0.006 0.108 0.146 0.133 0.130 0.175 0.174 0.128 
 84 COPE-0084    (0)   :  0.231 0.104 0.101 0.100 0.120 0.122 0.113 0.108 
 85 COPE-0085    (0)   :  0.010 0.154 0.134 0.151 0.152 0.134 0.126 0.140 
 86 COPE-0086    (0)   :  0.021 0.152 0.135 0.138 0.146 0.141 0.136 0.130 
 87 COPE-0087   (14)   :  0.007 0.136 0.135 0.135 0.152 0.150 0.141 0.144 
 88 COPE-0088   (14)   :  0.024 0.138 0.132 0.140 0.149 0.143 0.139 0.135 
 89 COPE-0089   (14)   :  0.948 0.007 0.007 0.008 0.007 0.007 0.008 0.007 
 90 COPE-0090    (0)   :  0.008 0.126 0.130 0.149 0.129 0.144 0.165 0.150 
 91 COPE-0091   (14)   :  0.006 0.127 0.136 0.133 0.150 0.158 0.146 0.143 
 92 COPE-0092   (28)   :  0.829 0.027 0.025 0.025 0.024 0.022 0.021 0.026 
 93 COPE-0093    (0)   :  0.006 0.122 0.133 0.148 0.133 0.137 0.173 0.148 
 94 COPE-0094    (0)   :  0.030 0.148 0.122 0.163 0.165 0.120 0.119 0.133 
 95 COPE-0095    (0)   :  0.005 0.128 0.133 0.130 0.148 0.161 0.153 0.143 
 96 COPE-0096    (0)   :  0.009 0.124 0.141 0.133 0.141 0.164 0.153 0.135 
 97 COPE-0097    (0)   :  0.008 0.159 0.157 0.134 0.130 0.145 0.136 0.130 
 98 COPE-0098    (0)   :  0.008 0.123 0.129 0.145 0.131 0.149 0.164 0.150 
 99 COPE-0099    (0)   :  0.021 0.157 0.157 0.135 0.132 0.113 0.118 0.166 
100 COPE-0100    (0)   :  0.007 0.151 0.146 0.142 0.134 0.134 0.134 0.151 
101 COPE-0101    (0)   :  0.044 0.150 0.136 0.144 0.130 0.132 0.126 0.139 
102 COPE-0102    (0)   :  0.006 0.144 0.136 0.154 0.144 0.137 0.138 0.140 
103 COPE-0103    (0)   :  0.017 0.143 0.132 0.150 0.151 0.142 0.135 0.131 
104 COPE-0104   (14)   :  0.007 0.158 0.149 0.144 0.131 0.141 0.131 0.139 
105 COPE-0105    (0)   :  0.037 0.177 0.155 0.128 0.129 0.131 0.116 0.125 
106 COPE-0106    (0)   :  0.005 0.125 0.141 0.124 0.156 0.167 0.167 0.115 
107 COPE-0107    (0)   :  0.864 0.018 0.018 0.021 0.019 0.019 0.020 0.020 
108 COPE-0108    (0)   :  0.006 0.137 0.143 0.137 0.135 0.154 0.157 0.131 
109 COPE-0109    (0)   :  0.012 0.143 0.133 0.162 0.156 0.125 0.124 0.145 
110 COPE-0110   (14)   :  0.014 0.136 0.138 0.133 0.152 0.149 0.146 0.132 
111 COPE-0111    (0)   :  0.009 0.130 0.142 0.132 0.148 0.158 0.152 0.130 
112 COPE-0112   (14)   :  0.011 0.156 0.147 0.147 0.128 0.138 0.129 0.143 
113 COPE-0113    (0)   :  0.022 0.145 0.145 0.144 0.134 0.129 0.130 0.152 
114 COPE-0114    (0)   :  0.010 0.131 0.139 0.134 0.150 0.153 0.157 0.125 
115 COPE-0115    (0)   :  0.813 0.024 0.026 0.026 0.027 0.030 0.029 0.026 
116 COPE-0116   (28)   :  0.930 0.010 0.010 0.010 0.010 0.010 0.010 0.010 
117 COPE-0117    (0)   :  0.011 0.128 0.130 0.124 0.152 0.162 0.151 0.142 
118 COPE-0118    (0)   :  0.009 0.116 0.145 0.132 0.147 0.169 0.167 0.115 
119 COPE-0119    (0)   :  0.010 0.119 0.143 0.139 0.135 0.158 0.169 0.126 
120 COPE-0120    (0)   :  0.011 0.143 0.142 0.153 0.142 0.127 0.130 0.152 
121 COPE-0121    (0)   :  0.061 0.122 0.139 0.126 0.134 0.147 0.142 0.131 
122 COPE-0122    (0)   :  0.008 0.147 0.133 0.154 0.160 0.130 0.130 0.140 
123 COPE-0123    (0)   :  0.015 0.147 0.133 0.153 0.151 0.127 0.130 0.143 
124 COPE-0124    (0)   :  0.013 0.142 0.128 0.150 0.154 0.133 0.141 0.139 
125 COPE-0125    (0)   :  0.007 0.150 0.150 0.135 0.138 0.140 0.149 0.132 
126 COPE-0126    (0)   :  0.013 0.127 0.130 0.125 0.151 0.161 0.154 0.140 
127 COPE-0127   (14)   :  0.007 0.161 0.145 0.136 0.142 0.139 0.137 0.132 
128 COPE-0128    (0)   :  0.019 0.136 0.133 0.139 0.151 0.145 0.151 0.126 
129 COPE-0129    (0)   :  0.006 0.158 0.132 0.157 0.160 0.123 0.121 0.142 
130 COPE-0130    (0)   :  0.012 0.153 0.158 0.140 0.130 0.117 0.119 0.170 
131 COPE-0131   (14)   :  0.009 0.125 0.151 0.137 0.130 0.157 0.154 0.136 
132 COPE-0132   (14)   :  0.038 0.120 0.134 0.126 0.137 0.161 0.155 0.128 
133 COPE-0133    (0)   :  0.009 0.130 0.128 0.127 0.159 0.158 0.147 0.141 
134 COPE-0134    (0)   :  0.007 0.143 0.136 0.147 0.153 0.137 0.137 0.140 
135 COPE-0135    (0)   :  0.008 0.152 0.143 0.153 0.136 0.135 0.134 0.139 
136 COPE-0136    (0)   :  0.910 0.013 0.013 0.013 0.013 0.012 0.012 0.013 
137 COPE-0137    (0)   :  0.013 0.155 0.141 0.143 0.138 0.129 0.129 0.152 
138 COPE-0138   (14)   :  0.940 0.009 0.009 0.008 0.009 0.009 0.009 0.008 
139 COPE-0139    (0)   :  0.008 0.158 0.149 0.139 0.135 0.129 0.122 0.160 
140 COPE-0140   (14)   :  0.845 0.023 0.023 0.022 0.022 0.022 0.021 0.023 
141 COPE-0141    (0)   :  0.008 0.132 0.133 0.151 0.138 0.138 0.162 0.137 
142 COPE-0142    (0)   :  0.009 0.131 0.137 0.142 0.141 0.138 0.163 0.139 
143 COPE-0143    (0)   :  0.009 0.129 0.131 0.145 0.150 0.146 0.154 0.136 
144 COPE-0144   (14)   :  0.252 0.107 0.101 0.118 0.114 0.104 0.102 0.103 
145 COPE-0145   (14)   :  0.373 0.094 0.088 0.092 0.094 0.088 0.081 0.091 
146 COPE-0146   (14)   :  0.028 0.135 0.135 0.136 0.139 0.142 0.152 0.132 
147 COPE-0147    (0)   :  0.066 0.127 0.122 0.155 0.142 0.120 0.131 0.137 
148 COPE-0148    (0)   :  0.009 0.130 0.130 0.129 0.155 0.158 0.148 0.141 
149 COPE-0149    (0)   :  0.007 0.153 0.155 0.131 0.137 0.127 0.127 0.163 
150 COPE-0150    (0)   :  0.008 0.174 0.153 0.147 0.126 0.137 0.113 0.141 
151 COPE-0151    (0)   :  0.007 0.138 0.140 0.143 0.141 0.141 0.145 0.145 
152 COPE-0152   (14)   :  0.123 0.113 0.117 0.136 0.120 0.121 0.143 0.127 
153 COPE-0153    (0)   :  0.006 0.130 0.136 0.149 0.142 0.144 0.151 0.143 
154 COPE-0154    (0)   :  0.006 0.144 0.146 0.136 0.141 0.135 0.146 0.145 
155 COPE-0155    (0)   :  0.006 0.143 0.139 0.142 0.147 0.141 0.146 0.136 
156 COPE-0156   (14)   :  0.939 0.009 0.009 0.009 0.009 0.009 0.009 0.009 
157 COPE-0157   (14)   :  0.281 0.101 0.097 0.107 0.104 0.100 0.109 0.101 
158 COPE-0158    (0)   :  0.009 0.130 0.138 0.126 0.150 0.154 0.141 0.151 
159 COPE-0159    (0)   :  0.008 0.125 0.132 0.148 0.139 0.146 0.150 0.152 
160 COPE-0160    (0)   :  0.006 0.151 0.132 0.154 0.153 0.133 0.138 0.133 
161 COPE-0161    (0)   :  0.012 0.139 0.132 0.162 0.145 0.133 0.136 0.141 
162 COPE-0162   (14)   :  0.952 0.007 0.007 0.007 0.007 0.007 0.007 0.007 
163 COPE-0163   (28)   :  0.907 0.013 0.013 0.013 0.013 0.013 0.013 0.013 
164 COPE-0164    (0)   :  0.032 0.142 0.135 0.139 0.138 0.137 0.138 0.138 
165 COPE-0165    (0)   :  0.008 0.152 0.151 0.142 0.136 0.123 0.125 0.162 
166 COPE-0166   (14)   :  0.008 0.146 0.134 0.146 0.158 0.135 0.135 0.138 
167 COPE-0167    (0)   :  0.008 0.147 0.133 0.146 0.160 0.140 0.137 0.129 
168 COPE-0168    (0)   :  0.006 0.124 0.134 0.137 0.146 0.157 0.148 0.149 
169 COPE-0169    (0)   :  0.011 0.162 0.167 0.136 0.127 0.110 0.110 0.177 
170 COPE-0170    (0)   :  0.031 0.121 0.131 0.151 0.129 0.147 0.155 0.134 
171 COPE-0171    (0)   :  0.009 0.122 0.137 0.141 0.136 0.162 0.156 0.138 
172 COPE-0172    (0)   :  0.007 0.143 0.139 0.143 0.141 0.145 0.147 0.134 
173 COPE-0173   (14)   :  0.066 0.150 0.154 0.131 0.125 0.102 0.108 0.163 
174 COPE-0174   (28)   :  0.018 0.133 0.135 0.151 0.143 0.139 0.142 0.139 
175 COPE-0175    (0)   :  0.040 0.131 0.126 0.143 0.146 0.140 0.139 0.133 
176 COPE-0176    (0)   :  0.009 0.133 0.136 0.139 0.149 0.147 0.156 0.130 
177 COPE-0177    (0)   :  0.007 0.158 0.156 0.134 0.134 0.122 0.125 0.164 
178 COPE-0178    (0)   :  0.007 0.128 0.139 0.124 0.157 0.165 0.164 0.115 
179 COPE-0179    (0)   :  0.009 0.149 0.144 0.149 0.140 0.131 0.136 0.143 
180 COPE-0180   (14)   :  0.006 0.169 0.168 0.134 0.129 0.107 0.108 0.179 
181 COPE-0181   (14)   :  0.009 0.156 0.155 0.140 0.135 0.118 0.123 0.164 
182 COPE-0182    (0)   :  0.005 0.143 0.141 0.140 0.133 0.149 0.151 0.138 
183 COPE-0183    (0)   :  0.011 0.142 0.139 0.141 0.143 0.139 0.147 0.139 
184 COPE-0184    (0)   :  0.009 0.142 0.134 0.139 0.151 0.148 0.143 0.134 
185 COPE-0185    (0)   :  0.007 0.129 0.136 0.148 0.126 0.148 0.154 0.152 
186 COPE-0186    (0)   :  0.005 0.117 0.151 0.136 0.133 0.169 0.166 0.123 
187 COPE-0187    (0)   :  0.010 0.174 0.154 0.141 0.132 0.133 0.122 0.135 
188 COPE-0188    (0)   :  0.829 0.026 0.025 0.026 0.024 0.024 0.022 0.024 
189 COPE-0189    (0)   :  0.009 0.154 0.153 0.141 0.132 0.128 0.128 0.155 
190 COPE-0190    (0)   :  0.015 0.151 0.132 0.159 0.154 0.127 0.127 0.136 
191 COPE-0191    (0)   :  0.012 0.134 0.140 0.141 0.142 0.147 0.143 0.140 
192 COPE-0192   (14)   :  0.928 0.009 0.010 0.010 0.010 0.011 0.011 0.010 
193 COPE-0193    (0)   :  0.006 0.134 0.133 0.136 0.148 0.156 0.153 0.134 
194 COPE-0194    (0)   :  0.009 0.172 0.156 0.144 0.129 0.138 0.114 0.137 
195 COPE-0195    (0)   :  0.007 0.154 0.139 0.155 0.140 0.138 0.132 0.135 
196 COPE-0196    (0)   :  0.011 0.137 0.137 0.153 0.140 0.140 0.143 0.139 
197 COPE-0197    (0)   :  0.007 0.153 0.154 0.137 0.138 0.124 0.126 0.161 
198 COPE-0198    (0)   :  0.014 0.139 0.150 0.137 0.126 0.137 0.137 0.161 
199 COPE-0199    (0)   :  0.011 0.163 0.162 0.135 0.132 0.111 0.115 0.172 
200 COPE-0200   (42)   :  0.009 0.161 0.163 0.136 0.130 0.112 0.113 0.176 
201 COPE-0201    (0)   :  0.009 0.134 0.143 0.135 0.136 0.145 0.163 0.135 
202 COPE-0202    (0)   :  0.013 0.130 0.127 0.160 0.145 0.131 0.142 0.152 
203 COPE-0203    (0)   :  0.006 0.133 0.137 0.143 0.141 0.147 0.149 0.144 
204 COPE-0204    (0)   :  0.034 0.155 0.144 0.126 0.139 0.143 0.137 0.122 
205 COPE-0205    (0)   :  0.022 0.131 0.128 0.140 0.145 0.149 0.151 0.134 
206 COPE-0206    (0)   :  0.005 0.132 0.144 0.133 0.147 0.158 0.158 0.123 
207 COPE-0207    (0)   :  0.011 0.122 0.143 0.133 0.142 0.168 0.163 0.120 
208 COPE-0208    (0)   :  0.798 0.029 0.029 0.030 0.028 0.029 0.028 0.029 
209 COPE-0209    (0)   :  0.007 0.146 0.152 0.141 0.134 0.134 0.136 0.150 
210 COPE-0210    (0)   :  0.012 0.131 0.139 0.131 0.143 0.159 0.141 0.146 
211 COPE-0211    (0)   :  0.005 0.172 0.154 0.144 0.127 0.140 0.113 0.144 
212 COPE-0212    (0)   :  0.012 0.125 0.138 0.132 0.142 0.164 0.157 0.130 
213 COPE-0213    (0)   :  0.008 0.141 0.138 0.139 0.146 0.145 0.150 0.133 
214 COPE-0214    (0)   :  0.008 0.166 0.172 0.135 0.128 0.102 0.105 0.184 
215 COPE-0215    (0)   :  0.039 0.162 0.162 0.129 0.126 0.101 0.103 0.176 
216 COPE-0216   (14)   :  0.438 0.078 0.077 0.079 0.085 0.085 0.080 0.079 
217 COPE-0217    (0)   :  0.027 0.127 0.139 0.129 0.148 0.156 0.154 0.120 
218 COPE-0218    (0)   :  0.009 0.139 0.142 0.140 0.138 0.144 0.141 0.146 
219 COPE-0219   (14)   :  0.009 0.153 0.158 0.138 0.134 0.120 0.121 0.168 
220 COPE-0220    (0)   :  0.014 0.134 0.141 0.128 0.151 0.155 0.154 0.123 
221 COPE-0221    (0)   :  0.015 0.124 0.128 0.149 0.127 0.143 0.155 0.159 
222 COPE-0222    (0)   :  0.007 0.125 0.131 0.136 0.140 0.154 0.160 0.145 
223 COPE-0223    (0)   :  0.008 0.165 0.154 0.139 0.137 0.116 0.119 0.162 
224 COPE-0224    (0)   :  0.021 0.151 0.124 0.160 0.164 0.125 0.121 0.134 
225 COPE-0225    (0)   :  0.015 0.164 0.172 0.132 0.128 0.102 0.105 0.182 
226 COPE-0226    (0)   :  0.007 0.131 0.135 0.146 0.146 0.146 0.149 0.139 
227 COPE-0227    (0)   :  0.006 0.131 0.149 0.140 0.135 0.147 0.146 0.146 
228 COPE-0228    (0)   :  0.022 0.135 0.134 0.135 0.153 0.149 0.149 0.122 
229 COPE-0229    (0)   :  0.007 0.137 0.143 0.147 0.142 0.132 0.139 0.153 
230 COPE-0230    (0)   :  0.010 0.134 0.141 0.139 0.148 0.142 0.157 0.129 
231 COPE-0231    (0)   :  0.006 0.152 0.146 0.137 0.141 0.136 0.131 0.150 
232 COPE-0232    (0)   :  0.015 0.141 0.129 0.161 0.154 0.132 0.138 0.131 
233 COPE-0233    (0)   :  0.005 0.127 0.128 0.141 0.135 0.153 0.164 0.148 
234 COPE-0234    (0)   :  0.008 0.146 0.128 0.158 0.164 0.126 0.131 0.139 
235 COPE-0235    (0)   :  0.006 0.150 0.134 0.150 0.155 0.127 0.134 0.144 
236 COPE-0236    (0)   :  0.005 0.138 0.146 0.133 0.145 0.146 0.161 0.127 
237 COPE-0237    (0)   :  0.006 0.122 0.134 0.146 0.127 0.154 0.158 0.153 
238 COPE-0238    (0)   :  0.007 0.166 0.162 0.131 0.135 0.113 0.113 0.173 
239 COPE-0239    (0)   :  0.034 0.141 0.127 0.151 0.155 0.131 0.131 0.131 
240 COPE-0240    (0)   :  0.008 0.126 0.132 0.130 0.148 0.163 0.151 0.142 
241 COPE-0241    (0)   :  0.007 0.169 0.168 0.136 0.126 0.104 0.108 0.182 
242 COPE-0242    (0)   :  0.006 0.122 0.144 0.137 0.142 0.160 0.168 0.121 
243 COPE-0243    (0)   :  0.008 0.177 0.156 0.142 0.133 0.133 0.117 0.134 
244 COPE-0244    (0)   :  0.009 0.155 0.148 0.144 0.140 0.128 0.129 0.148 
245 COPE-0245    (0)   :  0.012 0.164 0.149 0.145 0.131 0.138 0.125 0.136 
246 COPE-0246    (0)   :  0.013 0.135 0.133 0.152 0.150 0.142 0.140 0.135 
247 COPE-0247    (0)   :  0.017 0.135 0.142 0.148 0.126 0.132 0.141 0.159 
248 COPE-0248    (0)   :  0.005 0.155 0.146 0.140 0.134 0.147 0.138 0.134 
249 COPE-0249    (0)   :  0.032 0.148 0.131 0.157 0.152 0.122 0.117 0.140 
250 COPE-0250    (0)   :  0.015 0.145 0.129 0.153 0.162 0.130 0.130 0.135 
251 COPE-0251   (14)   :  0.773 0.029 0.031 0.034 0.029 0.034 0.035 0.035 
252 COPE-0252    (0)   :  0.012 0.147 0.129 0.157 0.163 0.131 0.126 0.135 
253 COPE-0253    (0)   :  0.008 0.126 0.134 0.150 0.129 0.136 0.166 0.152 
254 COPE-0254    (0)   :  0.014 0.176 0.153 0.133 0.139 0.133 0.126 0.127 
255 COPE-0255    (0)   :  0.027 0.145 0.139 0.140 0.128 0.136 0.135 0.149 
256 COPE-0256    (0)   :  0.011 0.127 0.129 0.126 0.154 0.163 0.150 0.142 
257 COPE-0257    (0)   :  0.008 0.113 0.146 0.140 0.130 0.172 0.168 0.123 
258 COPE-0258    (0)   :  0.022 0.132 0.149 0.138 0.133 0.151 0.146 0.129 
259 COPE-0259    (0)   :  0.006 0.148 0.141 0.145 0.140 0.143 0.141 0.137 
260 COPE-0260    (0)   :  0.024 0.157 0.155 0.131 0.135 0.117 0.118 0.163 
261 COPE-0261    (0)   :  0.006 0.181 0.158 0.130 0.134 0.139 0.123 0.129 
262 COPE-0262    (0)   :  0.022 0.162 0.139 0.135 0.142 0.141 0.128 0.131 
263 COPE-0263    (0)   :  0.008 0.123 0.141 0.143 0.131 0.159 0.155 0.140 
264 COPE-0264    (0)   :  0.022 0.121 0.142 0.143 0.132 0.161 0.158 0.122 
265 COPE-0265    (0)   :  0.011 0.137 0.140 0.140 0.132 0.142 0.152 0.145 
266 COPE-0266    (0)   :  0.018 0.140 0.136 0.136 0.150 0.149 0.148 0.121 
267 COPE-0267    (0)   :  0.006 0.129 0.129 0.145 0.136 0.151 0.156 0.148 
268 COPE-0268    (0)   :  0.013 0.121 0.129 0.145 0.130 0.156 0.161 0.146 
269 COPE-0269    (0)   :  0.007 0.132 0.135 0.144 0.152 0.153 0.140 0.137 
270 COPE-0270    (0)   :  0.007 0.174 0.155 0.145 0.126 0.135 0.112 0.145 
271 COPE-0271    (0)   :  0.008 0.142 0.145 0.139 0.145 0.136 0.133 0.151 
272 COPE-0272    (0)   :  0.007 0.139 0.136 0.153 0.148 0.137 0.151 0.129 
273 COPE-0273    (0)   :  0.015 0.125 0.136 0.130 0.139 0.164 0.158 0.132 
274 COPE-0274   (14)   :  0.848 0.024 0.023 0.022 0.020 0.022 0.019 0.021 
275 COPE-0275    (0)   :  0.011 0.149 0.144 0.149 0.143 0.131 0.128 0.146 
276 COPE-0276   (14)   :  0.957 0.006 0.006 0.006 0.006 0.006 0.006 0.006 
277 COPE-0277   (14)   :  0.014 0.123 0.134 0.125 0.152 0.164 0.153 0.134 
278 COPE-0278    (0)   :  0.007 0.130 0.139 0.125 0.157 0.163 0.163 0.116 
279 COPE-0279    (0)   :  0.009 0.139 0.133 0.141 0.152 0.147 0.152 0.128 
280 COPE-0280    (0)   :  0.908 0.013 0.013 0.013 0.013 0.013 0.013 0.013 
281 COPE-0281    (0)   :  0.800 0.030 0.030 0.030 0.028 0.027 0.025 0.030 
282 COPE-0282   (14)   :  0.006 0.153 0.125 0.166 0.169 0.123 0.121 0.137 
283 COPE-0283    (0)   :  0.007 0.131 0.140 0.129 0.153 0.159 0.160 0.120 
284 COPE-0284   (14)   :  0.035 0.158 0.151 0.135 0.131 0.113 0.117 0.161 
285 COPE-0285    (0)   :  0.776 0.031 0.032 0.031 0.032 0.032 0.033 0.032 
286 COPE-0286    (0)   :  0.013 0.156 0.139 0.147 0.138 0.133 0.127 0.147 
287 COPE-0287    (0)   :  0.036 0.118 0.128 0.144 0.127 0.152 0.154 0.139 
288 COPE-0288    (0)   :  0.010 0.126 0.128 0.150 0.131 0.145 0.154 0.157 
289 COPE-0289    (0)   :  0.008 0.132 0.139 0.135 0.138 0.147 0.156 0.145 
290 COPE-0290    (0)   :  0.008 0.172 0.158 0.141 0.128 0.128 0.109 0.156 
291 COPE-0291    (0)   :  0.006 0.136 0.149 0.138 0.138 0.145 0.144 0.145 
292 COPE-0292   (42)   :  0.902 0.014 0.014 0.014 0.014 0.014 0.014 0.014 
293 COPE-0293    (0)   :  0.008 0.136 0.141 0.142 0.131 0.139 0.162 0.141 
294 COPE-0294    (0)   :  0.012 0.147 0.135 0.147 0.153 0.132 0.134 0.140 
295 COPE-0295    (0)   :  0.008 0.145 0.131 0.138 0.154 0.146 0.143 0.135 
296 COPE-0296   (14)   :  0.007 0.138 0.138 0.144 0.137 0.148 0.144 0.144 
297 COPE-0297   (14)   :  0.035 0.164 0.163 0.132 0.125 0.102 0.104 0.175 
298 COPE-0298    (0)   :  0.010 0.141 0.134 0.158 0.149 0.133 0.144 0.131 
299 COPE-0299    (0)   :  0.006 0.176 0.158 0.140 0.129 0.138 0.119 0.135 
300 COPE-0300   (14)   :  0.008 0.125 0.133 0.134 0.144 0.159 0.151 0.145 
301 COPE-0301   (14)   :  0.009 0.122 0.131 0.151 0.129 0.138 0.170 0.151 
302 COPE-0302    (0)   :  0.252 0.095 0.106 0.099 0.107 0.119 0.119 0.103 
303 COPE-0303    (0)   :  0.006 0.136 0.136 0.132 0.157 0.153 0.157 0.124 
304 COPE-0304    (0)   :  0.007 0.143 0.137 0.145 0.144 0.141 0.146 0.137 
305 COPE-0305   (14)   :  0.040 0.131 0.130 0.148 0.148 0.141 0.132 0.130 
306 COPE-0306    (0)   :  0.009 0.124 0.143 0.128 0.149 0.166 0.166 0.115 
307 COPE-0307   (28)   :  0.944 0.008 0.008 0.008 0.008 0.008 0.008 0.008 
308 COPE-0308    (0)   :  0.006 0.151 0.127 0.161 0.163 0.125 0.127 0.140 
309 COPE-0309   (14)   :  0.655 0.051 0.048 0.053 0.049 0.047 0.048 0.050 
310 COPE-0310   (28)   :  0.689 0.035 0.046 0.043 0.041 0.055 0.052 0.039 
311 COPE-0311    (0)   :  0.023 0.119 0.139 0.139 0.135 0.157 0.159 0.130 
312 COPE-0312   (28)   :  0.915 0.012 0.012 0.012 0.013 0.012 0.013 0.011 
313 COPE-0313    (0)   :  0.009 0.129 0.145 0.137 0.138 0.160 0.162 0.120 
314 COPE-0314    (0)   :  0.008 0.135 0.135 0.145 0.132 0.150 0.155 0.141 
315 COPE-0315    (0)   :  0.008 0.142 0.150 0.136 0.138 0.135 0.141 0.149 
316 COPE-0316    (0)   :  0.022 0.161 0.149 0.135 0.135 0.133 0.125 0.141 
317 COPE-0317   (14)   :  0.941 0.008 0.008 0.008 0.008 0.009 0.009 0.008 
318 COPE-0318    (0)   :  0.006 0.152 0.145 0.143 0.140 0.140 0.136 0.139 
319 COPE-0319    (0)   :  0.007 0.146 0.134 0.154 0.157 0.130 0.131 0.141 
320 COPE-0320   (14)   :  0.014 0.130 0.133 0.154 0.140 0.135 0.151 0.142 
321 COPE-0321   (14)   :  0.011 0.130 0.149 0.140 0.128 0.158 0.154 0.130 
322 COPE-0322   (14)   :  0.006 0.157 0.146 0.139 0.142 0.125 0.130 0.154 
323 COPE-0323    (0)   :  0.011 0.109 0.145 0.134 0.128 0.174 0.173 0.124 
324 COPE-0324    (0)   :  0.006 0.159 0.166 0.136 0.130 0.113 0.115 0.175 
325 COPE-0325   (14)   :  0.012 0.121 0.131 0.123 0.154 0.167 0.150 0.142 
326 COPE-0326    (0)   :  0.007 0.135 0.133 0.138 0.146 0.145 0.157 0.139 
327 COPE-0327   (14)   :  0.009 0.130 0.134 0.155 0.134 0.136 0.155 0.147 
328 COPE-0328    (0)   :  0.006 0.145 0.139 0.142 0.144 0.139 0.146 0.139 
329 COPE-0329   (28)   :  0.012 0.155 0.158 0.134 0.134 0.121 0.125 0.161 
330 COPE-0330    (0)   :  0.022 0.134 0.135 0.146 0.132 0.145 0.151 0.134 
331 COPE-0331    (0)   :  0.006 0.123 0.130 0.150 0.129 0.140 0.169 0.153 
332 COPE-0332   (14)   :  0.007 0.138 0.134 0.140 0.152 0.151 0.153 0.125 
333 COPE-0333    (0)   :  0.151 0.112 0.114 0.127 0.112 0.119 0.135 0.131 
334 COPE-0334   (28)   :  0.633 0.045 0.053 0.053 0.048 0.061 0.060 0.048 
335 COPE-0335    (0)   :  0.007 0.163 0.173 0.136 0.126 0.105 0.107 0.183 
336 COPE-0336    (0)   :  0.006 0.142 0.138 0.152 0.136 0.133 0.137 0.155 
337 COPE-0337   (28)   :  0.868 0.020 0.020 0.018 0.018 0.017 0.017 0.021 
338 COPE-0338    (0)   :  0.023 0.124 0.137 0.140 0.132 0.160 0.157 0.129 
339 COPE-0339    (0)   :  0.006 0.127 0.131 0.124 0.151 0.164 0.156 0.141 
340 COPE-0340   (14)   :  0.917 0.012 0.012 0.012 0.012 0.011 0.012 0.012 
341 COPE-0341    (0)   :  0.007 0.141 0.127 0.157 0.159 0.131 0.137 0.141 
342 COPE-0342    (0)   :  0.007 0.168 0.170 0.134 0.128 0.104 0.107 0.183 
343 COPE-0343    (0)   :  0.006 0.145 0.142 0.133 0.143 0.150 0.149 0.131 
344 COPE-0344   (14)   :  0.929 0.010 0.010 0.010 0.010 0.010 0.011 0.010 
345 COPE-0345    (0)   :  0.006 0.143 0.129 0.158 0.160 0.133 0.134 0.137 
346 COPE-0346    (0)   :  0.034 0.135 0.132 0.148 0.143 0.130 0.138 0.141 
347 COPE-0347    (0)   :  0.007 0.163 0.148 0.136 0.135 0.143 0.130 0.137 
348 COPE-0348    (0)   :  0.015 0.156 0.146 0.138 0.136 0.146 0.133 0.131 
349 COPE-0349    (0)   :  0.006 0.161 0.163 0.135 0.135 0.111 0.116 0.173 
350 COPE-0350    (0)   :  0.006 0.161 0.146 0.145 0.137 0.136 0.127 0.142 
351 COPE-0351    (0)   :  0.006 0.175 0.158 0.138 0.131 0.133 0.117 0.143 
352 COPE-0352    (0)   :  0.027 0.144 0.140 0.136 0.143 0.132 0.135 0.143 
353 COPE-0353    (0)   :  0.006 0.121 0.142 0.147 0.134 0.164 0.160 0.128 
354 COPE-0354    (0)   :  0.016 0.133 0.142 0.143 0.135 0.147 0.153 0.131 
355 COPE-0355    (0)   :  0.006 0.127 0.128 0.123 0.156 0.165 0.149 0.145 
356 COPE-0356    (0)   :  0.008 0.176 0.153 0.138 0.137 0.130 0.126 0.131 
357 COPE-0357    (0)   :  0.009 0.145 0.154 0.145 0.134 0.123 0.125 0.166 
358 COPE-0358    (0)   :  0.947 0.008 0.008 0.007 0.007 0.007 0.007 0.008 
359 COPE-0359   (14)   :  0.009 0.140 0.134 0.145 0.152 0.139 0.146 0.135 
360 COPE-0360    (0)   :  0.007 0.126 0.151 0.136 0.135 0.163 0.157 0.126 
361 COPE-0361    (0)   :  0.008 0.147 0.131 0.153 0.159 0.129 0.134 0.139 
362 COPE-0362    (0)   :  0.007 0.161 0.167 0.135 0.130 0.110 0.114 0.175 
363 COPE-0363   (14)   :  0.014 0.141 0.126 0.150 0.156 0.134 0.142 0.137 
364 COPE-0364    (0)   :  0.006 0.128 0.141 0.148 0.131 0.155 0.159 0.133 
365 COPE-0365    (0)   :  0.022 0.112 0.138 0.142 0.123 0.166 0.164 0.133 
366 COPE-0366    (0)   :  0.022 0.170 0.154 0.135 0.129 0.111 0.108 0.170 
367 COPE-0367   (14)   :  0.920 0.011 0.011 0.012 0.012 0.011 0.012 0.012 
368 COPE-0368    (0)   :  0.010 0.127 0.133 0.126 0.148 0.163 0.152 0.141 
369 COPE-0369    (0)   :  0.009 0.130 0.136 0.152 0.137 0.137 0.145 0.155 
370 COPE-0370   (28)   :  0.939 0.009 0.009 0.009 0.009 0.009 0.009 0.009 
371 COPE-0371    (0)   :  0.013 0.120 0.138 0.141 0.126 0.157 0.162 0.143 
372 COPE-0372    (0)   :  0.048 0.122 0.140 0.131 0.138 0.146 0.146 0.129 
373 COPE-0373   (14)   :  0.007 0.133 0.131 0.147 0.143 0.143 0.149 0.147 
374 COPE-0374    (0)   :  0.008 0.137 0.132 0.149 0.147 0.145 0.152 0.131 
375 COPE-0375   (14)   :  0.011 0.118 0.139 0.143 0.133 0.164 0.162 0.130 
376 COPE-0376   (14)   :  0.006 0.184 0.160 0.134 0.133 0.134 0.118 0.131 
377 COPE-0377    (0)   :  0.613 0.056 0.055 0.059 0.057 0.052 0.054 0.054 
378 COPE-0378    (0)   :  0.007 0.129 0.141 0.132 0.144 0.163 0.144 0.141 
379 COPE-0379    (0)   :  0.007 0.166 0.165 0.138 0.127 0.108 0.110 0.179 
380 COPE-0380   (28)   :  0.758 0.034 0.035 0.032 0.036 0.037 0.038 0.030 
381 COPE-0381    (0)   :  0.012 0.139 0.139 0.148 0.147 0.143 0.136 0.136 
382 COPE-0382    (0)   :  0.006 0.166 0.167 0.136 0.127 0.108 0.111 0.179 
383 COPE-0383    (0)   :  0.083 0.104 0.131 0.133 0.116 0.157 0.157 0.119 
384 COPE-0384    (0)   :  0.008 0.131 0.142 0.131 0.141 0.162 0.150 0.136 


Estimated Allele Frequencies in each cluster
First column gives estimated ancestral frequencies


Locus 1 : COPE5 
78 alleles
0.5% missing data
   1   (0.007) 0.674 0.001 0.001 0.001 0.001 0.001 0.001 0.001 
   2   (0.022) 0.015 0.024 0.023 0.026 0.026 0.024 0.023 0.023 
   3   (0.013) 0.002 0.015 0.013 0.015 0.016 0.014 0.013 0.014 
   4   (0.023) 0.001 0.027 0.026 0.024 0.025 0.024 0.023 0.027 
   5   (0.011) 0.001 0.011 0.011 0.010 0.009 0.009 0.009 0.012 
   6   (0.019) 0.005 0.019 0.018 0.019 0.019 0.016 0.016 0.019 
   7   (0.007) 0.001 0.004 0.003 0.004 0.004 0.003 0.003 0.003 
   8   (0.034) 0.002 0.084 0.085 0.085 0.095 0.097 0.096 0.082 
   9   (0.020) 0.001 0.023 0.021 0.023 0.024 0.021 0.021 0.022 
  10   (0.019) 0.001 0.020 0.020 0.020 0.020 0.021 0.021 0.019 
  11   (0.015) 0.015 0.013 0.015 0.015 0.014 0.016 0.016 0.015 
  12   (0.017) 0.001 0.022 0.023 0.024 0.022 0.023 0.027 0.025 
  13   (0.011) 0.001 0.010 0.010 0.011 0.011 0.011 0.012 0.011 
  14   (0.023) 0.002 0.026 0.026 0.029 0.027 0.027 0.029 0.028 
  15   (0.015) 0.001 0.028 0.030 0.029 0.034 0.038 0.034 0.033 
  16   (0.010) 0.001 0.007 0.006 0.006 0.006 0.006 0.006 0.006 
  17   (0.018) 0.001 0.015 0.015 0.015 0.015 0.015 0.015 0.014 
  18   (0.017) 0.007 0.015 0.015 0.013 0.013 0.012 0.012 0.016 
  19   (0.012) 0.001 0.012 0.011 0.010 0.009 0.008 0.008 0.012 
  20   (0.029) 0.002 0.048 0.051 0.052 0.051 0.057 0.059 0.053 
  21   (0.023) 0.001 0.022 0.023 0.022 0.022 0.021 0.021 0.023 
  22   (0.019) 0.008 0.016 0.016 0.015 0.015 0.015 0.015 0.016 
  23   (0.013) 0.001 0.012 0.012 0.012 0.011 0.011 0.011 0.013 
  24   (0.015) 0.001 0.020 0.020 0.018 0.018 0.020 0.018 0.017 
  25   (0.010) 0.001 0.007 0.007 0.008 0.008 0.008 0.008 0.008 
  26   (0.013) 0.001 0.009 0.009 0.009 0.009 0.009 0.009 0.009 
  27   (0.012) 0.001 0.011 0.010 0.010 0.010 0.009 0.009 0.010 
  28   (0.008) 0.019 0.003 0.003 0.003 0.003 0.003 0.002 0.003 
  29   (0.013) 0.001 0.013 0.012 0.012 0.011 0.011 0.010 0.011 
  30   (0.018) 0.004 0.019 0.019 0.021 0.020 0.019 0.020 0.021 
  31   (0.019) 0.001 0.020 0.020 0.018 0.019 0.019 0.018 0.020 
  32   (0.025) 0.002 0.040 0.041 0.039 0.036 0.036 0.037 0.044 
  33   (0.006) 0.000 0.002 0.002 0.002 0.002 0.002 0.002 0.002 
  34   (0.018) 0.001 0.018 0.019 0.020 0.019 0.021 0.022 0.019 
  35   (0.007) 0.054 0.001 0.001 0.001 0.001 0.001 0.001 0.001 
  36   (0.006) 0.000 0.002 0.002 0.002 0.002 0.002 0.002 0.002 
  37   (0.021) 0.019 0.022 0.025 0.023 0.024 0.027 0.028 0.023 
  38   (0.016) 0.007 0.014 0.013 0.013 0.013 0.012 0.011 0.012 
  39   (0.014) 0.001 0.018 0.018 0.018 0.020 0.020 0.020 0.016 
  40   (0.011) 0.001 0.011 0.011 0.009 0.010 0.009 0.009 0.011 
  41   (0.008) 0.001 0.005 0.005 0.005 0.004 0.005 0.004 0.005 
  42   (0.006) 0.000 0.002 0.002 0.002 0.002 0.002 0.002 0.002 
  43   (0.009) 0.001 0.005 0.005 0.005 0.005 0.005 0.005 0.005 
  44   (0.023) 0.002 0.029 0.026 0.028 0.028 0.025 0.025 0.026 
  45   (0.006) 0.000 0.002 0.002 0.002 0.002 0.002 0.002 0.002 
  46   (0.016) 0.001 0.016 0.018 0.018 0.018 0.019 0.021 0.017 
  47   (0.010) 0.001 0.006 0.006 0.007 0.007 0.006 0.006 0.006 
  48   (0.006) 0.000 0.002 0.002 0.002 0.002 0.002 0.002 0.002 
  49   (0.015) 0.001 0.015 0.015 0.016 0.017 0.016 0.016 0.016 
  50   (0.013) 0.002 0.012 0.012 0.011 0.012 0.011 0.010 0.012 
  51   (0.012) 0.011 0.011 0.014 0.014 0.013 0.017 0.017 0.012 
  52   (0.013) 0.001 0.012 0.012 0.012 0.011 0.012 0.013 0.012 
  53   (0.007) 0.032 0.001 0.001 0.001 0.001 0.001 0.001 0.001 
  54   (0.007) 0.076 0.001 0.001 0.001 0.001 0.001 0.001 0.001 
  55   (0.010) 0.001 0.009 0.008 0.007 0.007 0.007 0.006 0.007 
  56   (0.011) 0.001 0.010 0.011 0.011 0.011 0.012 0.012 0.010 
  57   (0.013) 0.001 0.013 0.013 0.011 0.011 0.010 0.010 0.013 
  58   (0.009) 0.001 0.007 0.006 0.006 0.006 0.006 0.005 0.006 
  59   (0.010) 0.001 0.013 0.011 0.013 0.013 0.011 0.010 0.011 
  60   (0.010) 0.001 0.007 0.008 0.008 0.008 0.009 0.008 0.008 
  61   (0.006) 0.000 0.002 0.002 0.002 0.002 0.002 0.002 0.002 
  62   (0.012) 0.001 0.011 0.012 0.013 0.011 0.013 0.013 0.011 
  63   (0.011) 0.001 0.020 0.017 0.014 0.015 0.015 0.014 0.014 
  64   (0.009) 0.001 0.005 0.005 0.005 0.005 0.005 0.005 0.005 
  65   (0.019) 0.001 0.020 0.022 0.020 0.020 0.020 0.021 0.020 
  66   (0.010) 0.001 0.009 0.009 0.009 0.010 0.010 0.010 0.008 
  67   (0.010) 0.001 0.007 0.007 0.006 0.006 0.006 0.005 0.006 
  68   (0.012) 0.001 0.013 0.012 0.011 0.010 0.009 0.009 0.013 
  69   (0.006) 0.000 0.002 0.002 0.002 0.002 0.002 0.002 0.002 
  70   (0.006) 0.000 0.002 0.002 0.002 0.002 0.002 0.002 0.002 
  71   (0.010) 0.001 0.006 0.006 0.006 0.007 0.006 0.006 0.006 
  72   (0.006) 0.000 0.002 0.002 0.002 0.002 0.002 0.002 0.002 
  73   (0.006) 0.001 0.002 0.002 0.002 0.002 0.002 0.002 0.002 
  74   (0.006) 0.000 0.002 0.002 0.002 0.002 0.002 0.002 0.002 
  75   (0.009) 0.001 0.005 0.005 0.005 0.005 0.004 0.004 0.005 
  76   (0.006) 0.000 0.002 0.002 0.002 0.002 0.002 0.002 0.002 
  77   (0.007) 0.001 0.004 0.004 0.003 0.004 0.003 0.003 0.004 
  78   (0.006) 0.000 0.002 0.002 0.002 0.002 0.002 0.002 0.002 

Locus 2 : COPE9 
12 alleles
8.3% missing data
   1   (0.412) 0.409 0.462 0.471 0.469 0.458 0.469 0.477 0.472 
   2   (0.142) 0.270 0.141 0.133 0.140 0.143 0.136 0.132 0.133 
   3   (0.048) 0.023 0.047 0.050 0.047 0.053 0.054 0.054 0.046 
   4   (0.072) 0.023 0.077 0.079 0.072 0.074 0.073 0.071 0.081 
   5   (0.036) 0.022 0.028 0.028 0.025 0.024 0.024 0.023 0.027 
   6   (0.133) 0.050 0.134 0.131 0.136 0.135 0.137 0.135 0.135 
   7   (0.039) 0.070 0.028 0.026 0.028 0.028 0.024 0.024 0.027 
   8   (0.082) 0.079 0.070 0.072 0.072 0.073 0.073 0.073 0.069 
   9   (0.011) 0.001 0.005 0.004 0.004 0.004 0.004 0.004 0.004 
  10   (0.009) 0.052 0.001 0.001 0.001 0.001 0.001 0.001 0.001 
  11   (0.008) 0.001 0.003 0.003 0.003 0.003 0.003 0.002 0.002 
  12   (0.008) 0.001 0.003 0.003 0.003 0.003 0.003 0.003 0.003 

Locus 3 : CPER26 
12 alleles
2.6% missing data
   1   (0.232) 0.122 0.230 0.234 0.238 0.233 0.237 0.239 0.239 
   2   (0.033) 0.154 0.026 0.026 0.022 0.022 0.020 0.020 0.027 
   3   (0.083) 0.007 0.086 0.082 0.081 0.080 0.072 0.071 0.083 
   4   (0.499) 0.050 0.579 0.576 0.575 0.585 0.585 0.586 0.572 
   5   (0.055) 0.310 0.040 0.043 0.043 0.042 0.047 0.047 0.041 
   6   (0.030) 0.322 0.015 0.015 0.016 0.015 0.015 0.016 0.015 
   7   (0.013) 0.001 0.006 0.005 0.006 0.006 0.006 0.006 0.005 
   8   (0.018) 0.021 0.009 0.008 0.008 0.007 0.007 0.007 0.007 
   9   (0.008) 0.003 0.002 0.002 0.002 0.002 0.002 0.002 0.002 
  10   (0.012) 0.009 0.003 0.003 0.003 0.003 0.003 0.003 0.003 
  11   (0.008) 0.001 0.003 0.002 0.002 0.002 0.002 0.002 0.002 
  12   (0.008) 0.001 0.002 0.002 0.003 0.002 0.002 0.002 0.003 

Locus 4 : CPER92 
12 alleles
6.8% missing data
   1   (0.624) 0.509 0.681 0.691 0.672 0.677 0.684 0.678 0.686 
   2   (0.105) 0.288 0.132 0.125 0.144 0.136 0.125 0.134 0.131 
   3   (0.090) 0.043 0.088 0.086 0.085 0.088 0.090 0.087 0.086 
   4   (0.014) 0.017 0.006 0.008 0.007 0.007 0.009 0.009 0.007 
   5   (0.040) 0.031 0.026 0.024 0.026 0.026 0.025 0.025 0.024 
   6   (0.037) 0.007 0.027 0.027 0.027 0.027 0.027 0.028 0.027 
   7   (0.018) 0.035 0.008 0.008 0.008 0.009 0.009 0.009 0.007 
   8   (0.012) 0.036 0.003 0.003 0.003 0.003 0.003 0.003 0.003 
   9   (0.021) 0.018 0.013 0.013 0.011 0.011 0.010 0.010 0.013 
  10   (0.017) 0.014 0.008 0.008 0.008 0.009 0.009 0.009 0.007 
  11   (0.013) 0.001 0.005 0.006 0.006 0.006 0.006 0.006 0.005 
  12   (0.008) 0.001 0.003 0.003 0.002 0.002 0.002 0.002 0.002 

Locus 5 : CPER99 
5 alleles
1.0% missing data
   1   (0.013) 0.352 0.003 0.003 0.003 0.003 0.003 0.003 0.003 
   2   (0.870) 0.073 0.929 0.931 0.930 0.927 0.928 0.930 0.931 
   3   (0.080) 0.480 0.055 0.054 0.054 0.058 0.057 0.055 0.054 
   4   (0.013) 0.030 0.003 0.003 0.003 0.003 0.003 0.003 0.003 
   5   (0.024) 0.065 0.009 0.009 0.009 0.009 0.009 0.009 0.009 

Locus 6 : CPER119 
22 alleles
5.5% missing data
   1   (0.009) 0.116 0.001 0.001 0.001 0.001 0.001 0.001 0.001 
   2   (0.080) 0.040 0.084 0.087 0.095 0.088 0.092 0.097 0.095 
   3   (0.037) 0.056 0.029 0.031 0.032 0.033 0.034 0.033 0.030 
   4   (0.008) 0.001 0.003 0.003 0.002 0.002 0.002 0.002 0.003 
   5   (0.163) 0.092 0.181 0.177 0.176 0.177 0.164 0.172 0.182 
   6   (0.069) 0.080 0.079 0.081 0.074 0.072 0.063 0.063 0.084 
   7   (0.068) 0.079 0.083 0.082 0.093 0.089 0.089 0.091 0.089 
   8   (0.084) 0.108 0.078 0.076 0.075 0.078 0.075 0.077 0.076 
   9   (0.115) 0.053 0.126 0.135 0.132 0.138 0.146 0.141 0.128 
  10   (0.060) 0.030 0.067 0.065 0.061 0.064 0.065 0.064 0.058 
