

----------------------------------------------------
STRUCTURE by Pritchard, Stephens and Donnelly (2000)
     and Falush, Stephens and Pritchard (2003)
       Code by Pritchard, Falush and Hubisz
             Version 2.3.4 (Jul 2012)
----------------------------------------------------



Command line arguments:   /home/jason/Programs/structure -K 10 -i ../Data/microsats.structure -m Structure_Run/mainparams -e Structure_Run/extraparams -D 83669426 -o ../Structure_Results/03_K_10.out 
Input File:    ../Data/microsats.structure

Run parameters:
   384 individuals
   7 loci
   10 populations assumed
   1000000 Burn-in period
   10000000 Reps
RANDOMIZE turned off


--------------------------------------------
Overall proportion of membership of the
sample in each of the 10 clusters

Inferred Clusters
  1      2      3      4      5      6      7      8      9     10    
0.099  0.098  0.099  0.100  0.098  0.098  0.112  0.099  0.099  0.099  

--------------------------------------------

Allele-freq. divergence among pops (Net nucleotide distance),
computed using point estimates of P.

      1       2       3       4       5       6       7       8       9      10      
 1      -    0.0008  0.0006  0.0006  0.0008  0.0007  0.1566  0.0006  0.0007  0.0006  
 2   0.0008     -    0.0001  0.0003  0.0001  0.0001  0.1663  0.0001  0.0001  0.0001  
 3   0.0006  0.0001     -    0.0003  0.0002  0.0000  0.1645  0.0001  0.0002  0.0001  
 4   0.0006  0.0003  0.0003     -    0.0003  0.0003  0.1648  0.0002  0.0002  0.0001  
 5   0.0008  0.0001  0.0002  0.0003     -    0.0003  0.1663  0.0003  0.0002  0.0001  
 6   0.0007  0.0001  0.0000  0.0003  0.0003     -    0.1645  0.0001  0.0002  0.0001  
 7   0.1566  0.1663  0.1645  0.1648  0.1663  0.1645     -    0.1651  0.1661  0.1655  
 8   0.0006  0.0001  0.0001  0.0002  0.0003  0.0001  0.1651     -    0.0001  0.0001  
 9   0.0007  0.0001  0.0002  0.0002  0.0002  0.0002  0.1661  0.0001     -    0.0001  
10   0.0006  0.0001  0.0001  0.0001  0.0001  0.0001  0.1655  0.0001  0.0001     -    

Average distances (expected heterozygosity) between individuals in same cluster:
cluster  1  : 0.6517 
cluster  2  : 0.6200 
cluster  3  : 0.6253 
cluster  4  : 0.6201 
cluster  5  : 0.6179 
cluster  6  : 0.6249 
cluster  7  : 0.6385 
cluster  8  : 0.6236 
cluster  9  : 0.6203 
cluster 10  : 0.6215 

--------------------------------------------
Estimated Ln Prob of Data   = -9576.1
Mean value of ln likelihood = -7773.5
Variance of ln likelihood   = 3605.3
Mean value of alpha         = 0.0483

Mean value of Fst_1         = 0.0481
Mean value of Fst_2         = 0.0980
Mean value of Fst_3         = 0.0920
Mean value of Fst_4         = 0.0904
Mean value of Fst_5         = 0.0959
Mean value of Fst_6         = 0.0948
Mean value of Fst_7         = 0.1939
Mean value of Fst_8         = 0.0943
Mean value of Fst_9         = 0.0947
Mean value of Fst_10         = 0.0927


Inferred ancestry of individuals:
        Label (%Miss) :  Inferred clusters
  1 COPE-0001    (0)   :  0.008 0.009 0.008 0.009 0.009 0.008 0.923 0.008 0.008 0.009 
  2 COPE-0002    (0)   :  0.123 0.105 0.118 0.103 0.099 0.119 0.011 0.116 0.100 0.106 
  3 COPE-0003    (0)   :  0.175 0.092 0.087 0.135 0.100 0.093 0.007 0.097 0.111 0.105 
  4 COPE-0004    (0)   :  0.115 0.107 0.119 0.107 0.100 0.132 0.013 0.114 0.096 0.097 
  5 COPE-0005    (0)   :  0.074 0.124 0.120 0.099 0.104 0.132 0.022 0.120 0.105 0.101 
  6 COPE-0006    (0)   :  0.106 0.107 0.109 0.113 0.108 0.105 0.019 0.113 0.110 0.112 
  7 COPE-0007    (0)   :  0.084 0.127 0.115 0.100 0.121 0.122 0.007 0.112 0.107 0.105 
  8 COPE-0008    (0)   :  0.074 0.118 0.114 0.114 0.122 0.115 0.008 0.115 0.106 0.116 
  9 COPE-0009    (0)   :  0.160 0.097 0.098 0.114 0.091 0.100 0.016 0.109 0.110 0.102 
 10 COPE-0010    (0)   :  0.104 0.106 0.122 0.110 0.104 0.104 0.007 0.113 0.110 0.119 
 11 COPE-0011   (14)   :  0.012 0.013 0.015 0.014 0.013 0.015 0.879 0.014 0.012 0.013 
 12 COPE-0012   (14)   :  0.106 0.111 0.113 0.112 0.106 0.110 0.007 0.112 0.110 0.112 
 13 COPE-0013    (0)   :  0.077 0.101 0.092 0.167 0.108 0.095 0.006 0.106 0.132 0.115 
 14 COPE-0014    (0)   :  0.116 0.118 0.117 0.093 0.137 0.102 0.009 0.096 0.096 0.116 
 15 COPE-0015    (0)   :  0.088 0.120 0.118 0.101 0.129 0.109 0.007 0.105 0.107 0.116 
 16 COPE-0016    (0)   :  0.068 0.113 0.116 0.102 0.092 0.124 0.010 0.136 0.124 0.115 
 17 COPE-0017    (0)   :  0.036 0.047 0.046 0.039 0.049 0.043 0.610 0.043 0.043 0.045 
 18 COPE-0018    (0)   :  0.088 0.112 0.108 0.123 0.112 0.106 0.008 0.116 0.115 0.112 
 19 COPE-0019    (0)   :  0.092 0.104 0.099 0.142 0.110 0.103 0.006 0.106 0.126 0.111 
 20 COPE-0020    (0)   :  0.176 0.105 0.100 0.098 0.100 0.100 0.007 0.106 0.108 0.101 
 21 COPE-0021    (0)   :  0.085 0.130 0.110 0.094 0.124 0.109 0.006 0.115 0.120 0.108 
 22 COPE-0022    (0)   :  0.080 0.108 0.111 0.120 0.121 0.113 0.006 0.115 0.109 0.116 
 23 COPE-0023    (0)   :  0.153 0.100 0.111 0.110 0.098 0.100 0.008 0.112 0.097 0.110 
 24 COPE-0024   (14)   :  0.071 0.133 0.105 0.097 0.114 0.116 0.006 0.126 0.126 0.104 
 25 COPE-0025    (0)   :  0.334 0.068 0.082 0.081 0.073 0.082 0.047 0.076 0.077 0.080 
 26 COPE-0026    (0)   :  0.083 0.116 0.119 0.111 0.120 0.117 0.005 0.106 0.105 0.118 
 27 COPE-0027    (0)   :  0.082 0.104 0.093 0.151 0.115 0.103 0.006 0.104 0.130 0.111 
 28 COPE-0028    (0)   :  0.173 0.091 0.118 0.100 0.091 0.105 0.005 0.103 0.100 0.114 
 29 COPE-0029    (0)   :  0.072 0.119 0.114 0.099 0.098 0.122 0.005 0.132 0.124 0.114 
 30 COPE-0030   (14)   :  0.033 0.029 0.029 0.029 0.028 0.029 0.738 0.030 0.027 0.028 
 31 COPE-0031    (0)   :  0.066 0.123 0.115 0.110 0.127 0.115 0.010 0.110 0.103 0.120 
 32 COPE-0032    (0)   :  0.186 0.088 0.113 0.104 0.091 0.098 0.009 0.103 0.097 0.111 
 33 COPE-0033    (0)   :  0.150 0.096 0.112 0.111 0.096 0.104 0.011 0.107 0.101 0.112 
 34 COPE-0034    (0)   :  0.074 0.121 0.124 0.104 0.106 0.131 0.010 0.118 0.106 0.107 
 35 COPE-0035   (14)   :  0.178 0.087 0.116 0.103 0.092 0.106 0.007 0.102 0.100 0.110 
 36 COPE-0036   (14)   :  0.100 0.126 0.104 0.095 0.122 0.105 0.006 0.110 0.123 0.108 
 37 COPE-0037    (0)   :  0.102 0.113 0.102 0.109 0.110 0.106 0.023 0.112 0.118 0.105 
 38 COPE-0038    (0)   :  0.079 0.115 0.112 0.118 0.128 0.111 0.007 0.107 0.104 0.120 
 39 COPE-0039    (0)   :  0.250 0.081 0.084 0.096 0.087 0.085 0.052 0.085 0.091 0.088 
 40 COPE-0040   (14)   :  0.148 0.093 0.091 0.108 0.101 0.090 0.085 0.093 0.096 0.096 
 41 COPE-0041    (0)   :  0.151 0.100 0.104 0.112 0.100 0.096 0.028 0.106 0.097 0.107 
 42 COPE-0042    (0)   :  0.120 0.092 0.117 0.117 0.105 0.104 0.010 0.107 0.107 0.120 
 43 COPE-0043    (0)   :  0.103 0.111 0.117 0.101 0.096 0.123 0.005 0.123 0.112 0.109 
 44 COPE-0044    (0)   :  0.130 0.100 0.114 0.114 0.103 0.120 0.013 0.107 0.099 0.100 
 45 COPE-0045    (0)   :  0.130 0.097 0.110 0.107 0.102 0.116 0.033 0.107 0.095 0.103 
 46 COPE-0046    (0)   :  0.025 0.026 0.025 0.031 0.027 0.026 0.758 0.026 0.029 0.027 
 47 COPE-0047    (0)   :  0.008 0.007 0.007 0.007 0.007 0.007 0.933 0.008 0.008 0.007 
 48 COPE-0048    (0)   :  0.117 0.091 0.126 0.108 0.098 0.109 0.007 0.111 0.107 0.127 
 49 COPE-0049    (0)   :  0.224 0.090 0.105 0.093 0.088 0.106 0.016 0.095 0.092 0.090 
 50 COPE-0050    (0)   :  0.095 0.099 0.093 0.146 0.115 0.105 0.007 0.107 0.122 0.111 
 51 COPE-0051    (0)   :  0.072 0.090 0.124 0.100 0.086 0.108 0.103 0.103 0.099 0.114 
 52 COPE-0052    (0)   :  0.080 0.127 0.123 0.091 0.142 0.111 0.011 0.100 0.097 0.118 
 53 COPE-0053    (0)   :  0.058 0.120 0.118 0.097 0.090 0.128 0.008 0.139 0.130 0.112 
 54 COPE-0054    (0)   :  0.087 0.136 0.098 0.094 0.126 0.109 0.005 0.113 0.127 0.105 
 55 COPE-0055    (0)   :  0.073 0.110 0.110 0.120 0.121 0.115 0.005 0.117 0.111 0.118 
 56 COPE-0056    (0)   :  0.140 0.100 0.105 0.115 0.105 0.105 0.016 0.102 0.106 0.107 
 57 COPE-0057    (0)   :  0.176 0.101 0.095 0.113 0.098 0.097 0.010 0.102 0.107 0.101 
 58 COPE-0058    (0)   :  0.138 0.105 0.112 0.102 0.100 0.114 0.009 0.110 0.102 0.108 
 59 COPE-0059    (0)   :  0.141 0.091 0.079 0.147 0.114 0.090 0.019 0.092 0.127 0.101 
 60 COPE-0060    (0)   :  0.096 0.113 0.115 0.105 0.101 0.115 0.007 0.123 0.112 0.113 
 61 COPE-0061    (0)   :  0.067 0.112 0.112 0.110 0.093 0.122 0.010 0.131 0.129 0.113 
 62 COPE-0062    (0)   :  0.093 0.127 0.116 0.091 0.138 0.106 0.009 0.100 0.106 0.113 
 63 COPE-0063    (0)   :  0.081 0.109 0.111 0.111 0.113 0.113 0.025 0.112 0.111 0.114 
 64 COPE-0064    (0)   :  0.087 0.111 0.109 0.121 0.123 0.112 0.009 0.108 0.109 0.112 
 65 COPE-0065    (0)   :  0.006 0.006 0.006 0.006 0.006 0.006 0.946 0.006 0.006 0.006 
 66 COPE-0066    (0)   :  0.125 0.086 0.125 0.115 0.092 0.102 0.017 0.108 0.109 0.121 
 67 COPE-0067   (14)   :  0.046 0.024 0.028 0.025 0.025 0.026 0.746 0.026 0.026 0.027 
 68 COPE-0068    (0)   :  0.102 0.096 0.082 0.159 0.116 0.095 0.011 0.098 0.130 0.111 
 69 COPE-0069   (14)   :  0.119 0.109 0.104 0.111 0.125 0.100 0.011 0.101 0.111 0.109 
 70 COPE-0070    (0)   :  0.101 0.113 0.124 0.108 0.097 0.128 0.011 0.116 0.100 0.103 
 71 COPE-0071    (0)   :  0.187 0.090 0.117 0.100 0.093 0.096 0.004 0.101 0.102 0.110 
 72 COPE-0072    (0)   :  0.106 0.105 0.107 0.120 0.115 0.105 0.006 0.109 0.111 0.115 
 73 COPE-0073   (14)   :  0.028 0.045 0.038 0.033 0.037 0.042 0.649 0.044 0.046 0.038 
 74 COPE-0074    (0)   :  0.130 0.096 0.117 0.106 0.104 0.106 0.009 0.108 0.104 0.121 
 75 COPE-0075    (0)   :  0.076 0.098 0.138 0.110 0.095 0.122 0.012 0.115 0.108 0.126 
 76 COPE-0076    (0)   :  0.088 0.118 0.107 0.111 0.118 0.111 0.006 0.111 0.116 0.114 
 77 COPE-0077   (14)   :  0.103 0.102 0.102 0.129 0.117 0.107 0.008 0.107 0.112 0.114 
 78 COPE-0078   (14)   :  0.079 0.126 0.117 0.104 0.109 0.127 0.008 0.121 0.109 0.101 
 79 COPE-0079    (0)   :  0.069 0.116 0.135 0.106 0.095 0.153 0.008 0.126 0.094 0.097 
 80 COPE-0080   (42)   :  0.021 0.019 0.019 0.020 0.020 0.019 0.822 0.020 0.020 0.020 
 81 COPE-0081   (14)   :  0.071 0.060 0.059 0.061 0.062 0.061 0.442 0.061 0.061 0.062 
 82 COPE-0082   (14)   :  0.111 0.099 0.119 0.102 0.095 0.108 0.044 0.103 0.105 0.113 
 83 COPE-0083   (14)   :  0.074 0.134 0.129 0.085 0.163 0.107 0.005 0.091 0.092 0.121 
 84 COPE-0084    (0)   :  0.050 0.092 0.093 0.079 0.071 0.101 0.208 0.111 0.104 0.091 
 85 COPE-0085    (0)   :  0.160 0.100 0.109 0.104 0.093 0.122 0.010 0.107 0.097 0.098 
 86 COPE-0086    (0)   :  0.135 0.101 0.110 0.103 0.100 0.106 0.019 0.112 0.107 0.107 
 87 COPE-0087   (14)   :  0.076 0.112 0.117 0.107 0.095 0.120 0.007 0.131 0.120 0.114 
 88 COPE-0088   (14)   :  0.095 0.111 0.117 0.105 0.100 0.123 0.025 0.117 0.104 0.104 
 89 COPE-0089   (14)   :  0.008 0.007 0.008 0.008 0.007 0.008 0.932 0.008 0.007 0.008 
 90 COPE-0090    (0)   :  0.084 0.109 0.109 0.119 0.120 0.113 0.008 0.115 0.106 0.118 
 91 COPE-0091   (14)   :  0.076 0.117 0.120 0.101 0.110 0.115 0.005 0.124 0.115 0.118 
 92 COPE-0092   (28)   :  0.034 0.020 0.021 0.024 0.021 0.022 0.795 0.021 0.022 0.021 
 93 COPE-0093    (0)   :  0.069 0.115 0.111 0.114 0.119 0.119 0.006 0.114 0.115 0.118 
 94 COPE-0094    (0)   :  0.068 0.113 0.133 0.105 0.094 0.148 0.029 0.125 0.091 0.096 
 95 COPE-0095    (0)   :  0.059 0.118 0.116 0.103 0.095 0.127 0.005 0.136 0.126 0.114 
 96 COPE-0096    (0)   :  0.107 0.117 0.116 0.099 0.117 0.110 0.009 0.110 0.102 0.114 
 97 COPE-0097    (0)   :  0.085 0.110 0.131 0.103 0.110 0.112 0.007 0.109 0.109 0.124 
 98 COPE-0098    (0)   :  0.064 0.124 0.116 0.110 0.131 0.118 0.009 0.108 0.101 0.119 
 99 COPE-0099    (0)   :  0.257 0.079 0.080 0.116 0.092 0.079 0.021 0.086 0.099 0.091 
100 COPE-0100    (0)   :  0.150 0.100 0.105 0.116 0.100 0.098 0.007 0.106 0.108 0.110 
101 COPE-0101    (0)   :  0.149 0.087 0.111 0.104 0.091 0.103 0.046 0.102 0.101 0.106 
102 COPE-0102    (0)   :  0.103 0.105 0.116 0.115 0.105 0.112 0.006 0.114 0.107 0.115 
103 COPE-0103    (0)   :  0.094 0.118 0.122 0.099 0.114 0.126 0.016 0.111 0.096 0.104 
104 COPE-0104   (14)   :  0.142 0.095 0.117 0.106 0.102 0.107 0.007 0.103 0.106 0.116 
105 COPE-0105    (0)   :  0.090 0.099 0.131 0.104 0.089 0.110 0.037 0.108 0.113 0.119 
106 COPE-0106    (0)   :  0.077 0.147 0.093 0.083 0.133 0.106 0.005 0.119 0.140 0.099 
107 COPE-0107    (0)   :  0.018 0.019 0.020 0.021 0.020 0.020 0.823 0.020 0.019 0.020 
108 COPE-0108    (0)   :  0.091 0.117 0.118 0.106 0.127 0.109 0.006 0.100 0.106 0.121 
109 COPE-0109    (0)   :  0.109 0.105 0.117 0.115 0.104 0.127 0.011 0.114 0.096 0.102 
110 COPE-0110   (14)   :  0.105 0.120 0.106 0.100 0.103 0.115 0.013 0.116 0.118 0.104 
111 COPE-0111    (0)   :  0.093 0.127 0.104 0.097 0.117 0.106 0.009 0.117 0.123 0.106 
112 COPE-0112   (14)   :  0.110 0.093 0.126 0.109 0.104 0.106 0.010 0.111 0.105 0.126 
113 COPE-0113    (0)   :  0.175 0.095 0.099 0.113 0.102 0.095 0.018 0.098 0.101 0.104 
114 COPE-0114    (0)   :  0.115 0.125 0.096 0.096 0.119 0.104 0.009 0.108 0.125 0.103 
115 COPE-0115    (0)   :  0.023 0.030 0.030 0.024 0.029 0.029 0.752 0.028 0.026 0.029 
116 COPE-0116   (28)   :  0.019 0.010 0.010 0.011 0.010 0.010 0.899 0.010 0.010 0.010 
117 COPE-0117    (0)   :  0.057 0.119 0.118 0.100 0.090 0.127 0.010 0.139 0.127 0.113 
118 COPE-0118    (0)   :  0.081 0.139 0.100 0.087 0.138 0.101 0.009 0.113 0.129 0.104 
119 COPE-0119    (0)   :  0.081 0.130 0.110 0.102 0.135 0.110 0.010 0.102 0.109 0.111 
120 COPE-0120    (0)   :  0.109 0.101 0.105 0.128 0.113 0.111 0.011 0.110 0.105 0.108 
121 COPE-0121    (0)   :  0.170 0.103 0.092 0.096 0.110 0.090 0.055 0.093 0.093 0.098 
122 COPE-0122    (0)   :  0.102 0.109 0.123 0.114 0.102 0.112 0.008 0.119 0.098 0.113 
123 COPE-0123    (0)   :  0.133 0.098 0.116 0.111 0.099 0.108 0.016 0.111 0.097 0.111 
124 COPE-0124    (0)   :  0.193 0.099 0.099 0.109 0.096 0.097 0.012 0.103 0.092 0.100 
125 COPE-0125    (0)   :  0.105 0.114 0.112 0.103 0.108 0.111 0.006 0.108 0.119 0.113 
126 COPE-0126    (0)   :  0.050 0.122 0.117 0.101 0.091 0.127 0.012 0.139 0.127 0.113 
127 COPE-0127   (14)   :  0.106 0.110 0.121 0.106 0.095 0.119 0.007 0.112 0.113 0.112 
128 COPE-0128    (0)   :  0.208 0.101 0.091 0.097 0.102 0.089 0.018 0.097 0.101 0.097 
129 COPE-0129    (0)   :  0.084 0.114 0.123 0.115 0.098 0.136 0.006 0.120 0.103 0.101 
130 COPE-0130    (0)   :  0.102 0.100 0.090 0.144 0.116 0.101 0.013 0.104 0.120 0.110 
131 COPE-0131   (14)   :  0.092 0.121 0.114 0.106 0.144 0.102 0.008 0.095 0.102 0.116 
132 COPE-0132   (14)   :  0.078 0.128 0.099 0.096 0.118 0.104 0.039 0.119 0.119 0.100 
133 COPE-0133    (0)   :  0.061 0.116 0.119 0.097 0.091 0.129 0.009 0.138 0.128 0.113 
134 COPE-0134    (0)   :  0.113 0.114 0.110 0.110 0.103 0.111 0.007 0.117 0.106 0.108 
135 COPE-0135    (0)   :  0.162 0.093 0.115 0.106 0.100 0.103 0.008 0.102 0.102 0.109 
136 COPE-0136    (0)   :  0.014 0.013 0.013 0.014 0.012 0.013 0.880 0.013 0.014 0.013 
137 COPE-0137    (0)   :  0.158 0.097 0.101 0.123 0.097 0.091 0.012 0.106 0.105 0.110 
138 COPE-0138   (14)   :  0.009 0.009 0.009 0.009 0.009 0.009 0.917 0.009 0.010 0.009 
139 COPE-0139    (0)   :  0.282 0.082 0.084 0.106 0.082 0.082 0.007 0.088 0.095 0.091 
140 COPE-0140   (14)   :  0.043 0.021 0.023 0.024 0.022 0.022 0.775 0.023 0.023 0.024 
141 COPE-0141    (0)   :  0.123 0.106 0.110 0.108 0.109 0.114 0.008 0.106 0.107 0.111 
142 COPE-0142    (0)   :  0.095 0.114 0.106 0.113 0.114 0.112 0.009 0.112 0.113 0.113 
143 COPE-0143    (0)   :  0.097 0.109 0.115 0.103 0.096 0.123 0.009 0.123 0.116 0.109 
144 COPE-0144   (14)   :  0.175 0.078 0.086 0.085 0.078 0.086 0.165 0.084 0.082 0.081 
145 COPE-0145   (14)   :  0.326 0.050 0.058 0.057 0.052 0.054 0.235 0.056 0.054 0.059 
146 COPE-0146   (14)   :  0.090 0.111 0.109 0.108 0.104 0.110 0.029 0.117 0.114 0.109 
147 COPE-0147    (0)   :  0.103 0.097 0.107 0.109 0.104 0.112 0.072 0.105 0.092 0.099 
148 COPE-0148    (0)   :  0.058 0.121 0.118 0.098 0.093 0.129 0.009 0.137 0.126 0.112 
149 COPE-0149    (0)   :  0.075 0.109 0.106 0.134 0.102 0.111 0.007 0.118 0.126 0.113 
150 COPE-0150    (0)   :  0.112 0.085 0.134 0.107 0.094 0.110 0.008 0.114 0.106 0.132 
151 COPE-0151    (0)   :  0.229 0.092 0.090 0.099 0.091 0.095 0.007 0.100 0.103 0.095 
152 COPE-0152   (14)   :  0.113 0.091 0.095 0.100 0.098 0.098 0.126 0.092 0.091 0.096 
153 COPE-0153    (0)   :  0.111 0.116 0.112 0.111 0.117 0.115 0.006 0.104 0.100 0.107 
154 COPE-0154    (0)   :  0.098 0.115 0.102 0.115 0.112 0.108 0.007 0.114 0.119 0.109 
155 COPE-0155    (0)   :  0.175 0.100 0.095 0.110 0.104 0.095 0.006 0.104 0.107 0.105 
156 COPE-0156   (14)   :  0.009 0.009 0.009 0.009 0.009 0.009 0.919 0.009 0.009 0.009 
157 COPE-0157   (14)   :  0.156 0.076 0.081 0.073 0.072 0.079 0.240 0.077 0.071 0.073 
158 COPE-0158    (0)   :  0.062 0.112 0.113 0.111 0.099 0.118 0.010 0.130 0.127 0.117 
159 COPE-0159    (0)   :  0.079 0.115 0.112 0.117 0.117 0.120 0.008 0.115 0.106 0.111 
160 COPE-0160    (0)   :  0.129 0.110 0.118 0.102 0.097 0.128 0.007 0.109 0.100 0.101 
161 COPE-0161    (0)   :  0.115 0.103 0.117 0.110 0.109 0.109 0.012 0.112 0.099 0.113 
162 COPE-0162   (14)   :  0.007 0.007 0.007 0.007 0.007 0.007 0.937 0.007 0.007 0.007 
163 COPE-0163   (28)   :  0.013 0.013 0.013 0.013 0.013 0.013 0.881 0.013 0.013 0.013 
164 COPE-0164    (0)   :  0.177 0.096 0.098 0.108 0.098 0.095 0.027 0.103 0.100 0.098 
165 COPE-0165    (0)   :  0.119 0.098 0.100 0.131 0.108 0.103 0.008 0.105 0.116 0.111 
166 COPE-0166   (14)   :  0.097 0.119 0.114 0.108 0.102 0.119 0.008 0.120 0.106 0.107 
167 COPE-0167    (0)   :  0.094 0.121 0.112 0.102 0.105 0.128 0.008 0.119 0.112 0.098 
168 COPE-0168    (0)   :  0.085 0.114 0.115 0.107 0.106 0.120 0.006 0.121 0.113 0.114 
169 COPE-0169    (0)   :  0.097 0.098 0.087 0.159 0.115 0.095 0.011 0.099 0.129 0.110 
170 COPE-0170    (0)   :  0.214 0.094 0.097 0.093 0.105 0.096 0.026 0.090 0.090 0.096 
171 COPE-0171    (0)   :  0.201 0.101 0.095 0.094 0.107 0.096 0.008 0.101 0.097 0.100 
172 COPE-0172    (0)   :  0.099 0.110 0.115 0.112 0.112 0.114 0.007 0.109 0.107 0.115 
173 COPE-0173   (14)   :  0.115 0.088 0.083 0.142 0.110 0.091 0.060 0.093 0.116 0.102 
174 COPE-0174   (28)   :  0.132 0.102 0.112 0.106 0.105 0.106 0.016 0.110 0.105 0.107 
175 COPE-0175    (0)   :  0.140 0.104 0.109 0.096 0.094 0.114 0.040 0.110 0.095 0.099 
176 COPE-0176    (0)   :  0.082 0.127 0.112 0.097 0.114 0.120 0.009 0.116 0.118 0.105 
177 COPE-0177    (0)   :  0.105 0.105 0.103 0.138 0.109 0.097 0.007 0.108 0.120 0.108 
178 COPE-0178    (0)   :  0.078 0.145 0.092 0.084 0.131 0.106 0.007 0.118 0.139 0.100 
179 COPE-0179    (0)   :  0.162 0.098 0.101 0.116 0.102 0.099 0.009 0.104 0.103 0.107 
180 COPE-0180   (14)   :  0.086 0.098 0.091 0.161 0.114 0.098 0.006 0.102 0.134 0.111 
181 COPE-0181   (14)   :  0.100 0.105 0.095 0.143 0.109 0.100 0.009 0.107 0.121 0.111 
182 COPE-0182    (0)   :  0.068 0.116 0.125 0.113 0.114 0.118 0.005 0.109 0.106 0.124 
183 COPE-0183    (0)   :  0.102 0.112 0.108 0.115 0.111 0.109 0.011 0.112 0.110 0.112 
184 COPE-0184    (0)   :  0.066 0.126 0.123 0.102 0.101 0.136 0.009 0.123 0.109 0.105 
185 COPE-0185    (0)   :  0.089 0.112 0.108 0.121 0.128 0.110 0.006 0.106 0.105 0.116 
186 COPE-0186    (0)   :  0.075 0.130 0.125 0.090 0.154 0.108 0.005 0.094 0.098 0.121 
187 COPE-0187    (0)   :  0.075 0.103 0.136 0.111 0.098 0.120 0.010 0.111 0.111 0.124 
188 COPE-0188    (0)   :  0.026 0.022 0.029 0.025 0.024 0.027 0.771 0.026 0.025 0.027 
189 COPE-0189    (0)   :  0.122 0.103 0.107 0.127 0.102 0.097 0.008 0.107 0.111 0.116 
190 COPE-0190    (0)   :  0.123 0.099 0.122 0.108 0.100 0.119 0.015 0.113 0.096 0.105 
191 COPE-0191    (0)   :  0.107 0.111 0.116 0.106 0.116 0.106 0.011 0.108 0.107 0.112 
192 COPE-0192   (14)   :  0.012 0.011 0.011 0.010 0.013 0.010 0.901 0.010 0.010 0.011 
193 COPE-0193    (0)   :  0.093 0.115 0.110 0.106 0.103 0.116 0.006 0.121 0.121 0.109 
194 COPE-0194    (0)   :  0.153 0.086 0.128 0.101 0.092 0.102 0.009 0.107 0.104 0.118 
195 COPE-0195    (0)   :  0.149 0.094 0.115 0.103 0.098 0.108 0.007 0.108 0.101 0.116 
196 COPE-0196    (0)   :  0.146 0.103 0.108 0.109 0.111 0.105 0.011 0.103 0.098 0.106 
197 COPE-0197    (0)   :  0.114 0.098 0.097 0.133 0.111 0.100 0.007 0.108 0.120 0.111 
198 COPE-0198    (0)   :  0.076 0.110 0.094 0.137 0.125 0.101 0.014 0.106 0.126 0.111 
199 COPE-0199    (0)   :  0.095 0.104 0.089 0.152 0.113 0.097 0.012 0.099 0.131 0.107 
200 COPE-0200   (42)   :  0.098 0.101 0.089 0.151 0.114 0.100 0.009 0.102 0.126 0.111 
201 COPE-0201    (0)   :  0.098 0.118 0.117 0.104 0.118 0.109 0.009 0.107 0.108 0.113 
202 COPE-0202    (0)   :  0.073 0.114 0.122 0.113 0.108 0.136 0.013 0.117 0.098 0.106 
203 COPE-0203    (0)   :  0.096 0.115 0.106 0.115 0.114 0.111 0.006 0.115 0.111 0.111 
204 COPE-0204    (0)   :  0.100 0.117 0.112 0.093 0.108 0.105 0.028 0.109 0.121 0.108 
205 COPE-0205    (0)   :  0.094 0.108 0.110 0.110 0.101 0.115 0.022 0.118 0.112 0.110 
206 COPE-0206    (0)   :  0.171 0.120 0.091 0.091 0.116 0.094 0.005 0.106 0.111 0.096 
207 COPE-0207    (0)   :  0.084 0.135 0.099 0.093 0.132 0.104 0.011 0.116 0.124 0.102 
208 COPE-0208    (0)   :  0.073 0.026 0.027 0.029 0.028 0.027 0.711 0.026 0.026 0.028 
209 COPE-0209    (0)   :  0.144 0.100 0.100 0.119 0.115 0.095 0.006 0.099 0.111 0.110 
210 COPE-0210    (0)   :  0.079 0.107 0.118 0.105 0.103 0.115 0.011 0.125 0.118 0.119 
211 COPE-0211    (0)   :  0.147 0.084 0.125 0.107 0.093 0.106 0.005 0.107 0.103 0.122 
212 COPE-0212    (0)   :  0.080 0.131 0.102 0.098 0.122 0.108 0.012 0.120 0.122 0.105 
213 COPE-0213    (0)   :  0.135 0.112 0.101 0.107 0.113 0.099 0.008 0.104 0.113 0.108 
214 COPE-0214    (0)   :  0.073 0.096 0.081 0.171 0.123 0.098 0.008 0.098 0.140 0.111 
215 COPE-0215    (0)   :  0.097 0.094 0.083 0.154 0.108 0.091 0.048 0.094 0.128 0.103 
216 COPE-0216   (14)   :  0.070 0.067 0.069 0.064 0.064 0.068 0.388 0.073 0.069 0.068 
217 COPE-0217    (0)   :  0.089 0.129 0.093 0.094 0.121 0.106 0.028 0.115 0.126 0.098 
218 COPE-0218    (0)   :  0.114 0.104 0.105 0.120 0.111 0.104 0.009 0.107 0.114 0.112 
219 COPE-0219   (14)   :  0.087 0.101 0.096 0.146 0.115 0.104 0.009 0.105 0.126 0.110 
220 COPE-0220    (0)   :  0.088 0.133 0.095 0.097 0.122 0.103 0.014 0.115 0.131 0.101 
221 COPE-0221    (0)   :  0.074 0.109 0.106 0.122 0.122 0.117 0.017 0.113 0.106 0.115 
222 COPE-0222    (0)   :  0.059 0.121 0.112 0.110 0.109 0.121 0.007 0.127 0.117 0.117 
223 COPE-0223    (0)   :  0.144 0.098 0.098 0.136 0.102 0.096 0.007 0.101 0.111 0.105 
224 COPE-0224    (0)   :  0.068 0.118 0.132 0.103 0.096 0.150 0.020 0.124 0.095 0.095 
225 COPE-0225    (0)   :  0.069 0.096 0.080 0.169 0.123 0.097 0.015 0.098 0.142 0.111 
226 COPE-0226    (0)   :  0.106 0.112 0.112 0.104 0.109 0.114 0.007 0.115 0.111 0.110 
227 COPE-0227    (0)   :  0.099 0.114 0.105 0.116 0.132 0.105 0.006 0.101 0.111 0.112 
228 COPE-0228    (0)   :  0.128 0.120 0.093 0.094 0.114 0.102 0.019 0.111 0.121 0.098 
229 COPE-0229    (0)   :  0.090 0.109 0.102 0.127 0.114 0.110 0.007 0.112 0.118 0.111 
230 COPE-0230    (0)   :  0.094 0.118 0.110 0.103 0.106 0.117 0.010 0.112 0.119 0.110 
231 COPE-0231    (0)   :  0.108 0.105 0.106 0.123 0.106 0.105 0.006 0.113 0.118 0.110 
232 COPE-0232    (0)   :  0.104 0.108 0.119 0.107 0.101 0.124 0.015 0.115 0.101 0.105 
233 COPE-0233    (0)   :  0.078 0.120 0.111 0.112 0.120 0.116 0.005 0.114 0.104 0.118 
234 COPE-0234    (0)   :  0.169 0.103 0.113 0.104 0.094 0.118 0.008 0.108 0.088 0.097 
235 COPE-0235    (0)   :  0.108 0.110 0.116 0.122 0.103 0.108 0.006 0.115 0.101 0.112 
236 COPE-0236    (0)   :  0.080 0.127 0.109 0.098 0.116 0.114 0.005 0.113 0.127 0.112 
237 COPE-0237    (0)   :  0.069 0.122 0.112 0.118 0.136 0.110 0.006 0.106 0.103 0.119 
238 COPE-0238    (0)   :  0.088 0.103 0.094 0.154 0.108 0.100 0.008 0.105 0.132 0.107 
239 COPE-0239    (0)   :  0.095 0.112 0.121 0.103 0.097 0.128 0.034 0.115 0.095 0.100 
240 COPE-0240    (0)   :  0.063 0.121 0.119 0.099 0.103 0.123 0.009 0.129 0.118 0.116 
241 COPE-0241    (0)   :  0.073 0.102 0.091 0.168 0.110 0.095 0.007 0.106 0.134 0.115 
242 COPE-0242    (0)   :  0.089 0.132 0.106 0.097 0.132 0.110 0.006 0.107 0.116 0.107 
243 COPE-0243    (0)   :  0.079 0.100 0.138 0.112 0.098 0.115 0.008 0.114 0.109 0.127 
244 COPE-0244    (0)   :  0.139 0.099 0.104 0.125 0.103 0.105 0.009 0.101 0.110 0.106 
245 COPE-0245    (0)   :  0.096 0.100 0.129 0.109 0.099 0.114 0.011 0.112 0.107 0.124 
246 COPE-0246    (0)   :  0.114 0.108 0.116 0.102 0.108 0.109 0.013 0.114 0.105 0.110 
247 COPE-0247    (0)   :  0.095 0.105 0.097 0.131 0.123 0.107 0.016 0.106 0.106 0.114 
248 COPE-0248    (0)   :  0.147 0.103 0.116 0.102 0.102 0.104 0.005 0.104 0.103 0.115 
249 COPE-0249    (0)   :  0.133 0.097 0.107 0.114 0.099 0.117 0.031 0.107 0.099 0.096 
250 COPE-0250    (0)   :  0.077 0.119 0.121 0.107 0.104 0.132 0.016 0.124 0.099 0.102 
251 COPE-0251   (14)   :  0.026 0.031 0.031 0.034 0.036 0.031 0.718 0.031 0.030 0.033 
252 COPE-0252    (0)   :  0.086 0.112 0.128 0.103 0.098 0.132 0.012 0.123 0.099 0.108 
253 COPE-0253    (0)   :  0.083 0.109 0.110 0.116 0.117 0.114 0.008 0.113 0.112 0.118 
254 COPE-0254    (0)   :  0.068 0.110 0.135 0.108 0.095 0.123 0.014 0.114 0.117 0.119 
255 COPE-0255    (0)   :  0.112 0.100 0.108 0.117 0.109 0.104 0.025 0.103 0.110 0.113 
256 COPE-0256    (0)   :  0.061 0.120 0.115 0.099 0.096 0.121 0.011 0.137 0.128 0.112 
257 COPE-0257    (0)   :  0.081 0.128 0.127 0.089 0.156 0.104 0.007 0.094 0.093 0.120 
258 COPE-0258    (0)   :  0.187 0.103 0.102 0.093 0.115 0.096 0.018 0.090 0.093 0.104 
259 COPE-0259    (0)   :  0.125 0.104 0.113 0.107 0.112 0.105 0.006 0.106 0.105 0.115 
260 COPE-0260    (0)   :  0.110 0.102 0.096 0.137 0.106 0.097 0.025 0.101 0.121 0.104 
261 COPE-0261    (0)   :  0.067 0.110 0.137 0.106 0.098 0.117 0.006 0.114 0.119 0.125 
262 COPE-0262    (0)   :  0.087 0.105 0.122 0.105 0.094 0.116 0.019 0.122 0.115 0.115 
263 COPE-0263    (0)   :  0.100 0.117 0.114 0.108 0.137 0.108 0.007 0.099 0.095 0.115 
264 COPE-0264    (0)   :  0.121 0.115 0.115 0.093 0.135 0.098 0.019 0.096 0.095 0.113 
265 COPE-0265    (0)   :  0.114 0.107 0.109 0.111 0.103 0.108 0.011 0.112 0.111 0.113 
266 COPE-0266    (0)   :  0.142 0.117 0.096 0.095 0.109 0.102 0.017 0.111 0.113 0.099 
267 COPE-0267    (0)   :  0.072 0.123 0.118 0.109 0.111 0.125 0.006 0.119 0.104 0.113 
268 COPE-0268    (0)   :  0.067 0.124 0.116 0.111 0.129 0.116 0.013 0.108 0.097 0.119 
269 COPE-0269    (0)   :  0.133 0.110 0.115 0.097 0.108 0.109 0.006 0.111 0.102 0.109 
270 COPE-0270    (0)   :  0.084 0.089 0.135 0.118 0.097 0.111 0.007 0.116 0.109 0.133 
271 COPE-0271    (0)   :  0.089 0.111 0.115 0.117 0.106 0.107 0.007 0.117 0.113 0.118 
272 COPE-0272    (0)   :  0.146 0.103 0.111 0.104 0.105 0.109 0.007 0.102 0.108 0.105 
273 COPE-0273    (0)   :  0.082 0.131 0.099 0.098 0.122 0.107 0.016 0.121 0.122 0.102 
274 COPE-0274   (14)   :  0.029 0.019 0.025 0.022 0.021 0.023 0.793 0.022 0.022 0.024 
275 COPE-0275    (0)   :  0.140 0.099 0.109 0.117 0.106 0.103 0.010 0.106 0.100 0.110 
276 COPE-0276   (14)   :  0.006 0.006 0.006 0.006 0.006 0.006 0.943 0.006 0.006 0.006 
277 COPE-0277   (14)   :  0.077 0.121 0.113 0.092 0.104 0.117 0.013 0.127 0.122 0.114 
278 COPE-0278    (0)   :  0.077 0.144 0.093 0.085 0.128 0.107 0.007 0.121 0.139 0.099 
279 COPE-0279    (0)   :  0.121 0.113 0.105 0.104 0.111 0.105 0.009 0.110 0.115 0.107 
280 COPE-0280    (0)   :  0.013 0.013 0.013 0.013 0.013 0.013 0.884 0.013 0.013 0.013 
281 COPE-0281    (0)   :  0.074 0.024 0.025 0.032 0.028 0.026 0.709 0.026 0.029 0.027 
282 COPE-0282   (14)   :  0.064 0.119 0.137 0.106 0.097 0.156 0.006 0.127 0.094 0.095 
283 COPE-0283    (0)   :  0.112 0.132 0.096 0.088 0.121 0.104 0.007 0.117 0.126 0.098 
284 COPE-0284   (14)   :  0.210 0.090 0.086 0.119 0.090 0.084 0.031 0.094 0.101 0.095 
285 COPE-0285    (0)   :  0.030 0.032 0.031 0.031 0.031 0.030 0.721 0.031 0.031 0.031 
286 COPE-0286    (0)   :  0.355 0.071 0.084 0.083 0.075 0.078 0.010 0.080 0.079 0.084 
287 COPE-0287    (0)   :  0.069 0.121 0.115 0.108 0.132 0.115 0.032 0.101 0.093 0.114 
288 COPE-0288    (0)   :  0.076 0.112 0.107 0.119 0.120 0.120 0.010 0.116 0.107 0.113 
289 COPE-0289    (0)   :  0.078 0.116 0.113 0.111 0.109 0.114 0.008 0.118 0.118 0.116 
290 COPE-0290    (0)   :  0.106 0.091 0.118 0.130 0.096 0.102 0.008 0.111 0.114 0.124 
291 COPE-0291    (0)   :  0.154 0.106 0.105 0.104 0.118 0.094 0.006 0.098 0.105 0.110 
292 COPE-0292   (42)   :  0.018 0.014 0.015 0.015 0.014 0.015 0.865 0.015 0.015 0.015 
293 COPE-0293    (0)   :  0.084 0.112 0.115 0.111 0.110 0.115 0.008 0.112 0.115 0.119 
294 COPE-0294    (0)   :  0.162 0.102 0.105 0.109 0.099 0.104 0.011 0.107 0.099 0.103 
295 COPE-0295    (0)   :  0.065 0.125 0.122 0.103 0.099 0.137 0.007 0.123 0.113 0.105 
296 COPE-0296   (14)   :  0.099 0.110 0.111 0.110 0.111 0.114 0.007 0.115 0.110 0.113 
297 COPE-0297   (14)   :  0.121 0.090 0.082 0.152 0.104 0.090 0.035 0.095 0.126 0.105 
298 COPE-0298    (0)   :  0.097 0.109 0.121 0.109 0.107 0.118 0.010 0.113 0.104 0.113 
299 COPE-0299    (0)   :  0.100 0.094 0.137 0.109 0.097 0.108 0.006 0.111 0.112 0.126 
300 COPE-0300   (14)   :  0.069 0.121 0.118 0.106 0.112 0.120 0.008 0.118 0.111 0.117 
301 COPE-0301   (14)   :  0.070 0.112 0.112 0.116 0.119 0.116 0.009 0.116 0.112 0.118 
302 COPE-0302    (0)   :  0.075 0.093 0.092 0.080 0.087 0.088 0.218 0.092 0.088 0.088 
303 COPE-0303    (0)   :  0.078 0.134 0.097 0.097 0.124 0.108 0.006 0.114 0.133 0.108 
304 COPE-0304    (0)   :  0.095 0.111 0.114 0.115 0.107 0.116 0.007 0.114 0.109 0.111 
305 COPE-0305   (14)   :  0.152 0.104 0.108 0.094 0.105 0.104 0.035 0.102 0.094 0.100 
306 COPE-0306    (0)   :  0.086 0.141 0.093 0.087 0.133 0.104 0.009 0.116 0.131 0.100 
307 COPE-0307   (28)   :  0.008 0.008 0.008 0.008 0.008 0.008 0.927 0.008 0.008 0.008 
308 COPE-0308    (0)   :  0.071 0.118 0.132 0.106 0.099 0.151 0.006 0.124 0.096 0.098 
309 COPE-0309   (14)   :  0.079 0.036 0.041 0.041 0.039 0.042 0.603 0.040 0.038 0.040 
310 COPE-0310   (28)   :  0.036 0.051 0.049 0.036 0.061 0.042 0.602 0.038 0.037 0.047 
311 COPE-0311    (0)   :  0.216 0.101 0.096 0.089 0.112 0.094 0.021 0.087 0.087 0.096 
312 COPE-0312   (28)   :  0.014 0.014 0.012 0.012 0.013 0.013 0.883 0.013 0.014 0.012 
313 COPE-0313    (0)   :  0.090 0.129 0.109 0.100 0.132 0.105 0.008 0.104 0.111 0.111 
314 COPE-0314    (0)   :  0.084 0.113 0.119 0.113 0.126 0.115 0.007 0.102 0.100 0.119 
315 COPE-0315    (0)   :  0.085 0.119 0.104 0.124 0.123 0.106 0.008 0.104 0.117 0.110 
316 COPE-0316    (0)   :  0.183 0.096 0.103 0.105 0.094 0.094 0.021 0.100 0.103 0.101 
317 COPE-0317   (14)   :  0.008 0.009 0.009 0.008 0.009 0.009 0.923 0.008 0.008 0.009 
318 COPE-0318    (0)   :  0.113 0.108 0.116 0.115 0.109 0.104 0.005 0.107 0.106 0.117 
319 COPE-0319    (0)   :  0.101 0.112 0.121 0.112 0.101 0.130 0.007 0.115 0.098 0.103 
320 COPE-0320   (14)   :  0.091 0.109 0.115 0.112 0.113 0.112 0.015 0.115 0.108 0.111 
321 COPE-0321   (14)   :  0.091 0.121 0.113 0.104 0.133 0.106 0.011 0.101 0.104 0.117 
322 COPE-0322   (14)   :  0.107 0.108 0.109 0.127 0.108 0.098 0.006 0.109 0.113 0.114 
323 COPE-0323    (0)   :  0.076 0.133 0.128 0.086 0.164 0.105 0.009 0.088 0.090 0.120 
324 COPE-0324    (0)   :  0.075 0.103 0.087 0.159 0.121 0.099 0.006 0.102 0.137 0.112 
325 COPE-0325   (14)   :  0.052 0.119 0.117 0.095 0.097 0.123 0.011 0.140 0.128 0.118 
326 COPE-0326    (0)   :  0.072 0.123 0.110 0.106 0.112 0.128 0.007 0.118 0.116 0.108 
327 COPE-0327   (14)   :  0.133 0.098 0.107 0.111 0.108 0.111 0.008 0.105 0.109 0.110 
328 COPE-0328    (0)   :  0.109 0.110 0.107 0.115 0.113 0.100 0.006 0.110 0.113 0.117 
329 COPE-0329   (28)   :  0.091 0.109 0.091 0.139 0.119 0.100 0.013 0.102 0.130 0.106 
330 COPE-0330    (0)   :  0.081 0.110 0.118 0.115 0.123 0.113 0.021 0.100 0.101 0.119 
331 COPE-0331    (0)   :  0.073 0.113 0.110 0.118 0.119 0.114 0.006 0.116 0.112 0.117 
332 COPE-0332   (14)   :  0.149 0.113 0.101 0.094 0.114 0.101 0.007 0.104 0.111 0.106 
333 COPE-0333    (0)   :  0.118 0.086 0.089 0.097 0.093 0.089 0.151 0.091 0.093 0.094 
334 COPE-0334   (28)   :  0.042 0.053 0.052 0.043 0.063 0.047 0.564 0.043 0.042 0.051 
335 COPE-0335    (0)   :  0.067 0.097 0.082 0.169 0.126 0.098 0.007 0.100 0.139 0.114 
336 COPE-0336    (0)   :  0.262 0.083 0.088 0.104 0.094 0.093 0.006 0.087 0.090 0.093 
337 COPE-0337   (28)   :  0.019 0.017 0.016 0.021 0.018 0.016 0.839 0.017 0.019 0.018 
338 COPE-0338    (0)   :  0.106 0.116 0.114 0.102 0.129 0.106 0.020 0.095 0.096 0.115 
339 COPE-0339    (0)   :  0.050 0.122 0.121 0.098 0.093 0.130 0.006 0.139 0.127 0.114 
340 COPE-0340   (14)   :  0.012 0.012 0.012 0.013 0.012 0.012 0.890 0.012 0.012 0.012 
341 COPE-0341    (0)   :  0.102 0.114 0.120 0.111 0.103 0.128 0.007 0.117 0.095 0.103 
342 COPE-0342    (0)   :  0.072 0.099 0.090 0.169 0.115 0.095 0.007 0.103 0.137 0.113 
343 COPE-0343    (0)   :  0.088 0.122 0.111 0.103 0.112 0.113 0.006 0.116 0.119 0.111 
344 COPE-0344   (14)   :  0.010 0.011 0.011 0.011 0.012 0.011 0.901 0.011 0.010 0.011 
345 COPE-0345    (0)   :  0.106 0.114 0.123 0.106 0.099 0.129 0.006 0.117 0.095 0.105 
346 COPE-0346    (0)   :  0.176 0.091 0.099 0.113 0.101 0.095 0.031 0.099 0.093 0.103 
347 COPE-0347    (0)   :  0.157 0.098 0.117 0.101 0.092 0.105 0.006 0.106 0.106 0.112 
348 COPE-0348    (0)   :  0.100 0.110 0.116 0.104 0.110 0.109 0.015 0.110 0.112 0.114 
349 COPE-0349    (0)   :  0.083 0.105 0.097 0.151 0.112 0.097 0.006 0.106 0.127 0.114 
350 COPE-0350    (0)   :  0.147 0.097 0.115 0.109 0.097 0.101 0.006 0.109 0.106 0.114 
351 COPE-0351    (0)   :  0.095 0.096 0.130 0.118 0.098 0.107 0.006 0.111 0.115 0.124 
352 COPE-0352    (0)   :  0.239 0.088 0.088 0.102 0.090 0.087 0.026 0.089 0.097 0.094 
353 COPE-0353    (0)   :  0.091 0.121 0.124 0.096 0.144 0.104 0.005 0.098 0.097 0.120 
354 COPE-0354    (0)   :  0.106 0.113 0.121 0.099 0.121 0.108 0.015 0.101 0.102 0.114 
355 COPE-0355    (0)   :  0.046 0.119 0.119 0.098 0.088 0.130 0.006 0.145 0.133 0.116 
356 COPE-0356    (0)   :  0.065 0.108 0.138 0.111 0.096 0.125 0.008 0.114 0.114 0.122 
357 COPE-0357    (0)   :  0.090 0.102 0.098 0.142 0.119 0.104 0.008 0.104 0.118 0.113 
358 COPE-0358    (0)   :  0.008 0.007 0.007 0.008 0.007 0.007 0.932 0.007 0.008 0.007 
359 COPE-0359   (14)   :  0.126 0.108 0.108 0.115 0.104 0.108 0.009 0.110 0.105 0.106 
360 COPE-0360    (0)   :  0.085 0.124 0.122 0.094 0.141 0.107 0.006 0.099 0.102 0.119 
361 COPE-0361    (0)   :  0.093 0.109 0.124 0.116 0.102 0.111 0.009 0.121 0.099 0.116 
362 COPE-0362    (0)   :  0.080 0.102 0.091 0.156 0.119 0.097 0.007 0.102 0.132 0.114 
363 COPE-0363   (14)   :  0.123 0.106 0.109 0.115 0.102 0.109 0.013 0.115 0.098 0.108 
364 COPE-0364    (0)   :  0.086 0.119 0.121 0.107 0.140 0.110 0.006 0.094 0.097 0.121 
365 COPE-0365    (0)   :  0.069 0.127 0.119 0.101 0.155 0.107 0.018 0.091 0.091 0.121 
366 COPE-0366    (0)   :  0.145 0.089 0.093 0.138 0.100 0.090 0.024 0.097 0.119 0.104 
367 COPE-0367   (14)   :  0.010 0.013 0.013 0.012 0.012 0.014 0.888 0.013 0.012 0.012 
368 COPE-0368    (0)   :  0.073 0.119 0.115 0.101 0.094 0.122 0.010 0.131 0.123 0.112 
369 COPE-0369    (0)   :  0.084 0.107 0.106 0.127 0.121 0.114 0.009 0.112 0.107 0.114 
370 COPE-0370   (28)   :  0.009 0.009 0.009 0.009 0.009 0.009 0.919 0.009 0.009 0.009 
371 COPE-0371    (0)   :  0.088 0.117 0.108 0.113 0.131 0.108 0.013 0.105 0.098 0.118 
372 COPE-0372    (0)   :  0.099 0.113 0.093 0.105 0.120 0.096 0.048 0.104 0.121 0.101 
373 COPE-0373   (14)   :  0.073 0.120 0.117 0.108 0.109 0.131 0.007 0.119 0.109 0.107 
374 COPE-0374    (0)   :  0.113 0.115 0.116 0.105 0.106 0.125 0.008 0.110 0.097 0.107 
375 COPE-0375   (14)   :  0.084 0.128 0.123 0.094 0.148 0.109 0.009 0.095 0.092 0.118 
376 COPE-0376   (14)   :  0.076 0.104 0.137 0.109 0.097 0.118 0.006 0.112 0.116 0.124 
377 COPE-0377    (0)   :  0.057 0.046 0.050 0.048 0.045 0.050 0.568 0.046 0.045 0.046 
378 COPE-0378    (0)   :  0.088 0.111 0.122 0.097 0.108 0.114 0.006 0.121 0.116 0.118 
379 COPE-0379    (0)   :  0.090 0.101 0.092 0.158 0.108 0.096 0.007 0.106 0.128 0.114 
380 COPE-0380   (28)   :  0.028 0.043 0.032 0.029 0.039 0.034 0.685 0.036 0.041 0.033 
381 COPE-0381    (0)   :  0.145 0.106 0.116 0.100 0.107 0.108 0.010 0.104 0.095 0.109 
382 COPE-0382    (0)   :  0.073 0.103 0.090 0.164 0.113 0.099 0.006 0.104 0.135 0.113 
383 COPE-0383    (0)   :  0.071 0.126 0.120 0.088 0.157 0.102 0.049 0.085 0.086 0.118 
384 COPE-0384    (0)   :  0.082 0.119 0.119 0.098 0.114 0.116 0.007 0.117 0.113 0.115 


Estimated Allele Frequencies in each cluster
First column gives estimated ancestral frequencies


Locus 1 : COPE5 
78 alleles
0.5% missing data
   1   (0.007) 0.004 0.001 0.001 0.001 0.001 0.001 0.702 0.001 0.001 0.001 
   2   (0.025) 0.025 0.023 0.026 0.023 0.023 0.026 0.011 0.025 0.023 0.024 
   3   (0.014) 0.014 0.014 0.016 0.013 0.012 0.017 0.001 0.016 0.014 0.014 
   4   (0.023) 0.023 0.024 0.025 0.027 0.022 0.025 0.001 0.026 0.027 0.025 
   5   (0.012) 0.011 0.009 0.008 0.012 0.010 0.009 0.001 0.009 0.010 0.010 
   6   (0.020) 0.019 0.017 0.017 0.020 0.017 0.018 0.003 0.018 0.018 0.017 
   7   (0.008) 0.005 0.003 0.004 0.003 0.003 0.004 0.001 0.003 0.003 0.003 
   8   (0.031) 0.066 0.108 0.087 0.078 0.094 0.098 0.002 0.100 0.099 0.083 
   9   (0.020) 0.021 0.021 0.022 0.023 0.021 0.021 0.001 0.022 0.021 0.021 
  10   (0.019) 0.019 0.019 0.020 0.020 0.021 0.019 0.001 0.019 0.019 0.021 
  11   (0.014) 0.014 0.016 0.015 0.015 0.019 0.015 0.012 0.014 0.013 0.016 
  12   (0.016) 0.020 0.024 0.023 0.024 0.024 0.024 0.001 0.024 0.024 0.024 
  13   (0.011) 0.012 0.011 0.011 0.011 0.011 0.011 0.001 0.011 0.011 0.011 
  14   (0.025) 0.026 0.026 0.027 0.028 0.027 0.028 0.002 0.027 0.027 0.028 
  15   (0.016) 0.021 0.034 0.034 0.028 0.029 0.035 0.001 0.039 0.036 0.034 
  16   (0.010) 0.008 0.005 0.006 0.006 0.005 0.006 0.001 0.006 0.006 0.006 
  17   (0.018) 0.016 0.014 0.014 0.015 0.014 0.014 0.001 0.014 0.014 0.014 
  18   (0.017) 0.016 0.012 0.012 0.016 0.013 0.012 0.006 0.013 0.014 0.013 
  19   (0.011) 0.010 0.009 0.008 0.014 0.010 0.009 0.001 0.009 0.011 0.010 
  20   (0.029) 0.039 0.057 0.054 0.052 0.057 0.055 0.002 0.054 0.053 0.056 
  21   (0.023) 0.022 0.021 0.021 0.024 0.022 0.022 0.001 0.022 0.023 0.022 
  22   (0.019) 0.017 0.015 0.015 0.016 0.016 0.014 0.007 0.015 0.015 0.015 
  23   (0.013) 0.013 0.011 0.010 0.014 0.011 0.011 0.001 0.011 0.012 0.011 
  24   (0.014) 0.017 0.019 0.022 0.017 0.020 0.019 0.001 0.018 0.018 0.021 
  25   (0.009) 0.008 0.007 0.008 0.008 0.008 0.008 0.001 0.008 0.007 0.008 
  26   (0.013) 0.011 0.008 0.009 0.009 0.008 0.008 0.001 0.009 0.008 0.009 
  27   (0.013) 0.011 0.008 0.011 0.010 0.008 0.009 0.001 0.010 0.009 0.010 
  28   (0.008) 0.006 0.002 0.003 0.003 0.002 0.003 0.016 0.002 0.003 0.003 
  29   (0.015) 0.013 0.009 0.012 0.011 0.010 0.011 0.001 0.011 0.011 0.012 
  30   (0.019) 0.019 0.019 0.020 0.022 0.021 0.021 0.003 0.020 0.019 0.020 
  31   (0.019) 0.018 0.018 0.018 0.020 0.018 0.019 0.001 0.019 0.020 0.019 
  32   (0.024) 0.033 0.037 0.034 0.047 0.043 0.036 0.001 0.036 0.041 0.039 
  33   (0.006) 0.004 0.002 0.002 0.002 0.002 0.002 0.000 0.002 0.002 0.002 
  34   (0.018) 0.018 0.020 0.020 0.019 0.021 0.020 0.001 0.019 0.018 0.020 
  35   (0.006) 0.003 0.001 0.001 0.001 0.001 0.001 0.056 0.001 0.001 0.001 
  36   (0.006) 0.004 0.002 0.002 0.002 0.002 0.002 0.000 0.002 0.002 0.002 
  37   (0.020) 0.022 0.028 0.028 0.022 0.028 0.025 0.014 0.025 0.024 0.027 
  38   (0.016) 0.013 0.012 0.014 0.012 0.011 0.013 0.006 0.013 0.013 0.013 
  39   (0.015) 0.018 0.022 0.018 0.017 0.020 0.019 0.001 0.019 0.021 0.018 
  40   (0.012) 0.011 0.008 0.008 0.011 0.010 0.009 0.001 0.009 0.010 0.009 
  41   (0.009) 0.006 0.004 0.005 0.005 0.004 0.004 0.001 0.005 0.005 0.005 
  42   (0.006) 0.004 0.002 0.002 0.002 0.002 0.002 0.000 0.002 0.002 0.002 
  43   (0.009) 0.007 0.004 0.005 0.005 0.004 0.005 0.001 0.005 0.004 0.005 
  44   (0.022) 0.024 0.027 0.030 0.027 0.024 0.031 0.001 0.028 0.025 0.026 
  45   (0.006) 0.004 0.002 0.002 0.002 0.002 0.002 0.000 0.002 0.002 0.002 
