

----------------------------------------------------
STRUCTURE by Pritchard, Stephens and Donnelly (2000)
     and Falush, Stephens and Pritchard (2003)
       Code by Pritchard, Falush and Hubisz
             Version 2.3.4 (Jul 2012)
----------------------------------------------------



Command line arguments:   /home/jason/Programs/structure -K 5 -i ../Data/microsats.structure -m Structure_Run/mainparams -e Structure_Run/extraparams -D 93875128 -o ../Structure_Results/03_K_05.out 
Input File:    ../Data/microsats.structure

Run parameters:
   384 individuals
   7 loci
   5 populations assumed
   1000000 Burn-in period
   10000000 Reps
RANDOMIZE turned off


--------------------------------------------
Overall proportion of membership of the
sample in each of the 5 clusters

Inferred Clusters
  1      2      3      4      5    
0.129  0.218  0.217  0.218  0.218  

--------------------------------------------

Allele-freq. divergence among pops (Net nucleotide distance),
computed using point estimates of P.

      1       2       3       4       5      
 1      -    0.1417  0.1432  0.1430  0.1418  
 2   0.1417     -    0.0001  0.0001  0.0000  
 3   0.1432  0.0001     -    0.0000  0.0001  
 4   0.1430  0.0001  0.0000     -    0.0000  
 5   0.1418  0.0000  0.0001  0.0000     -    

Average distances (expected heterozygosity) between individuals in same cluster:
cluster  1  : 0.6683 
cluster  2  : 0.6255 
cluster  3  : 0.6209 
cluster  4  : 0.6223 
cluster  5  : 0.6253 

--------------------------------------------
Estimated Ln Prob of Data   = -8814.0
Mean value of ln likelihood = -8220.1
Variance of ln likelihood   = 1187.9
Mean value of alpha         = 0.0428

Mean value of Fst_1         = 0.1351
Mean value of Fst_2         = 0.0381
Mean value of Fst_3         = 0.0406
Mean value of Fst_4         = 0.0403
Mean value of Fst_5         = 0.0386


Inferred ancestry of individuals:
        Label (%Miss) :  Inferred clusters
  1 COPE-0001    (0)   :  0.970 0.007 0.007 0.007 0.007 
  2 COPE-0002    (0)   :  0.011 0.283 0.206 0.224 0.276 
  3 COPE-0003    (0)   :  0.006 0.256 0.259 0.235 0.244 
  4 COPE-0004    (0)   :  0.017 0.277 0.202 0.225 0.279 
  5 COPE-0005    (0)   :  0.018 0.240 0.243 0.256 0.244 
  6 COPE-0006    (0)   :  0.019 0.259 0.231 0.234 0.257 
  7 COPE-0007    (0)   :  0.007 0.233 0.259 0.263 0.239 
  8 COPE-0008    (0)   :  0.008 0.230 0.252 0.269 0.241 
  9 COPE-0009    (0)   :  0.016 0.254 0.249 0.238 0.242 
 10 COPE-0010    (0)   :  0.007 0.257 0.247 0.243 0.245 
 11 COPE-0011   (14)   :  0.954 0.013 0.011 0.011 0.012 
 12 COPE-0012   (14)   :  0.007 0.229 0.256 0.264 0.244 
 13 COPE-0013    (0)   :  0.006 0.260 0.262 0.231 0.242 
 14 COPE-0014    (0)   :  0.012 0.231 0.270 0.257 0.229 
 15 COPE-0015    (0)   :  0.007 0.226 0.269 0.267 0.231 
 16 COPE-0016    (0)   :  0.010 0.246 0.251 0.256 0.238 
 17 COPE-0017    (0)   :  0.851 0.036 0.039 0.038 0.036 
 18 COPE-0018    (0)   :  0.008 0.259 0.237 0.236 0.260 
 19 COPE-0019    (0)   :  0.006 0.244 0.258 0.247 0.245 
 20 COPE-0020    (0)   :  0.008 0.249 0.249 0.251 0.242 
 21 COPE-0021    (0)   :  0.006 0.227 0.266 0.263 0.238 
 22 COPE-0022    (0)   :  0.007 0.246 0.240 0.255 0.252 
 23 COPE-0023    (0)   :  0.008 0.283 0.211 0.220 0.278 
 24 COPE-0024   (14)   :  0.006 0.232 0.256 0.263 0.243 
 25 COPE-0025    (0)   :  0.086 0.246 0.213 0.217 0.237 
 26 COPE-0026    (0)   :  0.005 0.224 0.265 0.270 0.236 
 27 COPE-0027    (0)   :  0.006 0.247 0.260 0.244 0.244 
 28 COPE-0028    (0)   :  0.006 0.241 0.253 0.259 0.241 
 29 COPE-0029    (0)   :  0.005 0.229 0.259 0.272 0.235 
 30 COPE-0030   (14)   :  0.847 0.040 0.035 0.037 0.041 
 31 COPE-0031    (0)   :  0.010 0.225 0.261 0.266 0.238 
 32 COPE-0032    (0)   :  0.009 0.274 0.225 0.228 0.264 
 33 COPE-0033    (0)   :  0.010 0.272 0.230 0.228 0.259 
 34 COPE-0034    (0)   :  0.010 0.228 0.259 0.265 0.238 
 35 COPE-0035   (14)   :  0.008 0.265 0.235 0.236 0.256 
 36 COPE-0036   (14)   :  0.006 0.252 0.237 0.243 0.262 
 37 COPE-0037    (0)   :  0.022 0.243 0.250 0.244 0.240 
 38 COPE-0038    (0)   :  0.006 0.228 0.267 0.264 0.234 
 39 COPE-0039    (0)   :  0.162 0.217 0.208 0.201 0.213 
 40 COPE-0040   (14)   :  0.103 0.229 0.225 0.217 0.225 
 41 COPE-0041    (0)   :  0.032 0.253 0.231 0.233 0.251 
 42 COPE-0042    (0)   :  0.010 0.255 0.258 0.240 0.238 
 43 COPE-0043    (0)   :  0.005 0.276 0.214 0.231 0.274 
 44 COPE-0044    (0)   :  0.019 0.269 0.215 0.230 0.268 
 45 COPE-0045    (0)   :  0.032 0.258 0.219 0.229 0.261 
 46 COPE-0046    (0)   :  0.887 0.028 0.029 0.027 0.028 
 47 COPE-0047    (0)   :  0.972 0.007 0.007 0.007 0.007 
 48 COPE-0048    (0)   :  0.007 0.260 0.253 0.242 0.238 
 49 COPE-0049    (0)   :  0.015 0.277 0.207 0.226 0.275 
 50 COPE-0050    (0)   :  0.007 0.258 0.255 0.232 0.247 
 51 COPE-0051    (0)   :  0.130 0.225 0.206 0.211 0.228 
 52 COPE-0052    (0)   :  0.011 0.225 0.270 0.266 0.228 
 53 COPE-0053    (0)   :  0.013 0.232 0.257 0.262 0.237 
 54 COPE-0054    (0)   :  0.005 0.228 0.263 0.269 0.235 
 55 COPE-0055    (0)   :  0.005 0.233 0.253 0.268 0.240 
 56 COPE-0056    (0)   :  0.017 0.256 0.232 0.237 0.258 
 57 COPE-0057    (0)   :  0.010 0.254 0.247 0.240 0.249 
 58 COPE-0058    (0)   :  0.009 0.271 0.219 0.228 0.273 
 59 COPE-0059    (0)   :  0.029 0.246 0.258 0.234 0.234 
 60 COPE-0060    (0)   :  0.007 0.270 0.227 0.234 0.262 
 61 COPE-0061    (0)   :  0.015 0.239 0.257 0.248 0.240 
 62 COPE-0062    (0)   :  0.011 0.222 0.273 0.261 0.234 
 63 COPE-0063    (0)   :  0.025 0.227 0.248 0.262 0.238 
 64 COPE-0064    (0)   :  0.010 0.239 0.257 0.254 0.239 
 65 COPE-0065    (0)   :  0.978 0.005 0.005 0.005 0.005 
 66 COPE-0066    (0)   :  0.014 0.257 0.254 0.241 0.234 
 67 COPE-0067   (14)   :  0.908 0.023 0.023 0.023 0.023 
 68 COPE-0068    (0)   :  0.010 0.254 0.264 0.232 0.239 
 69 COPE-0069   (14)   :  0.014 0.231 0.269 0.257 0.228 
 70 COPE-0070    (0)   :  0.013 0.261 0.217 0.241 0.268 
 71 COPE-0071    (0)   :  0.004 0.243 0.261 0.257 0.235 
 72 COPE-0072    (0)   :  0.007 0.268 0.239 0.231 0.255 
 73 COPE-0073   (14)   :  0.827 0.041 0.044 0.046 0.042 
 74 COPE-0074    (0)   :  0.008 0.260 0.245 0.240 0.247 
 75 COPE-0075    (0)   :  0.021 0.257 0.230 0.234 0.257 
 76 COPE-0076    (0)   :  0.006 0.238 0.261 0.256 0.240 
 77 COPE-0077   (14)   :  0.008 0.251 0.253 0.242 0.246 
 78 COPE-0078   (14)   :  0.008 0.238 0.246 0.261 0.247 
 79 COPE-0079    (0)   :  0.012 0.289 0.189 0.219 0.291 
 80 COPE-0080   (42)   :  0.914 0.022 0.022 0.021 0.022 
 81 COPE-0081   (14)   :  0.539 0.111 0.117 0.119 0.114 
 82 COPE-0082   (14)   :  0.040 0.237 0.233 0.244 0.246 
 83 COPE-0083   (14)   :  0.008 0.220 0.279 0.264 0.228 
 84 COPE-0084    (0)   :  0.331 0.173 0.161 0.167 0.168 
 85 COPE-0085    (0)   :  0.010 0.266 0.221 0.235 0.268 
 86 COPE-0086    (0)   :  0.023 0.266 0.219 0.229 0.264 
 87 COPE-0087   (14)   :  0.007 0.273 0.230 0.230 0.259 
 88 COPE-0088   (14)   :  0.025 0.262 0.223 0.234 0.256 
 89 COPE-0089   (14)   :  0.972 0.007 0.007 0.007 0.007 
 90 COPE-0090    (0)   :  0.007 0.233 0.251 0.267 0.242 
 91 COPE-0091   (14)   :  0.006 0.260 0.245 0.241 0.248 
 92 COPE-0092   (28)   :  0.895 0.028 0.025 0.025 0.027 
 93 COPE-0093    (0)   :  0.007 0.231 0.254 0.266 0.242 
 94 COPE-0094    (0)   :  0.050 0.279 0.181 0.208 0.281 
 95 COPE-0095    (0)   :  0.005 0.231 0.262 0.264 0.238 
 96 COPE-0096    (0)   :  0.008 0.230 0.263 0.265 0.233 
 97 COPE-0097    (0)   :  0.008 0.225 0.269 0.267 0.231 
 98 COPE-0098    (0)   :  0.008 0.225 0.261 0.267 0.238 
 99 COPE-0099    (0)   :  0.020 0.256 0.255 0.229 0.240 
100 COPE-0100    (0)   :  0.007 0.246 0.257 0.247 0.243 
101 COPE-0101    (0)   :  0.044 0.242 0.240 0.236 0.238 
102 COPE-0102    (0)   :  0.006 0.262 0.235 0.237 0.259 
103 COPE-0103    (0)   :  0.017 0.257 0.220 0.240 0.265 
104 COPE-0104   (14)   :  0.007 0.246 0.253 0.256 0.238 
105 COPE-0105    (0)   :  0.036 0.224 0.251 0.255 0.234 
106 COPE-0106    (0)   :  0.005 0.223 0.272 0.270 0.230 
107 COPE-0107    (0)   :  0.941 0.015 0.014 0.015 0.015 
108 COPE-0108    (0)   :  0.006 0.226 0.268 0.262 0.239 
109 COPE-0109    (0)   :  0.014 0.270 0.220 0.229 0.268 
110 COPE-0110   (14)   :  0.015 0.235 0.251 0.256 0.243 
111 COPE-0111    (0)   :  0.010 0.241 0.253 0.254 0.242 
112 COPE-0112   (14)   :  0.011 0.256 0.252 0.242 0.239 
113 COPE-0113    (0)   :  0.025 0.247 0.245 0.240 0.243 
114 COPE-0114    (0)   :  0.011 0.230 0.257 0.260 0.242 
115 COPE-0115    (0)   :  0.914 0.021 0.022 0.022 0.021 
116 COPE-0116   (28)   :  0.964 0.009 0.009 0.009 0.009 
117 COPE-0117    (0)   :  0.014 0.235 0.253 0.258 0.239 
118 COPE-0118    (0)   :  0.011 0.222 0.275 0.266 0.227 
119 COPE-0119    (0)   :  0.010 0.229 0.265 0.262 0.234 
120 COPE-0120    (0)   :  0.012 0.263 0.237 0.234 0.255 
121 COPE-0121    (0)   :  0.061 0.218 0.252 0.245 0.224 
122 COPE-0122    (0)   :  0.007 0.287 0.212 0.219 0.275 
123 COPE-0123    (0)   :  0.014 0.279 0.212 0.222 0.274 
124 COPE-0124    (0)   :  0.013 0.275 0.212 0.224 0.276 
125 COPE-0125    (0)   :  0.007 0.231 0.262 0.265 0.236 
126 COPE-0126    (0)   :  0.015 0.223 0.260 0.269 0.234 
127 COPE-0127   (14)   :  0.007 0.235 0.254 0.259 0.246 
128 COPE-0128    (0)   :  0.021 0.252 0.236 0.235 0.256 
129 COPE-0129    (0)   :  0.007 0.277 0.211 0.227 0.278 
130 COPE-0130    (0)   :  0.012 0.250 0.257 0.239 0.242 
131 COPE-0131   (14)   :  0.011 0.234 0.267 0.253 0.234 
132 COPE-0132   (14)   :  0.032 0.219 0.264 0.259 0.226 
133 COPE-0133    (0)   :  0.013 0.262 0.231 0.242 0.252 
134 COPE-0134    (0)   :  0.007 0.272 0.224 0.231 0.265 
135 COPE-0135    (0)   :  0.009 0.258 0.241 0.247 0.245 
136 COPE-0136    (0)   :  0.955 0.011 0.011 0.011 0.011 
137 COPE-0137    (0)   :  0.012 0.263 0.247 0.233 0.245 
138 COPE-0138   (14)   :  0.971 0.007 0.007 0.007 0.007 
139 COPE-0139    (0)   :  0.008 0.257 0.252 0.237 0.245 
140 COPE-0140   (14)   :  0.920 0.020 0.020 0.020 0.020 
141 COPE-0141    (0)   :  0.009 0.242 0.240 0.255 0.255 
142 COPE-0142    (0)   :  0.008 0.237 0.250 0.261 0.243 
143 COPE-0143    (0)   :  0.008 0.256 0.227 0.249 0.259 
144 COPE-0144   (14)   :  0.518 0.132 0.105 0.113 0.131 
145 COPE-0145   (14)   :  0.419 0.163 0.131 0.130 0.156 
146 COPE-0146   (14)   :  0.029 0.226 0.250 0.258 0.236 
147 COPE-0147    (0)   :  0.071 0.257 0.196 0.219 0.257 
148 COPE-0148    (0)   :  0.011 0.243 0.240 0.260 0.245 
149 COPE-0149    (0)   :  0.007 0.258 0.253 0.237 0.245 
150 COPE-0150    (0)   :  0.012 0.266 0.249 0.234 0.240 
151 COPE-0151    (0)   :  0.007 0.241 0.250 0.252 0.250 
152 COPE-0152   (14)   :  0.120 0.216 0.212 0.231 0.221 
153 COPE-0153    (0)   :  0.006 0.248 0.244 0.255 0.248 
154 COPE-0154    (0)   :  0.006 0.240 0.260 0.252 0.242 
155 COPE-0155    (0)   :  0.006 0.258 0.248 0.238 0.251 
156 COPE-0156   (14)   :  0.968 0.008 0.008 0.008 0.008 
157 COPE-0157   (14)   :  0.370 0.157 0.147 0.163 0.164 
158 COPE-0158    (0)   :  0.009 0.246 0.259 0.253 0.233 
159 COPE-0159    (0)   :  0.007 0.232 0.258 0.265 0.239 
160 COPE-0160    (0)   :  0.006 0.265 0.219 0.236 0.275 
161 COPE-0161    (0)   :  0.011 0.265 0.230 0.232 0.262 
162 COPE-0162   (14)   :  0.974 0.006 0.007 0.006 0.006 
163 COPE-0163   (28)   :  0.951 0.012 0.012 0.012 0.012 
164 COPE-0164    (0)   :  0.039 0.242 0.233 0.237 0.249 
165 COPE-0165    (0)   :  0.008 0.258 0.247 0.239 0.248 
166 COPE-0166   (14)   :  0.008 0.281 0.209 0.226 0.277 
167 COPE-0167    (0)   :  0.007 0.265 0.214 0.241 0.272 
168 COPE-0168    (0)   :  0.006 0.233 0.262 0.266 0.233 
169 COPE-0169    (0)   :  0.015 0.253 0.262 0.233 0.238 
170 COPE-0170    (0)   :  0.043 0.233 0.243 0.246 0.235 
171 COPE-0171    (0)   :  0.009 0.230 0.267 0.268 0.226 
172 COPE-0172    (0)   :  0.006 0.241 0.248 0.258 0.247 
173 COPE-0173   (14)   :  0.067 0.245 0.237 0.220 0.231 
174 COPE-0174   (28)   :  0.024 0.259 0.223 0.237 0.257 
175 COPE-0175    (0)   :  0.037 0.254 0.217 0.238 0.254 
176 COPE-0176    (0)   :  0.010 0.235 0.247 0.261 0.248 
177 COPE-0177    (0)   :  0.007 0.254 0.252 0.239 0.248 
178 COPE-0178    (0)   :  0.008 0.226 0.262 0.265 0.240 
179 COPE-0179    (0)   :  0.008 0.259 0.239 0.236 0.258 
180 COPE-0180   (14)   :  0.006 0.262 0.256 0.233 0.243 
181 COPE-0181   (14)   :  0.010 0.258 0.252 0.233 0.248 
182 COPE-0182    (0)   :  0.005 0.226 0.260 0.266 0.243 
183 COPE-0183    (0)   :  0.011 0.250 0.244 0.243 0.252 
184 COPE-0184    (0)   :  0.009 0.239 0.248 0.258 0.246 
185 COPE-0185    (0)   :  0.007 0.232 0.265 0.260 0.237 
186 COPE-0186    (0)   :  0.006 0.219 0.278 0.267 0.230 
187 COPE-0187    (0)   :  0.011 0.248 0.242 0.246 0.254 
188 COPE-0188    (0)   :  0.935 0.017 0.015 0.016 0.017 
189 COPE-0189    (0)   :  0.010 0.258 0.259 0.235 0.238 
190 COPE-0190    (0)   :  0.015 0.280 0.207 0.219 0.280 
191 COPE-0191    (0)   :  0.012 0.246 0.248 0.246 0.248 
192 COPE-0192   (14)   :  0.964 0.009 0.009 0.009 0.009 
193 COPE-0193    (0)   :  0.007 0.239 0.251 0.256 0.247 
194 COPE-0194    (0)   :  0.011 0.251 0.253 0.248 0.237 
195 COPE-0195    (0)   :  0.007 0.261 0.233 0.238 0.260 
196 COPE-0196    (0)   :  0.010 0.259 0.234 0.240 0.257 
197 COPE-0197    (0)   :  0.007 0.260 0.253 0.234 0.246 
198 COPE-0198    (0)   :  0.012 0.233 0.267 0.255 0.234 
199 COPE-0199    (0)   :  0.012 0.249 0.260 0.236 0.243 
200 COPE-0200   (42)   :  0.010 0.255 0.258 0.234 0.243 
201 COPE-0201    (0)   :  0.008 0.225 0.263 0.265 0.240 
202 COPE-0202    (0)   :  0.017 0.252 0.225 0.249 0.257 
203 COPE-0203    (0)   :  0.006 0.244 0.250 0.255 0.245 
204 COPE-0204    (0)   :  0.043 0.223 0.251 0.251 0.232 
205 COPE-0205    (0)   :  0.021 0.242 0.239 0.249 0.248 
206 COPE-0206    (0)   :  0.005 0.230 0.269 0.261 0.236 
207 COPE-0207    (0)   :  0.011 0.225 0.272 0.266 0.227 
208 COPE-0208    (0)   :  0.913 0.022 0.022 0.022 0.021 
209 COPE-0209    (0)   :  0.007 0.252 0.261 0.243 0.237 
210 COPE-0210    (0)   :  0.010 0.243 0.267 0.255 0.226 
211 COPE-0211    (0)   :  0.005 0.262 0.255 0.241 0.237 
212 COPE-0212    (0)   :  0.011 0.227 0.268 0.264 0.231 
213 COPE-0213    (0)   :  0.007 0.243 0.252 0.245 0.253 
214 COPE-0214    (0)   :  0.009 0.256 0.262 0.235 0.238 
215 COPE-0215    (0)   :  0.034 0.253 0.253 0.225 0.235 
216 COPE-0216   (14)   :  0.596 0.107 0.094 0.097 0.106 
217 COPE-0217    (0)   :  0.028 0.226 0.258 0.258 0.230 
218 COPE-0218    (0)   :  0.009 0.241 0.257 0.251 0.243 
219 COPE-0219   (14)   :  0.009 0.252 0.257 0.239 0.242 
220 COPE-0220    (0)   :  0.014 0.233 0.257 0.254 0.241 
221 COPE-0221    (0)   :  0.018 0.237 0.249 0.259 0.237 
222 COPE-0222    (0)   :  0.006 0.224 0.263 0.271 0.236 
223 COPE-0223    (0)   :  0.008 0.280 0.228 0.220 0.263 
224 COPE-0224    (0)   :  0.024 0.273 0.195 0.228 0.281 
225 COPE-0225    (0)   :  0.017 0.251 0.261 0.235 0.236 
226 COPE-0226    (0)   :  0.009 0.246 0.241 0.257 0.247 
227 COPE-0227    (0)   :  0.006 0.233 0.271 0.258 0.232 
228 COPE-0228    (0)   :  0.033 0.243 0.236 0.245 0.243 
229 COPE-0229    (0)   :  0.008 0.247 0.252 0.249 0.245 
230 COPE-0230    (0)   :  0.009 0.233 0.255 0.261 0.241 
231 COPE-0231    (0)   :  0.006 0.255 0.254 0.239 0.246 
232 COPE-0232    (0)   :  0.014 0.273 0.214 0.222 0.276 
233 COPE-0233    (0)   :  0.005 0.229 0.259 0.266 0.242 
234 COPE-0234    (0)   :  0.008 0.287 0.199 0.220 0.286 
235 COPE-0235    (0)   :  0.005 0.284 0.211 0.222 0.277 
236 COPE-0236    (0)   :  0.005 0.226 0.264 0.270 0.236 
237 COPE-0237    (0)   :  0.006 0.233 0.265 0.260 0.236 
238 COPE-0238    (0)   :  0.007 0.255 0.259 0.235 0.244 
239 COPE-0239    (0)   :  0.035 0.269 0.202 0.225 0.269 
240 COPE-0240    (0)   :  0.008 0.235 0.258 0.265 0.234 
241 COPE-0241    (0)   :  0.007 0.259 0.262 0.230 0.242 
242 COPE-0242    (0)   :  0.007 0.237 0.257 0.259 0.240 
243 COPE-0243    (0)   :  0.008 0.268 0.228 0.231 0.266 
244 COPE-0244    (0)   :  0.009 0.268 0.229 0.232 0.262 
245 COPE-0245    (0)   :  0.015 0.248 0.241 0.246 0.250 
246 COPE-0246    (0)   :  0.013 0.269 0.215 0.230 0.272 
247 COPE-0247    (0)   :  0.018 0.242 0.258 0.246 0.237 
248 COPE-0248    (0)   :  0.005 0.231 0.260 0.262 0.243 
249 COPE-0249    (0)   :  0.039 0.269 0.202 0.218 0.270 
250 COPE-0250    (0)   :  0.018 0.278 0.205 0.225 0.275 
251 COPE-0251   (14)   :  0.894 0.025 0.028 0.028 0.025 
252 COPE-0252    (0)   :  0.012 0.284 0.198 0.221 0.285 
253 COPE-0253    (0)   :  0.008 0.234 0.255 0.264 0.238 
254 COPE-0254    (0)   :  0.011 0.234 0.251 0.257 0.247 
255 COPE-0255    (0)   :  0.025 0.236 0.253 0.251 0.235 
256 COPE-0256    (0)   :  0.011 0.234 0.255 0.267 0.234 
257 COPE-0257    (0)   :  0.009 0.233 0.265 0.255 0.238 
258 COPE-0258    (0)   :  0.028 0.234 0.254 0.247 0.236 
259 COPE-0259    (0)   :  0.007 0.244 0.254 0.252 0.243 
260 COPE-0260    (0)   :  0.028 0.250 0.250 0.232 0.240 
261 COPE-0261    (0)   :  0.006 0.229 0.261 0.265 0.239 
262 COPE-0262    (0)   :  0.032 0.263 0.218 0.227 0.260 
263 COPE-0263    (0)   :  0.009 0.230 0.269 0.259 0.233 
264 COPE-0264    (0)   :  0.025 0.237 0.252 0.246 0.240 
265 COPE-0265    (0)   :  0.010 0.228 0.260 0.262 0.241 
266 COPE-0266    (0)   :  0.018 0.248 0.236 0.243 0.255 
267 COPE-0267    (0)   :  0.006 0.230 0.255 0.264 0.245 
268 COPE-0268    (0)   :  0.012 0.224 0.263 0.263 0.238 
269 COPE-0269    (0)   :  0.007 0.267 0.224 0.237 0.265 
270 COPE-0270    (0)   :  0.008 0.266 0.253 0.237 0.236 
271 COPE-0271    (0)   :  0.008 0.276 0.232 0.228 0.257 
272 COPE-0272    (0)   :  0.007 0.252 0.234 0.250 0.257 
273 COPE-0273    (0)   :  0.013 0.222 0.268 0.263 0.234 
274 COPE-0274   (14)   :  0.939 0.016 0.015 0.015 0.015 
275 COPE-0275    (0)   :  0.011 0.270 0.241 0.228 0.250 
276 COPE-0276   (14)   :  0.977 0.006 0.006 0.006 0.006 
277 COPE-0277   (14)   :  0.016 0.226 0.262 0.264 0.232 
278 COPE-0278    (0)   :  0.007 0.227 0.261 0.267 0.238 
279 COPE-0279    (0)   :  0.008 0.263 0.228 0.235 0.266 
280 COPE-0280    (0)   :  0.951 0.012 0.012 0.012 0.012 
281 COPE-0281    (0)   :  0.906 0.024 0.024 0.023 0.023 
282 COPE-0282   (14)   :  0.007 0.284 0.192 0.227 0.290 
283 COPE-0283    (0)   :  0.008 0.232 0.257 0.263 0.240 
284 COPE-0284   (14)   :  0.035 0.259 0.240 0.223 0.244 
285 COPE-0285    (0)   :  0.877 0.030 0.032 0.031 0.030 
286 COPE-0286    (0)   :  0.012 0.267 0.239 0.231 0.250 
287 COPE-0287    (0)   :  0.050 0.217 0.254 0.254 0.226 
288 COPE-0288    (0)   :  0.010 0.240 0.246 0.261 0.243 
289 COPE-0289    (0)   :  0.008 0.229 0.261 0.263 0.238 
290 COPE-0290    (0)   :  0.008 0.262 0.259 0.235 0.236 
291 COPE-0291    (0)   :  0.006 0.246 0.260 0.249 0.239 
292 COPE-0292   (42)   :  0.947 0.014 0.013 0.013 0.013 
293 COPE-0293    (0)   :  0.008 0.227 0.260 0.267 0.237 
294 COPE-0294    (0)   :  0.011 0.269 0.222 0.227 0.271 
295 COPE-0295    (0)   :  0.008 0.239 0.241 0.263 0.249 
296 COPE-0296   (14)   :  0.007 0.245 0.251 0.259 0.238 
297 COPE-0297   (14)   :  0.039 0.248 0.252 0.226 0.234 
298 COPE-0298    (0)   :  0.012 0.261 0.222 0.237 0.268 
299 COPE-0299    (0)   :  0.006 0.237 0.258 0.263 0.236 
300 COPE-0300   (14)   :  0.007 0.233 0.260 0.263 0.236 
301 COPE-0301   (14)   :  0.012 0.230 0.253 0.266 0.239 
302 COPE-0302    (0)   :  0.326 0.153 0.184 0.179 0.158 
303 COPE-0303    (0)   :  0.006 0.240 0.251 0.250 0.252 
304 COPE-0304    (0)   :  0.007 0.248 0.238 0.252 0.256 
305 COPE-0305   (14)   :  0.048 0.261 0.206 0.226 0.258 
306 COPE-0306    (0)   :  0.011 0.224 0.273 0.266 0.227 
307 COPE-0307   (28)   :  0.970 0.007 0.008 0.008 0.008 
308 COPE-0308    (0)   :  0.007 0.277 0.198 0.233 0.285 
309 COPE-0309   (14)   :  0.731 0.072 0.062 0.064 0.071 
310 COPE-0310   (28)   :  0.872 0.030 0.035 0.033 0.031 
311 COPE-0311    (0)   :  0.022 0.234 0.255 0.254 0.234 
312 COPE-0312   (28)   :  0.960 0.010 0.010 0.010 0.010 
313 COPE-0313    (0)   :  0.009 0.230 0.268 0.259 0.234 
314 COPE-0314    (0)   :  0.008 0.230 0.260 0.262 0.240 
315 COPE-0315    (0)   :  0.008 0.244 0.256 0.248 0.245 
316 COPE-0316    (0)   :  0.020 0.255 0.249 0.237 0.240 
317 COPE-0317   (14)   :  0.969 0.008 0.008 0.008 0.008 
318 COPE-0318    (0)   :  0.005 0.257 0.246 0.239 0.252 
319 COPE-0319    (0)   :  0.007 0.276 0.214 0.232 0.272 
320 COPE-0320   (14)   :  0.015 0.257 0.226 0.240 0.262 
321 COPE-0321   (14)   :  0.011 0.229 0.270 0.258 0.232 
322 COPE-0322   (14)   :  0.006 0.268 0.238 0.232 0.256 
323 COPE-0323    (0)   :  0.017 0.219 0.276 0.262 0.226 
324 COPE-0324    (0)   :  0.007 0.248 0.266 0.241 0.238 
325 COPE-0325   (14)   :  0.014 0.233 0.261 0.262 0.230 
326 COPE-0326    (0)   :  0.007 0.235 0.244 0.264 0.250 
327 COPE-0327   (14)   :  0.011 0.243 0.242 0.254 0.251 
328 COPE-0328    (0)   :  0.005 0.254 0.248 0.241 0.251 
329 COPE-0329   (28)   :  0.013 0.244 0.260 0.241 0.243 
330 COPE-0330    (0)   :  0.021 0.235 0.248 0.255 0.241 
331 COPE-0331    (0)   :  0.006 0.231 0.254 0.271 0.238 
332 COPE-0332   (14)   :  0.007 0.246 0.243 0.245 0.259 
333 COPE-0333    (0)   :  0.129 0.207 0.221 0.229 0.215 
334 COPE-0334   (28)   :  0.799 0.047 0.054 0.052 0.049 
335 COPE-0335    (0)   :  0.007 0.255 0.265 0.237 0.237 
336 COPE-0336    (0)   :  0.006 0.255 0.245 0.244 0.251 
337 COPE-0337   (28)   :  0.925 0.019 0.019 0.018 0.018 
338 COPE-0338    (0)   :  0.021 0.223 0.265 0.259 0.233 
339 COPE-0339    (0)   :  0.007 0.224 0.262 0.271 0.236 
340 COPE-0340   (14)   :  0.957 0.011 0.011 0.011 0.011 
341 COPE-0341    (0)   :  0.007 0.276 0.205 0.233 0.280 
342 COPE-0342    (0)   :  0.008 0.260 0.260 0.230 0.242 
343 COPE-0343    (0)   :  0.006 0.227 0.262 0.268 0.236 
344 COPE-0344   (14)   :  0.965 0.009 0.009 0.009 0.009 
345 COPE-0345    (0)   :  0.007 0.278 0.206 0.234 0.277 
346 COPE-0346    (0)   :  0.034 0.263 0.217 0.227 0.259 
347 COPE-0347    (0)   :  0.007 0.234 0.257 0.260 0.241 
348 COPE-0348    (0)   :  0.015 0.239 0.253 0.255 0.239 
349 COPE-0349    (0)   :  0.006 0.269 0.247 0.228 0.249 
350 COPE-0350    (0)   :  0.006 0.263 0.246 0.242 0.244 
351 COPE-0351    (0)   :  0.006 0.247 0.259 0.252 0.236 
352 COPE-0352    (0)   :  0.026 0.249 0.243 0.236 0.246 
353 COPE-0353    (0)   :  0.006 0.247 0.253 0.246 0.249 
354 COPE-0354    (0)   :  0.016 0.232 0.259 0.256 0.238 
355 COPE-0355    (0)   :  0.007 0.241 0.255 0.259 0.239 
356 COPE-0356    (0)   :  0.007 0.238 0.248 0.255 0.252 
357 COPE-0357    (0)   :  0.009 0.252 0.254 0.244 0.241 
358 COPE-0358    (0)   :  0.972 0.007 0.007 0.007 0.007 
359 COPE-0359   (14)   :  0.008 0.274 0.218 0.228 0.272 
360 COPE-0360    (0)   :  0.007 0.226 0.270 0.263 0.234 
361 COPE-0361    (0)   :  0.007 0.280 0.210 0.221 0.281 
362 COPE-0362    (0)   :  0.007 0.258 0.262 0.235 0.239 
363 COPE-0363   (14)   :  0.014 0.274 0.208 0.225 0.278 
364 COPE-0364    (0)   :  0.006 0.238 0.257 0.258 0.242 
365 COPE-0365    (0)   :  0.027 0.219 0.270 0.259 0.225 
366 COPE-0366    (0)   :  0.021 0.257 0.253 0.231 0.237 
367 COPE-0367   (14)   :  0.963 0.009 0.009 0.009 0.009 
368 COPE-0368    (0)   :  0.009 0.226 0.260 0.269 0.236 
369 COPE-0369    (0)   :  0.009 0.243 0.252 0.255 0.242 
370 COPE-0370   (28)   :  0.969 0.008 0.008 0.008 0.008 
371 COPE-0371    (0)   :  0.012 0.224 0.273 0.264 0.227 
372 COPE-0372    (0)   :  0.046 0.222 0.260 0.250 0.221 
373 COPE-0373   (14)   :  0.007 0.241 0.243 0.259 0.250 
374 COPE-0374    (0)   :  0.008 0.248 0.237 0.249 0.259 
375 COPE-0375   (14)   :  0.014 0.240 0.254 0.251 0.241 
376 COPE-0376   (14)   :  0.006 0.236 0.254 0.255 0.248 
377 COPE-0377    (0)   :  0.709 0.075 0.070 0.071 0.075 
378 COPE-0378    (0)   :  0.007 0.233 0.267 0.263 0.231 
379 COPE-0379    (0)   :  0.008 0.258 0.260 0.232 0.243 
380 COPE-0380   (28)   :  0.871 0.031 0.034 0.034 0.031 
381 COPE-0381    (0)   :  0.015 0.249 0.237 0.247 0.251 
382 COPE-0382    (0)   :  0.006 0.255 0.263 0.235 0.242 
383 COPE-0383    (0)   :  0.184 0.188 0.223 0.213 0.191 
384 COPE-0384    (0)   :  0.008 0.224 0.272 0.266 0.230 


Estimated Allele Frequencies in each cluster
First column gives estimated ancestral frequencies


Locus 1 : COPE5 
78 alleles
0.5% missing data
   1   (0.007) 0.625 0.001 0.001 0.001 0.001 
   2   (0.024) 0.027 0.024 0.021 0.022 0.024 
   3   (0.013) 0.002 0.016 0.012 0.013 0.016 
   4   (0.022) 0.002 0.027 0.025 0.024 0.025 
   5   (0.011) 0.001 0.010 0.010 0.010 0.010 
   6   (0.019) 0.009 0.019 0.017 0.017 0.019 
   7   (0.007) 0.001 0.004 0.003 0.003 0.004 
   8   (0.036) 0.003 0.085 0.090 0.093 0.087 
   9   (0.019) 0.002 0.024 0.020 0.021 0.024 
  10   (0.019) 0.001 0.020 0.021 0.020 0.020 
  11   (0.015) 0.020 0.014 0.015 0.015 0.014 
  12   (0.017) 0.001 0.022 0.024 0.024 0.023 
  13   (0.011) 0.002 0.010 0.011 0.011 0.011 
  14   (0.023) 0.002 0.028 0.027 0.028 0.028 
  15   (0.018) 0.001 0.031 0.034 0.035 0.031 
  16   (0.010) 0.001 0.006 0.006 0.006 0.006 
  17   (0.017) 0.001 0.015 0.015 0.014 0.015 
  18   (0.017) 0.009 0.014 0.014 0.013 0.013 
  19   (0.011) 0.001 0.010 0.010 0.009 0.010 
  20   (0.026) 0.002 0.049 0.056 0.056 0.051 
  21   (0.021) 0.002 0.022 0.022 0.022 0.021 
  22   (0.019) 0.010 0.016 0.015 0.015 0.016 
  23   (0.013) 0.001 0.012 0.012 0.012 0.012 
  24   (0.016) 0.001 0.018 0.020 0.020 0.019 
  25   (0.010) 0.001 0.008 0.007 0.008 0.008 
  26   (0.013) 0.001 0.010 0.009 0.009 0.010 
  27   (0.012) 0.001 0.011 0.009 0.009 0.010 
  28   (0.008) 0.021 0.002 0.002 0.002 0.002 
  29   (0.014) 0.001 0.012 0.012 0.012 0.012 
  30   (0.020) 0.005 0.020 0.020 0.020 0.020 
  31   (0.018) 0.001 0.019 0.020 0.019 0.019 
  32   (0.026) 0.002 0.039 0.041 0.039 0.038 
  33   (0.006) 0.000 0.002 0.002 0.002 0.002 
  34   (0.016) 0.001 0.018 0.020 0.020 0.019 
  35   (0.006) 0.050 0.001 0.001 0.001 0.001 
  36   (0.006) 0.000 0.002 0.002 0.002 0.002 
  37   (0.020) 0.025 0.022 0.026 0.025 0.023 
  38   (0.015) 0.010 0.013 0.011 0.011 0.013 
  39   (0.014) 0.001 0.019 0.018 0.018 0.019 
  40   (0.011) 0.001 0.010 0.010 0.009 0.010 
  41   (0.009) 0.001 0.005 0.005 0.005 0.005 
  42   (0.006) 0.000 0.002 0.002 0.002 0.002 
  43   (0.009) 0.001 0.005 0.005 0.005 0.005 
  44   (0.022) 0.002 0.029 0.025 0.026 0.029 
  45   (0.006) 0.000 0.002 0.002 0.002 0.002 
  46   (0.015) 0.001 0.017 0.018 0.018 0.018 
  47   (0.009) 0.001 0.007 0.006 0.006 0.007 
  48   (0.006) 0.001 0.002 0.002 0.002 0.002 
  49   (0.015) 0.001 0.017 0.014 0.015 0.017 
  50   (0.013) 0.002 0.013 0.011 0.011 0.012 
  51   (0.015) 0.022 0.012 0.014 0.013 0.012 
  52   (0.013) 0.001 0.012 0.013 0.013 0.012 
  53   (0.007) 0.030 0.001 0.001 0.001 0.001 
  54   (0.006) 0.071 0.001 0.001 0.001 0.001 
  55   (0.011) 0.001 0.008 0.008 0.008 0.007 
  56   (0.011) 0.001 0.010 0.012 0.011 0.010 
  57   (0.012) 0.001 0.012 0.012 0.011 0.011 
  58   (0.009) 0.001 0.006 0.006 0.006 0.006 
  59   (0.011) 0.001 0.013 0.010 0.011 0.013 
  60   (0.010) 0.001 0.008 0.008 0.008 0.008 
  61   (0.006) 0.001 0.002 0.002 0.002 0.002 
  62   (0.012) 0.001 0.012 0.012 0.011 0.012 
  63   (0.010) 0.001 0.015 0.017 0.017 0.016 
  64   (0.009) 0.001 0.005 0.005 0.005 0.005 
  65   (0.019) 0.001 0.020 0.021 0.020 0.020 
  66   (0.010) 0.001 0.009 0.010 0.010 0.009 
  67   (0.010) 0.001 0.006 0.006 0.006 0.006 
  68   (0.012) 0.001 0.012 0.011 0.011 0.011 
  69   (0.006) 0.000 0.002 0.002 0.002 0.002 
  70   (0.006) 0.000 0.002 0.002 0.002 0.002 
  71   (0.010) 0.001 0.007 0.006 0.006 0.007 
  72   (0.006) 0.000 0.002 0.002 0.002 0.002 
  73   (0.006) 0.001 0.002 0.002 0.002 0.002 
  74   (0.006) 0.000 0.002 0.002 0.002 0.002 
  75   (0.009) 0.001 0.005 0.005 0.005 0.005 
  76   (0.006) 0.000 0.002 0.002 0.002 0.002 
  77   (0.007) 0.001 0.004 0.004 0.003 0.004 
  78   (0.006) 0.001 0.002 0.002 0.002 0.002 

Locus 2 : COPE9 
12 alleles
8.3% missing data
   1   (0.413) 0.406 0.464 0.476 0.475 0.465 
   2   (0.140) 0.254 0.143 0.129 0.133 0.142 
   3   (0.050) 0.032 0.047 0.051 0.051 0.048 
   4   (0.076) 0.029 0.076 0.078 0.075 0.074 
   5   (0.036) 0.025 0.025 0.026 0.026 0.025 
   6   (0.129) 0.057 0.135 0.134 0.135 0.136 
   7   (0.039) 0.064 0.029 0.024 0.025 0.028 
   8   (0.081) 0.085 0.071 0.070 0.070 0.071 
   9   (0.010) 0.001 0.004 0.004 0.004 0.004 
  10   (0.009) 0.046 0.001 0.001 0.001 0.001 
  11   (0.008) 0.001 0.003 0.003 0.003 0.003 
  12   (0.008) 0.001 0.003 0.002 0.003 0.003 

Locus 3 : CPER26 
12 alleles
2.6% missing data
   1   (0.231) 0.146 0.232 0.234 0.234 0.232 
   2   (0.036) 0.144 0.024 0.025 0.023 0.023 
   3   (0.084) 0.009 0.085 0.077 0.076 0.083 
   4   (0.496) 0.067 0.578 0.583 0.585 0.581 
   5   (0.055) 0.291 0.041 0.045 0.044 0.042 
   6   (0.030) 0.301 0.015 0.015 0.015 0.015 
   7   (0.013) 0.001 0.006 0.005 0.005 0.006 
   8   (0.019) 0.023 0.008 0.008 0.007 0.008 
   9   (0.008) 0.006 0.002 0.002 0.002 0.002 
  10   (0.012) 0.011 0.003 0.003 0.003 0.003 
  11   (0.008) 0.001 0.003 0.002 0.002 0.002 
  12   (0.008) 0.001 0.003 0.002 0.002 0.003 

Locus 4 : CPER92 
12 alleles
6.8% missing data
   1   (0.617) 0.516 0.679 0.688 0.680 0.675 
   2   (0.122) 0.270 0.138 0.126 0.133 0.140 
   3   (0.083) 0.046 0.085 0.088 0.090 0.086 
   4   (0.015) 0.020 0.007 0.008 0.008 0.007 
   5   (0.038) 0.034 0.025 0.024 0.025 0.026 
   6   (0.035) 0.009 0.027 0.027 0.028 0.027 
   7   (0.019) 0.034 0.008 0.008 0.008 0.008 
   8   (0.012) 0.034 0.003 0.003 0.003 0.003 
   9   (0.022) 0.019 0.012 0.012 0.011 0.012 
  10   (0.017) 0.017 0.008 0.008 0.008 0.008 
  11   (0.013) 0.001 0.006 0.006 0.006 0.006 
  12   (0.008) 0.001 0.003 0.002 0.002 0.002 

Locus 5 : CPER99 
5 alleles
1.0% missing data
   1   (0.013) 0.336 0.003 0.003 0.003 0.003 
   2   (0.872) 0.100 0.931 0.933 0.932 0.931 
   3   (0.079) 0.473 0.054 0.053 0.053 0.054 
   4   (0.013) 0.029 0.003 0.003 0.003 0.003 
   5   (0.023) 0.063 0.009 0.009 0.009 0.009 

Locus 6 : CPER119 
22 alleles
5.5% missing data
   1   (0.009) 0.101 0.001 0.001 0.001 0.001 
   2   (0.080) 0.048 0.089 0.091 0.092 0.089 
   3   (0.036) 0.050 0.032 0.031 0.032 0.032 
   4   (0.008) 0.001 0.002 0.002 0.002 0.002 
   5   (0.160) 0.096 0.178 0.174 0.173 0.178 
   6   (0.073) 0.081 0.077 0.074 0.070 0.074 
   7   (0.070) 0.079 0.088 0.086 0.089 0.090 
   8   (0.081) 0.098 0.077 0.076 0.076 0.078 
   9   (0.116) 0.073 0.132 0.134 0.133 0.132 
  10   (0.061) 0.035 0.062 0.064 0.064 0.063 
  11   (0.022) 0.023 0.015 0.012 0.012 0.015 
  12   (0.081) 0.011 0.102 0.108 0.108 0.104 
  13   (0.015) 0.011 0.007 0.006 0.006 0.006 
  14   (0.029) 0.012 0.036 0.038 0.039 0.036 
  15   (0.025) 0.061 0.019 0.021 0.021 0.019 
  16   (0.021) 0.028 0.011 0.010 0.010 0.011 
  17   (0.023) 0.090 0.013 0.013 0.012 0.012 
  18   (0.016) 0.008 0.009 0.009 0.010 0.010 
  19   (0.011) 0.025 0.003 0.003 0.003 0.003 
  20   (0.041) 0.062 0.035 0.034 0.032 0.033 
  21   (0.012) 0.006 0.007 0.006 0.007 0.007 
  22   (0.010) 0.001 0.005 0.006 0.006 0.005 

Locus 7 : CPER188 
15 alleles
1.6% missing data
   1   (0.603) 0.819 0.672 0.674 0.674 0.673 
   2   (0.110) 0.091 0.103 0.102 0.101 0.101 
   3   (0.031) 0.002 0.026 0.023 0.025 0.026 
   4   (0.039) 0.003 0.032 0.031 0.032 0.032 
   5   (0.088) 0.006 0.106 0.115 0.114 0.106 
   6   (0.016) 0.009 0.006 0.006 0.007 0.006 
   7   (0.017) 0.007 0.011 0.009 0.010 0.012 
   8   (0.023) 0.008 0.013 0.012 0.012 0.013 
   9   (0.009) 0.039 0.001 0.001 0.001 0.001 
  10   (0.008) 0.009 0.001 0.001 0.001 0.001 
  11   (0.018) 0.001 0.012 0.010 0.011 0.012 
  12   (0.015) 0.001 0.007 0.007 0.007 0.007 
  13   (0.008) 0.003 0.002 0.002 0.002 0.002 
  14   (0.008) 0.001 0.002 0.003 0.003 0.002 
  15   (0.008) 0.001 0.002 0.003 0.003 0.002 

Values of parameters used in structure:
DATAFILE=../Data/microsats.structure,	OUTFILE=../Structure_Results/03_K_05.out,	NUMINDS=384,	NUMLOCI=7,	MISSING=-9,	LABEL=1,	POPDATA=0,	POPFLAG=0,	PHENOTYPE=0,	EXTRACOLS=0,	MAXPOPS=5,	BURNIN=1000000,	NUMREPS=10000000,	USEPOPINFO=0,	INFERALPHA=1,	INFERLAMBDA=0,	POPSPECIFICLAMBDA=0,	POPALPHAS=0,	COMPUTEPROB=1,	NOADMIX=0,	ADMBURNIN=500,	UPDATEFREQ=100,	PRINTLIKES=0,	INTERMEDSAVE=0,	PRINTKLD=0,	PRINTNET=1,	PRINTLAMBDA=1,	ANCESTDIST=0,	NUMBOXES=1000,	ANCESTPINT=0.90000,	GENSBACK=2,	MIGRPRIOR=0.01000,	PRINTQHAT=0,	PRINTQSUM=1,	ALPHA=1.0000,	FREQSCORR=1,	FPRIORMEAN=0.0100,	FPRIORSD=0.0500,	ONEFST=0,	LAMBDA=1.0000,	UNIFPRIORALPHA=1,	ALPHAMAX=10.0000,	ALPHAPRIORA=1.0000,	ALPHAPRIORB=2.0000,	ALPHAPROPSD=0.0250,	STARTATPOPINFO=0,	RANDOMIZE=0,	LINKAGE=0,	METROFREQ=10,	REPORTHITRATE=0,	MARKOVPHASE=-1,	PHASED=0,	PLOIDY=2,	PHASEINFO=0	LOCPRIOR=0, 	LOCPRIORINIT=1.000000, 	LOCDATA=0, 	LOCISPOP=0, 	LOCPRIORSTEP=0.100000, 	MAXLOCPRIOR=20.000000, 	SEED=93875128,	
[STRAT parameters]:    NUMSIMSTATS=1000,	PHENOTYPECOL=-9,	POOLFREQ=10,	LOCUSxONLY=0,	EMERROR=0.00100,	MISSINGPHENO=-9,	