

----------------------------------------------------
STRUCTURE by Pritchard, Stephens and Donnelly (2000)
     and Falush, Stephens and Pritchard (2003)
       Code by Pritchard, Falush and Hubisz
             Version 2.3.4 (Jul 2012)
----------------------------------------------------



Command line arguments:   /home/jason/Programs/structure -K 6 -i ../Data/microsats.structure -m Structure_Run/mainparams -e Structure_Run/extraparams -D 25210611 -o ../Structure_Results/03_K_06.out 
Input File:    ../Data/microsats.structure

Run parameters:
   384 individuals
   7 loci
   6 populations assumed
   1000000 Burn-in period
   10000000 Reps
RANDOMIZE turned off


--------------------------------------------
Overall proportion of membership of the
sample in each of the 6 clusters

Inferred Clusters
  1      2      3      4      5      6    
0.175  0.176  0.125  0.175  0.175  0.175  

--------------------------------------------

Allele-freq. divergence among pops (Net nucleotide distance),
computed using point estimates of P.

      1       2       3       4       5       6      
 1      -    0.0004  0.1484  0.0002  0.0001  0.0001  
 2   0.0004     -    0.1471  0.0003  0.0002  0.0004  
 3   0.1484  0.1471     -    0.1472  0.1471  0.1471  
 4   0.0002  0.0003  0.1472     -    0.0001  0.0001  
 5   0.0001  0.0002  0.1471  0.0001     -    0.0000  
 6   0.0001  0.0004  0.1471  0.0001  0.0000     -    

Average distances (expected heterozygosity) between individuals in same cluster:
cluster  1  : 0.6212 
cluster  2  : 0.6223 
cluster  3  : 0.6627 
cluster  4  : 0.6271 
cluster  5  : 0.6235 
cluster  6  : 0.6239 

--------------------------------------------
Estimated Ln Prob of Data   = -8837.4
Mean value of ln likelihood = -8089.0
Variance of ln likelihood   = 1496.6
Mean value of alpha         = 0.0446

Mean value of Fst_1         = 0.0528
Mean value of Fst_2         = 0.0476
Mean value of Fst_3         = 0.1459
Mean value of Fst_4         = 0.0465
Mean value of Fst_5         = 0.0507
Mean value of Fst_6         = 0.0513


Inferred ancestry of individuals:
        Label (%Miss) :  Inferred clusters
  1 COPE-0001    (0)   :  0.008 0.008 0.961 0.008 0.008 0.008 
  2 COPE-0002    (0)   :  0.176 0.194 0.010 0.198 0.210 0.212 
  3 COPE-0003    (0)   :  0.164 0.282 0.006 0.187 0.186 0.175 
  4 COPE-0004    (0)   :  0.164 0.195 0.015 0.192 0.212 0.222 
  5 COPE-0005    (0)   :  0.221 0.171 0.018 0.188 0.201 0.201 
  6 COPE-0006    (0)   :  0.188 0.199 0.019 0.210 0.196 0.188 
  7 COPE-0007    (0)   :  0.226 0.173 0.007 0.184 0.200 0.209 
  8 COPE-0008    (0)   :  0.226 0.161 0.008 0.155 0.216 0.233 
  9 COPE-0009    (0)   :  0.173 0.256 0.017 0.187 0.191 0.176 
 10 COPE-0010    (0)   :  0.193 0.189 0.007 0.255 0.176 0.180 
 11 COPE-0011   (14)   :  0.011 0.012 0.937 0.013 0.013 0.014 
 12 COPE-0012   (14)   :  0.213 0.172 0.007 0.178 0.212 0.218 
 13 COPE-0013    (0)   :  0.156 0.302 0.006 0.180 0.187 0.170 
 14 COPE-0014    (0)   :  0.234 0.186 0.011 0.195 0.189 0.185 
 15 COPE-0015    (0)   :  0.227 0.176 0.007 0.200 0.196 0.194 
 16 COPE-0016    (0)   :  0.211 0.200 0.010 0.198 0.194 0.188 
 17 COPE-0017    (0)   :  0.044 0.039 0.797 0.040 0.040 0.040 
 18 COPE-0018    (0)   :  0.173 0.231 0.008 0.196 0.201 0.191 
 19 COPE-0019    (0)   :  0.171 0.260 0.006 0.185 0.194 0.185 
 20 COPE-0020    (0)   :  0.203 0.194 0.008 0.220 0.190 0.185 
 21 COPE-0021    (0)   :  0.239 0.163 0.006 0.208 0.194 0.191 
 22 COPE-0022    (0)   :  0.211 0.175 0.007 0.169 0.212 0.225 
 23 COPE-0023    (0)   :  0.162 0.200 0.008 0.220 0.205 0.206 
 24 COPE-0024   (14)   :  0.226 0.171 0.006 0.181 0.201 0.214 
 25 COPE-0025    (0)   :  0.162 0.189 0.084 0.215 0.176 0.175 
 26 COPE-0026    (0)   :  0.221 0.175 0.005 0.181 0.199 0.218 
 27 COPE-0027    (0)   :  0.172 0.261 0.006 0.173 0.197 0.191 
 28 COPE-0028    (0)   :  0.198 0.179 0.006 0.250 0.180 0.189 
 29 COPE-0029    (0)   :  0.234 0.173 0.005 0.196 0.196 0.196 
 30 COPE-0030   (14)   :  0.034 0.036 0.817 0.037 0.039 0.039 
 31 COPE-0031    (0)   :  0.224 0.171 0.010 0.167 0.207 0.221 
 32 COPE-0032    (0)   :  0.176 0.188 0.009 0.245 0.190 0.193 
 33 COPE-0033    (0)   :  0.175 0.209 0.011 0.222 0.191 0.191 
 34 COPE-0034    (0)   :  0.220 0.171 0.011 0.176 0.201 0.221 
 35 COPE-0035   (14)   :  0.182 0.193 0.008 0.242 0.183 0.191 
 36 COPE-0036   (14)   :  0.212 0.174 0.006 0.215 0.196 0.196 
 37 COPE-0037    (0)   :  0.201 0.197 0.022 0.193 0.193 0.194 
 38 COPE-0038    (0)   :  0.224 0.169 0.006 0.159 0.212 0.229 
 39 COPE-0039    (0)   :  0.150 0.200 0.133 0.179 0.170 0.168 
 40 COPE-0040   (14)   :  0.154 0.231 0.101 0.167 0.176 0.170 
 41 COPE-0041    (0)   :  0.168 0.218 0.032 0.197 0.194 0.191 
 42 COPE-0042    (0)   :  0.181 0.216 0.011 0.238 0.177 0.176 
 43 COPE-0043    (0)   :  0.182 0.191 0.005 0.205 0.207 0.209 
 44 COPE-0044    (0)   :  0.167 0.203 0.017 0.191 0.208 0.215 
 45 COPE-0045    (0)   :  0.170 0.190 0.032 0.200 0.202 0.206 
 46 COPE-0046    (0)   :  0.028 0.034 0.853 0.028 0.029 0.028 
 47 COPE-0047    (0)   :  0.007 0.007 0.964 0.007 0.007 0.007 
 48 COPE-0048    (0)   :  0.185 0.200 0.007 0.258 0.174 0.175 
 49 COPE-0049    (0)   :  0.173 0.182 0.015 0.216 0.205 0.208 
 50 COPE-0050    (0)   :  0.159 0.279 0.007 0.180 0.194 0.181 
 51 COPE-0051    (0)   :  0.169 0.156 0.113 0.230 0.161 0.171 
 52 COPE-0052    (0)   :  0.241 0.169 0.010 0.190 0.193 0.197 
 53 COPE-0053    (0)   :  0.226 0.183 0.012 0.194 0.195 0.190 
 54 COPE-0054    (0)   :  0.235 0.161 0.005 0.194 0.209 0.196 
 55 COPE-0055    (0)   :  0.223 0.165 0.005 0.159 0.217 0.231 
 56 COPE-0056    (0)   :  0.173 0.209 0.018 0.196 0.201 0.203 
 57 COPE-0057    (0)   :  0.176 0.240 0.010 0.199 0.193 0.181 
 58 COPE-0058    (0)   :  0.191 0.181 0.009 0.217 0.199 0.203 
 59 COPE-0059    (0)   :  0.162 0.281 0.022 0.171 0.190 0.174 
 60 COPE-0060    (0)   :  0.191 0.205 0.007 0.200 0.201 0.196 
 61 COPE-0061    (0)   :  0.185 0.238 0.014 0.187 0.193 0.183 
 62 COPE-0062    (0)   :  0.238 0.163 0.010 0.203 0.194 0.192 
 63 COPE-0063    (0)   :  0.217 0.153 0.028 0.164 0.214 0.223 
 64 COPE-0064    (0)   :  0.203 0.204 0.010 0.184 0.201 0.198 
 65 COPE-0065    (0)   :  0.006 0.006 0.972 0.006 0.006 0.006 
 66 COPE-0066    (0)   :  0.179 0.219 0.016 0.250 0.168 0.168 
 67 COPE-0067   (14)   :  0.025 0.025 0.873 0.029 0.024 0.024 
 68 COPE-0068    (0)   :  0.157 0.299 0.010 0.173 0.189 0.171 
 69 COPE-0069   (14)   :  0.221 0.186 0.014 0.189 0.198 0.192 
 70 COPE-0070    (0)   :  0.182 0.183 0.013 0.203 0.207 0.212 
 71 COPE-0071    (0)   :  0.202 0.191 0.004 0.256 0.173 0.174 
 72 COPE-0072    (0)   :  0.182 0.231 0.007 0.192 0.198 0.189 
 73 COPE-0073   (14)   :  0.052 0.038 0.779 0.043 0.045 0.043 
 74 COPE-0074    (0)   :  0.191 0.189 0.009 0.247 0.181 0.184 
 75 COPE-0075    (0)   :  0.185 0.176 0.015 0.257 0.177 0.190 
 76 COPE-0076    (0)   :  0.204 0.204 0.006 0.185 0.205 0.195 
 77 COPE-0077   (14)   :  0.184 0.220 0.009 0.196 0.201 0.189 
 78 COPE-0078   (14)   :  0.217 0.168 0.008 0.175 0.209 0.224 
 79 COPE-0079    (0)   :  0.160 0.191 0.010 0.196 0.216 0.227 
 80 COPE-0080   (42)   :  0.020 0.024 0.891 0.022 0.021 0.021 
 81 COPE-0081   (14)   :  0.103 0.091 0.508 0.093 0.101 0.104 
 82 COPE-0082   (14)   :  0.185 0.162 0.044 0.225 0.188 0.196 
 83 COPE-0083   (14)   :  0.249 0.167 0.007 0.193 0.193 0.192 
 84 COPE-0084    (0)   :  0.155 0.128 0.293 0.149 0.140 0.135 
 85 COPE-0085    (0)   :  0.173 0.211 0.010 0.200 0.205 0.201 
 86 COPE-0086    (0)   :  0.188 0.180 0.022 0.234 0.190 0.186 
 87 COPE-0087   (14)   :  0.188 0.204 0.008 0.209 0.199 0.193 
 88 COPE-0088   (14)   :  0.192 0.190 0.025 0.194 0.202 0.198 
 89 COPE-0089   (14)   :  0.007 0.007 0.964 0.007 0.007 0.007 
 90 COPE-0090    (0)   :  0.221 0.165 0.007 0.162 0.215 0.229 
 91 COPE-0091   (14)   :  0.210 0.196 0.006 0.206 0.195 0.187 
 92 COPE-0092   (28)   :  0.022 0.030 0.871 0.026 0.025 0.025 
 93 COPE-0093    (0)   :  0.221 0.158 0.006 0.169 0.220 0.225 
 94 COPE-0094    (0)   :  0.155 0.185 0.039 0.191 0.211 0.220 
 95 COPE-0095    (0)   :  0.223 0.184 0.005 0.188 0.195 0.205 
 96 COPE-0096    (0)   :  0.239 0.173 0.008 0.195 0.192 0.192 
 97 COPE-0097    (0)   :  0.220 0.165 0.008 0.239 0.182 0.187 
 98 COPE-0098    (0)   :  0.226 0.167 0.008 0.159 0.210 0.230 
 99 COPE-0099    (0)   :  0.158 0.280 0.021 0.181 0.188 0.173 
100 COPE-0100    (0)   :  0.184 0.225 0.007 0.202 0.193 0.189 
101 COPE-0101    (0)   :  0.181 0.193 0.044 0.213 0.180 0.189 
102 COPE-0102    (0)   :  0.171 0.215 0.006 0.208 0.200 0.199 
103 COPE-0103    (0)   :  0.187 0.185 0.018 0.194 0.207 0.210 
104 COPE-0104   (14)   :  0.194 0.186 0.007 0.237 0.182 0.194 
105 COPE-0105    (0)   :  0.196 0.161 0.036 0.244 0.180 0.183 
106 COPE-0106    (0)   :  0.258 0.151 0.005 0.200 0.199 0.188 
107 COPE-0107    (0)   :  0.018 0.016 0.915 0.015 0.018 0.019 
108 COPE-0108    (0)   :  0.220 0.167 0.006 0.199 0.203 0.204 
109 COPE-0109    (0)   :  0.166 0.206 0.013 0.195 0.208 0.212 
110 COPE-0110   (14)   :  0.218 0.179 0.015 0.196 0.199 0.194 
111 COPE-0111    (0)   :  0.229 0.181 0.009 0.198 0.196 0.187 
112 COPE-0112   (14)   :  0.184 0.208 0.011 0.238 0.178 0.181 
113 COPE-0113    (0)   :  0.175 0.231 0.025 0.188 0.190 0.191 
114 COPE-0114    (0)   :  0.219 0.181 0.011 0.195 0.203 0.191 
115 COPE-0115    (0)   :  0.025 0.022 0.883 0.023 0.023 0.024 
116 COPE-0116   (28)   :  0.009 0.010 0.953 0.009 0.009 0.009 
117 COPE-0117    (0)   :  0.218 0.185 0.013 0.193 0.198 0.193 
118 COPE-0118    (0)   :  0.250 0.160 0.010 0.193 0.199 0.188 
119 COPE-0119    (0)   :  0.230 0.163 0.010 0.176 0.213 0.208 
120 COPE-0120    (0)   :  0.174 0.222 0.012 0.198 0.198 0.196 
121 COPE-0121    (0)   :  0.216 0.182 0.062 0.185 0.180 0.175 
122 COPE-0122    (0)   :  0.167 0.201 0.008 0.212 0.206 0.207 
123 COPE-0123    (0)   :  0.165 0.192 0.014 0.220 0.201 0.207 
124 COPE-0124    (0)   :  0.168 0.204 0.014 0.202 0.208 0.206 
125 COPE-0125    (0)   :  0.206 0.178 0.007 0.230 0.189 0.190 
126 COPE-0126    (0)   :  0.227 0.174 0.015 0.187 0.196 0.200 
127 COPE-0127   (14)   :  0.202 0.174 0.007 0.228 0.194 0.194 
128 COPE-0128    (0)   :  0.194 0.195 0.020 0.216 0.189 0.186 
129 COPE-0129    (0)   :  0.164 0.210 0.007 0.198 0.210 0.212 
130 COPE-0130    (0)   :  0.168 0.267 0.012 0.178 0.193 0.183 
131 COPE-0131   (14)   :  0.215 0.200 0.011 0.186 0.196 0.192 
132 COPE-0132   (14)   :  0.232 0.160 0.033 0.168 0.194 0.212 
133 COPE-0133    (0)   :  0.214 0.180 0.011 0.202 0.200 0.192 
134 COPE-0134    (0)   :  0.181 0.204 0.007 0.205 0.201 0.202 
135 COPE-0135    (0)   :  0.189 0.185 0.009 0.238 0.187 0.192 
136 COPE-0136    (0)   :  0.011 0.013 0.940 0.012 0.012 0.012 
137 COPE-0137    (0)   :  0.163 0.256 0.013 0.202 0.187 0.179 
138 COPE-0138   (14)   :  0.008 0.007 0.961 0.008 0.008 0.008 
139 COPE-0139    (0)   :  0.167 0.264 0.008 0.198 0.188 0.174 
140 COPE-0140   (14)   :  0.019 0.023 0.897 0.022 0.020 0.020 
141 COPE-0141    (0)   :  0.206 0.169 0.009 0.182 0.213 0.221 
142 COPE-0142    (0)   :  0.209 0.180 0.009 0.182 0.213 0.207 
143 COPE-0143    (0)   :  0.208 0.173 0.008 0.187 0.211 0.214 
144 COPE-0144   (14)   :  0.105 0.128 0.402 0.119 0.125 0.121 
145 COPE-0145   (14)   :  0.102 0.130 0.413 0.126 0.116 0.114 
146 COPE-0146   (14)   :  0.207 0.178 0.031 0.193 0.198 0.193 
147 COPE-0147    (0)   :  0.167 0.175 0.066 0.179 0.204 0.209 
148 COPE-0148    (0)   :  0.224 0.175 0.010 0.191 0.200 0.199 
149 COPE-0149    (0)   :  0.169 0.269 0.007 0.187 0.191 0.177 
150 COPE-0150    (0)   :  0.182 0.196 0.010 0.269 0.168 0.175 
151 COPE-0151    (0)   :  0.192 0.213 0.007 0.191 0.200 0.197 
152 COPE-0152   (14)   :  0.190 0.146 0.117 0.152 0.196 0.200 
153 COPE-0153    (0)   :  0.205 0.185 0.006 0.180 0.211 0.214 
154 COPE-0154    (0)   :  0.190 0.228 0.006 0.188 0.202 0.187 
155 COPE-0155    (0)   :  0.182 0.229 0.006 0.210 0.189 0.185 
156 COPE-0156   (14)   :  0.008 0.008 0.958 0.008 0.008 0.008 
157 COPE-0157   (14)   :  0.137 0.116 0.328 0.123 0.145 0.151 
158 COPE-0158    (0)   :  0.207 0.220 0.009 0.190 0.195 0.180 
159 COPE-0159    (0)   :  0.220 0.173 0.007 0.168 0.207 0.225 
160 COPE-0160    (0)   :  0.187 0.177 0.006 0.203 0.210 0.217 
161 COPE-0161    (0)   :  0.168 0.209 0.011 0.209 0.200 0.202 
162 COPE-0162   (14)   :  0.007 0.007 0.967 0.007 0.007 0.007 
163 COPE-0163   (28)   :  0.013 0.013 0.936 0.013 0.013 0.013 
164 COPE-0164    (0)   :  0.172 0.220 0.036 0.190 0.196 0.186 
165 COPE-0165    (0)   :  0.170 0.250 0.008 0.192 0.195 0.185 
166 COPE-0166   (14)   :  0.177 0.198 0.008 0.200 0.209 0.208 
167 COPE-0167    (0)   :  0.192 0.185 0.008 0.196 0.211 0.208 
168 COPE-0168    (0)   :  0.227 0.181 0.006 0.190 0.196 0.201 
169 COPE-0169    (0)   :  0.163 0.290 0.013 0.172 0.189 0.172 
170 COPE-0170    (0)   :  0.209 0.163 0.041 0.172 0.204 0.211 
171 COPE-0171    (0)   :  0.239 0.173 0.009 0.192 0.194 0.194 
172 COPE-0172    (0)   :  0.204 0.180 0.006 0.214 0.198 0.197 
173 COPE-0173   (14)   :  0.148 0.267 0.069 0.164 0.185 0.168 
174 COPE-0174   (28)   :  0.187 0.190 0.022 0.198 0.200 0.204 
175 COPE-0175    (0)   :  0.189 0.183 0.040 0.188 0.200 0.200 
176 COPE-0176    (0)   :  0.221 0.159 0.010 0.180 0.212 0.217 
177 COPE-0177    (0)   :  0.164 0.271 0.007 0.184 0.195 0.179 
178 COPE-0178    (0)   :  0.241 0.156 0.008 0.216 0.193 0.186 
179 COPE-0179    (0)   :  0.176 0.221 0.008 0.214 0.191 0.189 
180 COPE-0180   (14)   :  0.161 0.290 0.006 0.180 0.190 0.174 
181 COPE-0181   (14)   :  0.163 0.273 0.009 0.186 0.191 0.178 
182 COPE-0182    (0)   :  0.217 0.166 0.005 0.182 0.208 0.222 
183 COPE-0183    (0)   :  0.191 0.204 0.011 0.198 0.200 0.197 
184 COPE-0184    (0)   :  0.222 0.171 0.009 0.191 0.202 0.205 
185 COPE-0185    (0)   :  0.219 0.185 0.006 0.163 0.206 0.221 
186 COPE-0186    (0)   :  0.243 0.165 0.006 0.203 0.193 0.191 
187 COPE-0187    (0)   :  0.190 0.172 0.010 0.248 0.184 0.197 
188 COPE-0188    (0)   :  0.019 0.019 0.901 0.022 0.019 0.020 
189 COPE-0189    (0)   :  0.175 0.244 0.010 0.210 0.184 0.177 
190 COPE-0190    (0)   :  0.164 0.194 0.015 0.214 0.203 0.211 
191 COPE-0191    (0)   :  0.186 0.215 0.013 0.195 0.196 0.195 
192 COPE-0192   (14)   :  0.010 0.009 0.953 0.009 0.009 0.009 
193 COPE-0193    (0)   :  0.206 0.194 0.007 0.196 0.199 0.199 
194 COPE-0194    (0)   :  0.192 0.188 0.010 0.266 0.168 0.176 
195 COPE-0195    (0)   :  0.185 0.187 0.007 0.233 0.191 0.197 
196 COPE-0196    (0)   :  0.191 0.183 0.011 0.208 0.203 0.205 
197 COPE-0197    (0)   :  0.164 0.274 0.007 0.185 0.191 0.179 
198 COPE-0198    (0)   :  0.203 0.209 0.013 0.161 0.204 0.211 
199 COPE-0199    (0)   :  0.163 0.284 0.011 0.176 0.190 0.177 
200 COPE-0200   (42)   :  0.159 0.288 0.010 0.177 0.191 0.176 
201 COPE-0201    (0)   :  0.227 0.161 0.009 0.182 0.208 0.214 
202 COPE-0202    (0)   :  0.201 0.173 0.015 0.164 0.219 0.228 
203 COPE-0203    (0)   :  0.208 0.190 0.006 0.183 0.204 0.209 
204 COPE-0204    (0)   :  0.210 0.160 0.037 0.240 0.175 0.178 
205 COPE-0205    (0)   :  0.201 0.184 0.021 0.186 0.202 0.206 
206 COPE-0206    (0)   :  0.234 0.178 0.005 0.209 0.189 0.184 
207 COPE-0207    (0)   :  0.245 0.161 0.011 0.188 0.198 0.198 
208 COPE-0208    (0)   :  0.025 0.026 0.875 0.024 0.025 0.025 
209 COPE-0209    (0)   :  0.187 0.245 0.007 0.196 0.190 0.176 
210 COPE-0210    (0)   :  0.221 0.197 0.011 0.205 0.189 0.177 
211 COPE-0211    (0)   :  0.182 0.207 0.005 0.259 0.171 0.176 
212 COPE-0212    (0)   :  0.238 0.166 0.011 0.180 0.196 0.208 
213 COPE-0213    (0)   :  0.206 0.187 0.008 0.217 0.190 0.192 
214 COPE-0214    (0)   :  0.160 0.294 0.008 0.171 0.193 0.174 
215 COPE-0215    (0)   :  0.154 0.290 0.036 0.170 0.184 0.166 
216 COPE-0216   (14)   :  0.092 0.090 0.537 0.096 0.093 0.092 
217 COPE-0217    (0)   :  0.236 0.159 0.027 0.193 0.195 0.190 
218 COPE-0218    (0)   :  0.195 0.209 0.009 0.189 0.200 0.199 
219 COPE-0219   (14)   :  0.166 0.273 0.009 0.177 0.193 0.183 
220 COPE-0220    (0)   :  0.222 0.180 0.014 0.199 0.196 0.188 
221 COPE-0221    (0)   :  0.219 0.167 0.016 0.154 0.216 0.230 
222 COPE-0222    (0)   :  0.228 0.173 0.006 0.170 0.202 0.221 
223 COPE-0223    (0)   :  0.162 0.257 0.008 0.194 0.195 0.183 
224 COPE-0224    (0)   :  0.169 0.184 0.022 0.190 0.214 0.221 
225 COPE-0225    (0)   :  0.159 0.293 0.016 0.169 0.192 0.171 
226 COPE-0226    (0)   :  0.207 0.182 0.008 0.190 0.206 0.205 
227 COPE-0227    (0)   :  0.216 0.204 0.006 0.185 0.195 0.194 
228 COPE-0228    (0)   :  0.205 0.181 0.028 0.207 0.193 0.185 
229 COPE-0229    (0)   :  0.191 0.220 0.007 0.189 0.200 0.193 
230 COPE-0230    (0)   :  0.203 0.180 0.010 0.212 0.198 0.197 
231 COPE-0231    (0)   :  0.171 0.254 0.006 0.200 0.187 0.182 
232 COPE-0232    (0)   :  0.182 0.184 0.015 0.207 0.201 0.212 
233 COPE-0233    (0)   :  0.224 0.172 0.005 0.166 0.208 0.226 
234 COPE-0234    (0)   :  0.163 0.194 0.008 0.205 0.212 0.218 
235 COPE-0235    (0)   :  0.164 0.211 0.006 0.206 0.208 0.206 
236 COPE-0236    (0)   :  0.219 0.171 0.005 0.222 0.193 0.189 
237 COPE-0237    (0)   :  0.222 0.178 0.006 0.156 0.209 0.228 
238 COPE-0238    (0)   :  0.156 0.298 0.007 0.177 0.190 0.173 
239 COPE-0239    (0)   :  0.170 0.185 0.035 0.192 0.208 0.210 
240 COPE-0240    (0)   :  0.233 0.176 0.008 0.197 0.195 0.190 
241 COPE-0241    (0)   :  0.156 0.304 0.007 0.177 0.187 0.170 
242 COPE-0242    (0)   :  0.227 0.169 0.007 0.193 0.207 0.197 
243 COPE-0243    (0)   :  0.187 0.180 0.008 0.254 0.180 0.192 
244 COPE-0244    (0)   :  0.175 0.223 0.009 0.199 0.201 0.194 
245 COPE-0245    (0)   :  0.190 0.177 0.014 0.236 0.189 0.195 
246 COPE-0246    (0)   :  0.180 0.188 0.013 0.203 0.205 0.211 
247 COPE-0247    (0)   :  0.195 0.216 0.017 0.166 0.204 0.201 
248 COPE-0248    (0)   :  0.203 0.177 0.005 0.215 0.194 0.206 
249 COPE-0249    (0)   :  0.156 0.215 0.035 0.184 0.206 0.205 
250 COPE-0250    (0)   :  0.174 0.185 0.016 0.200 0.209 0.215 
251 COPE-0251   (14)   :  0.033 0.028 0.849 0.025 0.032 0.034 
252 COPE-0252    (0)   :  0.169 0.186 0.012 0.204 0.210 0.218 
253 COPE-0253    (0)   :  0.214 0.172 0.008 0.171 0.213 0.223 
254 COPE-0254    (0)   :  0.200 0.163 0.012 0.240 0.191 0.194 
255 COPE-0255    (0)   :  0.198 0.183 0.028 0.188 0.199 0.205 
256 COPE-0256    (0)   :  0.237 0.177 0.011 0.195 0.195 0.184 
257 COPE-0257    (0)   :  0.230 0.171 0.009 0.202 0.195 0.193 
258 COPE-0258    (0)   :  0.208 0.184 0.026 0.204 0.188 0.189 
259 COPE-0259    (0)   :  0.200 0.184 0.006 0.238 0.184 0.187 
260 COPE-0260    (0)   :  0.161 0.271 0.024 0.180 0.188 0.175 
261 COPE-0261    (0)   :  0.211 0.163 0.006 0.252 0.182 0.185 
262 COPE-0262    (0)   :  0.188 0.177 0.027 0.240 0.184 0.184 
263 COPE-0263    (0)   :  0.223 0.185 0.009 0.177 0.198 0.208 
264 COPE-0264    (0)   :  0.209 0.180 0.025 0.207 0.189 0.190 
265 COPE-0265    (0)   :  0.208 0.179 0.010 0.178 0.207 0.217 
266 COPE-0266    (0)   :  0.203 0.175 0.018 0.219 0.192 0.192 
267 COPE-0267    (0)   :  0.219 0.171 0.006 0.162 0.211 0.231 
268 COPE-0268    (0)   :  0.221 0.171 0.012 0.159 0.207 0.230 
269 COPE-0269    (0)   :  0.195 0.193 0.007 0.199 0.206 0.200 
270 COPE-0270    (0)   :  0.179 0.216 0.007 0.257 0.170 0.172 
271 COPE-0271    (0)   :  0.181 0.227 0.008 0.202 0.196 0.187 
272 COPE-0272    (0)   :  0.193 0.175 0.007 0.204 0.211 0.209 
273 COPE-0273    (0)   :  0.233 0.161 0.013 0.167 0.204 0.222 
274 COPE-0274   (14)   :  0.017 0.018 0.911 0.020 0.017 0.017 
275 COPE-0275    (0)   :  0.175 0.214 0.011 0.216 0.194 0.190 
276 COPE-0276   (14)   :  0.006 0.006 0.971 0.006 0.006 0.006 
277 COPE-0277   (14)   :  0.237 0.176 0.015 0.197 0.194 0.181 
278 COPE-0278    (0)   :  0.247 0.157 0.007 0.197 0.201 0.192 
279 COPE-0279    (0)   :  0.203 0.178 0.008 0.214 0.199 0.197 
280 COPE-0280    (0)   :  0.013 0.013 0.936 0.013 0.013 0.013 
281 COPE-0281    (0)   :  0.022 0.030 0.874 0.026 0.025 0.024 
282 COPE-0282   (14)   :  0.166 0.188 0.007 0.192 0.220 0.227 
283 COPE-0283    (0)   :  0.240 0.163 0.007 0.199 0.200 0.190 
284 COPE-0284   (14)   :  0.159 0.269 0.035 0.181 0.184 0.172 
285 COPE-0285    (0)   :  0.032 0.033 0.841 0.031 0.032 0.031 
286 COPE-0286    (0)   :  0.173 0.230 0.013 0.216 0.185 0.182 
287 COPE-0287    (0)   :  0.214 0.169 0.046 0.157 0.198 0.217 
288 COPE-0288    (0)   :  0.221 0.165 0.010 0.157 0.215 0.231 
289 COPE-0289    (0)   :  0.211 0.186 0.008 0.184 0.201 0.208 
290 COPE-0290    (0)   :  0.171 0.247 0.009 0.230 0.176 0.169 
291 COPE-0291    (0)   :  0.198 0.222 0.006 0.203 0.190 0.181 
292 COPE-0292   (42)   :  0.013 0.014 0.932 0.014 0.014 0.014 
293 COPE-0293    (0)   :  0.219 0.160 0.008 0.192 0.206 0.215 
294 COPE-0294    (0)   :  0.169 0.213 0.011 0.204 0.203 0.200 
295 COPE-0295    (0)   :  0.213 0.168 0.008 0.187 0.210 0.214 
296 COPE-0296   (14)   :  0.213 0.176 0.007 0.196 0.200 0.208 
297 COPE-0297   (14)   :  0.153 0.288 0.036 0.174 0.184 0.166 
298 COPE-0298    (0)   :  0.178 0.182 0.011 0.205 0.208 0.216 
299 COPE-0299    (0)   :  0.198 0.177 0.006 0.259 0.177 0.183 
300 COPE-0300   (14)   :  0.218 0.189 0.008 0.185 0.196 0.204 
301 COPE-0301   (14)   :  0.225 0.155 0.011 0.160 0.220 0.230 
302 COPE-0302    (0)   :  0.164 0.123 0.302 0.133 0.136 0.142 
303 COPE-0303    (0)   :  0.214 0.180 0.006 0.210 0.195 0.195 
304 COPE-0304    (0)   :  0.191 0.195 0.007 0.197 0.206 0.204 
305 COPE-0305   (14)   :  0.175 0.187 0.044 0.189 0.202 0.203 
306 COPE-0306    (0)   :  0.246 0.156 0.010 0.210 0.192 0.184 
307 COPE-0307   (28)   :  0.008 0.008 0.961 0.008 0.008 0.008 
308 COPE-0308    (0)   :  0.174 0.185 0.006 0.186 0.219 0.230 
309 COPE-0309   (14)   :  0.056 0.056 0.704 0.064 0.059 0.061 
310 COPE-0310   (28)   :  0.044 0.033 0.812 0.036 0.038 0.037 
311 COPE-0311    (0)   :  0.219 0.173 0.023 0.187 0.200 0.198 
312 COPE-0312   (28)   :  0.011 0.010 0.947 0.011 0.011 0.011 
313 COPE-0313    (0)   :  0.224 0.175 0.009 0.211 0.192 0.189 
314 COPE-0314    (0)   :  0.218 0.171 0.008 0.178 0.207 0.219 
315 COPE-0315    (0)   :  0.196 0.222 0.008 0.182 0.198 0.194 
316 COPE-0316    (0)   :  0.184 0.211 0.022 0.230 0.178 0.175 
317 COPE-0317   (14)   :  0.008 0.008 0.960 0.008 0.008 0.008 
318 COPE-0318    (0)   :  0.183 0.210 0.006 0.220 0.192 0.189 
319 COPE-0319    (0)   :  0.172 0.206 0.007 0.196 0.210 0.209 
320 COPE-0320   (14)   :  0.189 0.183 0.015 0.191 0.207 0.215 
321 COPE-0321   (14)   :  0.219 0.176 0.012 0.200 0.193 0.200 
322 COPE-0322   (14)   :  0.172 0.244 0.006 0.203 0.191 0.184 
323 COPE-0323    (0)   :  0.244 0.166 0.015 0.189 0.191 0.195 
324 COPE-0324    (0)   :  0.170 0.279 0.007 0.175 0.192 0.177 
325 COPE-0325   (14)   :  0.241 0.178 0.013 0.196 0.190 0.181 
326 COPE-0326    (0)   :  0.217 0.162 0.007 0.173 0.217 0.224 
327 COPE-0327   (14)   :  0.200 0.174 0.010 0.186 0.206 0.222 
328 COPE-0328    (0)   :  0.196 0.201 0.006 0.227 0.185 0.185 
329 COPE-0329   (28)   :  0.180 0.253 0.012 0.180 0.193 0.182 
330 COPE-0330    (0)   :  0.206 0.171 0.022 0.189 0.205 0.208 
331 COPE-0331    (0)   :  0.228 0.159 0.006 0.156 0.220 0.231 
332 COPE-0332   (14)   :  0.208 0.173 0.007 0.217 0.195 0.200 
333 COPE-0333    (0)   :  0.182 0.156 0.138 0.145 0.185 0.194 
334 COPE-0334   (28)   :  0.058 0.047 0.741 0.049 0.052 0.053 
335 COPE-0335    (0)   :  0.162 0.294 0.007 0.170 0.194 0.173 
336 COPE-0336    (0)   :  0.187 0.205 0.006 0.192 0.204 0.206 
337 COPE-0337   (28)   :  0.018 0.023 0.904 0.019 0.019 0.018 
338 COPE-0338    (0)   :  0.219 0.174 0.023 0.191 0.191 0.202 
339 COPE-0339    (0)   :  0.235 0.171 0.007 0.191 0.193 0.203 
340 COPE-0340   (14)   :  0.011 0.012 0.944 0.011 0.011 0.011 
341 COPE-0341    (0)   :  0.176 0.186 0.007 0.194 0.218 0.220 
342 COPE-0342    (0)   :  0.155 0.305 0.007 0.172 0.190 0.170 
343 COPE-0343    (0)   :  0.227 0.160 0.006 0.203 0.200 0.204 
344 COPE-0344   (14)   :  0.009 0.009 0.954 0.009 0.009 0.010 
345 COPE-0345    (0)   :  0.172 0.195 0.006 0.197 0.215 0.215 
346 COPE-0346    (0)   :  0.170 0.194 0.035 0.199 0.204 0.198 
347 COPE-0347    (0)   :  0.200 0.182 0.007 0.239 0.183 0.189 
348 COPE-0348    (0)   :  0.202 0.178 0.015 0.239 0.180 0.187 
349 COPE-0349    (0)   :  0.165 0.282 0.006 0.179 0.192 0.176 
350 COPE-0350    (0)   :  0.186 0.201 0.006 0.249 0.178 0.180 
351 COPE-0351    (0)   :  0.190 0.208 0.006 0.241 0.178 0.178 
352 COPE-0352    (0)   :  0.175 0.222 0.027 0.198 0.191 0.187 
353 COPE-0353    (0)   :  0.206 0.190 0.006 0.208 0.196 0.194 
354 COPE-0354    (0)   :  0.213 0.169 0.017 0.199 0.198 0.204 
355 COPE-0355    (0)   :  0.227 0.185 0.007 0.200 0.195 0.186 
356 COPE-0356    (0)   :  0.196 0.166 0.008 0.236 0.194 0.201 
357 COPE-0357    (0)   :  0.179 0.248 0.009 0.180 0.195 0.189 
358 COPE-0358    (0)   :  0.007 0.008 0.963 0.007 0.007 0.007 
359 COPE-0359   (14)   :  0.181 0.200 0.009 0.199 0.207 0.205 
360 COPE-0360    (0)   :  0.231 0.174 0.007 0.210 0.191 0.188 
361 COPE-0361    (0)   :  0.169 0.191 0.008 0.219 0.202 0.211 
362 COPE-0362    (0)   :  0.166 0.290 0.007 0.177 0.190 0.170 
363 COPE-0363   (14)   :  0.166 0.195 0.014 0.206 0.210 0.208 
364 COPE-0364    (0)   :  0.213 0.175 0.006 0.198 0.203 0.207 
365 COPE-0365    (0)   :  0.235 0.167 0.028 0.164 0.194 0.213 
366 COPE-0366    (0)   :  0.165 0.274 0.023 0.192 0.180 0.167 
367 COPE-0367   (14)   :  0.010 0.010 0.949 0.010 0.011 0.011 
368 COPE-0368    (0)   :  0.227 0.174 0.009 0.180 0.196 0.215 
369 COPE-0369    (0)   :  0.202 0.195 0.009 0.179 0.208 0.207 
370 COPE-0370   (28)   :  0.008 0.008 0.959 0.008 0.008 0.008 
371 COPE-0371    (0)   :  0.237 0.171 0.012 0.167 0.200 0.213 
372 COPE-0372    (0)   :  0.216 0.176 0.047 0.184 0.193 0.184 
373 COPE-0373   (14)   :  0.218 0.166 0.007 0.169 0.215 0.226 
374 COPE-0374    (0)   :  0.201 0.181 0.008 0.190 0.205 0.214 
375 COPE-0375   (14)   :  0.218 0.175 0.013 0.190 0.200 0.203 
376 COPE-0376   (14)   :  0.202 0.169 0.006 0.251 0.184 0.188 
377 COPE-0377    (0)   :  0.060 0.065 0.675 0.065 0.067 0.068 
378 COPE-0378    (0)   :  0.226 0.186 0.007 0.214 0.187 0.181 
379 COPE-0379    (0)   :  0.157 0.296 0.007 0.181 0.188 0.171 
380 COPE-0380   (28)   :  0.038 0.029 0.833 0.037 0.033 0.032 
381 COPE-0381    (0)   :  0.195 0.191 0.014 0.201 0.197 0.201 
382 COPE-0382    (0)   :  0.156 0.299 0.006 0.176 0.189 0.173 
383 COPE-0383    (0)   :  0.197 0.145 0.160 0.151 0.168 0.178 
384 COPE-0384    (0)   :  0.234 0.173 0.008 0.202 0.191 0.193 


Estimated Allele Frequencies in each cluster
First column gives estimated ancestral frequencies


Locus 1 : COPE5 
78 alleles
0.5% missing data
   1   (0.007) 0.001 0.001 0.642 0.001 0.001 0.001 
   2   (0.022) 0.022 0.023 0.022 0.023 0.024 0.024 
   3   (0.013) 0.013 0.014 0.002 0.014 0.015 0.015 
   4   (0.023) 0.023 0.030 0.002 0.026 0.025 0.024 
   5   (0.011) 0.009 0.013 0.001 0.009 0.010 0.010 
   6   (0.019) 0.015 0.021 0.007 0.018 0.018 0.018 
   7   (0.007) 0.003 0.003 0.001 0.004 0.004 0.004 
   8   (0.036) 0.100 0.075 0.002 0.084 0.091 0.092 
   9   (0.020) 0.020 0.023 0.002 0.023 0.023 0.023 
  10   (0.019) 0.020 0.020 0.001 0.021 0.020 0.020 
  11   (0.015) 0.016 0.014 0.018 0.013 0.015 0.016 
  12   (0.017) 0.025 0.022 0.001 0.021 0.025 0.025 
  13   (0.010) 0.012 0.009 0.001 0.009 0.012 0.012 
  14   (0.023) 0.027 0.026 0.002 0.026 0.029 0.029 
  15   (0.017) 0.038 0.031 0.001 0.032 0.032 0.030 
  16   (0.009) 0.006 0.006 0.001 0.007 0.006 0.006 
  17   (0.017) 0.014 0.015 0.001 0.016 0.014 0.014 
  18   (0.017) 0.013 0.018 0.008 0.013 0.013 0.012 
  19   (0.011) 0.008 0.014 0.001 0.010 0.010 0.009 
  20   (0.027) 0.059 0.047 0.002 0.049 0.054 0.056 
  21   (0.022) 0.021 0.025 0.002 0.022 0.022 0.021 
  22   (0.019) 0.014 0.018 0.009 0.015 0.015 0.015 
  23   (0.013) 0.011 0.014 0.001 0.011 0.012 0.012 
  24   (0.015) 0.020 0.016 0.001 0.022 0.018 0.018 
  25   (0.010) 0.008 0.007 0.001 0.008 0.008 0.008 
  26   (0.013) 0.008 0.010 0.001 0.010 0.009 0.009 
  27   (0.012) 0.009 0.010 0.001 0.012 0.009 0.010 
  28   (0.008) 0.002 0.003 0.021 0.003 0.002 0.002 
  29   (0.013) 0.011 0.011 0.001 0.014 0.011 0.011 
  30   (0.020) 0.020 0.020 0.005 0.019 0.021 0.021 
  31   (0.018) 0.018 0.022 0.001 0.019 0.018 0.018 
  32   (0.026) 0.039 0.044 0.002 0.035 0.040 0.040 
  33   (0.006) 0.002 0.002 0.000 0.002 0.002 0.002 
  34   (0.017) 0.021 0.018 0.001 0.018 0.020 0.021 
  35   (0.006) 0.001 0.001 0.052 0.001 0.001 0.001 
  36   (0.006) 0.002 0.002 0.000 0.002 0.002 0.002 
  37   (0.021) 0.027 0.021 0.023 0.024 0.024 0.024 
  38   (0.016) 0.011 0.012 0.009 0.014 0.012 0.012 
  39   (0.014) 0.019 0.016 0.001 0.020 0.018 0.018 
  40   (0.011) 0.008 0.013 0.001 0.009 0.010 0.009 
  41   (0.009) 0.005 0.005 0.001 0.006 0.004 0.004 
  42   (0.006) 0.002 0.002 0.000 0.002 0.002 0.002 
  43   (0.009) 0.004 0.005 0.001 0.005 0.005 0.005 
  44   (0.023) 0.024 0.026 0.002 0.028 0.027 0.028 
  45   (0.006) 0.002 0.002 0.000 0.002 0.002 0.002 
  46   (0.015) 0.020 0.016 0.001 0.017 0.019 0.019 
  47   (0.010) 0.006 0.006 0.001 0.007 0.007 0.007 
  48   (0.006) 0.002 0.003 0.000 0.002 0.002 0.002 
  49   (0.014) 0.015 0.016 0.001 0.016 0.016 0.016 
  50   (0.013) 0.010 0.013 0.002 0.011 0.011 0.011 
  51   (0.014) 0.015 0.011 0.019 0.012 0.013 0.013 
  52   (0.013) 0.013 0.011 0.001 0.012 0.013 0.013 
  53   (0.007) 0.001 0.001 0.031 0.001 0.001 0.001 
  54   (0.006) 0.001 0.001 0.073 0.001 0.001 0.001 
  55   (0.011) 0.008 0.007 0.001 0.009 0.007 0.007 
  56   (0.011) 0.012 0.009 0.001 0.011 0.011 0.010 
  57   (0.013) 0.010 0.015 0.001 0.011 0.011 0.010 
  58   (0.009) 0.006 0.006 0.001 0.007 0.006 0.006 
  59   (0.011) 0.010 0.011 0.001 0.011 0.012 0.013 
  60   (0.010) 0.009 0.007 0.001 0.008 0.008 0.008 
  61   (0.006) 0.002 0.003 0.000 0.002 0.002 0.002 
  62   (0.012) 0.011 0.012 0.001 0.012 0.012 0.012 
  63   (0.010) 0.016 0.013 0.001 0.019 0.015 0.015 
  64   (0.009) 0.005 0.005 0.001 0.005 0.005 0.005 
  65   (0.019) 0.021 0.022 0.001 0.020 0.020 0.019 
  66   (0.010) 0.010 0.008 0.001 0.010 0.009 0.009 
  67   (0.010) 0.006 0.007 0.001 0.007 0.006 0.006 
  68   (0.012) 0.010 0.015 0.001 0.011 0.011 0.010 
  69   (0.006) 0.002 0.003 0.000 0.002 0.002 0.002 
  70   (0.007) 0.002 0.002 0.000 0.002 0.002 0.002 
  71   (0.010) 0.006 0.006 0.001 0.007 0.007 0.007 
  72   (0.006) 0.002 0.002 0.000 0.002 0.002 0.002 
  73   (0.006) 0.002 0.002 0.001 0.002 0.002 0.002 
  74   (0.006) 0.002 0.002 0.000 0.002 0.002 0.002 
  75   (0.009) 0.004 0.006 0.001 0.005 0.005 0.004 
  76   (0.006) 0.002 0.002 0.000 0.002 0.002 0.002 
  77   (0.008) 0.003 0.004 0.001 0.004 0.003 0.003 
  78   (0.006) 0.002 0.002 0.000 0.002 0.002 0.002 

Locus 2 : COPE9 
12 alleles
8.3% missing data
   1   (0.412) 0.478 0.462 0.408 0.461 0.472 0.475 
   2   (0.142) 0.132 0.131 0.259 0.145 0.137 0.138 
   3   (0.050) 0.055 0.046 0.029 0.049 0.049 0.048 
   4   (0.074) 0.071 0.088 0.027 0.073 0.074 0.072 
   5   (0.037) 0.024 0.028 0.024 0.027 0.025 0.025 
   6   (0.130) 0.133 0.134 0.055 0.134 0.135 0.138 
   7   (0.039) 0.023 0.029 0.066 0.027 0.027 0.027 
   8   (0.081) 0.072 0.071 0.082 0.073 0.071 0.069 
   9   (0.011) 0.005 0.004 0.001 0.005 0.004 0.004 
  10   (0.009) 0.001 0.001 0.048 0.001 0.001 0.001 
  11   (0.008) 0.003 0.003 0.001 0.003 0.003 0.003 
  12   (0.008) 0.003 0.003 0.001 0.003 0.003 0.003 

Locus 3 : CPER26 
12 alleles
2.6% missing data
   1   (0.230) 0.237 0.231 0.138 0.231 0.235 0.237 
   2   (0.034) 0.021 0.031 0.148 0.022 0.023 0.022 
   3   (0.083) 0.071 0.090 0.008 0.083 0.079 0.078 
   4   (0.499) 0.588 0.570 0.061 0.582 0.582 0.581 
   5   (0.056) 0.046 0.040 0.298 0.041 0.043 0.044 
   6   (0.030) 0.015 0.015 0.308 0.015 0.016 0.016 
   7   (0.013) 0.005 0.006 0.001 0.006 0.006 0.006 
   8   (0.018) 0.007 0.007 0.023 0.009 0.007 0.007 
   9   (0.008) 0.002 0.002 0.004 0.002 0.002 0.002 
  10   (0.012) 0.003 0.003 0.010 0.003 0.003 0.003 
  11   (0.008) 0.002 0.003 0.001 0.003 0.002 0.002 
  12   (0.008) 0.002 0.003 0.001 0.003 0.003 0.003 

Locus 4 : CPER92 
12 alleles
6.8% missing data
   1   (0.618) 0.681 0.700 0.513 0.681 0.676 0.668 
   2   (0.114) 0.130 0.121 0.276 0.131 0.140 0.145 
   3   (0.088) 0.090 0.082 0.045 0.088 0.087 0.088 
   4   (0.015) 0.009 0.007 0.019 0.007 0.007 0.007 
   5   (0.039) 0.025 0.024 0.034 0.026 0.025 0.026 
   6   (0.035) 0.028 0.025 0.008 0.027 0.027 0.028 
   7   (0.019) 0.008 0.008 0.035 0.008 0.008 0.008 
   8   (0.012) 0.003 0.003 0.035 0.003 0.003 0.003 
   9   (0.021) 0.010 0.015 0.018 0.011 0.012 0.011 
  10   (0.017) 0.009 0.007 0.016 0.008 0.008 0.008 
  11   (0.013) 0.006 0.005 0.001 0.006 0.006 0.006 
  12   (0.008) 0.002 0.003 0.001 0.003 0.002 0.002 

Locus 5 : CPER99 
5 alleles
1.0% missing data
   1   (0.013) 0.003 0.003 0.341 0.003 0.003 0.003 
   2   (0.870) 0.931 0.932 0.090 0.929 0.931 0.932 
   3   (0.080) 0.055 0.053 0.476 0.055 0.054 0.053 
   4   (0.013) 0.003 0.004 0.030 0.003 0.003 0.003 
   5   (0.024) 0.009 0.009 0.064 0.009 0.009 0.009 

Locus 6 : CPER119 
22 alleles
5.5% missing data
   1   (0.009) 0.001 0.001 0.106 0.001 0.001 0.001 
   2   (0.080) 0.095 0.086 0.045 0.083 0.094 0.097 
   3   (0.036) 0.033 0.029 0.052 0.031 0.032 0.032 
   4   (0.008) 0.002 0.003 0.001 0.003 0.002 0.002 
   5   (0.160) 0.164 0.192 0.094 0.174 0.177 0.173 
   6   (0.070) 0.065 0.093 0.080 0.070 0.074 0.070 
   7   (0.069) 0.090 0.082 0.079 0.080 0.092 0.097 
   8   (0.082) 0.075 0.078 0.101 0.077 0.077 0.075 
   9   (0.115) 0.140 0.127 0.067 0.135 0.132 0.130 
  10   (0.061) 0.065 0.057 0.033 0.072 0.060 0.060 
  11   (0.021) 0.012 0.014 0.023 0.014 0.014 0.014 
  12   (0.085) 0.110 0.095 0.010 0.110 0.104 0.105 
  13   (0.016) 0.006 0.007 0.011 0.007 0.006 0.006 
  14   (0.028) 0.041 0.034 0.010 0.036 0.037 0.037 
  15   (0.026) 0.022 0.018 0.064 0.018 0.020 0.021 
  16   (0.022) 0.010 0.011 0.029 0.011 0.010 0.010 
  17   (0.024) 0.011 0.015 0.095 0.013 0.012 0.012 
  18   (0.017) 0.010 0.009 0.008 0.010 0.010 0.010 
  19   (0.011) 0.003 0.003 0.025 0.003 0.003 0.003 
  20   (0.037) 0.031 0.034 0.060 0.041 0.029 0.030 
  21   (0.013) 0.007 0.006 0.005 0.007 0.007 0.007 
  22   (0.010) 0.006 0.005 0.001 0.006 0.005 0.005 

Locus 7 : CPER188 
15 alleles
1.6% missing data
   1   (0.598) 0.673 0.678 0.820 0.664 0.677 0.677 
   2   (0.112) 0.099 0.106 0.091 0.107 0.099 0.099 
   3   (0.032) 0.024 0.025 0.002 0.026 0.026 0.026 
   4   (0.040) 0.031 0.031 0.003 0.032 0.032 0.032 
   5   (0.089) 0.119 0.101 0.006 0.111 0.109 0.108 
   6   (0.016) 0.006 0.006 0.008 0.007 0.006 0.006 
   7   (0.017) 0.009 0.010 0.006 0.011 0.011 0.011 
   8   (0.023) 0.011 0.014 0.008 0.013 0.012 0.012 
   9   (0.009) 0.001 0.001 0.040 0.001 0.001 0.001 
  10   (0.008) 0.001 0.001 0.010 0.001 0.001 0.001 
  11   (0.018) 0.010 0.012 0.001 0.011 0.012 0.012 
  12   (0.015) 0.007 0.007 0.001 0.007 0.007 0.007 
  13   (0.008) 0.002 0.002 0.003 0.002 0.002 0.002 
  14   (0.008) 0.003 0.002 0.001 0.003 0.002 0.002 
  15   (0.008) 0.003 0.002 0.001 0.002 0.002 0.002 

Values of parameters used in structure:
DATAFILE=../Data/microsats.structure,	OUTFILE=../Structure_Results/03_K_06.out,	NUMINDS=384,	NUMLOCI=7,	MISSING=-9,	LABEL=1,	POPDATA=0,	POPFLAG=0,	PHENOTYPE=0,	EXTRACOLS=0,	MAXPOPS=6,	BURNIN=1000000,	NUMREPS=10000000,	USEPOPINFO=0,	INFERALPHA=1,	INFERLAMBDA=0,	POPSPECIFICLAMBDA=0,	POPALPHAS=0,	COMPUTEPROB=1,	NOADMIX=0,	ADMBURNIN=500,	UPDATEFREQ=100,	PRINTLIKES=0,	INTERMEDSAVE=0,	PRINTKLD=0,	PRINTNET=1,	PRINTLAMBDA=1,	ANCESTDIST=0,	NUMBOXES=1000,	ANCESTPINT=0.90000,	GENSBACK=2,	MIGRPRIOR=0.01000,	PRINTQHAT=0,	PRINTQSUM=1,	ALPHA=1.0000,	FREQSCORR=1,	FPRIORMEAN=0.0100,	FPRIORSD=0.0500,	ONEFST=0,	LAMBDA=1.0000,	UNIFPRIORALPHA=1,	ALPHAMAX=10.0000,	ALPHAPRIORA=1.0000,	ALPHAPRIORB=2.0000,	ALPHAPROPSD=0.0250,	STARTATPOPINFO=0,	RANDOMIZE=0,	LINKAGE=0,	METROFREQ=10,	REPORTHITRATE=0,	MARKOVPHASE=-1,	PHASED=0,	PLOIDY=2,	PHASEINFO=0	LOCPRIOR=0, 	LOCPRIORINIT=1.000000, 	LOCDATA=0, 	LOCISPOP=0, 	LOCPRIORSTEP=0.100000, 	MAXLOCPRIOR=20.000000, 	SEED=25210611,	
[STRAT parameters]:    NUMSIMSTATS=1000,	PHENOTYPECOL=-9,	POOLFREQ=10,	LOCUSxONLY=0,	EMERROR=0.00100,	MISSINGPHENO=-9,	