

----------------------------------------------------
STRUCTURE by Pritchard, Stephens and Donnelly (2000)
     and Falush, Stephens and Pritchard (2003)
       Code by Pritchard, Falush and Hubisz
             Version 2.3.4 (Jul 2012)
----------------------------------------------------



Command line arguments:   /home/jason/Programs/structure -K 9 -i ../Data/microsats.structure -m Structure_Run/mainparams -e Structure_Run/extraparams -D 34896224 -o ../Structure_Results/03_K_09.out 
Input File:    ../Data/microsats.structure

Run parameters:
   384 individuals
   7 loci
   9 populations assumed
   1000000 Burn-in period
   10000000 Reps
RANDOMIZE turned off


--------------------------------------------
Overall proportion of membership of the
sample in each of the 9 clusters

Inferred Clusters
  1      2      3      4      5      6      7      8      9    
0.115  0.110  0.111  0.111  0.111  0.110  0.111  0.111  0.111  

--------------------------------------------

Allele-freq. divergence among pops (Net nucleotide distance),
computed using point estimates of P.

      1       2       3       4       5       6       7       8       9      
 1      -    0.1637  0.1591  0.1610  0.1601  0.1603  0.1613  0.1612  0.1592  
 2   0.1637     -    0.0005  0.0002  0.0005  0.0004  0.0003  0.0002  0.0005  
 3   0.1591  0.0005     -    0.0001  0.0001  0.0001  0.0001  0.0002  0.0001  
 4   0.1610  0.0002  0.0001     -    0.0001  0.0002  0.0001  0.0001  0.0002  
 5   0.1601  0.0005  0.0001  0.0001     -    0.0000  0.0002  0.0002  0.0000  
 6   0.1603  0.0004  0.0001  0.0002  0.0000     -    0.0002  0.0001  0.0000  
 7   0.1613  0.0003  0.0001  0.0001  0.0002  0.0002     -    0.0001  0.0002  
 8   0.1612  0.0002  0.0002  0.0001  0.0002  0.0001  0.0001     -    0.0002  
 9   0.1592  0.0005  0.0001  0.0002  0.0000  0.0000  0.0002  0.0002     -    

Average distances (expected heterozygosity) between individuals in same cluster:
cluster  1  : 0.6447 
cluster  2  : 0.6183 
cluster  3  : 0.6297 
cluster  4  : 0.6226 
cluster  5  : 0.6259 
cluster  6  : 0.6267 
cluster  7  : 0.6229 
cluster  8  : 0.6221 
cluster  9  : 0.6282 

--------------------------------------------
Estimated Ln Prob of Data   = -9286.0
Mean value of ln likelihood = -7818.0
Variance of ln likelihood   = 2935.9
Mean value of alpha         = 0.0478

Mean value of Fst_1         = 0.1815
Mean value of Fst_2         = 0.0870
Mean value of Fst_3         = 0.0740
Mean value of Fst_4         = 0.0806
Mean value of Fst_5         = 0.0785
Mean value of Fst_6         = 0.0795
Mean value of Fst_7         = 0.0800
Mean value of Fst_8         = 0.0821
Mean value of Fst_9         = 0.0754


Inferred ancestry of individuals:
        Label (%Miss) :  Inferred clusters
  1 COPE-0001    (0)   :  0.933 0.008 0.008 0.009 0.008 0.008 0.008 0.009 0.008 
  2 COPE-0002    (0)   :  0.011 0.105 0.135 0.117 0.131 0.138 0.123 0.116 0.124 
  3 COPE-0003    (0)   :  0.007 0.094 0.141 0.132 0.131 0.110 0.131 0.121 0.134 
  4 COPE-0004    (0)   :  0.013 0.089 0.138 0.109 0.135 0.142 0.113 0.129 0.132 
  5 COPE-0005    (0)   :  0.021 0.125 0.114 0.116 0.123 0.130 0.124 0.128 0.119 
  6 COPE-0006    (0)   :  0.018 0.126 0.130 0.125 0.119 0.120 0.125 0.113 0.123 
  7 COPE-0007    (0)   :  0.007 0.145 0.109 0.127 0.110 0.127 0.125 0.137 0.113 
  8 COPE-0008    (0)   :  0.008 0.133 0.108 0.132 0.130 0.125 0.108 0.127 0.128 
  9 COPE-0009    (0)   :  0.017 0.112 0.147 0.132 0.123 0.109 0.125 0.105 0.131 
 10 COPE-0010    (0)   :  0.007 0.123 0.128 0.104 0.129 0.142 0.130 0.114 0.124 
 11 COPE-0011   (14)   :  0.890 0.012 0.014 0.013 0.015 0.015 0.013 0.014 0.014 
 12 COPE-0012   (14)   :  0.007 0.118 0.118 0.125 0.140 0.132 0.103 0.123 0.135 
 13 COPE-0013    (0)   :  0.006 0.089 0.138 0.128 0.130 0.107 0.145 0.130 0.127 
 14 COPE-0014    (0)   :  0.009 0.151 0.114 0.137 0.098 0.109 0.132 0.144 0.105 
 15 COPE-0015    (0)   :  0.007 0.147 0.113 0.133 0.109 0.119 0.127 0.135 0.109 
 16 COPE-0016    (0)   :  0.010 0.132 0.139 0.142 0.121 0.119 0.127 0.096 0.115 
 17 COPE-0017    (0)   :  0.643 0.052 0.043 0.047 0.040 0.043 0.046 0.047 0.039 
 18 COPE-0018    (0)   :  0.008 0.117 0.127 0.126 0.126 0.121 0.128 0.118 0.128 
 19 COPE-0019    (0)   :  0.006 0.107 0.136 0.131 0.126 0.106 0.135 0.123 0.130 
 20 COPE-0020    (0)   :  0.007 0.134 0.132 0.124 0.121 0.121 0.123 0.111 0.128 
 21 COPE-0021    (0)   :  0.006 0.166 0.100 0.119 0.114 0.122 0.128 0.137 0.108 
 22 COPE-0022    (0)   :  0.007 0.128 0.108 0.134 0.137 0.124 0.105 0.119 0.137 
 23 COPE-0023    (0)   :  0.008 0.105 0.137 0.113 0.130 0.138 0.129 0.114 0.127 
 24 COPE-0024   (14)   :  0.006 0.157 0.106 0.125 0.123 0.121 0.124 0.122 0.115 
 25 COPE-0025    (0)   :  0.063 0.089 0.144 0.115 0.118 0.116 0.112 0.106 0.136 
 26 COPE-0026    (0)   :  0.005 0.138 0.115 0.126 0.113 0.122 0.129 0.134 0.116 
 27 COPE-0027    (0)   :  0.006 0.104 0.132 0.134 0.130 0.107 0.132 0.125 0.131 
 28 COPE-0028    (0)   :  0.005 0.110 0.137 0.108 0.127 0.132 0.131 0.118 0.131 
 29 COPE-0029    (0)   :  0.005 0.142 0.132 0.140 0.119 0.118 0.127 0.102 0.114 
 30 COPE-0030   (14)   :  0.754 0.029 0.032 0.030 0.031 0.032 0.031 0.030 0.031 
 31 COPE-0031    (0)   :  0.010 0.142 0.109 0.136 0.115 0.123 0.120 0.132 0.114 
 32 COPE-0032    (0)   :  0.009 0.102 0.137 0.108 0.129 0.140 0.132 0.115 0.127 
 33 COPE-0033    (0)   :  0.011 0.105 0.135 0.115 0.131 0.132 0.131 0.116 0.123 
 34 COPE-0034    (0)   :  0.010 0.123 0.121 0.124 0.118 0.131 0.122 0.130 0.120 
 35 COPE-0035   (14)   :  0.007 0.099 0.140 0.108 0.132 0.135 0.127 0.118 0.134 
 36 COPE-0036   (14)   :  0.006 0.159 0.107 0.115 0.120 0.127 0.125 0.124 0.116 
 37 COPE-0037    (0)   :  0.023 0.129 0.115 0.123 0.122 0.120 0.125 0.123 0.120 
 38 COPE-0038    (0)   :  0.007 0.137 0.104 0.134 0.117 0.120 0.122 0.138 0.122 
 39 COPE-0039    (0)   :  0.068 0.095 0.139 0.124 0.122 0.107 0.108 0.105 0.131 
 40 COPE-0040   (14)   :  0.090 0.101 0.124 0.118 0.113 0.103 0.117 0.114 0.121 
 41 COPE-0041    (0)   :  0.029 0.106 0.130 0.119 0.127 0.124 0.120 0.115 0.129 
 42 COPE-0042    (0)   :  0.010 0.102 0.132 0.111 0.127 0.132 0.133 0.124 0.128 
 43 COPE-0043    (0)   :  0.005 0.120 0.140 0.125 0.125 0.130 0.125 0.107 0.123 
 44 COPE-0044    (0)   :  0.013 0.093 0.135 0.117 0.136 0.135 0.110 0.126 0.135 
 45 COPE-0045    (0)   :  0.032 0.100 0.126 0.114 0.133 0.132 0.109 0.119 0.135 
 46 COPE-0046    (0)   :  0.778 0.025 0.029 0.029 0.028 0.026 0.029 0.027 0.028 
 47 COPE-0047    (0)   :  0.940 0.007 0.008 0.008 0.008 0.007 0.008 0.007 0.007 
 48 COPE-0048    (0)   :  0.007 0.101 0.132 0.106 0.136 0.144 0.135 0.117 0.121 
 49 COPE-0049    (0)   :  0.016 0.097 0.142 0.115 0.128 0.129 0.111 0.120 0.142 
 50 COPE-0050    (0)   :  0.007 0.092 0.135 0.132 0.135 0.114 0.132 0.123 0.129 
 51 COPE-0051    (0)   :  0.104 0.090 0.116 0.080 0.118 0.134 0.124 0.112 0.121 
 52 COPE-0052    (0)   :  0.011 0.156 0.108 0.135 0.098 0.115 0.132 0.145 0.101 
 53 COPE-0053    (0)   :  0.009 0.140 0.139 0.142 0.122 0.117 0.126 0.092 0.112 
 54 COPE-0054    (0)   :  0.005 0.169 0.101 0.121 0.125 0.122 0.116 0.129 0.111 
 55 COPE-0055    (0)   :  0.005 0.132 0.106 0.136 0.138 0.125 0.102 0.120 0.136 
 56 COPE-0056    (0)   :  0.016 0.108 0.127 0.124 0.134 0.123 0.109 0.123 0.136 
 57 COPE-0057    (0)   :  0.010 0.116 0.138 0.123 0.128 0.113 0.122 0.115 0.134 
 58 COPE-0058    (0)   :  0.009 0.113 0.130 0.116 0.127 0.131 0.124 0.116 0.134 
 59 COPE-0059    (0)   :  0.019 0.091 0.138 0.137 0.131 0.094 0.135 0.123 0.133 
 60 COPE-0060    (0)   :  0.007 0.125 0.136 0.130 0.124 0.127 0.128 0.105 0.119 
 61 COPE-0061    (0)   :  0.011 0.129 0.143 0.141 0.121 0.113 0.127 0.098 0.118 
 62 COPE-0062    (0)   :  0.009 0.168 0.099 0.126 0.102 0.116 0.127 0.151 0.102 
 63 COPE-0063    (0)   :  0.025 0.125 0.106 0.129 0.139 0.126 0.095 0.122 0.134 
 64 COPE-0064    (0)   :  0.009 0.127 0.123 0.135 0.120 0.115 0.126 0.128 0.117 
 65 COPE-0065    (0)   :  0.953 0.006 0.006 0.006 0.006 0.006 0.006 0.006 0.006 
 66 COPE-0066    (0)   :  0.016 0.095 0.133 0.098 0.134 0.141 0.137 0.119 0.126 
 67 COPE-0067   (14)   :  0.777 0.025 0.030 0.026 0.028 0.029 0.029 0.026 0.030 
 68 COPE-0068    (0)   :  0.010 0.088 0.135 0.136 0.133 0.102 0.138 0.126 0.131 
 69 COPE-0069   (14)   :  0.012 0.136 0.116 0.136 0.114 0.113 0.125 0.135 0.114 
 70 COPE-0070    (0)   :  0.012 0.096 0.129 0.108 0.131 0.141 0.122 0.128 0.134 
 71 COPE-0071    (0)   :  0.004 0.114 0.136 0.105 0.130 0.135 0.128 0.117 0.131 
 72 COPE-0072    (0)   :  0.007 0.113 0.132 0.129 0.124 0.122 0.131 0.121 0.121 
 73 COPE-0073   (14)   :  0.676 0.049 0.041 0.043 0.040 0.039 0.041 0.036 0.036 
 74 COPE-0074    (0)   :  0.009 0.111 0.130 0.116 0.133 0.138 0.129 0.113 0.121 
 75 COPE-0075    (0)   :  0.012 0.095 0.130 0.089 0.131 0.149 0.139 0.122 0.133 
 76 COPE-0076    (0)   :  0.006 0.137 0.115 0.131 0.130 0.121 0.116 0.123 0.122 
 77 COPE-0077   (14)   :  0.009 0.111 0.129 0.135 0.123 0.120 0.126 0.119 0.127 
 78 COPE-0078   (14)   :  0.008 0.127 0.115 0.118 0.127 0.130 0.121 0.131 0.123 
 79 COPE-0079    (0)   :  0.008 0.082 0.135 0.097 0.138 0.155 0.116 0.137 0.131 
 80 COPE-0080   (42)   :  0.838 0.019 0.021 0.021 0.020 0.019 0.021 0.020 0.020 
 81 COPE-0081   (14)   :  0.456 0.069 0.065 0.070 0.071 0.068 0.063 0.067 0.070 
 82 COPE-0082   (14)   :  0.045 0.106 0.121 0.109 0.130 0.131 0.111 0.119 0.129 
 83 COPE-0083   (14)   :  0.006 0.176 0.099 0.136 0.087 0.109 0.133 0.164 0.089 
 84 COPE-0084    (0)   :  0.218 0.106 0.114 0.111 0.096 0.093 0.101 0.072 0.089 
 85 COPE-0085    (0)   :  0.010 0.096 0.137 0.115 0.130 0.134 0.119 0.122 0.136 
 86 COPE-0086    (0)   :  0.020 0.123 0.135 0.116 0.120 0.125 0.123 0.107 0.131 
 87 COPE-0087   (14)   :  0.007 0.124 0.140 0.130 0.127 0.127 0.130 0.100 0.115 
 88 COPE-0088   (14)   :  0.025 0.109 0.129 0.117 0.126 0.129 0.126 0.118 0.121 
 89 COPE-0089   (14)   :  0.940 0.007 0.008 0.007 0.008 0.008 0.007 0.008 0.008 
 90 COPE-0090    (0)   :  0.008 0.128 0.109 0.134 0.135 0.127 0.104 0.122 0.134 
 91 COPE-0091   (14)   :  0.006 0.137 0.131 0.133 0.120 0.126 0.130 0.107 0.110 
 92 COPE-0092   (28)   :  0.810 0.018 0.026 0.023 0.025 0.024 0.024 0.024 0.026 
 93 COPE-0093    (0)   :  0.006 0.130 0.105 0.130 0.144 0.130 0.096 0.125 0.134 
 94 COPE-0094    (0)   :  0.029 0.081 0.134 0.095 0.136 0.151 0.113 0.132 0.128 
 95 COPE-0095    (0)   :  0.005 0.138 0.136 0.142 0.122 0.118 0.125 0.099 0.115 
 96 COPE-0096    (0)   :  0.009 0.144 0.116 0.134 0.109 0.116 0.129 0.129 0.114 
 97 COPE-0097    (0)   :  0.008 0.130 0.122 0.104 0.121 0.136 0.130 0.130 0.120 
 98 COPE-0098    (0)   :  0.009 0.144 0.106 0.135 0.114 0.124 0.118 0.137 0.114 
 99 COPE-0099    (0)   :  0.022 0.088 0.147 0.128 0.130 0.103 0.125 0.114 0.144 
100 COPE-0100    (0)   :  0.007 0.108 0.133 0.127 0.129 0.120 0.128 0.119 0.129 
101 COPE-0101    (0)   :  0.046 0.099 0.125 0.108 0.126 0.128 0.115 0.118 0.135 
102 COPE-0102    (0)   :  0.006 0.104 0.132 0.119 0.131 0.132 0.127 0.123 0.127 
103 COPE-0103    (0)   :  0.017 0.117 0.121 0.113 0.117 0.134 0.123 0.139 0.121 
104 COPE-0104   (14)   :  0.007 0.113 0.132 0.116 0.134 0.131 0.123 0.117 0.127 
105 COPE-0105    (0)   :  0.037 0.107 0.119 0.092 0.126 0.142 0.120 0.124 0.132 
106 COPE-0106    (0)   :  0.005 0.198 0.089 0.116 0.118 0.119 0.123 0.129 0.103 
107 COPE-0107    (0)   :  0.843 0.020 0.019 0.021 0.020 0.020 0.018 0.019 0.021 
108 COPE-0108    (0)   :  0.006 0.145 0.109 0.127 0.111 0.124 0.122 0.138 0.116 
109 COPE-0109    (0)   :  0.011 0.091 0.135 0.115 0.138 0.138 0.116 0.126 0.130 
110 COPE-0110   (14)   :  0.014 0.143 0.121 0.123 0.118 0.122 0.123 0.116 0.120 
111 COPE-0111    (0)   :  0.009 0.155 0.111 0.125 0.117 0.120 0.128 0.125 0.110 
112 COPE-0112   (14)   :  0.010 0.106 0.128 0.111 0.133 0.138 0.132 0.120 0.122 
113 COPE-0113    (0)   :  0.020 0.104 0.133 0.127 0.126 0.118 0.119 0.124 0.131 
114 COPE-0114    (0)   :  0.009 0.157 0.109 0.119 0.123 0.120 0.119 0.128 0.116 
115 COPE-0115    (0)   :  0.780 0.031 0.027 0.028 0.025 0.027 0.029 0.028 0.025 
116 COPE-0116   (28)   :  0.915 0.010 0.011 0.011 0.010 0.010 0.010 0.010 0.011 
117 COPE-0117    (0)   :  0.010 0.137 0.139 0.141 0.122 0.118 0.125 0.094 0.114 
118 COPE-0118    (0)   :  0.009 0.184 0.093 0.120 0.110 0.118 0.127 0.141 0.098 
119 COPE-0119    (0)   :  0.010 0.164 0.097 0.125 0.110 0.118 0.125 0.148 0.104 
120 COPE-0120    (0)   :  0.011 0.099 0.134 0.122 0.133 0.127 0.123 0.120 0.130 
121 COPE-0121    (0)   :  0.058 0.138 0.111 0.124 0.104 0.104 0.119 0.123 0.119 
122 COPE-0122    (0)   :  0.008 0.106 0.135 0.111 0.132 0.138 0.128 0.118 0.123 
123 COPE-0123    (0)   :  0.016 0.101 0.131 0.112 0.135 0.137 0.124 0.118 0.125 
124 COPE-0124    (0)   :  0.013 0.111 0.135 0.120 0.123 0.127 0.123 0.117 0.132 
125 COPE-0125    (0)   :  0.007 0.135 0.120 0.119 0.132 0.131 0.112 0.123 0.121 
126 COPE-0126    (0)   :  0.012 0.137 0.137 0.139 0.122 0.117 0.124 0.097 0.116 
127 COPE-0127   (14)   :  0.007 0.118 0.127 0.113 0.125 0.136 0.121 0.122 0.132 
128 COPE-0128    (0)   :  0.018 0.136 0.127 0.121 0.117 0.117 0.121 0.110 0.133 
129 COPE-0129    (0)   :  0.006 0.089 0.133 0.106 0.136 0.142 0.122 0.133 0.132 
130 COPE-0130    (0)   :  0.013 0.098 0.131 0.137 0.131 0.109 0.129 0.123 0.129 
131 COPE-0131   (14)   :  0.008 0.155 0.107 0.136 0.099 0.107 0.133 0.152 0.103 
132 COPE-0132   (14)   :  0.040 0.160 0.098 0.124 0.114 0.114 0.117 0.125 0.108 
133 COPE-0133    (0)   :  0.009 0.133 0.143 0.141 0.123 0.120 0.128 0.092 0.111 
134 COPE-0134    (0)   :  0.007 0.118 0.129 0.116 0.129 0.134 0.125 0.117 0.125 
135 COPE-0135    (0)   :  0.008 0.110 0.129 0.118 0.131 0.134 0.118 0.116 0.137 
136 COPE-0136    (0)   :  0.895 0.012 0.014 0.013 0.013 0.013 0.013 0.013 0.014 
137 COPE-0137    (0)   :  0.012 0.100 0.137 0.124 0.128 0.124 0.129 0.116 0.129 
138 COPE-0138   (14)   :  0.929 0.010 0.009 0.009 0.009 0.009 0.009 0.009 0.009 
139 COPE-0139    (0)   :  0.008 0.092 0.150 0.128 0.131 0.111 0.127 0.112 0.143 
140 COPE-0140   (14)   :  0.811 0.021 0.026 0.024 0.024 0.023 0.024 0.022 0.025 
141 COPE-0141    (0)   :  0.008 0.116 0.119 0.124 0.138 0.132 0.101 0.125 0.138 
142 COPE-0142    (0)   :  0.009 0.131 0.113 0.125 0.133 0.125 0.112 0.123 0.128 
143 COPE-0143    (0)   :  0.009 0.122 0.135 0.133 0.126 0.123 0.117 0.109 0.126 
144 COPE-0144   (14)   :  0.203 0.084 0.117 0.104 0.102 0.098 0.092 0.091 0.110 
145 COPE-0145   (14)   :  0.310 0.068 0.113 0.089 0.086 0.081 0.080 0.069 0.104 
146 COPE-0146   (14)   :  0.029 0.125 0.125 0.130 0.123 0.119 0.112 0.113 0.124 
147 COPE-0147    (0)   :  0.070 0.100 0.118 0.113 0.126 0.126 0.105 0.114 0.129 
148 COPE-0148    (0)   :  0.009 0.137 0.136 0.138 0.124 0.121 0.125 0.098 0.113 
149 COPE-0149    (0)   :  0.007 0.110 0.137 0.129 0.127 0.117 0.135 0.114 0.125 
150 COPE-0150    (0)   :  0.008 0.095 0.136 0.098 0.138 0.149 0.141 0.115 0.119 
151 COPE-0151    (0)   :  0.007 0.117 0.145 0.138 0.126 0.109 0.114 0.108 0.137 
152 COPE-0152   (14)   :  0.127 0.107 0.103 0.113 0.116 0.113 0.090 0.111 0.121 
153 COPE-0153    (0)   :  0.006 0.130 0.120 0.125 0.116 0.124 0.123 0.136 0.119 
154 COPE-0154    (0)   :  0.007 0.130 0.125 0.131 0.129 0.115 0.121 0.117 0.124 
155 COPE-0155    (0)   :  0.006 0.123 0.139 0.125 0.123 0.115 0.123 0.111 0.135 
156 COPE-0156   (14)   :  0.929 0.009 0.009 0.009 0.009 0.009 0.009 0.009 0.009 
157 COPE-0157   (14)   :  0.261 0.080 0.098 0.091 0.098 0.098 0.079 0.091 0.104 
158 COPE-0158    (0)   :  0.009 0.129 0.139 0.141 0.120 0.114 0.131 0.102 0.115 
159 COPE-0159    (0)   :  0.008 0.129 0.113 0.130 0.127 0.125 0.119 0.124 0.124 
160 COPE-0160    (0)   :  0.006 0.107 0.124 0.112 0.128 0.135 0.119 0.130 0.139 
161 COPE-0161    (0)   :  0.012 0.103 0.128 0.118 0.131 0.134 0.123 0.125 0.126 
162 COPE-0162   (14)   :  0.944 0.007 0.007 0.007 0.007 0.007 0.007 0.007 0.007 
163 COPE-0163   (28)   :  0.894 0.013 0.013 0.013 0.013 0.013 0.013 0.013 0.013 
164 COPE-0164    (0)   :  0.030 0.105 0.134 0.126 0.124 0.115 0.117 0.113 0.136 
165 COPE-0165    (0)   :  0.008 0.098 0.134 0.129 0.128 0.120 0.128 0.122 0.133 
166 COPE-0166   (14)   :  0.008 0.117 0.127 0.113 0.129 0.136 0.127 0.118 0.125 
167 COPE-0167    (0)   :  0.008 0.125 0.120 0.113 0.127 0.135 0.120 0.127 0.126 
168 COPE-0168    (0)   :  0.006 0.137 0.127 0.138 0.120 0.117 0.126 0.112 0.118 
169 COPE-0169    (0)   :  0.011 0.092 0.134 0.132 0.129 0.102 0.142 0.131 0.128 
170 COPE-0170    (0)   :  0.028 0.126 0.119 0.131 0.117 0.115 0.102 0.126 0.135 
171 COPE-0171    (0)   :  0.008 0.142 0.122 0.140 0.115 0.111 0.116 0.117 0.128 
172 COPE-0172    (0)   :  0.007 0.126 0.124 0.122 0.118 0.127 0.125 0.124 0.126 
173 COPE-0173   (14)   :  0.063 0.085 0.131 0.130 0.122 0.097 0.127 0.117 0.126 
174 COPE-0174   (28)   :  0.017 0.118 0.128 0.127 0.128 0.123 0.114 0.114 0.131 
175 COPE-0175    (0)   :  0.041 0.111 0.127 0.125 0.116 0.121 0.119 0.114 0.126 
176 COPE-0176    (0)   :  0.009 0.142 0.110 0.120 0.128 0.133 0.112 0.126 0.121 
177 COPE-0177    (0)   :  0.007 0.103 0.138 0.125 0.130 0.109 0.134 0.121 0.132 
178 COPE-0178    (0)   :  0.007 0.195 0.091 0.113 0.119 0.121 0.121 0.127 0.107 
179 COPE-0179    (0)   :  0.009 0.109 0.131 0.120 0.132 0.125 0.123 0.118 0.134 
180 COPE-0180   (14)   :  0.006 0.089 0.138 0.129 0.132 0.105 0.143 0.129 0.130 
181 COPE-0181   (14)   :  0.009 0.102 0.134 0.126 0.131 0.113 0.132 0.124 0.128 
182 COPE-0182    (0)   :  0.005 0.128 0.111 0.119 0.118 0.129 0.128 0.136 0.126 
183 COPE-0183    (0)   :  0.011 0.125 0.123 0.127 0.125 0.123 0.123 0.119 0.125 
184 COPE-0184    (0)   :  0.009 0.122 0.116 0.116 0.126 0.133 0.124 0.128 0.125 
185 COPE-0185    (0)   :  0.007 0.138 0.108 0.139 0.117 0.117 0.119 0.132 0.124 
186 COPE-0186    (0)   :  0.005 0.171 0.100 0.133 0.092 0.113 0.131 0.160 0.094 
187 COPE-0187    (0)   :  0.010 0.102 0.123 0.097 0.134 0.146 0.126 0.128 0.135 
188 COPE-0188    (0)   :  0.799 0.021 0.026 0.023 0.026 0.029 0.026 0.024 0.026 
189 COPE-0189    (0)   :  0.008 0.104 0.134 0.124 0.130 0.123 0.132 0.124 0.121 
190 COPE-0190    (0)   :  0.015 0.094 0.136 0.106 0.134 0.140 0.117 0.121 0.136 
191 COPE-0191    (0)   :  0.012 0.125 0.128 0.128 0.118 0.117 0.125 0.124 0.123 
192 COPE-0192   (14)   :  0.914 0.012 0.010 0.011 0.009 0.010 0.011 0.012 0.010 
193 COPE-0193    (0)   :  0.006 0.132 0.129 0.135 0.122 0.119 0.124 0.111 0.122 
194 COPE-0194    (0)   :  0.009 0.101 0.135 0.096 0.131 0.143 0.137 0.119 0.128 
195 COPE-0195    (0)   :  0.007 0.104 0.135 0.118 0.129 0.136 0.126 0.115 0.130 
196 COPE-0196    (0)   :  0.011 0.116 0.124 0.123 0.121 0.129 0.120 0.126 0.130 
197 COPE-0197    (0)   :  0.007 0.102 0.139 0.132 0.127 0.110 0.133 0.118 0.132 
198 COPE-0198    (0)   :  0.014 0.115 0.117 0.142 0.122 0.105 0.128 0.134 0.122 
199 COPE-0199    (0)   :  0.011 0.104 0.134 0.129 0.128 0.100 0.138 0.126 0.130 
200 COPE-0200   (42)   :  0.009 0.093 0.136 0.133 0.132 0.107 0.135 0.123 0.131 
201 COPE-0201    (0)   :  0.009 0.137 0.113 0.125 0.122 0.125 0.114 0.133 0.123 
202 COPE-0202    (0)   :  0.013 0.107 0.119 0.116 0.134 0.137 0.113 0.131 0.129 
203 COPE-0203    (0)   :  0.006 0.133 0.116 0.130 0.127 0.123 0.120 0.121 0.125 
204 COPE-0204    (0)   :  0.031 0.146 0.112 0.101 0.121 0.130 0.119 0.118 0.121 
205 COPE-0205    (0)   :  0.022 0.124 0.134 0.137 0.116 0.119 0.121 0.107 0.121 
206 COPE-0206    (0)   :  0.005 0.167 0.107 0.124 0.115 0.117 0.122 0.125 0.120 
207 COPE-0207    (0)   :  0.011 0.179 0.092 0.124 0.114 0.115 0.124 0.137 0.104 
208 COPE-0208    (0)   :  0.758 0.027 0.033 0.032 0.029 0.029 0.028 0.030 0.033 
209 COPE-0209    (0)   :  0.006 0.117 0.124 0.133 0.121 0.117 0.128 0.128 0.125 
210 COPE-0210    (0)   :  0.011 0.130 0.133 0.134 0.119 0.120 0.131 0.108 0.113 
211 COPE-0211    (0)   :  0.005 0.095 0.139 0.103 0.135 0.141 0.139 0.118 0.125 
212 COPE-0212    (0)   :  0.012 0.166 0.101 0.127 0.117 0.117 0.123 0.128 0.109 
213 COPE-0213    (0)   :  0.008 0.140 0.115 0.121 0.121 0.123 0.125 0.120 0.126 
214 COPE-0214    (0)   :  0.008 0.085 0.136 0.141 0.132 0.096 0.142 0.130 0.129 
215 COPE-0215    (0)   :  0.044 0.088 0.132 0.124 0.127 0.097 0.137 0.123 0.127 
216 COPE-0216   (14)   :  0.409 0.075 0.080 0.078 0.072 0.073 0.075 0.065 0.072 
217 COPE-0217    (0)   :  0.028 0.166 0.098 0.117 0.118 0.118 0.121 0.125 0.110 
218 COPE-0218    (0)   :  0.009 0.117 0.130 0.134 0.119 0.117 0.124 0.123 0.126 
219 COPE-0219   (14)   :  0.009 0.099 0.135 0.137 0.128 0.107 0.132 0.123 0.128 
220 COPE-0220    (0)   :  0.014 0.170 0.099 0.117 0.120 0.118 0.125 0.125 0.112 
221 COPE-0221    (0)   :  0.016 0.125 0.103 0.135 0.132 0.124 0.106 0.123 0.136 
222 COPE-0222    (0)   :  0.007 0.140 0.123 0.139 0.125 0.118 0.119 0.111 0.119 
223 COPE-0223    (0)   :  0.008 0.095 0.144 0.117 0.130 0.116 0.136 0.118 0.137 
224 COPE-0224    (0)   :  0.020 0.086 0.132 0.100 0.133 0.151 0.114 0.135 0.129 
225 COPE-0225    (0)   :  0.015 0.086 0.134 0.140 0.130 0.094 0.143 0.130 0.126 
226 COPE-0226    (0)   :  0.007 0.127 0.124 0.128 0.129 0.126 0.116 0.119 0.124 
227 COPE-0227    (0)   :  0.006 0.136 0.117 0.136 0.111 0.110 0.132 0.141 0.111 
228 COPE-0228    (0)   :  0.020 0.155 0.115 0.117 0.122 0.117 0.119 0.116 0.119 
229 COPE-0229    (0)   :  0.007 0.120 0.126 0.131 0.132 0.119 0.123 0.118 0.123 
230 COPE-0230    (0)   :  0.010 0.137 0.119 0.125 0.131 0.126 0.108 0.120 0.123 
231 COPE-0231    (0)   :  0.006 0.114 0.138 0.127 0.126 0.116 0.128 0.115 0.130 
232 COPE-0232    (0)   :  0.015 0.101 0.129 0.109 0.133 0.137 0.119 0.126 0.129 
233 COPE-0233    (0)   :  0.005 0.139 0.114 0.137 0.118 0.122 0.119 0.127 0.119 
234 COPE-0234    (0)   :  0.008 0.098 0.136 0.112 0.133 0.139 0.120 0.125 0.130 
235 COPE-0235    (0)   :  0.006 0.109 0.132 0.113 0.128 0.133 0.130 0.123 0.127 
236 COPE-0236    (0)   :  0.005 0.154 0.111 0.121 0.128 0.128 0.112 0.127 0.114 
237 COPE-0237    (0)   :  0.006 0.143 0.104 0.139 0.110 0.116 0.128 0.144 0.111 
238 COPE-0238    (0)   :  0.008 0.094 0.143 0.129 0.129 0.102 0.139 0.121 0.134 
239 COPE-0239    (0)   :  0.034 0.097 0.129 0.109 0.129 0.136 0.118 0.124 0.124 
240 COPE-0240    (0)   :  0.008 0.140 0.126 0.138 0.116 0.119 0.130 0.112 0.112 
241 COPE-0241    (0)   :  0.007 0.089 0.137 0.129 0.130 0.107 0.145 0.130 0.127 
242 COPE-0242    (0)   :  0.006 0.166 0.102 0.124 0.112 0.117 0.126 0.142 0.105 
243 COPE-0243    (0)   :  0.008 0.104 0.131 0.091 0.128 0.148 0.136 0.122 0.134 
244 COPE-0244    (0)   :  0.009 0.100 0.136 0.118 0.127 0.122 0.127 0.125 0.135 
245 COPE-0245    (0)   :  0.012 0.105 0.126 0.104 0.128 0.140 0.131 0.123 0.131 
246 COPE-0246    (0)   :  0.013 0.115 0.128 0.121 0.124 0.130 0.119 0.119 0.131 
247 COPE-0247    (0)   :  0.017 0.118 0.112 0.140 0.128 0.118 0.114 0.122 0.132 
248 COPE-0248    (0)   :  0.005 0.122 0.124 0.119 0.120 0.127 0.130 0.127 0.127 
249 COPE-0249    (0)   :  0.032 0.085 0.137 0.113 0.132 0.131 0.116 0.124 0.130 
250 COPE-0250    (0)   :  0.016 0.106 0.125 0.107 0.135 0.140 0.120 0.128 0.123 
251 COPE-0251   (14)   :  0.748 0.034 0.027 0.035 0.031 0.030 0.030 0.033 0.032 
252 COPE-0252    (0)   :  0.012 0.099 0.133 0.107 0.134 0.146 0.121 0.122 0.127 
253 COPE-0253    (0)   :  0.008 0.128 0.109 0.134 0.142 0.125 0.099 0.121 0.135 
254 COPE-0254    (0)   :  0.014 0.113 0.120 0.098 0.130 0.145 0.119 0.127 0.135 
255 COPE-0255    (0)   :  0.026 0.110 0.116 0.123 0.126 0.123 0.118 0.124 0.134 
256 COPE-0256    (0)   :  0.011 0.142 0.132 0.139 0.119 0.116 0.127 0.101 0.113 
257 COPE-0257    (0)   :  0.008 0.166 0.100 0.136 0.092 0.113 0.132 0.158 0.096 
258 COPE-0258    (0)   :  0.021 0.135 0.120 0.124 0.106 0.112 0.126 0.139 0.118 
259 COPE-0259    (0)   :  0.006 0.128 0.131 0.119 0.123 0.127 0.126 0.118 0.122 
260 COPE-0260    (0)   :  0.024 0.102 0.136 0.125 0.125 0.105 0.133 0.119 0.130 
261 COPE-0261    (0)   :  0.006 0.125 0.121 0.095 0.129 0.144 0.124 0.126 0.130 
262 COPE-0262    (0)   :  0.021 0.117 0.138 0.113 0.122 0.129 0.127 0.105 0.127 
263 COPE-0263    (0)   :  0.008 0.147 0.109 0.136 0.100 0.114 0.131 0.147 0.109 
264 COPE-0264    (0)   :  0.020 0.147 0.109 0.129 0.103 0.115 0.128 0.143 0.107 
265 COPE-0265    (0)   :  0.011 0.120 0.125 0.131 0.129 0.122 0.113 0.121 0.129 
266 COPE-0266    (0)   :  0.017 0.149 0.110 0.115 0.122 0.123 0.121 0.120 0.123 
267 COPE-0267    (0)   :  0.006 0.128 0.114 0.129 0.123 0.126 0.123 0.130 0.121 
268 COPE-0268    (0)   :  0.013 0.143 0.104 0.136 0.107 0.118 0.126 0.140 0.113 
269 COPE-0269    (0)   :  0.007 0.129 0.132 0.131 0.118 0.125 0.124 0.115 0.120 
270 COPE-0270    (0)   :  0.007 0.095 0.135 0.096 0.136 0.146 0.145 0.120 0.119 
271 COPE-0271    (0)   :  0.007 0.117 0.133 0.123 0.126 0.128 0.134 0.110 0.120 
272 COPE-0272    (0)   :  0.007 0.118 0.123 0.118 0.131 0.129 0.109 0.126 0.137 
273 COPE-0273    (0)   :  0.016 0.166 0.096 0.125 0.118 0.118 0.119 0.130 0.112 
274 COPE-0274   (14)   :  0.819 0.019 0.024 0.020 0.023 0.025 0.024 0.022 0.023 
275 COPE-0275    (0)   :  0.010 0.104 0.131 0.120 0.133 0.130 0.127 0.123 0.121 
276 COPE-0276   (14)   :  0.950 0.006 0.006 0.006 0.006 0.006 0.006 0.006 0.006 
277 COPE-0277   (14)   :  0.013 0.149 0.126 0.135 0.119 0.116 0.125 0.108 0.109 
278 COPE-0278    (0)   :  0.007 0.190 0.093 0.118 0.120 0.118 0.124 0.125 0.106 
279 COPE-0279    (0)   :  0.009 0.138 0.119 0.121 0.123 0.126 0.124 0.116 0.124 
280 COPE-0280    (0)   :  0.895 0.013 0.013 0.013 0.013 0.013 0.013 0.013 0.013 
281 COPE-0281    (0)   :  0.754 0.024 0.036 0.032 0.033 0.028 0.029 0.029 0.034 
282 COPE-0282   (14)   :  0.006 0.083 0.134 0.098 0.137 0.156 0.115 0.139 0.132 
283 COPE-0283    (0)   :  0.007 0.174 0.103 0.122 0.117 0.117 0.124 0.126 0.110 
284 COPE-0284   (14)   :  0.034 0.093 0.137 0.124 0.126 0.111 0.128 0.114 0.132 
285 COPE-0285    (0)   :  0.746 0.033 0.032 0.033 0.031 0.031 0.032 0.032 0.031 
286 COPE-0286    (0)   :  0.011 0.090 0.149 0.124 0.125 0.122 0.124 0.112 0.142 
287 COPE-0287    (0)   :  0.033 0.142 0.101 0.135 0.099 0.118 0.125 0.141 0.106 
288 COPE-0288    (0)   :  0.010 0.126 0.106 0.133 0.135 0.126 0.107 0.122 0.136 
289 COPE-0289    (0)   :  0.008 0.129 0.124 0.133 0.124 0.122 0.120 0.118 0.121 
290 COPE-0290    (0)   :  0.008 0.092 0.136 0.110 0.133 0.133 0.143 0.125 0.121 
291 COPE-0291    (0)   :  0.006 0.133 0.122 0.135 0.112 0.116 0.126 0.129 0.121 
292 COPE-0292   (42)   :  0.884 0.014 0.015 0.014 0.015 0.014 0.014 0.014 0.015 
293 COPE-0293    (0)   :  0.008 0.124 0.114 0.127 0.140 0.132 0.099 0.124 0.132 
294 COPE-0294    (0)   :  0.012 0.109 0.132 0.120 0.130 0.127 0.123 0.118 0.130 
295 COPE-0295    (0)   :  0.008 0.123 0.121 0.118 0.128 0.133 0.120 0.121 0.128 
296 COPE-0296   (14)   :  0.007 0.130 0.118 0.128 0.129 0.126 0.119 0.117 0.126 
297 COPE-0297   (14)   :  0.035 0.084 0.137 0.129 0.127 0.100 0.136 0.123 0.128 
298 COPE-0298    (0)   :  0.010 0.110 0.122 0.117 0.139 0.140 0.106 0.125 0.131 
299 COPE-0299    (0)   :  0.006 0.106 0.127 0.098 0.132 0.142 0.132 0.127 0.129 
300 COPE-0300   (14)   :  0.008 0.138 0.123 0.137 0.112 0.117 0.130 0.122 0.113 
301 COPE-0301   (14)   :  0.009 0.130 0.105 0.132 0.142 0.128 0.095 0.123 0.135 
302 COPE-0302    (0)   :  0.234 0.105 0.096 0.101 0.088 0.093 0.096 0.096 0.090 
303 COPE-0303    (0)   :  0.006 0.168 0.105 0.114 0.123 0.124 0.123 0.122 0.115 
304 COPE-0304    (0)   :  0.007 0.114 0.125 0.121 0.128 0.129 0.123 0.122 0.131 
305 COPE-0305   (14)   :  0.037 0.114 0.129 0.122 0.115 0.123 0.116 0.120 0.124 
306 COPE-0306    (0)   :  0.009 0.192 0.091 0.116 0.116 0.118 0.122 0.133 0.103 
307 COPE-0307   (28)   :  0.935 0.008 0.008 0.008 0.008 0.008 0.008 0.008 0.008 
308 COPE-0308    (0)   :  0.006 0.090 0.129 0.102 0.137 0.151 0.115 0.138 0.132 
309 COPE-0309   (14)   :  0.631 0.041 0.051 0.046 0.049 0.046 0.043 0.042 0.051 
310 COPE-0310   (28)   :  0.639 0.061 0.036 0.050 0.033 0.040 0.048 0.057 0.035 
311 COPE-0311    (0)   :  0.023 0.135 0.121 0.134 0.104 0.108 0.119 0.136 0.120 
312 COPE-0312   (28)   :  0.899 0.015 0.012 0.012 0.013 0.013 0.012 0.013 0.012 
313 COPE-0313    (0)   :  0.008 0.171 0.097 0.120 0.110 0.119 0.127 0.144 0.103 
314 COPE-0314    (0)   :  0.008 0.138 0.108 0.127 0.110 0.125 0.125 0.140 0.120 
315 COPE-0315    (0)   :  0.008 0.134 0.117 0.126 0.117 0.114 0.131 0.135 0.117 
316 COPE-0316    (0)   :  0.022 0.113 0.137 0.112 0.126 0.121 0.127 0.113 0.130 
317 COPE-0317   (14)   :  0.932 0.009 0.008 0.009 0.008 0.008 0.009 0.009 0.008 
318 COPE-0318    (0)   :  0.006 0.120 0.124 0.115 0.126 0.132 0.129 0.127 0.122 
319 COPE-0319    (0)   :  0.007 0.097 0.132 0.111 0.131 0.139 0.125 0.130 0.128 
320 COPE-0320   (14)   :  0.014 0.119 0.118 0.125 0.136 0.128 0.107 0.118 0.136 
321 COPE-0321   (14)   :  0.011 0.152 0.104 0.128 0.104 0.116 0.131 0.149 0.105 
322 COPE-0322   (14)   :  0.006 0.114 0.127 0.118 0.124 0.126 0.137 0.122 0.126 
323 COPE-0323    (0)   :  0.009 0.177 0.097 0.136 0.084 0.107 0.134 0.167 0.089 
324 COPE-0324    (0)   :  0.006 0.099 0.132 0.138 0.128 0.102 0.140 0.130 0.124 
325 COPE-0325   (14)   :  0.011 0.145 0.136 0.143 0.117 0.114 0.130 0.098 0.106 
326 COPE-0326    (0)   :  0.007 0.134 0.111 0.121 0.133 0.132 0.109 0.126 0.128 
327 COPE-0327   (14)   :  0.008 0.117 0.122 0.130 0.138 0.123 0.100 0.120 0.141 
328 COPE-0328    (0)   :  0.006 0.128 0.128 0.119 0.124 0.126 0.127 0.119 0.124 
329 COPE-0329   (28)   :  0.012 0.119 0.123 0.129 0.125 0.104 0.137 0.126 0.124 
330 COPE-0330    (0)   :  0.021 0.133 0.112 0.124 0.108 0.124 0.124 0.135 0.119 
331 COPE-0331    (0)   :  0.006 0.133 0.105 0.134 0.139 0.126 0.101 0.120 0.136 
332 COPE-0332   (14)   :  0.007 0.145 0.117 0.121 0.119 0.125 0.122 0.119 0.125 
333 COPE-0333    (0)   :  0.152 0.101 0.102 0.114 0.116 0.104 0.089 0.103 0.120 
334 COPE-0334   (28)   :  0.592 0.065 0.043 0.055 0.041 0.047 0.052 0.062 0.043 
335 COPE-0335    (0)   :  0.007 0.088 0.132 0.144 0.130 0.097 0.142 0.132 0.128 
336 COPE-0336    (0)   :  0.006 0.103 0.135 0.136 0.126 0.121 0.108 0.118 0.148 
337 COPE-0337   (28)   :  0.853 0.016 0.019 0.019 0.019 0.017 0.020 0.019 0.019 
338 COPE-0338    (0)   :  0.021 0.149 0.107 0.129 0.098 0.112 0.130 0.147 0.108 
339 COPE-0339    (0)   :  0.006 0.140 0.136 0.140 0.121 0.120 0.127 0.097 0.113 
340 COPE-0340   (14)   :  0.903 0.012 0.012 0.012 0.013 0.012 0.012 0.012 0.012 
341 COPE-0341    (0)   :  0.007 0.101 0.130 0.112 0.131 0.141 0.121 0.129 0.128 
342 COPE-0342    (0)   :  0.007 0.089 0.137 0.130 0.130 0.101 0.145 0.131 0.129 
343 COPE-0343    (0)   :  0.006 0.145 0.112 0.118 0.125 0.130 0.118 0.123 0.123 
344 COPE-0344   (14)   :  0.914 0.011 0.010 0.011 0.010 0.011 0.011 0.011 0.010 
345 COPE-0345    (0)   :  0.006 0.100 0.133 0.115 0.132 0.141 0.120 0.127 0.125 
346 COPE-0346    (0)   :  0.033 0.105 0.135 0.124 0.118 0.122 0.120 0.116 0.129 
347 COPE-0347    (0)   :  0.007 0.116 0.134 0.113 0.124 0.131 0.125 0.117 0.134 
348 COPE-0348    (0)   :  0.015 0.130 0.122 0.107 0.123 0.132 0.126 0.123 0.121 
349 COPE-0349    (0)   :  0.006 0.104 0.134 0.128 0.124 0.108 0.143 0.126 0.127 
350 COPE-0350    (0)   :  0.006 0.112 0.137 0.110 0.132 0.135 0.131 0.112 0.126 
351 COPE-0351    (0)   :  0.006 0.104 0.130 0.101 0.130 0.139 0.135 0.125 0.130 
352 COPE-0352    (0)   :  0.027 0.108 0.139 0.128 0.122 0.115 0.116 0.110 0.136 
353 COPE-0353    (0)   :  0.005 0.150 0.107 0.133 0.099 0.116 0.134 0.151 0.106 
354 COPE-0354    (0)   :  0.016 0.135 0.113 0.123 0.114 0.124 0.119 0.135 0.120 
355 COPE-0355    (0)   :  0.006 0.139 0.141 0.144 0.123 0.118 0.129 0.089 0.110 
356 COPE-0356    (0)   :  0.008 0.105 0.121 0.097 0.131 0.148 0.121 0.134 0.136 
357 COPE-0357    (0)   :  0.009 0.103 0.126 0.136 0.128 0.114 0.133 0.128 0.125 
358 COPE-0358    (0)   :  0.940 0.007 0.008 0.008 0.008 0.007 0.008 0.007 0.008 
359 COPE-0359   (14)   :  0.009 0.115 0.130 0.121 0.127 0.126 0.126 0.120 0.126 
360 COPE-0360    (0)   :  0.006 0.158 0.108 0.128 0.098 0.116 0.131 0.151 0.103 
361 COPE-0361    (0)   :  0.009 0.107 0.131 0.106 0.133 0.142 0.125 0.120 0.126 
362 COPE-0362    (0)   :  0.007 0.099 0.129 0.135 0.125 0.106 0.141 0.132 0.127 
363 COPE-0363   (14)   :  0.014 0.111 0.135 0.119 0.125 0.132 0.124 0.115 0.126 
364 COPE-0364    (0)   :  0.006 0.151 0.106 0.131 0.097 0.117 0.131 0.152 0.107 
365 COPE-0365    (0)   :  0.019 0.170 0.094 0.138 0.087 0.109 0.130 0.159 0.094 
366 COPE-0366    (0)   :  0.023 0.089 0.136 0.118 0.132 0.113 0.137 0.120 0.133 
367 COPE-0367   (14)   :  0.904 0.011 0.012 0.012 0.012 0.013 0.012 0.013 0.012 
368 COPE-0368    (0)   :  0.010 0.140 0.131 0.138 0.121 0.117 0.123 0.102 0.117 
369 COPE-0369    (0)   :  0.009 0.120 0.117 0.136 0.131 0.123 0.115 0.118 0.130 
370 COPE-0370   (28)   :  0.929 0.009 0.009 0.009 0.009 0.009 0.009 0.009 0.009 
371 COPE-0371    (0)   :  0.013 0.147 0.103 0.136 0.113 0.115 0.120 0.133 0.119 
372 COPE-0372    (0)   :  0.047 0.142 0.106 0.122 0.114 0.111 0.121 0.129 0.108 
373 COPE-0373   (14)   :  0.007 0.122 0.114 0.119 0.134 0.132 0.112 0.129 0.131 
374 COPE-0374    (0)   :  0.008 0.116 0.122 0.124 0.120 0.126 0.128 0.126 0.130 
375 COPE-0375   (14)   :  0.010 0.160 0.105 0.134 0.094 0.113 0.130 0.156 0.098 
376 COPE-0376   (14)   :  0.006 0.111 0.122 0.093 0.128 0.147 0.131 0.129 0.134 
377 COPE-0377    (0)   :  0.587 0.044 0.054 0.049 0.055 0.055 0.047 0.053 0.056 
378 COPE-0378    (0)   :  0.006 0.138 0.128 0.133 0.118 0.119 0.131 0.115 0.112 
379 COPE-0379    (0)   :  0.007 0.090 0.137 0.126 0.133 0.109 0.140 0.128 0.130 
380 COPE-0380   (28)   :  0.718 0.047 0.030 0.032 0.035 0.035 0.034 0.035 0.032 
381 COPE-0381    (0)   :  0.011 0.114 0.127 0.122 0.121 0.130 0.120 0.126 0.130 
382 COPE-0382    (0)   :  0.006 0.094 0.135 0.131 0.132 0.105 0.141 0.128 0.128 
383 COPE-0383    (0)   :  0.057 0.164 0.092 0.130 0.080 0.103 0.128 0.159 0.087 
384 COPE-0384    (0)   :  0.008 0.145 0.120 0.127 0.115 0.122 0.128 0.125 0.110 


Estimated Allele Frequencies in each cluster
First column gives estimated ancestral frequencies


Locus 1 : COPE5 
78 alleles
0.5% missing data
   1   (0.007) 0.689 0.001 0.001 0.001 0.001 0.001 0.001 0.001 0.001 
   2   (0.023) 0.013 0.022 0.026 0.024 0.025 0.026 0.023 0.023 0.025 
   3   (0.013) 0.001 0.012 0.016 0.014 0.015 0.016 0.014 0.013 0.015 
   4   (0.023) 0.001 0.022 0.028 0.025 0.026 0.025 0.027 0.023 0.025 
   5   (0.011) 0.001 0.008 0.010 0.011 0.010 0.009 0.010 0.010 0.011 
   6   (0.019) 0.004 0.015 0.020 0.017 0.019 0.018 0.018 0.018 0.019 
   7   (0.007) 0.001 0.003 0.004 0.003 0.004 0.004 0.003 0.003 0.004 
   8   (0.033) 0.002 0.111 0.078 0.087 0.090 0.091 0.088 0.091 0.084 
   9   (0.020) 0.001 0.020 0.023 0.021 0.023 0.023 0.022 0.021 0.022 
  10   (0.019) 0.001 0.021 0.020 0.020 0.018 0.020 0.020 0.020 0.019 
  11   (0.015) 0.014 0.017 0.013 0.017 0.013 0.014 0.016 0.018 0.014 
  12   (0.016) 0.001 0.025 0.021 0.025 0.026 0.024 0.020 0.023 0.025 
  13   (0.010) 0.001 0.011 0.010 0.011 0.012 0.011 0.009 0.011 0.012 
  14   (0.025) 0.002 0.027 0.027 0.028 0.029 0.028 0.025 0.027 0.029 
  15   (0.016) 0.001 0.037 0.035 0.037 0.030 0.030 0.034 0.027 0.029 
  16   (0.010) 0.001 0.006 0.006 0.006 0.006 0.007 0.006 0.006 0.006 
  17   (0.018) 0.001 0.015 0.015 0.014 0.015 0.015 0.015 0.015 0.015 
  18   (0.017) 0.006 0.011 0.015 0.014 0.014 0.012 0.015 0.014 0.014 
  19   (0.011) 0.001 0.007 0.011 0.010 0.010 0.009 0.011 0.010 0.010 
  20   (0.028) 0.002 0.059 0.050 0.058 0.050 0.051 0.051 0.053 0.050 
  21   (0.023) 0.001 0.021 0.023 0.023 0.023 0.021 0.022 0.021 0.023 
  22   (0.019) 0.008 0.014 0.016 0.016 0.015 0.015 0.016 0.015 0.016 
  23   (0.013) 0.001 0.010 0.012 0.012 0.012 0.010 0.012 0.011 0.012 
  24   (0.014) 0.001 0.020 0.018 0.016 0.017 0.020 0.020 0.021 0.018 
  25   (0.009) 0.001 0.007 0.008 0.008 0.008 0.008 0.007 0.007 0.009 
  26   (0.013) 0.001 0.008 0.009 0.009 0.009 0.009 0.009 0.009 0.009 
  27   (0.013) 0.001 0.008 0.011 0.008 0.010 0.011 0.010 0.009 0.010 
  28   (0.008) 0.017 0.002 0.003 0.003 0.003 0.003 0.003 0.003 0.003 
  29   (0.014) 0.001 0.010 0.012 0.010 0.012 0.012 0.012 0.011 0.012 
  30   (0.019) 0.003 0.019 0.020 0.021 0.021 0.020 0.020 0.020 0.021 
  31   (0.019) 0.001 0.018 0.020 0.020 0.019 0.018 0.020 0.018 0.019 
  32   (0.025) 0.002 0.036 0.038 0.042 0.039 0.035 0.040 0.041 0.039 
  33   (0.006) 0.000 0.002 0.002 0.002 0.002 0.002 0.002 0.002 0.002 
  34   (0.018) 0.001 0.021 0.018 0.020 0.019 0.019 0.019 0.021 0.019 
  35   (0.007) 0.055 0.001 0.001 0.001 0.001 0.001 0.001 0.001 0.001 
  36   (0.006) 0.000 0.002 0.002 0.002 0.002 0.002 0.002 0.002 0.002 
  37   (0.020) 0.016 0.029 0.024 0.026 0.022 0.024 0.026 0.027 0.022 
  38   (0.016) 0.006 0.011 0.014 0.012 0.013 0.013 0.013 0.011 0.013 
  39   (0.014) 0.001 0.023 0.017 0.017 0.019 0.019 0.019 0.018 0.018 
  40   (0.011) 0.001 0.008 0.011 0.010 0.010 0.009 0.010 0.009 0.010 
  41   (0.008) 0.001 0.004 0.005 0.004 0.005 0.005 0.005 0.005 0.005 
  42   (0.006) 0.000 0.002 0.002 0.002 0.002 0.002 0.002 0.002 0.002 
  43   (0.009) 0.001 0.004 0.005 0.005 0.005 0.005 0.005 0.005 0.005 
  44   (0.022) 0.001 0.021 0.028 0.023 0.028 0.030 0.027 0.028 0.029 
  45   (0.006) 0.000 0.002 0.002 0.002 0.002 0.002 0.002 0.002 0.002 
  46   (0.016) 0.001 0.021 0.016 0.018 0.017 0.018 0.017 0.020 0.017 
  47   (0.009) 0.001 0.006 0.006 0.006 0.006 0.007 0.006 0.006 0.007 
  48   (0.006) 0.000 0.002 0.002 0.002 0.002 0.002 0.002 0.002 0.002 
  49   (0.016) 0.001 0.016 0.017 0.016 0.016 0.017 0.016 0.015 0.015 
  50   (0.013) 0.001 0.010 0.012 0.011 0.012 0.011 0.012 0.010 0.011 
  51   (0.011) 0.007 0.020 0.012 0.016 0.010 0.013 0.015 0.019 0.011 
  52   (0.014) 0.001 0.012 0.012 0.012 0.013 0.013 0.012 0.012 0.013 
  53   (0.007) 0.032 0.001 0.001 0.001 0.001 0.001 0.001 0.001 0.001 
  54   (0.006) 0.078 0.001 0.001 0.001 0.001 0.001 0.001 0.001 0.001 
  55   (0.010) 0.001 0.007 0.008 0.006 0.008 0.008 0.008 0.007 0.008 
  56   (0.010) 0.001 0.014 0.009 0.011 0.010 0.011 0.011 0.012 0.010 
  57   (0.013) 0.001 0.009 0.012 0.012 0.012 0.010 0.012 0.012 0.012 
  58   (0.009) 0.001 0.005 0.006 0.005 0.006 0.007 0.006 0.005 0.006 
  59   (0.010) 0.001 0.009 0.013 0.010 0.013 0.014 0.011 0.013 0.013 
  60   (0.010) 0.001 0.009 0.007 0.008 0.007 0.007 0.008 0.008 0.008 
  61   (0.006) 0.000 0.002 0.002 0.002 0.002 0.002 0.002 0.002 0.002 
  62   (0.012) 0.001 0.013 0.011 0.012 0.011 0.012 0.012 0.013 0.011 
  63   (0.011) 0.001 0.015 0.015 0.012 0.016 0.018 0.015 0.016 0.017 
  64   (0.009) 0.001 0.005 0.005 0.005 0.005 0.005 0.005 0.005 0.005 
  65   (0.019) 0.001 0.023 0.019 0.020 0.019 0.019 0.021 0.021 0.019 
  66   (0.009) 0.001 0.011 0.009 0.009 0.010 0.010 0.008 0.009 0.009 
  67   (0.010) 0.001 0.005 0.007 0.005 0.006 0.007 0.006 0.006 0.007 
  68   (0.013) 0.001 0.009 0.012 0.011 0.011 0.010 0.012 0.011 0.011 
  69   (0.006) 0.000 0.002 0.002 0.002 0.002 0.002 0.002 0.002 0.002 
  70   (0.006) 0.000 0.002 0.002 0.002 0.002 0.002 0.002 0.002 0.003 
  71   (0.010) 0.001 0.006 0.007 0.006 0.006 0.006 0.006 0.006 0.007 
  72   (0.006) 0.000 0.002 0.002 0.002 0.002 0.002 0.002 0.002 0.002 
  73   (0.006) 0.000 0.002 0.002 0.002 0.002 0.002 0.002 0.002 0.002 
  74   (0.006) 0.000 0.002 0.002 0.002 0.002 0.002 0.002 0.002 0.002 
  75   (0.009) 0.001 0.004 0.005 0.005 0.005 0.005 0.005 0.005 0.005 
  76   (0.006) 0.000 0.002 0.002 0.002 0.002 0.002 0.002 0.002 0.002 
  77   (0.007) 0.000 0.003 0.004 0.004 0.003 0.003 0.003 0.003 0.004 
  78   (0.006) 0.000 0.002 0.002 0.002 0.002 0.002 0.002 0.002 0.002 

Locus 2 : COPE9 
12 alleles
8.3% missing data
   1   (0.410) 0.410 0.475 0.454 0.471 0.465 0.466 0.465 0.481 0.466 
   2   (0.141) 0.277 0.128 0.142 0.129 0.139 0.146 0.137 0.132 0.140 
   3   (0.045) 0.019 0.065 0.046 0.051 0.050 0.049 0.051 0.051 0.047 
   4   (0.073) 0.021 0.071 0.080 0.080 0.074 0.069 0.079 0.073 0.075 
   5   (0.036) 0.020 0.022 0.027 0.024 0.027 0.026 0.025 0.026 0.027 
   6   (0.136) 0.047 0.131 0.138 0.137 0.135 0.136 0.134 0.129 0.135 
   7   (0.039) 0.072 0.021 0.029 0.025 0.028 0.028 0.026 0.026 0.028 
