

----------------------------------------------------
STRUCTURE by Pritchard, Stephens and Donnelly (2000)
     and Falush, Stephens and Pritchard (2003)
       Code by Pritchard, Falush and Hubisz
             Version 2.3.4 (Jul 2012)
----------------------------------------------------



Command line arguments:   /home/jason/Programs/structure -K 15 -i ../Data/microsats.structure -m Structure_Run/mainparams -e Structure_Run/extraparams -D 287303 -o ../Structure_Results/03_K_15.out 
Input File:    ../Data/microsats.structure

Run parameters:
   384 individuals
   7 loci
   15 populations assumed
   1000000 Burn-in period
   10000000 Reps
RANDOMIZE turned off


--------------------------------------------
Overall proportion of membership of the
sample in each of the 15 clusters

Inferred Clusters
  1      2      3      4      5      6      7      8      9     10     11     12     13     14     15    
0.064  0.064  0.064  0.064  0.102  0.064  0.064  0.064  0.064  0.064  0.064  0.064  0.064  0.064  0.064  

--------------------------------------------

Allele-freq. divergence among pops (Net nucleotide distance),
computed using point estimates of P.

      1       2       3       4       5       6       7       8       9      10      11      12      13      14      15      
 1      -    0.0003  0.0001  0.0001  0.1764  0.0002  0.0002  0.0001  0.0002  0.0003  0.0000  0.0001  0.0000  0.0000  0.0002  
 2   0.0003     -    0.0002  0.0001  0.1763  0.0001  0.0001  0.0001  0.0001  0.0001  0.0003  0.0002  0.0003  0.0002  0.0002  
 3   0.0001  0.0002     -    0.0002  0.1761  0.0002  0.0001  0.0001  0.0002  0.0002  0.0001  0.0001  0.0001  0.0001  0.0003  
 4   0.0001  0.0001  0.0002     -    0.1769  0.0001  0.0001  0.0001  0.0001  0.0002  0.0001  0.0001  0.0002  0.0002  0.0001  
 5   0.1764  0.1763  0.1761  0.1769     -    0.1763  0.1755  0.1776  0.1743  0.1771  0.1775  0.1758  0.1758  0.1767  0.1779  
 6   0.0002  0.0001  0.0002  0.0001  0.1763     -    0.0001  0.0001  0.0001  0.0001  0.0003  0.0002  0.0003  0.0002  0.0001  
 7   0.0002  0.0001  0.0001  0.0001  0.1755  0.0001     -    0.0001  0.0001  0.0001  0.0002  0.0001  0.0002  0.0001  0.0002  
 8   0.0001  0.0001  0.0001  0.0001  0.1776  0.0001  0.0001     -    0.0002  0.0001  0.0001  0.0001  0.0001  0.0001  0.0001  
 9   0.0002  0.0001  0.0002  0.0001  0.1743  0.0001  0.0001  0.0002     -    0.0002  0.0003  0.0002  0.0003  0.0003  0.0002  
10   0.0003  0.0001  0.0002  0.0002  0.1771  0.0001  0.0001  0.0001  0.0002     -    0.0003  0.0002  0.0003  0.0003  0.0001  
11   0.0000  0.0003  0.0001  0.0001  0.1775  0.0003  0.0002  0.0001  0.0003  0.0003     -    0.0001  0.0001  0.0001  0.0003  
12   0.0001  0.0002  0.0001  0.0001  0.1758  0.0002  0.0001  0.0001  0.0002  0.0002  0.0001     -    0.0000  0.0000  0.0003  
13   0.0000  0.0003  0.0001  0.0002  0.1758  0.0003  0.0002  0.0001  0.0003  0.0003  0.0001  0.0000     -    0.0000  0.0004  
14   0.0000  0.0002  0.0001  0.0002  0.1767  0.0002  0.0001  0.0001  0.0003  0.0003  0.0001  0.0000  0.0000     -    0.0003  
15   0.0002  0.0002  0.0003  0.0001  0.1779  0.0001  0.0002  0.0001  0.0002  0.0001  0.0003  0.0003  0.0004  0.0003     -    

Average distances (expected heterozygosity) between individuals in same cluster:
cluster  1  : 0.6266 
cluster  2  : 0.6244 
cluster  3  : 0.6260 
cluster  4  : 0.6263 
cluster  5  : 0.6197 
cluster  6  : 0.6275 
cluster  7  : 0.6266 
cluster  8  : 0.6232 
cluster  9  : 0.6338 
cluster 10  : 0.6243 
cluster 11  : 0.6241 
cluster 12  : 0.6259 
cluster 13  : 0.6266 
cluster 14  : 0.6250 
cluster 15  : 0.6247 

--------------------------------------------
Estimated Ln Prob of Data   = -9600.9
Mean value of ln likelihood = -7491.7
Variance of ln likelihood   = 4218.5
Mean value of alpha         = 0.0497

Mean value of Fst_1         = 0.1386
Mean value of Fst_2         = 0.1383
Mean value of Fst_3         = 0.1462
Mean value of Fst_4         = 0.1364
Mean value of Fst_5         = 0.2401
Mean value of Fst_6         = 0.1400
Mean value of Fst_7         = 0.1406
Mean value of Fst_8         = 0.1453
Mean value of Fst_9         = 0.1202
Mean value of Fst_10         = 0.1455
Mean value of Fst_11         = 0.1436
Mean value of Fst_12         = 0.1431
Mean value of Fst_13         = 0.1424
Mean value of Fst_14         = 0.1443
Mean value of Fst_15         = 0.1424


Inferred ancestry of individuals:
        Label (%Miss) :  Inferred clusters
  1 COPE-0001    (0)   :  0.009 0.009 0.009 0.009 0.878 0.009 0.009 0.009 0.009 0.009 0.009 0.009 0.009 0.009 0.009 
  2 COPE-0002    (0)   :  0.069 0.071 0.071 0.073 0.010 0.073 0.070 0.069 0.074 0.068 0.066 0.071 0.074 0.071 0.069 
  3 COPE-0003    (0)   :  0.072 0.073 0.066 0.074 0.006 0.072 0.072 0.069 0.084 0.068 0.070 0.068 0.067 0.065 0.072 
  4 COPE-0004    (0)   :  0.064 0.069 0.075 0.067 0.010 0.080 0.081 0.068 0.064 0.061 0.061 0.082 0.080 0.076 0.062 
  5 COPE-0005    (0)   :  0.068 0.068 0.071 0.070 0.022 0.072 0.072 0.072 0.063 0.073 0.067 0.070 0.072 0.072 0.069 
  6 COPE-0006    (0)   :  0.069 0.072 0.067 0.074 0.017 0.073 0.071 0.071 0.073 0.068 0.070 0.066 0.069 0.068 0.073 
  7 COPE-0007    (0)   :  0.073 0.066 0.070 0.072 0.006 0.073 0.069 0.077 0.068 0.073 0.068 0.069 0.068 0.075 0.073 
  8 COPE-0008    (0)   :  0.072 0.072 0.078 0.067 0.008 0.064 0.071 0.076 0.067 0.075 0.070 0.071 0.068 0.072 0.070 
  9 COPE-0009    (0)   :  0.071 0.073 0.065 0.073 0.015 0.073 0.067 0.071 0.082 0.066 0.069 0.067 0.069 0.063 0.075 
 10 COPE-0010    (0)   :  0.066 0.072 0.064 0.080 0.007 0.076 0.070 0.069 0.073 0.069 0.070 0.067 0.071 0.073 0.074 
 11 COPE-0011   (14)   :  0.012 0.013 0.012 0.013 0.820 0.014 0.013 0.013 0.012 0.012 0.012 0.014 0.013 0.014 0.013 
 12 COPE-0012   (14)   :  0.069 0.079 0.076 0.070 0.006 0.067 0.072 0.070 0.070 0.077 0.070 0.067 0.064 0.067 0.076 
 13 COPE-0013    (0)   :  0.066 0.084 0.063 0.078 0.005 0.075 0.074 0.072 0.068 0.064 0.071 0.069 0.065 0.064 0.080 
 14 COPE-0014    (0)   :  0.090 0.053 0.081 0.066 0.008 0.057 0.062 0.072 0.059 0.050 0.092 0.080 0.093 0.084 0.054 
 15 COPE-0015    (0)   :  0.080 0.060 0.077 0.069 0.007 0.061 0.067 0.071 0.062 0.061 0.082 0.077 0.084 0.081 0.060 
 16 COPE-0016    (0)   :  0.072 0.066 0.076 0.070 0.009 0.077 0.068 0.072 0.072 0.075 0.068 0.065 0.071 0.060 0.079 
 17 COPE-0017    (0)   :  0.040 0.029 0.038 0.034 0.512 0.030 0.032 0.035 0.031 0.030 0.041 0.037 0.041 0.039 0.031 
 18 COPE-0018    (0)   :  0.068 0.076 0.066 0.075 0.007 0.076 0.071 0.072 0.073 0.071 0.067 0.070 0.067 0.067 0.076 
 19 COPE-0019    (0)   :  0.068 0.079 0.066 0.076 0.006 0.075 0.072 0.071 0.072 0.068 0.066 0.070 0.071 0.065 0.076 
 20 COPE-0020    (0)   :  0.070 0.070 0.066 0.076 0.006 0.071 0.065 0.070 0.083 0.071 0.072 0.067 0.069 0.069 0.073 
 21 COPE-0021    (0)   :  0.072 0.069 0.070 0.072 0.006 0.071 0.065 0.072 0.064 0.076 0.075 0.069 0.073 0.073 0.074 
 22 COPE-0022    (0)   :  0.070 0.073 0.075 0.067 0.006 0.065 0.075 0.072 0.065 0.079 0.070 0.071 0.067 0.072 0.073 
 23 COPE-0023    (0)   :  0.072 0.072 0.063 0.082 0.008 0.076 0.067 0.068 0.078 0.063 0.069 0.069 0.072 0.070 0.071 
 24 COPE-0024   (14)   :  0.068 0.072 0.070 0.070 0.006 0.073 0.068 0.077 0.065 0.083 0.067 0.065 0.066 0.070 0.079 
 25 COPE-0025    (0)   :  0.077 0.067 0.062 0.071 0.035 0.069 0.063 0.061 0.109 0.062 0.069 0.062 0.063 0.062 0.068 
 26 COPE-0026    (0)   :  0.074 0.070 0.071 0.072 0.005 0.068 0.072 0.073 0.071 0.070 0.068 0.071 0.072 0.075 0.068 
 27 COPE-0027    (0)   :  0.067 0.080 0.067 0.073 0.006 0.074 0.074 0.072 0.071 0.071 0.067 0.071 0.068 0.066 0.074 
 28 COPE-0028    (0)   :  0.074 0.069 0.071 0.074 0.005 0.067 0.069 0.064 0.089 0.069 0.072 0.068 0.070 0.070 0.070 
 29 COPE-0029    (0)   :  0.073 0.063 0.076 0.068 0.005 0.075 0.065 0.074 0.074 0.080 0.069 0.064 0.070 0.063 0.080 
 30 COPE-0030   (14)   :  0.024 0.023 0.022 0.024 0.676 0.023 0.023 0.023 0.024 0.023 0.022 0.023 0.023 0.023 0.023 
 31 COPE-0031    (0)   :  0.073 0.066 0.076 0.071 0.009 0.066 0.067 0.081 0.076 0.070 0.066 0.072 0.069 0.073 0.067 
 32 COPE-0032    (0)   :  0.073 0.073 0.062 0.079 0.008 0.073 0.067 0.066 0.087 0.064 0.068 0.067 0.070 0.071 0.070 
 33 COPE-0033    (0)   :  0.071 0.072 0.066 0.080 0.010 0.071 0.068 0.067 0.083 0.064 0.070 0.068 0.069 0.069 0.071 
 34 COPE-0034    (0)   :  0.070 0.064 0.081 0.068 0.009 0.071 0.074 0.070 0.065 0.068 0.068 0.076 0.077 0.075 0.064 
 35 COPE-0035   (14)   :  0.072 0.072 0.068 0.075 0.007 0.071 0.070 0.065 0.088 0.067 0.070 0.068 0.067 0.068 0.071 
 36 COPE-0036   (14)   :  0.070 0.062 0.068 0.071 0.006 0.076 0.066 0.077 0.062 0.074 0.079 0.070 0.065 0.075 0.080 
 37 COPE-0037    (0)   :  0.068 0.071 0.067 0.070 0.023 0.072 0.069 0.072 0.069 0.075 0.067 0.069 0.068 0.069 0.072 
 38 COPE-0038    (0)   :  0.073 0.074 0.071 0.068 0.006 0.066 0.074 0.072 0.067 0.078 0.066 0.071 0.069 0.076 0.069 
 39 COPE-0039    (0)   :  0.074 0.069 0.067 0.068 0.033 0.071 0.069 0.065 0.087 0.066 0.066 0.068 0.064 0.064 0.069 
 40 COPE-0040   (14)   :  0.069 0.067 0.061 0.069 0.067 0.066 0.065 0.067 0.076 0.062 0.067 0.067 0.066 0.064 0.066 
 41 COPE-0041    (0)   :  0.070 0.074 0.065 0.074 0.023 0.071 0.067 0.070 0.077 0.065 0.070 0.068 0.067 0.067 0.072 
 42 COPE-0042    (0)   :  0.069 0.076 0.067 0.076 0.009 0.068 0.071 0.069 0.079 0.067 0.071 0.071 0.068 0.070 0.069 
 43 COPE-0043    (0)   :  0.072 0.069 0.072 0.071 0.005 0.073 0.071 0.071 0.068 0.071 0.068 0.071 0.076 0.069 0.072 
 44 COPE-0044    (0)   :  0.064 0.075 0.074 0.065 0.010 0.074 0.078 0.069 0.069 0.069 0.065 0.076 0.073 0.072 0.067 
 45 COPE-0045    (0)   :  0.066 0.072 0.071 0.067 0.032 0.072 0.073 0.067 0.070 0.067 0.066 0.071 0.069 0.071 0.067 
 46 COPE-0046    (0)   :  0.021 0.024 0.022 0.022 0.691 0.022 0.023 0.022 0.022 0.022 0.022 0.023 0.022 0.021 0.022 
 47 COPE-0047    (0)   :  0.007 0.007 0.007 0.007 0.897 0.007 0.007 0.007 0.008 0.007 0.007 0.007 0.007 0.007 0.007 
 48 COPE-0048    (0)   :  0.066 0.074 0.066 0.085 0.006 0.068 0.068 0.068 0.080 0.064 0.074 0.069 0.066 0.071 0.075 
 49 COPE-0049    (0)   :  0.070 0.070 0.069 0.067 0.016 0.073 0.073 0.065 0.086 0.070 0.066 0.068 0.069 0.069 0.068 
 50 COPE-0050    (0)   :  0.065 0.078 0.070 0.070 0.007 0.074 0.078 0.071 0.069 0.070 0.065 0.077 0.069 0.068 0.068 
 51 COPE-0051    (0)   :  0.063 0.073 0.059 0.066 0.092 0.065 0.069 0.056 0.063 0.069 0.062 0.062 0.067 0.070 0.063 
 52 COPE-0052    (0)   :  0.085 0.052 0.082 0.067 0.010 0.055 0.063 0.071 0.056 0.054 0.090 0.082 0.093 0.085 0.053 
 53 COPE-0053    (0)   :  0.072 0.061 0.084 0.069 0.007 0.073 0.067 0.069 0.070 0.084 0.069 0.062 0.072 0.059 0.082 
 54 COPE-0054    (0)   :  0.066 0.067 0.071 0.069 0.005 0.081 0.064 0.081 0.059 0.083 0.076 0.063 0.060 0.069 0.087 
 55 COPE-0055    (0)   :  0.070 0.074 0.078 0.065 0.005 0.064 0.073 0.075 0.064 0.082 0.070 0.070 0.066 0.070 0.074 
 56 COPE-0056    (0)   :  0.066 0.076 0.073 0.066 0.014 0.069 0.075 0.069 0.071 0.078 0.069 0.069 0.065 0.068 0.072 
 57 COPE-0057    (0)   :  0.069 0.076 0.067 0.075 0.009 0.074 0.067 0.071 0.079 0.069 0.072 0.065 0.066 0.066 0.075 
 58 COPE-0058    (0)   :  0.069 0.073 0.065 0.074 0.009 0.074 0.070 0.069 0.079 0.071 0.069 0.067 0.064 0.071 0.074 
 59 COPE-0059    (0)   :  0.065 0.081 0.068 0.068 0.016 0.071 0.076 0.072 0.073 0.076 0.068 0.074 0.066 0.061 0.065 
 60 COPE-0060    (0)   :  0.071 0.071 0.067 0.077 0.006 0.072 0.069 0.070 0.069 0.071 0.070 0.068 0.073 0.071 0.074 
 61 COPE-0061    (0)   :  0.071 0.067 0.079 0.070 0.009 0.074 0.070 0.069 0.071 0.079 0.068 0.064 0.070 0.058 0.081 
 62 COPE-0062    (0)   :  0.080 0.059 0.076 0.068 0.008 0.062 0.064 0.070 0.057 0.064 0.087 0.076 0.087 0.082 0.062 
 63 COPE-0063    (0)   :  0.066 0.075 0.083 0.059 0.020 0.063 0.073 0.073 0.062 0.087 0.071 0.068 0.061 0.067 0.072 
 64 COPE-0064    (0)   :  0.068 0.074 0.072 0.069 0.008 0.073 0.074 0.074 0.071 0.069 0.066 0.076 0.070 0.069 0.067 
 65 COPE-0065    (0)   :  0.006 0.006 0.006 0.006 0.915 0.006 0.006 0.006 0.006 0.006 0.006 0.006 0.006 0.006 0.006 
 66 COPE-0066    (0)   :  0.069 0.074 0.064 0.080 0.016 0.070 0.069 0.065 0.083 0.065 0.070 0.068 0.069 0.069 0.069 
 67 COPE-0067   (14)   :  0.028 0.028 0.026 0.031 0.607 0.028 0.026 0.027 0.035 0.028 0.028 0.027 0.026 0.027 0.029 
 68 COPE-0068    (0)   :  0.066 0.078 0.069 0.072 0.012 0.073 0.077 0.071 0.071 0.071 0.068 0.073 0.068 0.064 0.068 
 69 COPE-0069   (14)   :  0.071 0.072 0.074 0.065 0.009 0.066 0.073 0.071 0.066 0.072 0.075 0.076 0.071 0.073 0.065 
 70 COPE-0070    (0)   :  0.069 0.074 0.068 0.072 0.011 0.071 0.079 0.065 0.071 0.071 0.064 0.072 0.072 0.072 0.069 
 71 COPE-0071    (0)   :  0.074 0.068 0.066 0.074 0.004 0.071 0.069 0.067 0.090 0.069 0.070 0.067 0.070 0.071 0.071 
 72 COPE-0072    (0)   :  0.069 0.074 0.072 0.070 0.006 0.070 0.072 0.073 0.066 0.069 0.070 0.077 0.073 0.073 0.067 
 73 COPE-0073   (14)   :  0.029 0.026 0.031 0.029 0.583 0.033 0.027 0.031 0.027 0.034 0.031 0.027 0.028 0.028 0.035 
 74 COPE-0074    (0)   :  0.068 0.072 0.067 0.078 0.008 0.069 0.068 0.070 0.076 0.070 0.073 0.070 0.066 0.070 0.075 
 75 COPE-0075    (0)   :  0.068 0.078 0.065 0.075 0.009 0.070 0.075 0.063 0.071 0.073 0.069 0.069 0.072 0.074 0.070 
 76 COPE-0076    (0)   :  0.072 0.071 0.076 0.069 0.006 0.068 0.070 0.074 0.064 0.072 0.075 0.069 0.069 0.072 0.074 
 77 COPE-0077   (14)   :  0.069 0.077 0.068 0.070 0.008 0.072 0.076 0.071 0.069 0.070 0.068 0.073 0.069 0.069 0.070 
 78 COPE-0078   (14)   :  0.071 0.069 0.070 0.071 0.008 0.072 0.073 0.075 0.065 0.075 0.068 0.070 0.069 0.074 0.072 
 79 COPE-0079    (0)   :  0.063 0.069 0.075 0.066 0.008 0.083 0.086 0.069 0.059 0.058 0.060 0.086 0.083 0.078 0.058 
 80 COPE-0080   (42)   :  0.017 0.017 0.016 0.017 0.762 0.017 0.017 0.017 0.017 0.017 0.017 0.017 0.017 0.017 0.017 
 81 COPE-0081   (14)   :  0.043 0.043 0.043 0.042 0.404 0.042 0.043 0.043 0.045 0.044 0.042 0.042 0.041 0.042 0.042 
 82 COPE-0082   (14)   :  0.065 0.072 0.071 0.066 0.043 0.068 0.073 0.063 0.071 0.073 0.067 0.066 0.064 0.069 0.069 
 83 COPE-0083   (14)   :  0.100 0.039 0.090 0.064 0.005 0.043 0.057 0.072 0.042 0.038 0.110 0.090 0.112 0.099 0.040 
 84 COPE-0084    (0)   :  0.058 0.051 0.066 0.056 0.180 0.064 0.055 0.057 0.060 0.068 0.056 0.051 0.060 0.048 0.069 
 85 COPE-0085    (0)   :  0.074 0.071 0.070 0.071 0.009 0.077 0.072 0.067 0.080 0.064 0.066 0.070 0.070 0.070 0.067 
 86 COPE-0086    (0)   :  0.069 0.072 0.067 0.072 0.016 0.076 0.072 0.067 0.078 0.069 0.067 0.065 0.068 0.068 0.074 
 87 COPE-0087   (14)   :  0.070 0.070 0.070 0.077 0.007 0.075 0.069 0.070 0.070 0.073 0.070 0.065 0.071 0.067 0.078 
 88 COPE-0088   (14)   :  0.068 0.071 0.069 0.071 0.022 0.072 0.072 0.069 0.070 0.070 0.066 0.070 0.072 0.069 0.070 
 89 COPE-0089   (14)   :  0.007 0.007 0.008 0.007 0.896 0.007 0.008 0.007 0.007 0.008 0.007 0.007 0.007 0.007 0.007 
 90 COPE-0090    (0)   :  0.071 0.071 0.073 0.068 0.008 0.067 0.073 0.074 0.070 0.080 0.067 0.069 0.065 0.071 0.071 
 91 COPE-0091   (14)   :  0.077 0.063 0.073 0.074 0.005 0.068 0.066 0.071 0.063 0.066 0.079 0.071 0.079 0.075 0.070 
 92 COPE-0092   (28)   :  0.019 0.020 0.018 0.019 0.735 0.020 0.020 0.018 0.022 0.018 0.018 0.019 0.019 0.018 0.018 
 93 COPE-0093    (0)   :  0.066 0.077 0.087 0.058 0.005 0.063 0.075 0.076 0.061 0.090 0.072 0.069 0.060 0.067 0.074 
 94 COPE-0094    (0)   :  0.062 0.067 0.076 0.064 0.023 0.083 0.084 0.066 0.056 0.054 0.060 0.085 0.085 0.079 0.056 
 95 COPE-0095    (0)   :  0.071 0.065 0.080 0.070 0.005 0.072 0.067 0.073 0.073 0.080 0.068 0.064 0.071 0.063 0.078 
 96 COPE-0096    (0)   :  0.074 0.066 0.072 0.070 0.009 0.069 0.069 0.071 0.069 0.069 0.073 0.071 0.076 0.071 0.069 
 97 COPE-0097    (0)   :  0.075 0.065 0.075 0.070 0.007 0.065 0.070 0.065 0.066 0.068 0.079 0.073 0.077 0.078 0.067 
 98 COPE-0098    (0)   :  0.073 0.065 0.077 0.069 0.008 0.065 0.068 0.081 0.072 0.068 0.067 0.074 0.071 0.075 0.064 
 99 COPE-0099    (0)   :  0.074 0.072 0.062 0.072 0.019 0.072 0.068 0.066 0.096 0.067 0.068 0.067 0.066 0.062 0.067 
100 COPE-0100    (0)   :  0.072 0.075 0.067 0.075 0.007 0.071 0.069 0.070 0.081 0.068 0.070 0.067 0.065 0.068 0.074 
101 COPE-0101    (0)   :  0.065 0.070 0.069 0.069 0.045 0.068 0.069 0.066 0.075 0.068 0.066 0.071 0.068 0.067 0.065 
102 COPE-0102    (0)   :  0.068 0.078 0.065 0.075 0.005 0.072 0.073 0.072 0.073 0.068 0.071 0.072 0.068 0.066 0.074 
103 COPE-0103    (0)   :  0.077 0.063 0.075 0.067 0.014 0.068 0.071 0.070 0.063 0.059 0.074 0.078 0.082 0.080 0.059 
104 COPE-0104   (14)   :  0.071 0.072 0.071 0.075 0.006 0.067 0.071 0.068 0.077 0.067 0.073 0.069 0.068 0.071 0.073 
105 COPE-0105    (0)   :  0.066 0.076 0.066 0.069 0.033 0.068 0.080 0.055 0.067 0.077 0.063 0.068 0.071 0.075 0.064 
106 COPE-0106    (0)   :  0.065 0.061 0.066 0.070 0.004 0.089 0.059 0.084 0.054 0.089 0.079 0.061 0.054 0.067 0.097 
107 COPE-0107    (0)   :  0.019 0.019 0.019 0.017 0.742 0.017 0.019 0.018 0.017 0.020 0.018 0.019 0.018 0.019 0.018 
108 COPE-0108    (0)   :  0.074 0.067 0.073 0.072 0.006 0.066 0.070 0.071 0.070 0.069 0.074 0.072 0.075 0.077 0.064 
109 COPE-0109    (0)   :  0.066 0.071 0.072 0.068 0.011 0.076 0.079 0.068 0.069 0.064 0.062 0.080 0.075 0.074 0.065 
110 COPE-0110   (14)   :  0.071 0.068 0.071 0.073 0.012 0.072 0.070 0.071 0.071 0.073 0.070 0.068 0.070 0.067 0.074 
111 COPE-0111    (0)   :  0.071 0.068 0.070 0.072 0.008 0.074 0.064 0.075 0.065 0.074 0.074 0.068 0.069 0.070 0.077 
112 COPE-0112   (14)   :  0.068 0.074 0.069 0.081 0.008 0.064 0.069 0.068 0.075 0.063 0.077 0.070 0.069 0.070 0.074 
113 COPE-0113    (0)   :  0.072 0.074 0.066 0.074 0.014 0.071 0.069 0.069 0.081 0.065 0.068 0.070 0.069 0.067 0.071 
114 COPE-0114    (0)   :  0.068 0.069 0.068 0.070 0.008 0.076 0.067 0.078 0.067 0.080 0.074 0.065 0.058 0.070 0.083 
115 COPE-0115    (0)   :  0.026 0.020 0.027 0.023 0.673 0.021 0.022 0.023 0.022 0.021 0.026 0.024 0.027 0.025 0.021 
116 COPE-0116   (28)   :  0.012 0.011 0.011 0.011 0.841 0.011 0.011 0.011 0.013 0.011 0.011 0.011 0.011 0.011 0.011 
117 COPE-0117    (0)   :  0.070 0.063 0.082 0.071 0.009 0.073 0.067 0.068 0.073 0.082 0.068 0.062 0.073 0.059 0.081 
118 COPE-0118    (0)   :  0.071 0.061 0.072 0.067 0.010 0.074 0.061 0.080 0.053 0.078 0.083 0.068 0.068 0.075 0.081 
119 COPE-0119    (0)   :  0.074 0.070 0.072 0.071 0.012 0.069 0.069 0.073 0.061 0.072 0.075 0.067 0.076 0.072 0.067 
120 COPE-0120    (0)   :  0.065 0.076 0.069 0.071 0.009 0.075 0.078 0.069 0.069 0.067 0.064 0.076 0.072 0.072 0.068 
121 COPE-0121    (0)   :  0.069 0.064 0.068 0.069 0.042 0.065 0.067 0.069 0.073 0.066 0.073 0.071 0.072 0.068 0.064 
122 COPE-0122    (0)   :  0.069 0.074 0.064 0.079 0.007 0.075 0.070 0.068 0.071 0.066 0.068 0.071 0.073 0.073 0.073 
123 COPE-0123    (0)   :  0.069 0.073 0.066 0.076 0.017 0.073 0.070 0.066 0.076 0.064 0.068 0.070 0.069 0.071 0.072 
124 COPE-0124    (0)   :  0.073 0.072 0.061 0.079 0.011 0.074 0.068 0.069 0.082 0.064 0.070 0.067 0.070 0.067 0.071 
125 COPE-0125    (0)   :  0.071 0.069 0.071 0.073 0.006 0.076 0.070 0.075 0.067 0.074 0.072 0.064 0.057 0.072 0.084 
126 COPE-0126    (0)   :  0.069 0.061 0.084 0.069 0.011 0.073 0.066 0.069 0.073 0.083 0.067 0.062 0.072 0.059 0.081 
127 COPE-0127   (14)   :  0.070 0.072 0.074 0.071 0.006 0.070 0.074 0.063 0.074 0.074 0.070 0.069 0.069 0.071 0.072 
128 COPE-0128    (0)   :  0.072 0.071 0.063 0.077 0.014 0.073 0.066 0.067 0.087 0.066 0.069 0.064 0.069 0.067 0.073 
129 COPE-0129    (0)   :  0.065 0.074 0.068 0.071 0.006 0.079 0.081 0.071 0.067 0.067 0.063 0.079 0.071 0.070 0.069 
130 COPE-0130    (0)   :  0.066 0.076 0.070 0.069 0.013 0.072 0.078 0.072 0.071 0.073 0.066 0.075 0.067 0.066 0.067 
131 COPE-0131   (14)   :  0.086 0.054 0.081 0.068 0.007 0.054 0.064 0.071 0.055 0.052 0.093 0.081 0.097 0.084 0.053 
132 COPE-0132   (14)   :  0.068 0.071 0.070 0.068 0.030 0.066 0.068 0.073 0.062 0.081 0.066 0.065 0.069 0.071 0.074 
133 COPE-0133    (0)   :  0.070 0.062 0.080 0.068 0.008 0.077 0.067 0.070 0.070 0.080 0.068 0.063 0.075 0.060 0.081 
134 COPE-0134    (0)   :  0.068 0.073 0.064 0.077 0.007 0.075 0.071 0.071 0.069 0.070 0.069 0.069 0.070 0.073 0.074 
135 COPE-0135    (0)   :  0.069 0.073 0.072 0.069 0.007 0.068 0.072 0.068 0.076 0.075 0.070 0.070 0.070 0.071 0.069 
136 COPE-0136    (0)   :  0.013 0.013 0.013 0.013 0.817 0.013 0.013 0.013 0.014 0.013 0.013 0.013 0.013 0.013 0.013 
137 COPE-0137    (0)   :  0.068 0.080 0.064 0.079 0.010 0.072 0.070 0.071 0.078 0.065 0.071 0.067 0.063 0.065 0.077 
138 COPE-0138   (14)   :  0.009 0.009 0.009 0.009 0.873 0.010 0.009 0.009 0.009 0.009 0.009 0.009 0.009 0.009 0.010 
139 COPE-0139    (0)   :  0.079 0.072 0.066 0.075 0.006 0.074 0.065 0.066 0.101 0.063 0.070 0.064 0.066 0.062 0.073 
140 COPE-0140   (14)   :  0.023 0.022 0.021 0.024 0.683 0.022 0.021 0.022 0.028 0.021 0.022 0.022 0.022 0.022 0.023 
141 COPE-0141    (0)   :  0.068 0.075 0.079 0.063 0.008 0.067 0.074 0.072 0.070 0.083 0.071 0.068 0.062 0.069 0.071 
142 COPE-0142    (0)   :  0.068 0.077 0.074 0.069 0.009 0.071 0.071 0.073 0.067 0.076 0.071 0.066 0.066 0.067 0.074 
143 COPE-0143    (0)   :  0.069 0.068 0.080 0.067 0.008 0.074 0.072 0.068 0.071 0.079 0.069 0.068 0.072 0.063 0.075 
144 COPE-0144   (14)   :  0.064 0.068 0.065 0.066 0.071 0.069 0.066 0.065 0.080 0.066 0.062 0.065 0.063 0.063 0.067 
145 COPE-0145   (14)   :  0.071 0.050 0.051 0.060 0.185 0.055 0.050 0.051 0.105 0.052 0.057 0.052 0.057 0.052 0.054 
146 COPE-0146   (14)   :  0.067 0.068 0.072 0.069 0.025 0.072 0.069 0.070 0.075 0.075 0.065 0.067 0.067 0.066 0.073 
147 COPE-0147    (0)   :  0.065 0.069 0.068 0.063 0.070 0.068 0.072 0.064 0.064 0.065 0.061 0.070 0.067 0.069 0.065 
148 COPE-0148    (0)   :  0.070 0.063 0.080 0.069 0.008 0.074 0.068 0.071 0.070 0.080 0.068 0.064 0.072 0.062 0.080 
149 COPE-0149    (0)   :  0.067 0.076 0.068 0.077 0.006 0.074 0.070 0.073 0.068 0.069 0.071 0.069 0.070 0.065 0.077 
150 COPE-0150    (0)   :  0.065 0.075 0.064 0.089 0.007 0.066 0.067 0.067 0.081 0.063 0.075 0.070 0.065 0.071 0.075 
151 COPE-0151    (0)   :  0.075 0.070 0.070 0.071 0.006 0.073 0.067 0.067 0.094 0.072 0.068 0.065 0.067 0.062 0.074 
152 COPE-0152   (14)   :  0.062 0.066 0.066 0.059 0.122 0.060 0.066 0.062 0.064 0.070 0.060 0.061 0.059 0.062 0.062 
153 COPE-0153    (0)   :  0.073 0.070 0.070 0.072 0.006 0.072 0.073 0.072 0.072 0.066 0.070 0.071 0.075 0.071 0.066 
154 COPE-0154    (0)   :  0.068 0.073 0.071 0.072 0.006 0.074 0.069 0.073 0.070 0.073 0.070 0.068 0.067 0.067 0.077 
155 COPE-0155    (0)   :  0.068 0.075 0.063 0.077 0.005 0.076 0.069 0.068 0.081 0.069 0.071 0.067 0.067 0.068 0.076 
156 COPE-0156   (14)   :  0.009 0.009 0.009 0.009 0.872 0.009 0.009 0.009 0.009 0.009 0.009 0.009 0.009 0.009 0.009 
157 COPE-0157   (14)   :  0.060 0.058 0.056 0.056 0.211 0.053 0.056 0.054 0.067 0.057 0.056 0.054 0.053 0.053 0.058 
158 COPE-0158    (0)   :  0.071 0.069 0.074 0.069 0.009 0.076 0.069 0.075 0.068 0.073 0.069 0.068 0.070 0.062 0.078 
159 COPE-0159    (0)   :  0.071 0.072 0.070 0.069 0.007 0.069 0.075 0.073 0.067 0.070 0.067 0.073 0.070 0.075 0.071 
160 COPE-0160    (0)   :  0.070 0.072 0.070 0.069 0.007 0.071 0.075 0.068 0.075 0.071 0.067 0.073 0.072 0.073 0.067 
161 COPE-0161    (0)   :  0.070 0.072 0.069 0.071 0.012 0.070 0.074 0.069 0.069 0.064 0.074 0.075 0.073 0.070 0.069 
162 COPE-0162   (14)   :  0.007 0.007 0.007 0.007 0.899 0.007 0.007 0.007 0.007 0.007 0.007 0.007 0.007 0.007 0.007 
163 COPE-0163   (28)   :  0.012 0.012 0.012 0.012 0.833 0.012 0.012 0.012 0.012 0.012 0.012 0.012 0.012 0.012 0.012 
164 COPE-0164    (0)   :  0.071 0.072 0.064 0.072 0.022 0.070 0.069 0.070 0.083 0.071 0.064 0.070 0.063 0.066 0.072 
165 COPE-0165    (0)   :  0.067 0.079 0.067 0.071 0.008 0.072 0.075 0.071 0.073 0.070 0.066 0.074 0.069 0.068 0.071 
166 COPE-0166   (14)   :  0.068 0.072 0.064 0.078 0.008 0.076 0.071 0.071 0.067 0.071 0.067 0.070 0.071 0.073 0.073 
167 COPE-0167    (0)   :  0.068 0.069 0.069 0.072 0.008 0.080 0.073 0.073 0.068 0.074 0.066 0.071 0.068 0.070 0.074 
168 COPE-0168    (0)   :  0.075 0.069 0.075 0.068 0.005 0.072 0.069 0.073 0.071 0.072 0.070 0.069 0.072 0.068 0.073 
169 COPE-0169    (0)   :  0.065 0.082 0.068 0.071 0.010 0.072 0.075 0.073 0.071 0.071 0.069 0.073 0.067 0.065 0.069 
170 COPE-0170    (0)   :  0.077 0.065 0.074 0.061 0.021 0.061 0.069 0.065 0.078 0.073 0.074 0.071 0.075 0.071 0.065 
171 COPE-0171    (0)   :  0.078 0.069 0.073 0.067 0.006 0.068 0.067 0.070 0.084 0.071 0.072 0.068 0.068 0.068 0.071 
172 COPE-0172    (0)   :  0.071 0.074 0.069 0.072 0.007 0.071 0.073 0.070 0.074 0.071 0.068 0.069 0.069 0.072 0.070 
173 COPE-0173   (14)   :  0.061 0.080 0.066 0.066 0.049 0.070 0.074 0.069 0.067 0.071 0.065 0.075 0.064 0.061 0.062 
174 COPE-0174   (28)   :  0.068 0.071 0.071 0.073 0.012 0.071 0.070 0.070 0.076 0.071 0.069 0.069 0.067 0.070 0.073 
175 COPE-0175    (0)   :  0.075 0.066 0.067 0.069 0.037 0.070 0.067 0.070 0.081 0.068 0.062 0.068 0.065 0.065 0.068 
176 COPE-0176    (0)   :  0.069 0.068 0.076 0.067 0.008 0.073 0.069 0.075 0.060 0.079 0.072 0.070 0.065 0.071 0.079 
177 COPE-0177    (0)   :  0.067 0.079 0.066 0.076 0.007 0.074 0.070 0.073 0.072 0.068 0.069 0.070 0.070 0.066 0.074 
178 COPE-0178    (0)   :  0.064 0.061 0.065 0.070 0.007 0.088 0.061 0.085 0.053 0.088 0.078 0.061 0.053 0.070 0.095 
179 COPE-0179    (0)   :  0.070 0.074 0.067 0.074 0.009 0.073 0.070 0.069 0.083 0.066 0.070 0.069 0.069 0.068 0.071 
180 COPE-0180   (14)   :  0.064 0.082 0.067 0.072 0.006 0.073 0.076 0.072 0.068 0.073 0.068 0.075 0.070 0.064 0.068 
181 COPE-0181   (14)   :  0.067 0.079 0.065 0.075 0.008 0.076 0.071 0.071 0.072 0.064 0.069 0.070 0.070 0.066 0.075 
182 COPE-0182    (0)   :  0.071 0.075 0.068 0.071 0.005 0.066 0.075 0.067 0.069 0.080 0.065 0.069 0.070 0.079 0.070 
183 COPE-0183    (0)   :  0.068 0.072 0.069 0.074 0.010 0.073 0.071 0.071 0.074 0.071 0.068 0.069 0.069 0.069 0.073 
184 COPE-0184    (0)   :  0.068 0.071 0.072 0.072 0.009 0.073 0.076 0.069 0.063 0.075 0.063 0.071 0.073 0.075 0.070 
185 COPE-0185    (0)   :  0.072 0.075 0.075 0.069 0.006 0.064 0.071 0.075 0.068 0.071 0.070 0.070 0.069 0.076 0.070 
186 COPE-0186    (0)   :  0.092 0.046 0.085 0.066 0.005 0.049 0.059 0.072 0.049 0.047 0.100 0.088 0.104 0.094 0.046 
187 COPE-0187    (0)   :  0.069 0.076 0.073 0.067 0.008 0.068 0.076 0.064 0.065 0.077 0.071 0.071 0.072 0.075 0.068 
188 COPE-0188    (0)   :  0.025 0.029 0.026 0.031 0.618 0.026 0.026 0.027 0.031 0.026 0.028 0.027 0.025 0.027 0.028 
189 COPE-0189    (0)   :  0.070 0.076 0.070 0.079 0.007 0.070 0.071 0.068 0.072 0.064 0.074 0.069 0.067 0.068 0.075 
190 COPE-0190    (0)   :  0.065 0.072 0.072 0.069 0.012 0.078 0.078 0.065 0.068 0.062 0.065 0.077 0.079 0.076 0.064 
191 COPE-0191    (0)   :  0.077 0.064 0.076 0.069 0.009 0.064 0.070 0.070 0.062 0.061 0.080 0.076 0.081 0.077 0.064 
192 COPE-0192   (14)   :  0.012 0.008 0.011 0.010 0.857 0.009 0.009 0.010 0.009 0.008 0.012 0.011 0.012 0.012 0.009 
193 COPE-0193    (0)   :  0.071 0.069 0.071 0.071 0.005 0.074 0.068 0.072 0.075 0.078 0.069 0.066 0.068 0.065 0.077 
194 COPE-0194    (0)   :  0.075 0.069 0.066 0.078 0.008 0.067 0.067 0.065 0.088 0.065 0.070 0.069 0.072 0.072 0.067 
195 COPE-0195    (0)   :  0.070 0.075 0.065 0.078 0.006 0.069 0.069 0.069 0.082 0.071 0.070 0.070 0.064 0.068 0.073 
196 COPE-0196    (0)   :  0.072 0.071 0.071 0.070 0.010 0.070 0.073 0.066 0.072 0.068 0.069 0.072 0.076 0.074 0.067 
197 COPE-0197    (0)   :  0.065 0.079 0.065 0.076 0.007 0.075 0.072 0.070 0.071 0.069 0.068 0.073 0.070 0.068 0.072 
198 COPE-0198    (0)   :  0.065 0.080 0.070 0.064 0.011 0.068 0.078 0.072 0.064 0.081 0.066 0.076 0.070 0.069 0.066 
199 COPE-0199    (0)   :  0.068 0.079 0.065 0.076 0.012 0.074 0.071 0.072 0.072 0.066 0.068 0.069 0.069 0.063 0.074 
200 COPE-0200   (42)   :  0.067 0.077 0.068 0.072 0.009 0.075 0.076 0.071 0.070 0.068 0.067 0.073 0.070 0.065 0.071 
201 COPE-0201    (0)   :  0.075 0.069 0.076 0.068 0.008 0.065 0.070 0.068 0.067 0.072 0.076 0.071 0.073 0.073 0.069 
202 COPE-0202    (0)   :  0.067 0.068 0.077 0.066 0.011 0.076 0.082 0.070 0.060 0.062 0.064 0.082 0.079 0.077 0.059 
203 COPE-0203    (0)   :  0.071 0.075 0.069 0.072 0.006 0.069 0.072 0.072 0.068 0.073 0.068 0.070 0.069 0.073 0.074 
204 COPE-0204    (0)   :  0.066 0.064 0.065 0.069 0.025 0.078 0.069 0.073 0.063 0.079 0.072 0.065 0.058 0.073 0.081 
205 COPE-0205    (0)   :  0.072 0.071 0.068 0.070 0.019 0.070 0.070 0.072 0.076 0.074 0.067 0.065 0.067 0.064 0.075 
206 COPE-0206    (0)   :  0.072 0.068 0.068 0.074 0.005 0.072 0.066 0.072 0.079 0.075 0.072 0.068 0.069 0.066 0.075 
207 COPE-0207    (0)   :  0.070 0.070 0.068 0.071 0.011 0.071 0.066 0.077 0.061 0.079 0.071 0.067 0.070 0.073 0.076 
208 COPE-0208    (0)   :  0.031 0.028 0.027 0.029 0.606 0.028 0.027 0.027 0.037 0.026 0.027 0.027 0.027 0.027 0.026 
209 COPE-0209    (0)   :  0.068 0.076 0.069 0.071 0.006 0.071 0.072 0.072 0.074 0.070 0.070 0.073 0.069 0.069 0.069 
210 COPE-0210    (0)   :  0.071 0.069 0.074 0.073 0.008 0.072 0.067 0.073 0.073 0.070 0.072 0.069 0.071 0.064 0.075 
211 COPE-0211    (0)   :  0.067 0.076 0.066 0.084 0.004 0.066 0.068 0.067 0.084 0.065 0.075 0.069 0.065 0.069 0.075 
212 COPE-0212    (0)   :  0.070 0.071 0.070 0.070 0.011 0.069 0.068 0.075 0.063 0.079 0.069 0.066 0.070 0.074 0.076 
213 COPE-0213    (0)   :  0.069 0.072 0.066 0.072 0.008 0.073 0.071 0.069 0.077 0.076 0.069 0.069 0.066 0.071 0.072 
214 COPE-0214    (0)   :  0.057 0.088 0.072 0.065 0.009 0.072 0.083 0.073 0.061 0.080 0.065 0.082 0.067 0.062 0.063 
215 COPE-0215    (0)   :  0.062 0.077 0.063 0.070 0.059 0.069 0.071 0.068 0.069 0.068 0.066 0.070 0.065 0.059 0.065 
216 COPE-0216   (14)   :  0.050 0.046 0.048 0.050 0.322 0.050 0.047 0.049 0.049 0.048 0.048 0.047 0.049 0.047 0.050 
217 COPE-0217    (0)   :  0.064 0.072 0.068 0.069 0.025 0.077 0.067 0.073 0.063 0.080 0.069 0.066 0.064 0.066 0.077 
218 COPE-0218    (0)   :  0.069 0.076 0.068 0.070 0.008 0.069 0.074 0.071 0.073 0.073 0.067 0.071 0.070 0.067 0.073 
219 COPE-0219   (14)   :  0.065 0.080 0.068 0.068 0.008 0.072 0.077 0.072 0.068 0.074 0.067 0.076 0.069 0.067 0.069 
220 COPE-0220    (0)   :  0.064 0.071 0.066 0.072 0.012 0.081 0.065 0.077 0.063 0.083 0.073 0.064 0.061 0.067 0.083 
221 COPE-0221    (0)   :  0.070 0.073 0.075 0.061 0.016 0.063 0.077 0.069 0.059 0.084 0.066 0.074 0.069 0.075 0.070 
222 COPE-0222    (0)   :  0.071 0.065 0.082 0.068 0.006 0.069 0.068 0.074 0.071 0.079 0.068 0.067 0.071 0.066 0.074 
223 COPE-0223    (0)   :  0.071 0.077 0.062 0.080 0.006 0.076 0.069 0.070 0.075 0.065 0.071 0.067 0.071 0.068 0.074 
224 COPE-0224    (0)   :  0.065 0.066 0.076 0.066 0.019 0.081 0.083 0.068 0.058 0.057 0.061 0.083 0.082 0.079 0.056 
225 COPE-0225    (0)   :  0.057 0.088 0.071 0.065 0.012 0.072 0.082 0.074 0.060 0.081 0.066 0.081 0.066 0.061 0.064 
226 COPE-0226    (0)   :  0.069 0.073 0.071 0.070 0.006 0.071 0.069 0.074 0.071 0.074 0.070 0.069 0.065 0.071 0.076 
227 COPE-0227    (0)   :  0.069 0.073 0.073 0.069 0.005 0.070 0.071 0.076 0.070 0.072 0.071 0.077 0.072 0.070 0.065 
228 COPE-0228    (0)   :  0.067 0.070 0.067 0.072 0.015 0.079 0.066 0.072 0.073 0.074 0.070 0.065 0.064 0.066 0.080 
229 COPE-0229    (0)   :  0.068 0.076 0.069 0.071 0.006 0.074 0.073 0.074 0.069 0.070 0.070 0.072 0.064 0.069 0.076 
230 COPE-0230    (0)   :  0.067 0.071 0.074 0.069 0.009 0.074 0.071 0.076 0.063 0.077 0.072 0.064 0.057 0.071 0.084 
231 COPE-0231    (0)   :  0.068 0.075 0.065 0.076 0.006 0.074 0.070 0.071 0.074 0.070 0.070 0.070 0.068 0.067 0.077 
232 COPE-0232    (0)   :  0.064 0.072 0.071 0.068 0.015 0.077 0.076 0.068 0.067 0.066 0.066 0.075 0.072 0.074 0.068 
233 COPE-0233    (0)   :  0.073 0.069 0.073 0.072 0.005 0.068 0.068 0.081 0.081 0.073 0.062 0.070 0.067 0.072 0.068 
234 COPE-0234    (0)   :  0.074 0.069 0.064 0.072 0.008 0.076 0.072 0.067 0.086 0.065 0.066 0.071 0.072 0.071 0.067 
235 COPE-0235    (0)   :  0.070 0.077 0.062 0.080 0.006 0.076 0.070 0.069 0.072 0.065 0.070 0.068 0.072 0.071 0.073 
236 COPE-0236    (0)   :  0.070 0.065 0.071 0.072 0.005 0.079 0.066 0.081 0.058 0.077 0.076 0.062 0.053 0.073 0.091 
237 COPE-0237    (0)   :  0.072 0.071 0.072 0.069 0.006 0.067 0.072 0.077 0.070 0.072 0.066 0.076 0.071 0.076 0.062 
238 COPE-0238    (0)   :  0.067 0.081 0.064 0.077 0.009 0.075 0.070 0.074 0.070 0.066 0.069 0.069 0.071 0.063 0.075 
239 COPE-0239    (0)   :  0.067 0.069 0.070 0.068 0.037 0.070 0.072 0.068 0.069 0.068 0.066 0.071 0.071 0.070 0.066 
240 COPE-0240    (0)   :  0.075 0.065 0.075 0.069 0.008 0.075 0.068 0.073 0.069 0.074 0.067 0.068 0.072 0.064 0.076 
241 COPE-0241    (0)   :  0.065 0.085 0.064 0.077 0.006 0.075 0.074 0.072 0.068 0.064 0.070 0.069 0.066 0.065 0.078 
242 COPE-0242    (0)   :  0.072 0.070 0.072 0.071 0.006 0.074 0.067 0.075 0.063 0.074 0.075 0.067 0.075 0.070 0.072 
243 COPE-0243    (0)   :  0.070 0.078 0.065 0.076 0.007 0.074 0.075 0.062 0.066 0.069 0.068 0.070 0.076 0.076 0.068 
244 COPE-0244    (0)   :  0.070 0.078 0.065 0.070 0.008 0.072 0.075 0.067 0.077 0.073 0.068 0.070 0.069 0.069 0.069 
245 COPE-0245    (0)   :  0.069 0.077 0.065 0.073 0.010 0.070 0.073 0.066 0.073 0.075 0.068 0.067 0.070 0.074 0.070 
246 COPE-0246    (0)   :  0.071 0.068 0.073 0.071 0.012 0.071 0.071 0.069 0.066 0.067 0.070 0.072 0.075 0.074 0.069 
247 COPE-0247    (0)   :  0.071 0.075 0.071 0.066 0.014 0.067 0.077 0.071 0.064 0.072 0.068 0.073 0.069 0.073 0.069 
248 COPE-0248    (0)   :  0.074 0.073 0.066 0.073 0.005 0.068 0.070 0.068 0.082 0.075 0.068 0.068 0.068 0.073 0.070 
249 COPE-0249    (0)   :  0.066 0.075 0.069 0.068 0.024 0.075 0.076 0.068 0.074 0.066 0.062 0.076 0.070 0.068 0.064 
250 COPE-0250    (0)   :  0.066 0.071 0.065 0.071 0.016 0.076 0.075 0.072 0.064 0.070 0.063 0.075 0.071 0.074 0.071 
251 COPE-0251   (14)   :  0.028 0.030 0.029 0.027 0.612 0.025 0.028 0.029 0.026 0.029 0.027 0.028 0.027 0.029 0.027 
252 COPE-0252    (0)   :  0.065 0.069 0.073 0.070 0.010 0.079 0.077 0.068 0.061 0.064 0.063 0.077 0.081 0.078 0.065 
253 COPE-0253    (0)   :  0.069 0.074 0.081 0.065 0.007 0.064 0.072 0.074 0.066 0.080 0.072 0.070 0.066 0.067 0.072 
254 COPE-0254    (0)   :  0.067 0.077 0.069 0.066 0.015 0.070 0.082 0.056 0.064 0.080 0.065 0.070 0.073 0.077 0.068 
255 COPE-0255    (0)   :  0.067 0.076 0.071 0.064 0.019 0.067 0.077 0.067 0.067 0.080 0.067 0.073 0.069 0.070 0.068 
256 COPE-0256    (0)   :  0.073 0.064 0.076 0.070 0.009 0.079 0.066 0.073 0.068 0.078 0.068 0.066 0.068 0.062 0.081 
257 COPE-0257    (0)   :  0.096 0.043 0.087 0.064 0.007 0.047 0.060 0.072 0.046 0.041 0.104 0.087 0.107 0.095 0.045 
258 COPE-0258    (0)   :  0.078 0.065 0.069 0.069 0.013 0.064 0.066 0.067 0.082 0.065 0.077 0.073 0.075 0.074 0.063 
259 COPE-0259    (0)   :  0.071 0.069 0.069 0.074 0.005 0.071 0.069 0.072 0.075 0.068 0.073 0.068 0.068 0.073 0.076 
260 COPE-0260    (0)   :  0.068 0.076 0.064 0.074 0.021 0.073 0.069 0.071 0.073 0.066 0.069 0.068 0.070 0.065 0.071 
261 COPE-0261    (0)   :  0.068 0.073 0.069 0.069 0.006 0.073 0.079 0.064 0.062 0.079 0.069 0.069 0.069 0.078 0.073 
262 COPE-0262    (0)   :  0.069 0.070 0.071 0.071 0.016 0.077 0.072 0.065 0.073 0.073 0.067 0.066 0.070 0.066 0.077 
263 COPE-0263    (0)   :  0.075 0.070 0.073 0.072 0.007 0.063 0.069 0.075 0.071 0.065 0.072 0.071 0.074 0.078 0.065 
264 COPE-0264    (0)   :  0.086 0.054 0.077 0.066 0.016 0.057 0.063 0.070 0.060 0.054 0.091 0.078 0.088 0.082 0.057 
265 COPE-0265    (0)   :  0.070 0.073 0.073 0.071 0.010 0.068 0.070 0.070 0.078 0.078 0.067 0.067 0.066 0.067 0.072 
266 COPE-0266    (0)   :  0.070 0.071 0.064 0.075 0.017 0.074 0.067 0.070 0.078 0.074 0.068 0.064 0.066 0.068 0.074 
267 COPE-0267    (0)   :  0.074 0.069 0.068 0.071 0.006 0.069 0.072 0.079 0.074 0.075 0.063 0.071 0.067 0.076 0.069 
268 COPE-0268    (0)   :  0.076 0.068 0.068 0.071 0.013 0.065 0.067 0.082 0.077 0.072 0.061 0.069 0.067 0.078 0.066 
269 COPE-0269    (0)   :  0.077 0.066 0.071 0.072 0.006 0.067 0.067 0.070 0.074 0.065 0.075 0.072 0.077 0.074 0.068 
270 COPE-0270    (0)   :  0.064 0.077 0.066 0.087 0.006 0.067 0.070 0.067 0.077 0.062 0.075 0.069 0.065 0.070 0.075 
271 COPE-0271    (0)   :  0.071 0.072 0.065 0.079 0.007 0.073 0.069 0.072 0.065 0.067 0.072 0.070 0.074 0.074 0.073 
272 COPE-0272    (0)   :  0.067 0.073 0.073 0.064 0.007 0.070 0.076 0.069 0.073 0.078 0.071 0.070 0.066 0.071 0.072 
273 COPE-0273    (0)   :  0.069 0.073 0.068 0.069 0.015 0.068 0.068 0.075 0.063 0.082 0.067 0.065 0.069 0.073 0.074 
274 COPE-0274   (14)   :  0.024 0.026 0.023 0.028 0.657 0.023 0.023 0.024 0.029 0.023 0.026 0.024 0.022 0.024 0.025 
275 COPE-0275    (0)   :  0.070 0.074 0.065 0.075 0.009 0.071 0.073 0.068 0.076 0.067 0.067 0.073 0.069 0.072 0.071 
276 COPE-0276   (14)   :  0.007 0.007 0.007 0.007 0.907 0.007 0.007 0.007 0.007 0.007 0.007 0.007 0.007 0.007 0.007 
277 COPE-0277   (14)   :  0.076 0.060 0.075 0.069 0.013 0.076 0.064 0.075 0.065 0.073 0.074 0.065 0.068 0.066 0.082 
278 COPE-0278    (0)   :  0.065 0.064 0.068 0.071 0.007 0.087 0.059 0.081 0.057 0.089 0.076 0.062 0.056 0.066 0.094 
279 COPE-0279    (0)   :  0.068 0.069 0.066 0.072 0.009 0.076 0.070 0.072 0.072 0.076 0.071 0.067 0.065 0.071 0.076 
280 COPE-0280    (0)   :  0.012 0.012 0.012 0.012 0.836 0.012 0.012 0.012 0.012 0.012 0.012 0.012 0.012 0.012 0.012 
281 COPE-0281    (0)   :  0.029 0.033 0.029 0.031 0.573 0.032 0.031 0.029 0.037 0.030 0.029 0.030 0.028 0.028 0.029 
282 COPE-0282   (14)   :  0.064 0.067 0.078 0.066 0.006 0.084 0.086 0.068 0.058 0.056 0.061 0.087 0.084 0.081 0.056 
283 COPE-0283    (0)   :  0.069 0.067 0.069 0.072 0.007 0.077 0.064 0.075 0.069 0.081 0.073 0.065 0.064 0.067 0.082 
284 COPE-0284   (14)   :  0.072 0.073 0.061 0.073 0.029 0.071 0.066 0.067 0.087 0.064 0.069 0.064 0.066 0.065 0.072 
285 COPE-0285    (0)   :  0.027 0.026 0.028 0.027 0.632 0.025 0.025 0.026 0.026 0.025 0.028 0.026 0.027 0.026 0.026 
286 COPE-0286    (0)   :  0.081 0.072 0.063 0.075 0.008 0.070 0.064 0.067 0.109 0.064 0.069 0.063 0.061 0.064 0.070 
287 COPE-0287    (0)   :  0.077 0.066 0.067 0.073 0.025 0.063 0.067 0.080 0.075 0.068 0.063 0.068 0.067 0.078 0.063 
288 COPE-0288    (0)   :  0.071 0.072 0.073 0.064 0.010 0.066 0.077 0.070 0.061 0.080 0.065 0.073 0.070 0.076 0.071 
289 COPE-0289    (0)   :  0.070 0.070 0.080 0.072 0.007 0.067 0.069 0.070 0.071 0.072 0.073 0.069 0.071 0.066 0.073 
290 COPE-0290    (0)   :  0.067 0.080 0.065 0.082 0.007 0.069 0.072 0.068 0.075 0.065 0.073 0.069 0.064 0.068 0.076 
291 COPE-0291    (0)   :  0.078 0.064 0.073 0.069 0.005 0.064 0.067 0.072 0.071 0.061 0.081 0.076 0.079 0.076 0.062 
292 COPE-0292   (42)   :  0.015 0.015 0.014 0.015 0.794 0.015 0.015 0.014 0.016 0.015 0.014 0.014 0.014 0.014 0.015 
293 COPE-0293    (0)   :  0.068 0.074 0.080 0.067 0.008 0.068 0.074 0.072 0.069 0.080 0.069 0.069 0.062 0.068 0.073 
294 COPE-0294    (0)   :  0.071 0.071 0.066 0.073 0.011 0.075 0.071 0.068 0.082 0.066 0.067 0.071 0.070 0.067 0.071 
295 COPE-0295    (0)   :  0.068 0.070 0.076 0.071 0.007 0.073 0.074 0.071 0.065 0.075 0.067 0.070 0.069 0.072 0.072 
296 COPE-0296   (14)   :  0.071 0.074 0.069 0.072 0.006 0.067 0.074 0.071 0.068 0.073 0.069 0.070 0.069 0.074 0.075 
297 COPE-0297   (14)   :  0.064 0.080 0.066 0.068 0.033 0.070 0.074 0.069 0.075 0.071 0.065 0.072 0.064 0.061 0.067 
298 COPE-0298    (0)   :  0.067 0.075 0.075 0.067 0.008 0.071 0.073 0.071 0.068 0.076 0.069 0.069 0.066 0.071 0.074 
299 COPE-0299    (0)   :  0.068 0.074 0.070 0.073 0.006 0.068 0.076 0.063 0.072 0.073 0.069 0.069 0.074 0.076 0.067 
300 COPE-0300   (14)   :  0.076 0.068 0.072 0.071 0.007 0.071 0.068 0.076 0.073 0.071 0.067 0.071 0.070 0.068 0.071 
301 COPE-0301   (14)   :  0.068 0.074 0.086 0.059 0.008 0.062 0.074 0.075 0.061 0.087 0.072 0.071 0.063 0.067 0.072 
302 COPE-0302    (0)   :  0.063 0.059 0.073 0.062 0.119 0.059 0.061 0.058 0.062 0.069 0.065 0.062 0.066 0.059 0.063 
303 COPE-0303    (0)   :  0.065 0.066 0.065 0.071 0.006 0.082 0.066 0.081 0.058 0.081 0.077 0.064 0.055 0.074 0.089 
