

----------------------------------------------------
STRUCTURE by Pritchard, Stephens and Donnelly (2000)
     and Falush, Stephens and Pritchard (2003)
       Code by Pritchard, Falush and Hubisz
             Version 2.3.4 (Jul 2012)
----------------------------------------------------



Command line arguments:   /home/jason/Programs/structure -K 8 -i ../Data/microsats.structure -m Structure_Run/mainparams -e Structure_Run/extraparams -D 93116347 -o ../Structure_Results/03_K_08.out 
Input File:    ../Data/microsats.structure

Run parameters:
   384 individuals
   7 loci
   8 populations assumed
   1000000 Burn-in period
   10000000 Reps
RANDOMIZE turned off


--------------------------------------------
Overall proportion of membership of the
sample in each of the 8 clusters

Inferred Clusters
  1      2      3      4      5      6      7      8    
0.125  0.126  0.126  0.127  0.126  0.118  0.126  0.127  

--------------------------------------------

Allele-freq. divergence among pops (Net nucleotide distance),
computed using point estimates of P.

      1       2       3       4       5       6       7       8      
 1      -    0.0001  0.0001  0.0003  0.0000  0.1567  0.0000  0.0005  
 2   0.0001     -    0.0001  0.0003  0.0001  0.1572  0.0001  0.0004  
 3   0.0001  0.0001     -    0.0001  0.0001  0.1566  0.0001  0.0003  
 4   0.0003  0.0003  0.0001     -    0.0003  0.1558  0.0002  0.0001  
 5   0.0000  0.0001  0.0001  0.0003     -    0.1562  0.0001  0.0005  
 6   0.1567  0.1572  0.1566  0.1558  0.1562     -    0.1568  0.1567  
 7   0.0000  0.0001  0.0001  0.0002  0.0001  0.1568     -    0.0004  
 8   0.0005  0.0004  0.0003  0.0001  0.0005  0.1567  0.0004     -    

Average distances (expected heterozygosity) between individuals in same cluster:
cluster  1  : 0.6243 
cluster  2  : 0.6239 
cluster  3  : 0.6242 
cluster  4  : 0.6237 
cluster  5  : 0.6273 
cluster  6  : 0.6509 
cluster  7  : 0.6231 
cluster  8  : 0.6223 

--------------------------------------------
Estimated Ln Prob of Data   = -8934.3
Mean value of ln likelihood = -7885.3
Variance of ln likelihood   = 2098.0
Mean value of alpha         = 0.0468

Mean value of Fst_1         = 0.0721
Mean value of Fst_2         = 0.0722
Mean value of Fst_3         = 0.0691
Mean value of Fst_4         = 0.0673
Mean value of Fst_5         = 0.0691
Mean value of Fst_6         = 0.1690
Mean value of Fst_7         = 0.0711
Mean value of Fst_8         = 0.0673


Inferred ancestry of individuals:
        Label (%Miss) :  Inferred clusters
  1 COPE-0001    (0)   :  0.008 0.008 0.008 0.008 0.008 0.942 0.008 0.008 
  2 COPE-0002    (0)   :  0.144 0.148 0.132 0.139 0.153 0.011 0.134 0.140 
  3 COPE-0003    (0)   :  0.117 0.111 0.139 0.186 0.109 0.007 0.131 0.200 
  4 COPE-0004    (0)   :  0.145 0.129 0.132 0.146 0.163 0.013 0.142 0.130 
  5 COPE-0005    (0)   :  0.148 0.159 0.124 0.122 0.151 0.020 0.148 0.129 
  6 COPE-0006    (0)   :  0.138 0.143 0.136 0.134 0.141 0.018 0.146 0.144 
  7 COPE-0007    (0)   :  0.155 0.155 0.134 0.126 0.149 0.007 0.147 0.126 
  8 COPE-0008    (0)   :  0.160 0.137 0.153 0.141 0.138 0.008 0.160 0.104 
  9 COPE-0009    (0)   :  0.129 0.141 0.134 0.152 0.122 0.018 0.126 0.178 
 10 COPE-0010    (0)   :  0.139 0.133 0.150 0.138 0.157 0.007 0.141 0.136 
 11 COPE-0011   (14)   :  0.014 0.013 0.013 0.014 0.015 0.905 0.013 0.013 
 12 COPE-0012   (14)   :  0.144 0.135 0.159 0.140 0.142 0.007 0.152 0.122 
 13 COPE-0013    (0)   :  0.104 0.105 0.134 0.196 0.096 0.006 0.133 0.225 
 14 COPE-0014    (0)   :  0.144 0.169 0.140 0.137 0.137 0.010 0.119 0.143 
 15 COPE-0015    (0)   :  0.150 0.161 0.145 0.130 0.145 0.007 0.131 0.131 
 16 COPE-0016    (0)   :  0.145 0.178 0.129 0.123 0.141 0.010 0.127 0.148 
 17 COPE-0017    (0)   :  0.046 0.050 0.043 0.042 0.045 0.690 0.041 0.043 
 18 COPE-0018    (0)   :  0.131 0.139 0.137 0.147 0.131 0.008 0.143 0.165 
 19 COPE-0019    (0)   :  0.121 0.125 0.139 0.170 0.113 0.006 0.134 0.192 
 20 COPE-0020    (0)   :  0.141 0.145 0.139 0.134 0.146 0.008 0.145 0.143 
 21 COPE-0021    (0)   :  0.152 0.160 0.136 0.118 0.153 0.006 0.150 0.126 
 22 COPE-0022    (0)   :  0.153 0.135 0.156 0.140 0.138 0.007 0.162 0.109 
 23 COPE-0023    (0)   :  0.135 0.131 0.135 0.151 0.156 0.008 0.139 0.145 
 24 COPE-0024   (14)   :  0.153 0.157 0.128 0.116 0.148 0.007 0.165 0.127 
 25 COPE-0025    (0)   :  0.129 0.125 0.133 0.138 0.138 0.075 0.132 0.131 
 26 COPE-0026    (0)   :  0.156 0.152 0.143 0.139 0.144 0.005 0.135 0.124 
 27 COPE-0027    (0)   :  0.120 0.117 0.139 0.178 0.111 0.006 0.141 0.189 
 28 COPE-0028    (0)   :  0.138 0.143 0.157 0.142 0.154 0.005 0.128 0.132 
 29 COPE-0029    (0)   :  0.152 0.182 0.133 0.116 0.143 0.005 0.129 0.140 
 30 COPE-0030   (14)   :  0.034 0.032 0.031 0.033 0.034 0.771 0.033 0.031 
 31 COPE-0031    (0)   :  0.160 0.151 0.144 0.136 0.140 0.010 0.146 0.114 
 32 COPE-0032    (0)   :  0.133 0.130 0.151 0.153 0.154 0.009 0.132 0.139 
 33 COPE-0033    (0)   :  0.133 0.132 0.145 0.149 0.146 0.012 0.134 0.149 
 34 COPE-0034    (0)   :  0.152 0.156 0.135 0.134 0.149 0.011 0.136 0.127 
 35 COPE-0035   (14)   :  0.136 0.134 0.155 0.146 0.152 0.008 0.135 0.135 
 36 COPE-0036   (14)   :  0.148 0.143 0.141 0.113 0.153 0.006 0.169 0.128 
 37 COPE-0037    (0)   :  0.138 0.139 0.133 0.137 0.139 0.023 0.149 0.142 
 38 COPE-0038    (0)   :  0.162 0.140 0.146 0.144 0.136 0.006 0.155 0.110 
 39 COPE-0039    (0)   :  0.123 0.118 0.130 0.140 0.130 0.090 0.128 0.142 
 40 COPE-0040   (14)   :  0.119 0.119 0.124 0.147 0.111 0.097 0.125 0.158 
 41 COPE-0041    (0)   :  0.130 0.130 0.136 0.148 0.133 0.031 0.139 0.153 
 42 COPE-0042    (0)   :  0.127 0.130 0.156 0.156 0.143 0.011 0.128 0.149 
 43 COPE-0043    (0)   :  0.148 0.158 0.134 0.130 0.151 0.005 0.133 0.140 
 44 COPE-0044    (0)   :  0.141 0.126 0.140 0.149 0.154 0.014 0.142 0.134 
 45 COPE-0045    (0)   :  0.140 0.128 0.141 0.140 0.151 0.031 0.145 0.123 
 46 COPE-0046    (0)   :  0.027 0.027 0.027 0.032 0.026 0.800 0.027 0.034 
 47 COPE-0047    (0)   :  0.007 0.008 0.007 0.007 0.007 0.948 0.007 0.008 
 48 COPE-0048    (0)   :  0.128 0.132 0.162 0.150 0.151 0.007 0.129 0.141 
 49 COPE-0049    (0)   :  0.143 0.138 0.143 0.137 0.156 0.016 0.141 0.126 
 50 COPE-0050    (0)   :  0.121 0.113 0.135 0.181 0.117 0.007 0.134 0.191 
 51 COPE-0051    (0)   :  0.122 0.124 0.145 0.131 0.141 0.105 0.114 0.118 
 52 COPE-0052    (0)   :  0.151 0.180 0.138 0.127 0.143 0.010 0.121 0.131 
 53 COPE-0053    (0)   :  0.148 0.188 0.126 0.117 0.140 0.009 0.125 0.147 
 54 COPE-0054    (0)   :  0.149 0.151 0.145 0.112 0.152 0.005 0.166 0.120 
 55 COPE-0055    (0)   :  0.156 0.136 0.158 0.141 0.137 0.005 0.167 0.101 
 56 COPE-0056    (0)   :  0.134 0.127 0.149 0.151 0.141 0.017 0.146 0.135 
 57 COPE-0057    (0)   :  0.128 0.127 0.143 0.153 0.128 0.011 0.144 0.167 
 58 COPE-0058    (0)   :  0.145 0.139 0.139 0.127 0.154 0.009 0.155 0.131 
 59 COPE-0059    (0)   :  0.110 0.107 0.135 0.191 0.097 0.019 0.130 0.211 
 60 COPE-0060    (0)   :  0.140 0.161 0.133 0.134 0.138 0.007 0.129 0.157 
 61 COPE-0061    (0)   :  0.138 0.167 0.129 0.134 0.131 0.011 0.126 0.164 
 62 COPE-0062    (0)   :  0.153 0.161 0.139 0.124 0.150 0.009 0.135 0.128 
 63 COPE-0063    (0)   :  0.147 0.134 0.156 0.140 0.139 0.027 0.158 0.100 
 64 COPE-0064    (0)   :  0.145 0.143 0.139 0.149 0.139 0.009 0.135 0.140 
 65 COPE-0065    (0)   :  0.006 0.006 0.006 0.006 0.006 0.959 0.006 0.006 
 66 COPE-0066    (0)   :  0.122 0.124 0.158 0.158 0.147 0.016 0.126 0.149 
 67 COPE-0067   (14)   :  0.026 0.027 0.029 0.027 0.029 0.808 0.026 0.027 
 68 COPE-0068    (0)   :  0.110 0.104 0.136 0.198 0.097 0.010 0.129 0.217 
 69 COPE-0069   (14)   :  0.139 0.148 0.140 0.143 0.137 0.013 0.136 0.145 
 70 COPE-0070    (0)   :  0.144 0.144 0.140 0.139 0.153 0.012 0.138 0.131 
 71 COPE-0071    (0)   :  0.137 0.132 0.157 0.143 0.156 0.004 0.135 0.135 
 72 COPE-0072    (0)   :  0.136 0.139 0.136 0.152 0.130 0.007 0.132 0.168 
 73 COPE-0073   (14)   :  0.043 0.049 0.039 0.034 0.043 0.709 0.042 0.041 
 74 COPE-0074    (0)   :  0.134 0.133 0.150 0.144 0.153 0.009 0.141 0.136 
 75 COPE-0075    (0)   :  0.132 0.136 0.161 0.147 0.157 0.013 0.123 0.131 
 76 COPE-0076    (0)   :  0.140 0.141 0.151 0.138 0.137 0.006 0.149 0.138 
 77 COPE-0077   (14)   :  0.138 0.135 0.141 0.154 0.133 0.009 0.136 0.154 
 78 COPE-0078   (14)   :  0.154 0.146 0.135 0.128 0.150 0.008 0.156 0.124 
 79 COPE-0079    (0)   :  0.145 0.133 0.128 0.146 0.170 0.008 0.140 0.131 
 80 COPE-0080   (42)   :  0.020 0.021 0.020 0.022 0.020 0.854 0.020 0.024 
 81 COPE-0081   (14)   :  0.078 0.074 0.079 0.074 0.076 0.471 0.080 0.068 
 82 COPE-0082   (14)   :  0.135 0.132 0.153 0.134 0.149 0.046 0.135 0.117 
 83 COPE-0083   (14)   :  0.152 0.179 0.140 0.132 0.144 0.006 0.117 0.131 
 84 COPE-0084    (0)   :  0.115 0.143 0.100 0.091 0.111 0.231 0.097 0.112 
 85 COPE-0085    (0)   :  0.138 0.137 0.135 0.146 0.149 0.010 0.140 0.144 
 86 COPE-0086    (0)   :  0.144 0.145 0.139 0.124 0.152 0.021 0.145 0.130 
 87 COPE-0087   (14)   :  0.140 0.167 0.132 0.130 0.142 0.007 0.128 0.154 
 88 COPE-0088   (14)   :  0.140 0.155 0.130 0.132 0.144 0.024 0.134 0.141 
 89 COPE-0089   (14)   :  0.007 0.007 0.008 0.007 0.008 0.948 0.008 0.007 
 90 COPE-0090    (0)   :  0.155 0.137 0.156 0.139 0.137 0.008 0.163 0.106 
 91 COPE-0091   (14)   :  0.139 0.171 0.138 0.131 0.138 0.006 0.124 0.154 
 92 COPE-0092   (28)   :  0.022 0.022 0.024 0.028 0.023 0.829 0.024 0.028 
 93 COPE-0093    (0)   :  0.150 0.136 0.162 0.141 0.141 0.006 0.162 0.101 
 94 COPE-0094    (0)   :  0.144 0.129 0.124 0.142 0.166 0.030 0.137 0.128 
 95 COPE-0095    (0)   :  0.149 0.182 0.130 0.121 0.141 0.005 0.130 0.142 
 96 COPE-0096    (0)   :  0.146 0.170 0.137 0.126 0.145 0.009 0.131 0.135 
 97 COPE-0097    (0)   :  0.143 0.144 0.153 0.135 0.159 0.008 0.128 0.130 
 98 COPE-0098    (0)   :  0.164 0.144 0.145 0.141 0.140 0.008 0.151 0.108 
 99 COPE-0099    (0)   :  0.115 0.112 0.134 0.183 0.107 0.022 0.131 0.197 
100 COPE-0100    (0)   :  0.131 0.135 0.144 0.154 0.131 0.007 0.138 0.160 
101 COPE-0101    (0)   :  0.128 0.125 0.151 0.144 0.145 0.044 0.135 0.128 
102 COPE-0102    (0)   :  0.135 0.139 0.140 0.147 0.142 0.006 0.141 0.150 
103 COPE-0103    (0)   :  0.143 0.147 0.134 0.135 0.155 0.017 0.137 0.131 
104 COPE-0104   (14)   :  0.137 0.137 0.159 0.145 0.150 0.007 0.134 0.131 
105 COPE-0105    (0)   :  0.137 0.131 0.158 0.132 0.155 0.037 0.129 0.120 
106 COPE-0106    (0)   :  0.155 0.152 0.134 0.095 0.158 0.005 0.179 0.123 
107 COPE-0107    (0)   :  0.021 0.019 0.020 0.020 0.019 0.864 0.022 0.016 
108 COPE-0108    (0)   :  0.152 0.147 0.150 0.131 0.146 0.006 0.145 0.121 
109 COPE-0109    (0)   :  0.142 0.126 0.135 0.153 0.155 0.012 0.141 0.136 
110 COPE-0110   (14)   :  0.148 0.151 0.132 0.120 0.148 0.014 0.151 0.135 
111 COPE-0111    (0)   :  0.146 0.158 0.130 0.121 0.145 0.009 0.150 0.140 
112 COPE-0112   (14)   :  0.131 0.135 0.155 0.151 0.146 0.011 0.131 0.140 
113 COPE-0113    (0)   :  0.129 0.125 0.144 0.159 0.129 0.021 0.137 0.155 
114 COPE-0114    (0)   :  0.145 0.141 0.147 0.115 0.145 0.010 0.164 0.133 
115 COPE-0115    (0)   :  0.027 0.030 0.026 0.025 0.027 0.814 0.024 0.026 
116 COPE-0116   (28)   :  0.010 0.010 0.010 0.010 0.010 0.930 0.010 0.011 
117 COPE-0117    (0)   :  0.145 0.188 0.128 0.118 0.140 0.011 0.122 0.148 
118 COPE-0118    (0)   :  0.151 0.157 0.134 0.108 0.153 0.009 0.160 0.127 
119 COPE-0119    (0)   :  0.157 0.154 0.141 0.125 0.147 0.010 0.152 0.114 
120 COPE-0120    (0)   :  0.138 0.125 0.139 0.157 0.141 0.011 0.141 0.148 
121 COPE-0121    (0)   :  0.135 0.140 0.130 0.124 0.135 0.061 0.139 0.136 
122 COPE-0122    (0)   :  0.140 0.132 0.136 0.147 0.153 0.008 0.136 0.148 
123 COPE-0123    (0)   :  0.137 0.129 0.139 0.150 0.154 0.015 0.138 0.138 
124 COPE-0124    (0)   :  0.139 0.132 0.131 0.147 0.150 0.013 0.147 0.142 
125 COPE-0125    (0)   :  0.142 0.138 0.161 0.125 0.153 0.007 0.144 0.130 
126 COPE-0126    (0)   :  0.147 0.188 0.130 0.117 0.142 0.013 0.122 0.142 
127 COPE-0127   (14)   :  0.144 0.145 0.146 0.133 0.154 0.007 0.137 0.134 
128 COPE-0128    (0)   :  0.145 0.136 0.136 0.122 0.147 0.019 0.164 0.132 
129 COPE-0129    (0)   :  0.137 0.129 0.132 0.152 0.156 0.006 0.141 0.146 
130 COPE-0130    (0)   :  0.123 0.114 0.136 0.180 0.113 0.012 0.133 0.188 
131 COPE-0131   (14)   :  0.142 0.150 0.138 0.149 0.135 0.009 0.129 0.147 
132 COPE-0132   (14)   :  0.151 0.151 0.125 0.114 0.144 0.038 0.159 0.118 
133 COPE-0133    (0)   :  0.148 0.185 0.129 0.116 0.144 0.009 0.124 0.145 
134 COPE-0134    (0)   :  0.143 0.138 0.136 0.136 0.146 0.007 0.149 0.145 
135 COPE-0135    (0)   :  0.139 0.129 0.157 0.149 0.152 0.008 0.138 0.128 
136 COPE-0136    (0)   :  0.012 0.013 0.013 0.013 0.012 0.910 0.012 0.014 
137 COPE-0137    (0)   :  0.121 0.127 0.137 0.161 0.124 0.013 0.141 0.176 
138 COPE-0138   (14)   :  0.009 0.008 0.009 0.008 0.009 0.940 0.009 0.008 
139 COPE-0139    (0)   :  0.120 0.123 0.136 0.172 0.118 0.008 0.133 0.191 
140 COPE-0140   (14)   :  0.021 0.022 0.022 0.023 0.021 0.845 0.021 0.025 
141 COPE-0141    (0)   :  0.146 0.136 0.156 0.140 0.147 0.008 0.155 0.112 
142 COPE-0142    (0)   :  0.142 0.138 0.153 0.137 0.141 0.009 0.158 0.122 
143 COPE-0143    (0)   :  0.146 0.159 0.140 0.128 0.150 0.009 0.140 0.127 
144 COPE-0144   (14)   :  0.107 0.105 0.106 0.108 0.112 0.252 0.103 0.107 
145 COPE-0145   (14)   :  0.087 0.086 0.088 0.092 0.090 0.371 0.085 0.100 
146 COPE-0146   (14)   :  0.140 0.156 0.143 0.127 0.142 0.029 0.133 0.131 
147 COPE-0147    (0)   :  0.138 0.120 0.132 0.142 0.148 0.065 0.141 0.115 
148 COPE-0148    (0)   :  0.147 0.184 0.128 0.118 0.143 0.009 0.128 0.143 
149 COPE-0149    (0)   :  0.123 0.133 0.132 0.167 0.116 0.007 0.129 0.194 
150 COPE-0150    (0)   :  0.125 0.130 0.162 0.151 0.156 0.008 0.129 0.140 
151 COPE-0151    (0)   :  0.139 0.146 0.144 0.139 0.137 0.007 0.140 0.147 
152 COPE-0152   (14)   :  0.133 0.119 0.137 0.126 0.129 0.123 0.138 0.094 
153 COPE-0153    (0)   :  0.153 0.142 0.140 0.144 0.146 0.006 0.142 0.126 
154 COPE-0154    (0)   :  0.132 0.141 0.145 0.143 0.131 0.007 0.145 0.156 
155 COPE-0155    (0)   :  0.139 0.137 0.141 0.138 0.135 0.006 0.152 0.153 
156 COPE-0156   (14)   :  0.009 0.009 0.009 0.009 0.009 0.939 0.009 0.009 
157 COPE-0157   (14)   :  0.107 0.101 0.111 0.100 0.108 0.280 0.106 0.087 
158 COPE-0158    (0)   :  0.140 0.168 0.133 0.133 0.130 0.009 0.124 0.162 
159 COPE-0159    (0)   :  0.157 0.143 0.138 0.141 0.142 0.008 0.153 0.120 
160 COPE-0160    (0)   :  0.148 0.136 0.142 0.134 0.157 0.006 0.154 0.123 
161 COPE-0161    (0)   :  0.135 0.132 0.139 0.153 0.149 0.012 0.139 0.142 
162 COPE-0162   (14)   :  0.007 0.007 0.007 0.007 0.007 0.952 0.007 0.007 
163 COPE-0163   (28)   :  0.013 0.013 0.013 0.013 0.013 0.907 0.013 0.013 
164 COPE-0164    (0)   :  0.131 0.140 0.138 0.142 0.127 0.032 0.134 0.156 
165 COPE-0165    (0)   :  0.125 0.127 0.138 0.169 0.122 0.008 0.135 0.175 
166 COPE-0166   (14)   :  0.143 0.143 0.131 0.135 0.150 0.008 0.147 0.143 
167 COPE-0167    (0)   :  0.146 0.146 0.131 0.127 0.155 0.008 0.156 0.131 
168 COPE-0168    (0)   :  0.149 0.166 0.138 0.132 0.141 0.006 0.132 0.136 
169 COPE-0169    (0)   :  0.111 0.108 0.134 0.193 0.096 0.011 0.131 0.215 
170 COPE-0170    (0)   :  0.147 0.138 0.146 0.138 0.142 0.031 0.144 0.113 
171 COPE-0171    (0)   :  0.150 0.160 0.141 0.129 0.142 0.009 0.141 0.129 
172 COPE-0172    (0)   :  0.146 0.148 0.145 0.133 0.150 0.007 0.140 0.132 
173 COPE-0173   (14)   :  0.109 0.104 0.126 0.179 0.098 0.066 0.124 0.193 
174 COPE-0174   (28)   :  0.141 0.143 0.146 0.137 0.145 0.018 0.139 0.132 
175 COPE-0175    (0)   :  0.144 0.155 0.127 0.127 0.145 0.040 0.131 0.130 
176 COPE-0176    (0)   :  0.152 0.143 0.146 0.122 0.153 0.009 0.157 0.118 
177 COPE-0177    (0)   :  0.117 0.122 0.137 0.175 0.112 0.007 0.134 0.196 
178 COPE-0178    (0)   :  0.154 0.146 0.138 0.094 0.157 0.007 0.180 0.123 
179 COPE-0179    (0)   :  0.134 0.129 0.143 0.148 0.143 0.009 0.143 0.151 
180 COPE-0180   (14)   :  0.109 0.107 0.136 0.195 0.100 0.006 0.131 0.217 
181 COPE-0181   (14)   :  0.120 0.115 0.135 0.174 0.117 0.009 0.137 0.193 
182 COPE-0182    (0)   :  0.152 0.147 0.150 0.141 0.146 0.005 0.142 0.116 
183 COPE-0183    (0)   :  0.138 0.140 0.142 0.139 0.140 0.011 0.147 0.144 
184 COPE-0184    (0)   :  0.151 0.159 0.130 0.123 0.153 0.009 0.147 0.129 
185 COPE-0185    (0)   :  0.155 0.141 0.147 0.143 0.131 0.006 0.154 0.122 
186 COPE-0186    (0)   :  0.154 0.170 0.143 0.129 0.147 0.006 0.122 0.130 
187 COPE-0187    (0)   :  0.139 0.135 0.161 0.146 0.155 0.010 0.130 0.124 
188 COPE-0188    (0)   :  0.023 0.024 0.026 0.024 0.026 0.830 0.022 0.024 
189 COPE-0189    (0)   :  0.123 0.126 0.142 0.168 0.126 0.009 0.132 0.173 
190 COPE-0190    (0)   :  0.142 0.129 0.138 0.144 0.160 0.015 0.141 0.131 
191 COPE-0191    (0)   :  0.139 0.146 0.139 0.145 0.136 0.013 0.131 0.151 
192 COPE-0192   (14)   :  0.011 0.011 0.010 0.010 0.010 0.928 0.010 0.010 
193 COPE-0193    (0)   :  0.147 0.165 0.138 0.123 0.142 0.006 0.136 0.142 
194 COPE-0194    (0)   :  0.130 0.133 0.162 0.147 0.157 0.009 0.126 0.137 
195 COPE-0195    (0)   :  0.137 0.136 0.149 0.142 0.152 0.007 0.142 0.134 
196 COPE-0196    (0)   :  0.147 0.135 0.142 0.144 0.150 0.011 0.144 0.127 
197 COPE-0197    (0)   :  0.125 0.125 0.135 0.170 0.114 0.007 0.136 0.189 
198 COPE-0198    (0)   :  0.138 0.129 0.136 0.164 0.118 0.013 0.141 0.161 
199 COPE-0199    (0)   :  0.112 0.112 0.135 0.184 0.101 0.011 0.138 0.207 
200 COPE-0200   (42)   :  0.114 0.108 0.136 0.190 0.104 0.009 0.130 0.208 
201 COPE-0201    (0)   :  0.149 0.148 0.151 0.131 0.146 0.009 0.144 0.122 
202 COPE-0202    (0)   :  0.154 0.129 0.138 0.148 0.153 0.014 0.153 0.111 
203 COPE-0203    (0)   :  0.146 0.144 0.138 0.139 0.139 0.006 0.151 0.137 
204 COPE-0204    (0)   :  0.144 0.136 0.148 0.111 0.157 0.035 0.149 0.121 
205 COPE-0205    (0)   :  0.146 0.160 0.135 0.127 0.141 0.022 0.133 0.134 
206 COPE-0206    (0)   :  0.150 0.147 0.132 0.115 0.154 0.005 0.167 0.129 
207 COPE-0207    (0)   :  0.156 0.158 0.127 0.110 0.153 0.011 0.165 0.119 
208 COPE-0208    (0)   :  0.029 0.027 0.029 0.030 0.028 0.798 0.030 0.029 
209 COPE-0209    (0)   :  0.130 0.133 0.142 0.161 0.127 0.007 0.136 0.165 
210 COPE-0210    (0)   :  0.139 0.168 0.141 0.132 0.136 0.011 0.122 0.149 
211 COPE-0211    (0)   :  0.127 0.132 0.161 0.153 0.151 0.005 0.130 0.142 
212 COPE-0212    (0)   :  0.155 0.157 0.127 0.117 0.148 0.012 0.161 0.123 
213 COPE-0213    (0)   :  0.145 0.137 0.142 0.124 0.147 0.008 0.165 0.131 
214 COPE-0214    (0)   :  0.110 0.103 0.135 0.200 0.094 0.008 0.129 0.220 
215 COPE-0215    (0)   :  0.104 0.100 0.130 0.191 0.093 0.040 0.127 0.214 
216 COPE-0216   (14)   :  0.081 0.089 0.076 0.075 0.081 0.442 0.076 0.080 
217 COPE-0217    (0)   :  0.148 0.147 0.128 0.108 0.151 0.027 0.166 0.125 
218 COPE-0218    (0)   :  0.140 0.145 0.138 0.150 0.131 0.009 0.134 0.153 
219 COPE-0219   (14)   :  0.123 0.119 0.139 0.177 0.112 0.009 0.130 0.191 
220 COPE-0220    (0)   :  0.146 0.142 0.133 0.111 0.148 0.014 0.171 0.134 
221 COPE-0221    (0)   :  0.161 0.129 0.147 0.146 0.135 0.015 0.165 0.102 
222 COPE-0222    (0)   :  0.154 0.166 0.138 0.129 0.140 0.007 0.142 0.125 
223 COPE-0223    (0)   :  0.116 0.116 0.135 0.176 0.118 0.008 0.136 0.195 
224 COPE-0224    (0)   :  0.144 0.136 0.127 0.140 0.164 0.021 0.140 0.128 
225 COPE-0225    (0)   :  0.108 0.103 0.134 0.200 0.092 0.015 0.128 0.220 
226 COPE-0226    (0)   :  0.143 0.152 0.146 0.132 0.147 0.007 0.140 0.133 
227 COPE-0227    (0)   :  0.144 0.146 0.140 0.150 0.134 0.006 0.133 0.147 
228 COPE-0228    (0)   :  0.146 0.138 0.133 0.114 0.150 0.022 0.164 0.133 
229 COPE-0229    (0)   :  0.138 0.134 0.143 0.150 0.134 0.007 0.143 0.151 
230 COPE-0230    (0)   :  0.144 0.143 0.155 0.122 0.149 0.010 0.146 0.131 
231 COPE-0231    (0)   :  0.131 0.134 0.137 0.154 0.126 0.006 0.139 0.174 
232 COPE-0232    (0)   :  0.145 0.132 0.137 0.136 0.156 0.015 0.151 0.128 
233 COPE-0233    (0)   :  0.161 0.147 0.142 0.136 0.141 0.005 0.155 0.113 
234 COPE-0234    (0)   :  0.142 0.132 0.133 0.148 0.162 0.008 0.139 0.137 
235 COPE-0235    (0)   :  0.134 0.129 0.135 0.153 0.146 0.006 0.141 0.156 
236 COPE-0236    (0)   :  0.148 0.145 0.156 0.116 0.152 0.005 0.150 0.128 
237 COPE-0237    (0)   :  0.165 0.141 0.142 0.145 0.134 0.006 0.152 0.117 
238 COPE-0238    (0)   :  0.111 0.112 0.133 0.188 0.100 0.007 0.129 0.219 
239 COPE-0239    (0)   :  0.140 0.140 0.130 0.136 0.152 0.034 0.135 0.133 
240 COPE-0240    (0)   :  0.150 0.179 0.134 0.123 0.144 0.008 0.124 0.138 
241 COPE-0241    (0)   :  0.104 0.103 0.134 0.198 0.095 0.007 0.134 0.226 
242 COPE-0242    (0)   :  0.154 0.157 0.138 0.122 0.148 0.006 0.152 0.123 
243 COPE-0243    (0)   :  0.137 0.135 0.158 0.144 0.158 0.008 0.129 0.132 
244 COPE-0244    (0)   :  0.130 0.126 0.141 0.158 0.134 0.009 0.139 0.165 
245 COPE-0245    (0)   :  0.136 0.136 0.158 0.146 0.151 0.012 0.133 0.127 
246 COPE-0246    (0)   :  0.143 0.144 0.139 0.134 0.150 0.013 0.141 0.135 
247 COPE-0247    (0)   :  0.147 0.124 0.143 0.157 0.125 0.017 0.146 0.141 
248 COPE-0248    (0)   :  0.147 0.145 0.150 0.142 0.148 0.005 0.137 0.126 
249 COPE-0249    (0)   :  0.135 0.125 0.129 0.151 0.148 0.032 0.135 0.145 
250 COPE-0250    (0)   :  0.144 0.135 0.131 0.138 0.159 0.015 0.144 0.134 
251 COPE-0251   (14)   :  0.036 0.031 0.033 0.033 0.030 0.772 0.037 0.028 
252 COPE-0252    (0)   :  0.148 0.140 0.131 0.139 0.162 0.012 0.138 0.132 
253 COPE-0253    (0)   :  0.148 0.134 0.158 0.145 0.139 0.008 0.159 0.108 
254 COPE-0254    (0)   :  0.143 0.138 0.158 0.131 0.158 0.013 0.136 0.123 
255 COPE-0255    (0)   :  0.142 0.127 0.146 0.149 0.138 0.027 0.146 0.124 
256 COPE-0256    (0)   :  0.147 0.183 0.130 0.116 0.142 0.011 0.128 0.143 
257 COPE-0257    (0)   :  0.150 0.168 0.140 0.135 0.146 0.008 0.122 0.131 
258 COPE-0258    (0)   :  0.141 0.148 0.144 0.140 0.139 0.022 0.128 0.138 
259 COPE-0259    (0)   :  0.144 0.141 0.147 0.136 0.151 0.006 0.141 0.134 
260 COPE-0260    (0)   :  0.114 0.114 0.133 0.177 0.109 0.024 0.132 0.197 
261 COPE-0261    (0)   :  0.144 0.137 0.161 0.129 0.162 0.006 0.136 0.125 
262 COPE-0262    (0)   :  0.146 0.150 0.141 0.125 0.152 0.022 0.135 0.130 
263 COPE-0263    (0)   :  0.154 0.156 0.142 0.141 0.134 0.008 0.134 0.130 
264 COPE-0264    (0)   :  0.144 0.156 0.138 0.133 0.144 0.022 0.132 0.132 
265 COPE-0265    (0)   :  0.141 0.142 0.149 0.142 0.140 0.011 0.146 0.128 
266 COPE-0266    (0)   :  0.146 0.138 0.140 0.115 0.153 0.018 0.166 0.125 
267 COPE-0267    (0)   :  0.161 0.148 0.136 0.138 0.141 0.006 0.153 0.116 
268 COPE-0268    (0)   :  0.166 0.148 0.138 0.138 0.136 0.012 0.150 0.112 
269 COPE-0269    (0)   :  0.140 0.162 0.137 0.134 0.144 0.007 0.129 0.147 
270 COPE-0270    (0)   :  0.124 0.129 0.161 0.155 0.150 0.007 0.127 0.148 
271 COPE-0271    (0)   :  0.133 0.145 0.136 0.147 0.130 0.008 0.129 0.172 
272 COPE-0272    (0)   :  0.145 0.138 0.152 0.135 0.153 0.007 0.150 0.120 
273 COPE-0273    (0)   :  0.157 0.148 0.131 0.116 0.147 0.015 0.173 0.114 
274 COPE-0274   (14)   :  0.020 0.021 0.024 0.022 0.023 0.849 0.020 0.021 
275 COPE-0275    (0)   :  0.135 0.129 0.140 0.156 0.144 0.010 0.136 0.150 
276 COPE-0276   (14)   :  0.006 0.006 0.006 0.006 0.006 0.957 0.006 0.006 
277 COPE-0277   (14)   :  0.145 0.172 0.139 0.117 0.140 0.014 0.133 0.141 
278 COPE-0278    (0)   :  0.153 0.153 0.134 0.098 0.153 0.007 0.176 0.126 
279 COPE-0279    (0)   :  0.145 0.143 0.139 0.121 0.151 0.009 0.162 0.130 
280 COPE-0280    (0)   :  0.013 0.013 0.013 0.014 0.013 0.908 0.013 0.014 
281 COPE-0281    (0)   :  0.026 0.025 0.028 0.033 0.028 0.798 0.029 0.034 
282 COPE-0282   (14)   :  0.147 0.134 0.129 0.146 0.168 0.006 0.141 0.130 
283 COPE-0283    (0)   :  0.151 0.156 0.130 0.107 0.152 0.007 0.168 0.129 
284 COPE-0284   (14)   :  0.113 0.113 0.132 0.169 0.108 0.036 0.134 0.195 
285 COPE-0285    (0)   :  0.031 0.033 0.032 0.032 0.031 0.776 0.031 0.034 
286 COPE-0286    (0)   :  0.125 0.128 0.147 0.155 0.138 0.013 0.137 0.157 
287 COPE-0287    (0)   :  0.160 0.146 0.137 0.134 0.134 0.036 0.140 0.112 
288 COPE-0288    (0)   :  0.159 0.132 0.145 0.142 0.139 0.010 0.166 0.106 
289 COPE-0289    (0)   :  0.141 0.156 0.141 0.138 0.139 0.008 0.137 0.139 
290 COPE-0290    (0)   :  0.118 0.119 0.151 0.174 0.136 0.008 0.128 0.166 
291 COPE-0291    (0)   :  0.136 0.146 0.142 0.147 0.135 0.006 0.136 0.152 
292 COPE-0292   (42)   :  0.014 0.014 0.014 0.014 0.014 0.902 0.014 0.014 
293 COPE-0293    (0)   :  0.147 0.137 0.161 0.135 0.148 0.008 0.152 0.112 
294 COPE-0294    (0)   :  0.135 0.129 0.136 0.147 0.148 0.012 0.145 0.149 
295 COPE-0295    (0)   :  0.149 0.152 0.135 0.124 0.151 0.008 0.153 0.130 
296 COPE-0296   (14)   :  0.147 0.143 0.145 0.138 0.144 0.007 0.150 0.126 
297 COPE-0297   (14)   :  0.105 0.103 0.133 0.190 0.097 0.035 0.127 0.210 
298 COPE-0298    (0)   :  0.143 0.136 0.148 0.138 0.157 0.010 0.144 0.124 
299 COPE-0299    (0)   :  0.136 0.133 0.163 0.146 0.159 0.006 0.129 0.129 
300 COPE-0300   (14)   :  0.152 0.169 0.133 0.131 0.141 0.008 0.129 0.137 
301 COPE-0301   (14)   :  0.152 0.134 0.160 0.144 0.140 0.009 0.164 0.098 
302 COPE-0302    (0)   :  0.107 0.127 0.103 0.102 0.108 0.252 0.096 0.107 
303 COPE-0303    (0)   :  0.149 0.137 0.144 0.106 0.150 0.006 0.176 0.132 
304 COPE-0304    (0)   :  0.142 0.148 0.142 0.137 0.141 0.007 0.144 0.139 
305 COPE-0305   (14)   :  0.140 0.142 0.133 0.135 0.148 0.040 0.131 0.131 
306 COPE-0306    (0)   :  0.155 0.151 0.131 0.101 0.158 0.009 0.173 0.121 
307 COPE-0307   (28)   :  0.008 0.008 0.008 0.008 0.008 0.944 0.008 0.008 
308 COPE-0308    (0)   :  0.150 0.134 0.132 0.144 0.162 0.006 0.146 0.127 
309 COPE-0309   (14)   :  0.050 0.047 0.051 0.051 0.052 0.655 0.050 0.045 
310 COPE-0310   (28)   :  0.048 0.052 0.044 0.042 0.045 0.692 0.038 0.040 
311 COPE-0311    (0)   :  0.148 0.156 0.138 0.133 0.142 0.023 0.137 0.123 
312 COPE-0312   (28)   :  0.012 0.012 0.012 0.011 0.013 0.916 0.013 0.011 
313 COPE-0313    (0)   :  0.153 0.150 0.137 0.121 0.153 0.009 0.155 0.123 
314 COPE-0314    (0)   :  0.157 0.143 0.150 0.140 0.139 0.008 0.148 0.115 
315 COPE-0315    (0)   :  0.135 0.131 0.137 0.152 0.130 0.008 0.148 0.159 
316 COPE-0316    (0)   :  0.130 0.127 0.146 0.145 0.141 0.022 0.137 0.152 
317 COPE-0317   (14)   :  0.008 0.009 0.008 0.008 0.008 0.942 0.008 0.008 
318 COPE-0318    (0)   :  0.135 0.131 0.145 0.150 0.145 0.006 0.141 0.148 
319 COPE-0319    (0)   :  0.143 0.138 0.133 0.148 0.151 0.007 0.135 0.145 
320 COPE-0320   (14)   :  0.145 0.137 0.151 0.137 0.145 0.015 0.150 0.121 
321 COPE-0321   (14)   :  0.153 0.154 0.140 0.135 0.142 0.011 0.139 0.126 
322 COPE-0322   (14)   :  0.123 0.125 0.137 0.162 0.127 0.006 0.143 0.177 
323 COPE-0323    (0)   :  0.153 0.174 0.139 0.133 0.144 0.011 0.117 0.128 
324 COPE-0324    (0)   :  0.115 0.113 0.136 0.188 0.104 0.006 0.131 0.206 
325 COPE-0325   (14)   :  0.146 0.186 0.133 0.118 0.137 0.012 0.123 0.145 
326 COPE-0326    (0)   :  0.153 0.137 0.145 0.127 0.148 0.007 0.167 0.116 
327 COPE-0327   (14)   :  0.147 0.134 0.156 0.144 0.144 0.009 0.155 0.111 
328 COPE-0328    (0)   :  0.137 0.133 0.144 0.135 0.143 0.006 0.155 0.148 
329 COPE-0329   (28)   :  0.121 0.119 0.135 0.170 0.113 0.012 0.144 0.185 
330 COPE-0330    (0)   :  0.149 0.141 0.150 0.139 0.141 0.022 0.139 0.120 
331 COPE-0331    (0)   :  0.156 0.135 0.160 0.141 0.137 0.006 0.166 0.100 
332 COPE-0332   (14)   :  0.148 0.142 0.143 0.117 0.152 0.007 0.164 0.127 
333 COPE-0333    (0)   :  0.125 0.114 0.133 0.128 0.116 0.149 0.136 0.099 
334 COPE-0334   (28)   :  0.056 0.058 0.053 0.050 0.053 0.636 0.048 0.047 
335 COPE-0335    (0)   :  0.111 0.105 0.137 0.199 0.096 0.007 0.129 0.217 
336 COPE-0336    (0)   :  0.147 0.124 0.146 0.157 0.140 0.006 0.143 0.137 
337 COPE-0337   (28)   :  0.017 0.017 0.018 0.022 0.016 0.868 0.018 0.024 
338 COPE-0338    (0)   :  0.152 0.154 0.141 0.134 0.140 0.023 0.132 0.124 
339 COPE-0339    (0)   :  0.146 0.191 0.129 0.118 0.142 0.006 0.122 0.144 
340 COPE-0340   (14)   :  0.011 0.011 0.012 0.012 0.012 0.917 0.012 0.012 
341 COPE-0341    (0)   :  0.149 0.138 0.133 0.145 0.158 0.007 0.141 0.129 
342 COPE-0342    (0)   :  0.105 0.102 0.134 0.201 0.091 0.007 0.130 0.228 
343 COPE-0343    (0)   :  0.153 0.141 0.148 0.120 0.155 0.006 0.158 0.119 
344 COPE-0344   (14)   :  0.011 0.010 0.010 0.010 0.010 0.929 0.010 0.010 
345 COPE-0345    (0)   :  0.145 0.143 0.132 0.141 0.156 0.006 0.138 0.138 
346 COPE-0346    (0)   :  0.138 0.130 0.138 0.149 0.142 0.034 0.134 0.136 
347 COPE-0347    (0)   :  0.140 0.145 0.150 0.139 0.152 0.007 0.130 0.137 
348 COPE-0348    (0)   :  0.144 0.140 0.146 0.130 0.152 0.015 0.141 0.132 
349 COPE-0349    (0)   :  0.115 0.112 0.134 0.184 0.101 0.006 0.133 0.214 
350 COPE-0350    (0)   :  0.134 0.131 0.151 0.147 0.149 0.006 0.135 0.146 
351 COPE-0351    (0)   :  0.129 0.127 0.158 0.154 0.148 0.006 0.131 0.147 
352 COPE-0352    (0)   :  0.131 0.129 0.138 0.145 0.134 0.027 0.146 0.152 
353 COPE-0353    (0)   :  0.146 0.158 0.141 0.142 0.144 0.006 0.127 0.137 
354 COPE-0354    (0)   :  0.147 0.145 0.145 0.137 0.150 0.016 0.137 0.122 
355 COPE-0355    (0)   :  0.148 0.193 0.126 0.115 0.140 0.006 0.121 0.149 
356 COPE-0356    (0)   :  0.143 0.136 0.159 0.139 0.157 0.008 0.138 0.120 
357 COPE-0357    (0)   :  0.132 0.123 0.138 0.172 0.121 0.009 0.134 0.170 
358 COPE-0358    (0)   :  0.007 0.007 0.007 0.008 0.007 0.947 0.007 0.008 
359 COPE-0359   (14)   :  0.138 0.138 0.134 0.140 0.147 0.009 0.150 0.145 
360 COPE-0360    (0)   :  0.148 0.163 0.145 0.133 0.145 0.006 0.124 0.136 
361 COPE-0361    (0)   :  0.140 0.129 0.135 0.144 0.161 0.008 0.146 0.137 
362 COPE-0362    (0)   :  0.112 0.112 0.136 0.189 0.101 0.007 0.133 0.211 
363 COPE-0363   (14)   :  0.141 0.138 0.133 0.143 0.152 0.014 0.141 0.138 
364 COPE-0364    (0)   :  0.156 0.149 0.148 0.143 0.144 0.006 0.133 0.122 
365 COPE-0365    (0)   :  0.162 0.157 0.141 0.134 0.135 0.022 0.135 0.114 
366 COPE-0366    (0)   :  0.108 0.109 0.141 0.182 0.109 0.022 0.128 0.202 
367 COPE-0367   (14)   :  0.012 0.011 0.011 0.012 0.012 0.920 0.012 0.010 
368 COPE-0368    (0)   :  0.148 0.178 0.128 0.122 0.142 0.010 0.133 0.139 
369 COPE-0369    (0)   :  0.149 0.137 0.144 0.148 0.139 0.009 0.147 0.128 
370 COPE-0370   (28)   :  0.009 0.009 0.009 0.009 0.009 0.939 0.009 0.008 
371 COPE-0371    (0)   :  0.157 0.149 0.144 0.135 0.137 0.012 0.149 0.117 
372 COPE-0372    (0)   :  0.136 0.139 0.133 0.127 0.135 0.047 0.144 0.139 
373 COPE-0373   (14)   :  0.157 0.137 0.140 0.135 0.148 0.007 0.162 0.113 
374 COPE-0374    (0)   :  0.151 0.154 0.138 0.129 0.149 0.008 0.143 0.128 
375 COPE-0375   (14)   :  0.153 0.162 0.143 0.136 0.144 0.011 0.122 0.129 
376 COPE-0376   (14)   :  0.142 0.136 0.161 0.140 0.159 0.006 0.131 0.126 
377 COPE-0377    (0)   :  0.056 0.051 0.056 0.058 0.058 0.612 0.056 0.053 
378 COPE-0378    (0)   :  0.142 0.168 0.144 0.129 0.143 0.007 0.124 0.143 
379 COPE-0379    (0)   :  0.107 0.105 0.134 0.195 0.100 0.007 0.132 0.219 
380 COPE-0380   (28)   :  0.037 0.035 0.035 0.028 0.038 0.757 0.039 0.032 
381 COPE-0381    (0)   :  0.141 0.143 0.144 0.141 0.150 0.012 0.133 0.136 
382 COPE-0382    (0)   :  0.107 0.106 0.136 0.193 0.098 0.006 0.132 0.221 
383 COPE-0383    (0)   :  0.146 0.152 0.134 0.127 0.132 0.084 0.113 0.113 
384 COPE-0384    (0)   :  0.147 0.167 0.139 0.128 0.146 0.008 0.130 0.136 


Estimated Allele Frequencies in each cluster
First column gives estimated ancestral frequencies


Locus 1 : COPE5 
78 alleles
0.5% missing data
   1   (0.007) 0.001 0.001 0.001 0.001 0.001 0.674 0.001 0.001 
   2   (0.022) 0.024 0.025 0.024 0.024 0.025 0.015 0.023 0.023 
   3   (0.014) 0.015 0.015 0.013 0.014 0.016 0.002 0.014 0.014 
   4   (0.023) 0.023 0.025 0.025 0.027 0.023 0.001 0.023 0.030 
   5   (0.011) 0.009 0.008 0.010 0.013 0.008 0.001 0.010 0.013 
   6   (0.018) 0.017 0.016 0.017 0.020 0.018 0.005 0.018 0.021 
   7   (0.007) 0.004 0.003 0.003 0.004 0.004 0.001 0.004 0.003 
   8   (0.035) 0.096 0.095 0.083 0.074 0.096 0.002 0.102 0.079 
   9   (0.020) 0.021 0.021 0.021 0.023 0.023 0.001 0.023 0.023 
  10   (0.019) 0.021 0.020 0.020 0.020 0.020 0.001 0.019 0.019 
  11   (0.015) 0.017 0.015 0.015 0.015 0.014 0.015 0.015 0.013 
  12   (0.017) 0.024 0.022 0.026 0.024 0.023 0.001 0.026 0.019 
  13   (0.011) 0.011 0.010 0.012 0.010 0.011 0.001 0.012 0.009 
  14   (0.023) 0.028 0.027 0.029 0.027 0.027 0.002 0.029 0.025 
  15   (0.015) 0.033 0.042 0.030 0.028 0.032 0.001 0.028 0.033 
  16   (0.009) 0.006 0.006 0.006 0.006 0.007 0.001 0.006 0.006 
  17   (0.018) 0.015 0.014 0.015 0.015 0.015 0.001 0.015 0.015 
  18   (0.017) 0.012 0.012 0.013 0.017 0.011 0.007 0.013 0.018 
  19   (0.011) 0.008 0.008 0.010 0.013 0.008 0.001 0.009 0.014 
  20   (0.029) 0.056 0.058 0.054 0.050 0.053 0.002 0.052 0.047 
  21   (0.023) 0.021 0.021 0.022 0.023 0.021 0.001 0.021 0.024 
  22   (0.019) 0.014 0.015 0.015 0.016 0.014 0.008 0.015 0.018 
  23   (0.013) 0.011 0.011 0.012 0.013 0.010 0.001 0.012 0.014 
  24   (0.015) 0.019 0.020 0.020 0.018 0.020 0.001 0.017 0.017 
  25   (0.010) 0.008 0.008 0.008 0.008 0.008 0.001 0.008 0.007 
  26   (0.013) 0.009 0.009 0.009 0.009 0.009 0.001 0.009 0.009 
  27   (0.012) 0.009 0.009 0.010 0.010 0.011 0.001 0.009 0.010 
  28   (0.008) 0.003 0.002 0.003 0.003 0.003 0.019 0.003 0.003 
  29   (0.013) 0.011 0.011 0.013 0.012 0.012 0.001 0.011 0.011 
  30   (0.019) 0.021 0.019 0.020 0.021 0.020 0.004 0.020 0.019 
  31   (0.019) 0.018 0.019 0.018 0.020 0.018 0.001 0.018 0.022 
  32   (0.025) 0.038 0.034 0.039 0.045 0.034 0.002 0.040 0.043 
  33   (0.006) 0.002 0.002 0.002 0.002 0.002 0.000 0.002 0.002 
  34   (0.018) 0.021 0.020 0.020 0.019 0.019 0.001 0.020 0.017 
  35   (0.006) 0.001 0.001 0.001 0.001 0.001 0.054 0.001 0.001 
  36   (0.006) 0.002 0.002 0.002 0.002 0.002 0.000 0.002 0.002 
  37   (0.021) 0.025 0.029 0.024 0.023 0.025 0.019 0.022 0.024 
  38   (0.016) 0.013 0.013 0.013 0.012 0.013 0.007 0.012 0.012 
  39   (0.014) 0.020 0.018 0.019 0.015 0.020 0.001 0.022 0.017 
  40   (0.011) 0.009 0.009 0.009 0.012 0.008 0.001 0.010 0.013 
  41   (0.008) 0.004 0.004 0.005 0.005 0.005 0.001 0.004 0.005 
  42   (0.006) 0.002 0.002 0.002 0.002 0.002 0.000 0.002 0.002 
  43   (0.008) 0.005 0.004 0.005 0.005 0.005 0.001 0.005 0.005 
  44   (0.023) 0.027 0.026 0.027 0.027 0.029 0.002 0.026 0.026 
  45   (0.006) 0.002 0.002 0.002 0.002 0.002 0.000 0.002 0.002 
  46   (0.015) 0.019 0.019 0.018 0.017 0.019 0.001 0.019 0.015 
  47   (0.009) 0.007 0.006 0.006 0.006 0.007 0.001 0.007 0.006 
  48   (0.006) 0.002 0.002 0.002 0.003 0.002 0.000 0.002 0.003 
  49   (0.015) 0.016 0.017 0.015 0.015 0.016 0.001 0.015 0.017 
  50   (0.013) 0.011 0.011 0.011 0.012 0.011 0.002 0.011 0.014 
  51   (0.013) 0.015 0.016 0.014 0.013 0.014 0.011 0.012 0.013 
  52   (0.014) 0.012 0.012 0.013 0.012 0.012 0.001 0.012 0.011 
  53   (0.007) 0.001 0.001 0.001 0.001 0.001 0.032 0.001 0.001 
  54   (0.006) 0.001 0.001 0.001 0.001 0.001 0.076 0.001 0.001 
  55   (0.010) 0.007 0.007 0.008 0.008 0.008 0.001 0.007 0.007 
  56   (0.011) 0.011 0.011 0.011 0.009 0.011 0.001 0.012 0.010 
  57   (0.013) 0.010 0.010 0.011 0.014 0.010 0.001 0.011 0.015 
  58   (0.009) 0.006 0.006 0.006 0.006 0.006 0.001 0.006 0.006 
  59   (0.010) 0.012 0.011 0.011 0.012 0.013 0.001 0.012 0.011 
  60   (0.010) 0.008 0.008 0.008 0.007 0.008 0.001 0.008 0.008 
  61   (0.006) 0.002 0.002 0.002 0.002 0.002 0.000 0.002 0.002 
  62   (0.012) 0.012 0.012 0.012 0.012 0.012 0.001 0.011 0.012 
  63   (0.011) 0.016 0.015 0.017 0.014 0.017 0.001 0.015 0.014 
  64   (0.009) 0.005 0.005 0.005 0.005 0.005 0.001 0.005 0.005 
  65   (0.018) 0.020 0.019 0.019 0.021 0.019 0.001 0.022 0.022 
  66   (0.009) 0.010 0.010 0.010 0.008 0.010 0.001 0.010 0.009 
  67   (0.010) 0.006 0.005 0.007 0.007 0.006 0.001 0.006 0.006 
  68   (0.013) 0.009 0.009 0.011 0.014 0.009 0.001 0.011 0.015 
  69   (0.006) 0.002 0.002 0.002 0.002 0.002 0.000 0.002 0.002 
  70   (0.006) 0.002 0.002 0.002 0.002 0.002 0.000 0.002 0.002 
  71   (0.010) 0.006 0.006 0.006 0.006 0.007 0.001 0.007 0.006 
  72   (0.006) 0.002 0.002 0.002 0.002 0.002 0.000 0.002 0.002 
  73   (0.006) 0.002 0.002 0.002 0.002 0.002 0.001 0.002 0.002 
  74   (0.006) 0.002 0.002 0.002 0.002 0.002 0.000 0.002 0.002 
  75   (0.009) 0.004 0.004 0.005 0.006 0.005 0.001 0.005 0.005 
  76   (0.006) 0.002 0.002 0.002 0.002 0.002 0.000 0.002 0.002 
  77   (0.008) 0.003 0.003 0.004 0.004 0.003 0.001 0.004 0.004 
  78   (0.006) 0.002 0.002 0.002 0.002 0.002 0.000 0.002 0.002 

Locus 2 : COPE9 
12 alleles
8.3% missing data
   1   (0.412) 0.472 0.464 0.476 0.473 0.464 0.409 0.470 0.458 
   2   (0.142) 0.138 0.139 0.135 0.132 0.145 0.270 0.135 0.132 
   3   (0.048) 0.052 0.052 0.049 0.043 0.052 0.023 0.055 0.049 
   4   (0.072) 0.070 0.074 0.073 0.083 0.067 0.023 0.070 0.090 
   5   (0.036) 0.024 0.023 0.027 0.028 0.025 0.022 0.025 0.027 
   6   (0.133) 0.136 0.138 0.133 0.133 0.136 0.050 0.136 0.132 
   7   (0.039) 0.025 0.024 0.025 0.029 0.027 0.070 0.026 0.028 
   8   (0.082) 0.072 0.074 0.071 0.069 0.072 0.079 0.072 0.072 
   9   (0.011) 0.004 0.004 0.004 0.004 0.005 0.001 0.005 0.004 
  10   (0.009) 0.001 0.001 0.001 0.001 0.001 0.052 0.001 0.001 
  11   (0.008) 0.003 0.003 0.003 0.003 0.003 0.001 0.003 0.002 
  12   (0.008) 0.003 0.003 0.003 0.003 0.003 0.001 0.002 0.003 

Locus 3 : CPER26 
12 alleles
2.6% missing data
   1   (0.231) 0.239 0.237 0.237 0.237 0.236 0.122 0.234 0.230 
   2   (0.033) 0.020 0.019 0.023 0.029 0.019 0.154 0.022 0.031 
   3   (0.083) 0.073 0.072 0.078 0.089 0.077 0.007 0.076 0.091 
   4   (0.500) 0.583 0.589 0.580 0.566 0.585 0.050 0.585 0.571 
   5   (0.055) 0.046 0.045 0.042 0.041 0.044 0.310 0.045 0.039 
   6   (0.030) 0.016 0.015 0.015 0.015 0.015 0.322 0.015 0.014 
   7   (0.013) 0.006 0.005 0.006 0.005 0.006 0.001 0.006 0.005 
   8   (0.018) 0.007 0.007 0.008 0.008 0.008 0.021 0.007 0.008 
   9   (0.008) 0.002 0.002 0.002 0.002 0.002 0.003 0.002 0.002 
  10   (0.012) 0.003 0.003 0.003 0.003 0.003 0.009 0.003 0.003 
  11   (0.008) 0.002 0.002 0.002 0.003 0.002 0.001 0.002 0.003 
  12   (0.008) 0.002 0.002 0.003 0.003 0.002 0.001 0.002 0.002 

Locus 4 : CPER92 
12 alleles
6.8% missing data
   1   (0.625) 0.674 0.683 0.676 0.686 0.668 0.509 0.676 0.706 
   2   (0.104) 0.137 0.126 0.137 0.133 0.142 0.287 0.138 0.112 
   3   (0.090) 0.089 0.094 0.087 0.084 0.090 0.043 0.083 0.084 
   4   (0.014) 0.008 0.009 0.008 0.007 0.008 0.017 0.007 0.007 
   5   (0.040) 0.026 0.025 0.026 0.024 0.027 0.032 0.026 0.023 
   6   (0.037) 0.028 0.026 0.028 0.026 0.028 0.007 0.029 0.024 
   7   (0.019) 0.008 0.008 0.008 0.007 0.008 0.035 0.009 0.008 
   8   (0.012) 0.003 0.003 0.003 0.003 0.003 0.036 0.003 0.003 
   9   (0.021) 0.010 0.010 0.011 0.014 0.010 0.018 0.011 0.015 
  10   (0.017) 0.009 0.008 0.008 0.007 0.009 0.014 0.009 0.008 
  11   (0.013) 0.006 0.006 0.006 0.006 0.006 0.001 0.005 0.005 
  12   (0.008) 0.002 0.002 0.003 0.003 0.003 0.001 0.002 0.002 

Locus 5 : CPER99 
5 alleles
1.0% missing data
   1   (0.013) 0.003 0.003 0.003 0.003 0.003 0.352 0.003 0.003 
   2   (0.870) 0.930 0.926 0.931 0.932 0.928 0.073 0.931 0.929 
   3   (0.080) 0.056 0.059 0.054 0.053 0.057 0.480 0.055 0.056 
   4   (0.013) 0.003 0.003 0.003 0.003 0.003 0.030 0.003 0.003 
   5   (0.024) 0.009 0.009 0.009 0.009 0.009 0.065 0.009 0.009 

Locus 6 : CPER119 
22 alleles
5.5% missing data
   1   (0.009) 0.001 0.001 0.001 0.001 0.001 0.116 0.001 0.001 
   2   (0.080) 0.096 0.090 0.093 0.092 0.089 0.040 0.097 0.081 
   3   (0.037) 0.033 0.035 0.030 0.030 0.033 0.056 0.031 0.030 
   4   (0.008) 0.002 0.002 0.002 0.003 0.002 0.001 0.002 0.003 
   5   (0.163) 0.167 0.165 0.176 0.184 0.168 0.092 0.178 0.190 
   6   (0.069) 0.066 0.063 0.071 0.089 0.064 0.080 0.070 0.094 
   7   (0.068) 0.096 0.089 0.086 0.089 0.091 0.079 0.089 0.078 
   8   (0.084) 0.075 0.077 0.076 0.075 0.075 0.108 0.078 0.079 
   9   (0.115) 0.138 0.147 0.132 0.127 0.137 0.053 0.131 0.134 
  10   (0.060) 0.064 0.062 0.066 0.056 0.069 0.030 0.066 0.058 
