

----------------------------------------------------
STRUCTURE by Pritchard, Stephens and Donnelly (2000)
     and Falush, Stephens and Pritchard (2003)
       Code by Pritchard, Falush and Hubisz
             Version 2.3.4 (Jul 2012)
----------------------------------------------------



Command line arguments:   /home/jason/Programs/structure -K 14 -i ../Data/microsats.structure -m Structure_Run/mainparams -e Structure_Run/extraparams -D 41198629 -o ../Structure_Results/03_K_14.out 
Input File:    ../Data/microsats.structure

Run parameters:
   384 individuals
   7 loci
   14 populations assumed
   1000000 Burn-in period
   10000000 Reps
RANDOMIZE turned off


--------------------------------------------
Overall proportion of membership of the
sample in each of the 14 clusters

Inferred Clusters
  1      2      3      4      5      6      7      8      9     10     11     12     13     14    
0.069  0.069  0.069  0.069  0.069  0.069  0.069  0.104  0.069  0.069  0.069  0.069  0.069  0.069  

--------------------------------------------

Allele-freq. divergence among pops (Net nucleotide distance),
computed using point estimates of P.

      1       2       3       4       5       6       7       8       9      10      11      12      13      14      
 1      -    0.0001  0.0001  0.0002  0.0001  0.0001  0.0002  0.1737  0.0002  0.0004  0.0003  0.0002  0.0002  0.0001  
 2   0.0001     -    0.0000  0.0001  0.0001  0.0001  0.0001  0.1755  0.0001  0.0001  0.0001  0.0001  0.0001  0.0001  
 3   0.0001  0.0000     -    0.0001  0.0001  0.0001  0.0001  0.1749  0.0001  0.0002  0.0001  0.0001  0.0001  0.0001  
 4   0.0002  0.0001  0.0001     -    0.0000  0.0001  0.0000  0.1741  0.0001  0.0002  0.0001  0.0000  0.0001  0.0000  
 5   0.0001  0.0001  0.0001  0.0000     -    0.0001  0.0000  0.1732  0.0001  0.0002  0.0001  0.0001  0.0001  0.0001  
 6   0.0001  0.0001  0.0001  0.0001  0.0001     -    0.0001  0.1741  0.0001  0.0002  0.0001  0.0001  0.0001  0.0001  
 7   0.0002  0.0001  0.0001  0.0000  0.0000  0.0001     -    0.1742  0.0001  0.0002  0.0001  0.0001  0.0001  0.0001  
 8   0.1737  0.1755  0.1749  0.1741  0.1732  0.1741  0.1742     -    0.1748  0.1763  0.1749  0.1740  0.1743  0.1744  
 9   0.0002  0.0001  0.0001  0.0001  0.0001  0.0001  0.0001  0.1748     -    0.0001  0.0001  0.0001  0.0001  0.0001  
10   0.0004  0.0001  0.0002  0.0002  0.0002  0.0002  0.0002  0.1763  0.0001     -    0.0001  0.0002  0.0001  0.0002  
11   0.0003  0.0001  0.0001  0.0001  0.0001  0.0001  0.0001  0.1749  0.0001  0.0001     -    0.0001  0.0001  0.0001  
12   0.0002  0.0001  0.0001  0.0000  0.0001  0.0001  0.0001  0.1740  0.0001  0.0002  0.0001     -    0.0001  0.0001  
13   0.0002  0.0001  0.0001  0.0001  0.0001  0.0001  0.0001  0.1743  0.0001  0.0001  0.0001  0.0001     -    0.0002  
14   0.0001  0.0001  0.0001  0.0000  0.0001  0.0001  0.0001  0.1744  0.0001  0.0002  0.0001  0.0001  0.0002     -    

Average distances (expected heterozygosity) between individuals in same cluster:
cluster  1  : 0.6257 
cluster  2  : 0.6240 
cluster  3  : 0.6255 
cluster  4  : 0.6267 
cluster  5  : 0.6288 
cluster  6  : 0.6264 
cluster  7  : 0.6256 
cluster  8  : 0.6230 
cluster  9  : 0.6254 
cluster 10  : 0.6235 
cluster 11  : 0.6265 
cluster 12  : 0.6270 
cluster 13  : 0.6265 
cluster 14  : 0.6251 

--------------------------------------------
Estimated Ln Prob of Data   = -9439.8
Mean value of ln likelihood = -7529.6
Variance of ln likelihood   = 3820.3
Mean value of alpha         = 0.0496

Mean value of Fst_1         = 0.1359
Mean value of Fst_2         = 0.1363
Mean value of Fst_3         = 0.1341
Mean value of Fst_4         = 0.1273
Mean value of Fst_5         = 0.1219
Mean value of Fst_6         = 0.1334
Mean value of Fst_7         = 0.1276
Mean value of Fst_8         = 0.2317
Mean value of Fst_9         = 0.1319
Mean value of Fst_10         = 0.1337
Mean value of Fst_11         = 0.1275
Mean value of Fst_12         = 0.1273
Mean value of Fst_13         = 0.1294
Mean value of Fst_14         = 0.1304


Inferred ancestry of individuals:
        Label (%Miss) :  Inferred clusters
  1 COPE-0001    (0)   :  0.009 0.009 0.009 0.009 0.009 0.009 0.009 0.887 0.009 0.009 0.009 0.009 0.009 0.009 
  2 COPE-0002    (0)   :  0.077 0.072 0.075 0.077 0.078 0.079 0.079 0.010 0.075 0.071 0.076 0.077 0.077 0.076 
  3 COPE-0003    (0)   :  0.068 0.071 0.072 0.081 0.086 0.072 0.084 0.006 0.073 0.079 0.075 0.079 0.075 0.077 
  4 COPE-0004    (0)   :  0.090 0.077 0.081 0.073 0.076 0.092 0.074 0.010 0.074 0.063 0.075 0.067 0.083 0.064 
  5 COPE-0005    (0)   :  0.079 0.078 0.078 0.075 0.073 0.078 0.072 0.022 0.073 0.075 0.074 0.074 0.076 0.073 
  6 COPE-0006    (0)   :  0.074 0.071 0.072 0.076 0.075 0.077 0.078 0.018 0.078 0.075 0.077 0.077 0.076 0.077 
  7 COPE-0007    (0)   :  0.077 0.082 0.082 0.075 0.075 0.079 0.070 0.006 0.076 0.082 0.078 0.070 0.078 0.071 
  8 COPE-0008    (0)   :  0.088 0.077 0.078 0.075 0.073 0.077 0.070 0.008 0.075 0.078 0.070 0.076 0.070 0.086 
  9 COPE-0009    (0)   :  0.069 0.068 0.071 0.083 0.075 0.072 0.080 0.015 0.076 0.078 0.075 0.080 0.078 0.080 
 10 COPE-0010    (0)   :  0.067 0.071 0.075 0.079 0.076 0.073 0.081 0.007 0.078 0.076 0.083 0.078 0.079 0.076 
 11 COPE-0011   (14)   :  0.014 0.013 0.013 0.013 0.013 0.014 0.014 0.831 0.013 0.012 0.012 0.013 0.013 0.012 
 12 COPE-0012   (14)   :  0.080 0.075 0.076 0.076 0.072 0.074 0.073 0.006 0.073 0.079 0.072 0.082 0.074 0.088 
 13 COPE-0013    (0)   :  0.069 0.077 0.071 0.082 0.077 0.072 0.087 0.006 0.072 0.081 0.074 0.079 0.077 0.077 
 14 COPE-0014    (0)   :  0.088 0.088 0.088 0.068 0.078 0.070 0.074 0.008 0.082 0.068 0.072 0.066 0.067 0.082 
 15 COPE-0015    (0)   :  0.081 0.083 0.084 0.072 0.077 0.074 0.075 0.007 0.079 0.072 0.076 0.071 0.070 0.079 
 16 COPE-0016    (0)   :  0.075 0.075 0.072 0.079 0.066 0.080 0.075 0.009 0.083 0.081 0.073 0.077 0.075 0.081 
 17 COPE-0017    (0)   :  0.040 0.041 0.040 0.034 0.036 0.036 0.036 0.525 0.038 0.035 0.035 0.033 0.034 0.038 
 18 COPE-0018    (0)   :  0.074 0.071 0.072 0.075 0.074 0.080 0.077 0.007 0.077 0.080 0.078 0.080 0.078 0.077 
 19 COPE-0019    (0)   :  0.072 0.068 0.073 0.083 0.074 0.076 0.080 0.006 0.075 0.078 0.073 0.078 0.083 0.080 
 20 COPE-0020    (0)   :  0.069 0.073 0.077 0.079 0.080 0.073 0.077 0.006 0.075 0.079 0.078 0.078 0.078 0.077 
 21 COPE-0021    (0)   :  0.073 0.083 0.084 0.070 0.075 0.077 0.073 0.006 0.075 0.079 0.079 0.076 0.077 0.072 
 22 COPE-0022    (0)   :  0.084 0.073 0.077 0.078 0.072 0.075 0.074 0.006 0.073 0.078 0.069 0.081 0.071 0.089 
 23 COPE-0023    (0)   :  0.074 0.071 0.075 0.078 0.081 0.074 0.082 0.008 0.075 0.070 0.076 0.079 0.078 0.079 
 24 COPE-0024   (14)   :  0.074 0.086 0.081 0.074 0.074 0.075 0.073 0.006 0.071 0.086 0.073 0.076 0.078 0.073 
 25 COPE-0025    (0)   :  0.064 0.068 0.071 0.078 0.091 0.067 0.071 0.038 0.068 0.077 0.079 0.082 0.075 0.072 
 26 COPE-0026    (0)   :  0.077 0.075 0.074 0.080 0.079 0.077 0.078 0.005 0.080 0.073 0.080 0.075 0.072 0.074 
 27 COPE-0027    (0)   :  0.074 0.072 0.073 0.083 0.075 0.076 0.080 0.006 0.075 0.077 0.071 0.079 0.081 0.079 
 28 COPE-0028    (0)   :  0.070 0.073 0.073 0.080 0.086 0.074 0.077 0.005 0.074 0.075 0.084 0.080 0.074 0.075 
 29 COPE-0029    (0)   :  0.073 0.077 0.074 0.076 0.068 0.080 0.073 0.005 0.083 0.087 0.077 0.076 0.075 0.077 
 30 COPE-0030   (14)   :  0.024 0.023 0.023 0.025 0.025 0.024 0.025 0.687 0.024 0.023 0.024 0.024 0.024 0.024 
 31 COPE-0031    (0)   :  0.079 0.076 0.078 0.075 0.078 0.081 0.073 0.009 0.080 0.076 0.076 0.072 0.069 0.078 
 32 COPE-0032    (0)   :  0.070 0.069 0.073 0.078 0.088 0.074 0.081 0.008 0.071 0.072 0.078 0.082 0.076 0.079 
 33 COPE-0033    (0)   :  0.071 0.073 0.074 0.079 0.083 0.075 0.081 0.010 0.074 0.073 0.077 0.080 0.073 0.076 
 34 COPE-0034    (0)   :  0.085 0.080 0.082 0.077 0.074 0.079 0.074 0.009 0.077 0.073 0.072 0.071 0.075 0.072 
 35 COPE-0035   (14)   :  0.070 0.074 0.073 0.080 0.085 0.074 0.078 0.007 0.072 0.075 0.081 0.079 0.075 0.076 
 36 COPE-0036   (14)   :  0.068 0.085 0.080 0.071 0.070 0.078 0.067 0.006 0.079 0.094 0.081 0.070 0.082 0.069 
 37 COPE-0037    (0)   :  0.074 0.077 0.075 0.074 0.076 0.074 0.075 0.023 0.073 0.076 0.073 0.077 0.079 0.073 
 38 COPE-0038    (0)   :  0.081 0.078 0.073 0.081 0.078 0.074 0.080 0.006 0.074 0.073 0.072 0.078 0.072 0.079 
 39 COPE-0039    (0)   :  0.068 0.070 0.069 0.077 0.088 0.072 0.074 0.038 0.075 0.074 0.075 0.075 0.074 0.071 
 40 COPE-0040   (14)   :  0.068 0.068 0.071 0.074 0.075 0.070 0.073 0.070 0.072 0.070 0.073 0.071 0.074 0.072 
 41 COPE-0041    (0)   :  0.070 0.072 0.075 0.078 0.077 0.070 0.077 0.024 0.072 0.077 0.074 0.078 0.078 0.078 
 42 COPE-0042    (0)   :  0.072 0.075 0.074 0.079 0.084 0.074 0.081 0.009 0.074 0.072 0.081 0.077 0.074 0.075 
 43 COPE-0043    (0)   :  0.080 0.072 0.075 0.080 0.072 0.080 0.079 0.005 0.079 0.072 0.076 0.077 0.078 0.077 
 44 COPE-0044    (0)   :  0.086 0.076 0.077 0.074 0.077 0.084 0.075 0.011 0.075 0.067 0.074 0.070 0.082 0.072 
 45 COPE-0045    (0)   :  0.081 0.075 0.077 0.075 0.074 0.076 0.073 0.032 0.072 0.070 0.071 0.073 0.076 0.074 
 46 COPE-0046    (0)   :  0.023 0.022 0.022 0.023 0.023 0.023 0.024 0.703 0.023 0.022 0.023 0.023 0.024 0.022 
 47 COPE-0047    (0)   :  0.007 0.007 0.007 0.007 0.007 0.007 0.007 0.904 0.007 0.008 0.007 0.008 0.007 0.007 
 48 COPE-0048    (0)   :  0.069 0.079 0.076 0.079 0.082 0.075 0.083 0.006 0.070 0.072 0.083 0.080 0.069 0.077 
 49 COPE-0049    (0)   :  0.078 0.071 0.074 0.077 0.082 0.077 0.071 0.016 0.074 0.071 0.077 0.078 0.078 0.075 
 50 COPE-0050    (0)   :  0.075 0.074 0.071 0.079 0.080 0.077 0.082 0.007 0.079 0.074 0.076 0.074 0.081 0.071 
 51 COPE-0051    (0)   :  0.064 0.061 0.067 0.069 0.074 0.070 0.074 0.095 0.066 0.062 0.082 0.081 0.067 0.069 
 52 COPE-0052    (0)   :  0.089 0.090 0.089 0.068 0.077 0.071 0.071 0.010 0.083 0.070 0.072 0.064 0.065 0.082 
 53 COPE-0053    (0)   :  0.071 0.078 0.076 0.078 0.065 0.076 0.073 0.008 0.087 0.092 0.071 0.076 0.072 0.078 
 54 COPE-0054    (0)   :  0.069 0.087 0.082 0.068 0.063 0.079 0.063 0.005 0.075 0.100 0.082 0.074 0.083 0.068 
 55 COPE-0055    (0)   :  0.086 0.075 0.078 0.079 0.069 0.076 0.071 0.005 0.073 0.080 0.068 0.081 0.069 0.091 
 56 COPE-0056    (0)   :  0.084 0.074 0.075 0.078 0.072 0.076 0.070 0.014 0.076 0.074 0.068 0.081 0.073 0.084 
 57 COPE-0057    (0)   :  0.072 0.070 0.074 0.081 0.076 0.072 0.078 0.009 0.073 0.079 0.075 0.082 0.078 0.082 
 58 COPE-0058    (0)   :  0.067 0.075 0.073 0.077 0.077 0.076 0.074 0.009 0.078 0.079 0.081 0.076 0.080 0.076 
 59 COPE-0059    (0)   :  0.077 0.067 0.069 0.077 0.082 0.072 0.082 0.016 0.079 0.071 0.072 0.079 0.087 0.070 
 60 COPE-0060    (0)   :  0.074 0.071 0.074 0.077 0.076 0.077 0.082 0.006 0.077 0.076 0.074 0.077 0.077 0.080 
 61 COPE-0061    (0)   :  0.068 0.076 0.076 0.080 0.066 0.075 0.077 0.010 0.085 0.089 0.072 0.076 0.074 0.078 
 62 COPE-0062    (0)   :  0.080 0.086 0.088 0.066 0.075 0.075 0.072 0.008 0.078 0.076 0.077 0.070 0.072 0.076 
 63 COPE-0063    (0)   :  0.090 0.076 0.078 0.076 0.065 0.075 0.065 0.021 0.075 0.077 0.062 0.084 0.066 0.092 
 64 COPE-0064    (0)   :  0.078 0.075 0.072 0.076 0.079 0.081 0.078 0.008 0.081 0.073 0.075 0.073 0.078 0.073 
 65 COPE-0065    (0)   :  0.006 0.006 0.006 0.006 0.006 0.006 0.006 0.922 0.006 0.006 0.006 0.006 0.006 0.006 
 66 COPE-0066    (0)   :  0.068 0.070 0.073 0.078 0.084 0.072 0.082 0.017 0.073 0.072 0.084 0.080 0.072 0.076 
 67 COPE-0067   (14)   :  0.026 0.027 0.028 0.028 0.031 0.028 0.029 0.632 0.027 0.027 0.031 0.030 0.028 0.029 
 68 COPE-0068    (0)   :  0.073 0.071 0.070 0.081 0.082 0.073 0.085 0.012 0.076 0.074 0.075 0.077 0.080 0.073 
 69 COPE-0069   (14)   :  0.080 0.079 0.077 0.074 0.077 0.072 0.078 0.009 0.080 0.074 0.072 0.075 0.076 0.076 
 70 COPE-0070    (0)   :  0.078 0.071 0.074 0.078 0.078 0.078 0.076 0.011 0.072 0.070 0.079 0.083 0.078 0.073 
 71 COPE-0071    (0)   :  0.067 0.069 0.074 0.079 0.086 0.070 0.077 0.004 0.075 0.078 0.089 0.081 0.077 0.074 
 72 COPE-0072    (0)   :  0.077 0.075 0.074 0.076 0.080 0.074 0.082 0.006 0.080 0.070 0.075 0.074 0.081 0.074 
 73 COPE-0073   (14)   :  0.029 0.034 0.032 0.029 0.027 0.033 0.027 0.592 0.033 0.039 0.032 0.030 0.033 0.029 
 74 COPE-0074    (0)   :  0.070 0.077 0.075 0.079 0.080 0.074 0.080 0.008 0.073 0.076 0.080 0.080 0.071 0.077 
 75 COPE-0075    (0)   :  0.071 0.069 0.075 0.075 0.081 0.077 0.082 0.010 0.071 0.067 0.088 0.086 0.073 0.075 
 76 COPE-0076    (0)   :  0.079 0.079 0.080 0.076 0.069 0.074 0.070 0.006 0.076 0.082 0.075 0.078 0.074 0.083 
 77 COPE-0077   (14)   :  0.074 0.073 0.072 0.081 0.080 0.075 0.081 0.008 0.075 0.073 0.077 0.076 0.078 0.076 
 78 COPE-0078   (14)   :  0.080 0.081 0.080 0.075 0.074 0.079 0.073 0.008 0.071 0.078 0.074 0.075 0.079 0.073 
 79 COPE-0079    (0)   :  0.096 0.078 0.083 0.075 0.074 0.093 0.075 0.008 0.071 0.060 0.076 0.066 0.083 0.062 
 80 COPE-0080   (42)   :  0.018 0.017 0.017 0.017 0.018 0.017 0.018 0.772 0.018 0.018 0.018 0.018 0.018 0.017 
 81 COPE-0081   (14)   :  0.045 0.045 0.045 0.045 0.045 0.045 0.045 0.413 0.044 0.046 0.045 0.047 0.045 0.047 
 82 COPE-0082   (14)   :  0.074 0.074 0.072 0.075 0.073 0.076 0.072 0.043 0.073 0.071 0.075 0.077 0.072 0.075 
 83 COPE-0083   (14)   :  0.097 0.098 0.101 0.061 0.077 0.068 0.071 0.005 0.087 0.063 0.069 0.057 0.060 0.085 
 84 COPE-0084    (0)   :  0.061 0.062 0.059 0.063 0.053 0.067 0.061 0.184 0.071 0.072 0.060 0.062 0.060 0.066 
 85 COPE-0085    (0)   :  0.076 0.073 0.077 0.078 0.079 0.077 0.075 0.009 0.072 0.077 0.078 0.076 0.079 0.073 
 86 COPE-0086    (0)   :  0.070 0.069 0.071 0.078 0.076 0.078 0.075 0.017 0.078 0.077 0.080 0.078 0.077 0.077 
 87 COPE-0087   (14)   :  0.074 0.074 0.074 0.077 0.071 0.078 0.082 0.007 0.079 0.079 0.073 0.078 0.073 0.080 
 88 COPE-0088   (14)   :  0.077 0.072 0.072 0.077 0.075 0.077 0.076 0.023 0.076 0.075 0.076 0.076 0.075 0.075 
 89 COPE-0089   (14)   :  0.008 0.008 0.007 0.007 0.007 0.007 0.007 0.903 0.007 0.007 0.007 0.008 0.007 0.008 
 90 COPE-0090    (0)   :  0.082 0.073 0.076 0.079 0.074 0.078 0.075 0.008 0.073 0.078 0.072 0.080 0.070 0.084 
 91 COPE-0091   (14)   :  0.079 0.078 0.080 0.074 0.071 0.076 0.081 0.005 0.080 0.075 0.073 0.074 0.072 0.080 
 92 COPE-0092   (28)   :  0.019 0.018 0.019 0.020 0.021 0.019 0.020 0.745 0.019 0.019 0.020 0.020 0.020 0.019 
 93 COPE-0093    (0)   :  0.094 0.079 0.079 0.075 0.063 0.076 0.063 0.005 0.076 0.079 0.061 0.086 0.067 0.096 
 94 COPE-0094    (0)   :  0.095 0.077 0.083 0.072 0.073 0.095 0.074 0.025 0.071 0.056 0.073 0.064 0.081 0.060 
 95 COPE-0095    (0)   :  0.074 0.077 0.076 0.078 0.069 0.078 0.075 0.005 0.084 0.087 0.072 0.076 0.071 0.080 
 96 COPE-0096    (0)   :  0.078 0.077 0.074 0.077 0.074 0.074 0.077 0.009 0.079 0.074 0.078 0.076 0.074 0.079 
 97 COPE-0097    (0)   :  0.075 0.078 0.080 0.074 0.075 0.073 0.076 0.007 0.079 0.075 0.085 0.077 0.072 0.075 
 98 COPE-0098    (0)   :  0.083 0.079 0.080 0.075 0.078 0.082 0.072 0.009 0.080 0.073 0.073 0.070 0.069 0.078 
 99 COPE-0099    (0)   :  0.067 0.065 0.071 0.080 0.088 0.069 0.079 0.020 0.073 0.071 0.079 0.081 0.081 0.076 
100 COPE-0100    (0)   :  0.070 0.076 0.073 0.080 0.080 0.074 0.079 0.007 0.075 0.078 0.078 0.080 0.073 0.077 
101 COPE-0101    (0)   :  0.076 0.072 0.074 0.075 0.079 0.075 0.072 0.045 0.073 0.068 0.071 0.076 0.072 0.073 
102 COPE-0102    (0)   :  0.072 0.079 0.075 0.080 0.075 0.074 0.079 0.005 0.077 0.078 0.076 0.076 0.075 0.078 
103 COPE-0103    (0)   :  0.087 0.082 0.083 0.072 0.076 0.078 0.072 0.014 0.074 0.068 0.076 0.068 0.076 0.072 
104 COPE-0104   (14)   :  0.073 0.077 0.075 0.079 0.080 0.074 0.078 0.006 0.075 0.075 0.080 0.078 0.072 0.078 
105 COPE-0105    (0)   :  0.068 0.062 0.068 0.075 0.077 0.074 0.080 0.033 0.074 0.065 0.093 0.087 0.073 0.071 
106 COPE-0106    (0)   :  0.062 0.096 0.087 0.062 0.059 0.081 0.059 0.004 0.074 0.116 0.086 0.068 0.092 0.056 
107 COPE-0107    (0)   :  0.020 0.019 0.019 0.020 0.019 0.018 0.019 0.754 0.018 0.019 0.017 0.020 0.018 0.021 
108 COPE-0108    (0)   :  0.076 0.076 0.078 0.076 0.079 0.077 0.077 0.006 0.079 0.073 0.080 0.075 0.072 0.076 
109 COPE-0109    (0)   :  0.084 0.075 0.076 0.076 0.081 0.086 0.077 0.011 0.075 0.066 0.074 0.073 0.079 0.068 
110 COPE-0110   (14)   :  0.073 0.077 0.078 0.077 0.073 0.075 0.074 0.013 0.076 0.081 0.076 0.075 0.077 0.075 
111 COPE-0111    (0)   :  0.074 0.083 0.081 0.073 0.071 0.077 0.072 0.008 0.076 0.083 0.076 0.074 0.079 0.072 
112 COPE-0112   (14)   :  0.072 0.083 0.077 0.077 0.079 0.074 0.080 0.008 0.071 0.071 0.081 0.078 0.068 0.079 
113 COPE-0113    (0)   :  0.072 0.073 0.074 0.080 0.080 0.074 0.079 0.014 0.073 0.073 0.075 0.077 0.078 0.080 
114 COPE-0114    (0)   :  0.069 0.082 0.078 0.071 0.067 0.077 0.069 0.009 0.076 0.095 0.080 0.074 0.083 0.070 
115 COPE-0115    (0)   :  0.026 0.026 0.027 0.023 0.024 0.024 0.023 0.683 0.026 0.024 0.024 0.023 0.022 0.025 
116 COPE-0116   (28)   :  0.011 0.011 0.011 0.011 0.012 0.011 0.011 0.854 0.011 0.011 0.011 0.011 0.012 0.011 
117 COPE-0117    (0)   :  0.072 0.076 0.075 0.077 0.066 0.077 0.075 0.009 0.087 0.090 0.070 0.076 0.070 0.079 
118 COPE-0118    (0)   :  0.072 0.092 0.086 0.064 0.064 0.077 0.065 0.010 0.076 0.095 0.079 0.068 0.085 0.066 
119 COPE-0119    (0)   :  0.077 0.080 0.079 0.074 0.074 0.078 0.076 0.012 0.076 0.076 0.081 0.071 0.072 0.075 
120 COPE-0120    (0)   :  0.077 0.073 0.072 0.078 0.080 0.079 0.081 0.010 0.078 0.069 0.077 0.074 0.081 0.072 
121 COPE-0121    (0)   :  0.072 0.074 0.074 0.073 0.075 0.070 0.077 0.044 0.076 0.070 0.074 0.071 0.074 0.075 
122 COPE-0122    (0)   :  0.073 0.072 0.074 0.080 0.077 0.077 0.086 0.007 0.075 0.071 0.074 0.079 0.076 0.077 
123 COPE-0123    (0)   :  0.076 0.073 0.074 0.077 0.081 0.076 0.080 0.017 0.073 0.070 0.073 0.081 0.074 0.076 
124 COPE-0124    (0)   :  0.074 0.069 0.072 0.079 0.082 0.073 0.080 0.011 0.075 0.072 0.076 0.081 0.077 0.080 
125 COPE-0125    (0)   :  0.067 0.079 0.075 0.074 0.069 0.076 0.073 0.006 0.077 0.088 0.085 0.076 0.078 0.076 
126 COPE-0126    (0)   :  0.071 0.076 0.076 0.077 0.066 0.078 0.072 0.011 0.088 0.090 0.072 0.076 0.071 0.078 
127 COPE-0127   (14)   :  0.070 0.074 0.075 0.080 0.075 0.073 0.077 0.006 0.080 0.076 0.082 0.082 0.075 0.075 
128 COPE-0128    (0)   :  0.067 0.070 0.074 0.080 0.080 0.074 0.075 0.015 0.077 0.076 0.080 0.079 0.078 0.076 
129 COPE-0129    (0)   :  0.083 0.075 0.076 0.080 0.074 0.081 0.078 0.006 0.072 0.072 0.078 0.073 0.081 0.071 
130 COPE-0130    (0)   :  0.075 0.071 0.070 0.077 0.080 0.076 0.081 0.013 0.077 0.076 0.074 0.077 0.078 0.073 
131 COPE-0131   (14)   :  0.088 0.087 0.090 0.067 0.078 0.073 0.076 0.007 0.080 0.069 0.070 0.064 0.068 0.083 
132 COPE-0132   (14)   :  0.072 0.083 0.079 0.075 0.074 0.069 0.076 0.031 0.067 0.080 0.067 0.077 0.076 0.073 
133 COPE-0133    (0)   :  0.076 0.074 0.073 0.076 0.064 0.083 0.075 0.008 0.084 0.085 0.073 0.076 0.074 0.079 
134 COPE-0134    (0)   :  0.073 0.073 0.076 0.078 0.077 0.076 0.080 0.007 0.074 0.076 0.076 0.078 0.081 0.077 
135 COPE-0135    (0)   :  0.081 0.072 0.077 0.080 0.078 0.072 0.077 0.007 0.075 0.072 0.072 0.080 0.072 0.084 
136 COPE-0136    (0)   :  0.013 0.013 0.013 0.014 0.013 0.013 0.014 0.828 0.013 0.013 0.013 0.013 0.014 0.013 
137 COPE-0137    (0)   :  0.068 0.077 0.075 0.080 0.077 0.070 0.082 0.010 0.072 0.080 0.075 0.081 0.076 0.077 
138 COPE-0138   (14)   :  0.009 0.009 0.009 0.009 0.009 0.009 0.009 0.881 0.009 0.010 0.010 0.009 0.010 0.009 
139 COPE-0139    (0)   :  0.065 0.070 0.071 0.081 0.089 0.068 0.078 0.007 0.071 0.085 0.079 0.084 0.077 0.076 
140 COPE-0140   (14)   :  0.021 0.022 0.023 0.024 0.025 0.022 0.024 0.699 0.023 0.023 0.024 0.025 0.024 0.023 
141 COPE-0141    (0)   :  0.087 0.077 0.077 0.076 0.071 0.078 0.069 0.008 0.075 0.075 0.067 0.082 0.072 0.086 
142 COPE-0142    (0)   :  0.080 0.075 0.075 0.077 0.069 0.076 0.071 0.009 0.075 0.079 0.073 0.081 0.075 0.084 
143 COPE-0143    (0)   :  0.078 0.076 0.074 0.077 0.071 0.080 0.073 0.008 0.082 0.080 0.072 0.077 0.073 0.079 
144 COPE-0144   (14)   :  0.070 0.067 0.068 0.072 0.075 0.074 0.071 0.081 0.070 0.067 0.072 0.070 0.075 0.069 
145 COPE-0145   (14)   :  0.050 0.050 0.056 0.064 0.084 0.053 0.058 0.203 0.056 0.063 0.066 0.071 0.065 0.062 
146 COPE-0146   (14)   :  0.074 0.070 0.073 0.074 0.073 0.081 0.071 0.026 0.078 0.078 0.075 0.078 0.073 0.077 
147 COPE-0147    (0)   :  0.079 0.070 0.071 0.073 0.071 0.075 0.072 0.070 0.070 0.066 0.067 0.072 0.070 0.075 
148 COPE-0148    (0)   :  0.074 0.077 0.075 0.077 0.067 0.078 0.074 0.008 0.083 0.088 0.072 0.075 0.074 0.078 
149 COPE-0149    (0)   :  0.070 0.073 0.074 0.082 0.074 0.074 0.084 0.006 0.076 0.082 0.072 0.077 0.076 0.080 
150 COPE-0150    (0)   :  0.066 0.081 0.077 0.078 0.083 0.076 0.084 0.007 0.069 0.071 0.084 0.081 0.067 0.076 
151 COPE-0151    (0)   :  0.069 0.069 0.073 0.080 0.080 0.074 0.074 0.006 0.077 0.081 0.076 0.082 0.078 0.081 
152 COPE-0152   (14)   :  0.073 0.064 0.067 0.069 0.067 0.069 0.063 0.122 0.067 0.066 0.064 0.071 0.063 0.074 
153 COPE-0153    (0)   :  0.078 0.073 0.077 0.079 0.078 0.078 0.078 0.006 0.078 0.073 0.078 0.074 0.076 0.075 
154 COPE-0154    (0)   :  0.074 0.075 0.077 0.076 0.071 0.075 0.072 0.006 0.076 0.083 0.076 0.079 0.079 0.079 
155 COPE-0155    (0)   :  0.069 0.070 0.075 0.082 0.075 0.074 0.077 0.005 0.079 0.076 0.080 0.080 0.079 0.079 
156 COPE-0156   (14)   :  0.009 0.009 0.009 0.009 0.009 0.009 0.009 0.881 0.009 0.009 0.009 0.009 0.009 0.009 
157 COPE-0157   (14)   :  0.062 0.057 0.060 0.061 0.065 0.058 0.056 0.220 0.056 0.060 0.059 0.063 0.060 0.064 
158 COPE-0158    (0)   :  0.076 0.074 0.072 0.079 0.067 0.078 0.078 0.009 0.082 0.079 0.074 0.076 0.078 0.078 
159 COPE-0159    (0)   :  0.080 0.079 0.076 0.080 0.077 0.076 0.077 0.007 0.073 0.075 0.071 0.077 0.076 0.076 
160 COPE-0160    (0)   :  0.080 0.077 0.077 0.076 0.079 0.078 0.075 0.007 0.075 0.071 0.076 0.079 0.076 0.073 
161 COPE-0161    (0)   :  0.078 0.081 0.077 0.077 0.077 0.075 0.077 0.012 0.074 0.073 0.073 0.076 0.073 0.078 
162 COPE-0162   (14)   :  0.007 0.007 0.007 0.007 0.007 0.007 0.007 0.906 0.007 0.007 0.007 0.007 0.007 0.007 
163 COPE-0163   (28)   :  0.012 0.012 0.012 0.012 0.012 0.012 0.012 0.842 0.012 0.012 0.012 0.012 0.012 0.012 
164 COPE-0164    (0)   :  0.071 0.068 0.072 0.076 0.079 0.077 0.075 0.023 0.073 0.079 0.079 0.078 0.075 0.074 
165 COPE-0165    (0)   :  0.074 0.072 0.072 0.080 0.081 0.073 0.081 0.008 0.075 0.075 0.077 0.078 0.079 0.076 
166 COPE-0166   (14)   :  0.076 0.073 0.075 0.076 0.076 0.078 0.081 0.008 0.074 0.073 0.076 0.077 0.081 0.076 
167 COPE-0167    (0)   :  0.078 0.079 0.080 0.073 0.071 0.082 0.070 0.008 0.072 0.080 0.079 0.075 0.082 0.069 
168 COPE-0168    (0)   :  0.078 0.076 0.074 0.079 0.072 0.077 0.077 0.005 0.079 0.076 0.075 0.077 0.075 0.079 
169 COPE-0169    (0)   :  0.076 0.070 0.068 0.080 0.083 0.072 0.083 0.010 0.078 0.075 0.077 0.075 0.081 0.072 
170 COPE-0170    (0)   :  0.083 0.077 0.079 0.074 0.081 0.072 0.070 0.022 0.073 0.071 0.066 0.078 0.071 0.083 
171 COPE-0171    (0)   :  0.075 0.077 0.075 0.078 0.082 0.072 0.074 0.007 0.072 0.078 0.076 0.079 0.076 0.080 
172 COPE-0172    (0)   :  0.074 0.071 0.074 0.079 0.078 0.078 0.078 0.007 0.078 0.074 0.080 0.077 0.074 0.078 
173 COPE-0173   (14)   :  0.074 0.067 0.065 0.075 0.077 0.070 0.083 0.051 0.078 0.066 0.072 0.072 0.083 0.068 
174 COPE-0174   (28)   :  0.076 0.072 0.074 0.076 0.076 0.076 0.075 0.012 0.076 0.075 0.075 0.078 0.075 0.081 
175 COPE-0175    (0)   :  0.072 0.071 0.071 0.076 0.076 0.076 0.073 0.038 0.076 0.073 0.077 0.074 0.073 0.073 
176 COPE-0176    (0)   :  0.082 0.085 0.084 0.070 0.067 0.082 0.064 0.008 0.073 0.086 0.073 0.073 0.079 0.074 
177 COPE-0177    (0)   :  0.074 0.069 0.073 0.080 0.076 0.073 0.080 0.007 0.073 0.079 0.074 0.080 0.083 0.079 
178 COPE-0178    (0)   :  0.061 0.094 0.085 0.063 0.059 0.080 0.060 0.007 0.074 0.114 0.088 0.067 0.091 0.057 
179 COPE-0179    (0)   :  0.072 0.072 0.074 0.080 0.080 0.072 0.078 0.009 0.074 0.076 0.078 0.078 0.078 0.078 
180 COPE-0180   (14)   :  0.076 0.069 0.070 0.081 0.081 0.074 0.087 0.006 0.076 0.074 0.075 0.078 0.082 0.072 
181 COPE-0181   (14)   :  0.070 0.072 0.073 0.082 0.077 0.073 0.083 0.008 0.075 0.077 0.074 0.077 0.079 0.079 
182 COPE-0182    (0)   :  0.074 0.072 0.072 0.082 0.079 0.077 0.080 0.005 0.079 0.071 0.085 0.080 0.072 0.072 
183 COPE-0183    (0)   :  0.075 0.071 0.073 0.075 0.076 0.080 0.076 0.010 0.078 0.077 0.076 0.079 0.077 0.079 
184 COPE-0184    (0)   :  0.080 0.076 0.078 0.075 0.074 0.079 0.075 0.009 0.072 0.073 0.077 0.081 0.076 0.074 
185 COPE-0185    (0)   :  0.079 0.075 0.076 0.082 0.077 0.073 0.076 0.006 0.074 0.076 0.073 0.074 0.073 0.085 
186 COPE-0186    (0)   :  0.091 0.094 0.096 0.064 0.077 0.071 0.072 0.005 0.084 0.067 0.072 0.061 0.064 0.083 
187 COPE-0187    (0)   :  0.081 0.073 0.076 0.075 0.077 0.076 0.077 0.009 0.073 0.068 0.080 0.086 0.071 0.077 
188 COPE-0188    (0)   :  0.025 0.028 0.028 0.027 0.029 0.028 0.029 0.643 0.026 0.026 0.030 0.028 0.026 0.027 
189 COPE-0189    (0)   :  0.072 0.079 0.073 0.080 0.078 0.071 0.083 0.007 0.075 0.080 0.073 0.079 0.071 0.078 
190 COPE-0190    (0)   :  0.086 0.075 0.079 0.075 0.077 0.085 0.076 0.012 0.074 0.064 0.076 0.070 0.082 0.071 
191 COPE-0191    (0)   :  0.085 0.080 0.082 0.073 0.075 0.075 0.075 0.010 0.077 0.071 0.072 0.072 0.074 0.080 
192 COPE-0192   (14)   :  0.011 0.011 0.012 0.009 0.011 0.010 0.010 0.865 0.011 0.010 0.010 0.010 0.010 0.011 
193 COPE-0193    (0)   :  0.073 0.075 0.074 0.076 0.073 0.080 0.075 0.006 0.079 0.083 0.079 0.077 0.076 0.075 
194 COPE-0194    (0)   :  0.069 0.072 0.076 0.078 0.088 0.073 0.077 0.008 0.072 0.073 0.083 0.082 0.074 0.075 
195 COPE-0195    (0)   :  0.070 0.076 0.075 0.078 0.082 0.076 0.080 0.006 0.074 0.074 0.081 0.078 0.073 0.077 
196 COPE-0196    (0)   :  0.080 0.075 0.076 0.076 0.079 0.077 0.077 0.010 0.075 0.070 0.073 0.077 0.078 0.076 
197 COPE-0197    (0)   :  0.072 0.070 0.074 0.081 0.076 0.074 0.082 0.007 0.080 0.071 0.078 0.075 0.083 0.076 
198 COPE-0198    (0)   :  0.081 0.074 0.070 0.080 0.077 0.072 0.083 0.011 0.076 0.070 0.067 0.081 0.084 0.073 
199 COPE-0199    (0)   :  0.072 0.068 0.072 0.082 0.075 0.076 0.081 0.012 0.073 0.075 0.072 0.078 0.083 0.080 
200 COPE-0200   (42)   :  0.072 0.071 0.072 0.081 0.080 0.075 0.084 0.009 0.075 0.077 0.073 0.077 0.080 0.075 
201 COPE-0201    (0)   :  0.080 0.076 0.079 0.073 0.076 0.074 0.073 0.008 0.078 0.076 0.076 0.077 0.073 0.081 
202 COPE-0202    (0)   :  0.092 0.078 0.079 0.075 0.075 0.091 0.074 0.012 0.073 0.064 0.071 0.071 0.077 0.069 
203 COPE-0203    (0)   :  0.076 0.077 0.077 0.080 0.077 0.073 0.079 0.006 0.071 0.079 0.071 0.079 0.077 0.079 
204 COPE-0204    (0)   :  0.060 0.080 0.076 0.070 0.067 0.075 0.067 0.026 0.076 0.093 0.089 0.074 0.082 0.065 
205 COPE-0205    (0)   :  0.072 0.072 0.072 0.079 0.073 0.077 0.078 0.019 0.081 0.078 0.077 0.074 0.070 0.077 
206 COPE-0206    (0)   :  0.070 0.082 0.082 0.072 0.080 0.073 0.074 0.005 0.073 0.083 0.080 0.075 0.080 0.072 
207 COPE-0207    (0)   :  0.074 0.088 0.083 0.072 0.073 0.076 0.074 0.011 0.067 0.083 0.073 0.075 0.080 0.072 
208 COPE-0208    (0)   :  0.027 0.027 0.028 0.030 0.034 0.027 0.028 0.624 0.029 0.028 0.030 0.030 0.029 0.030 
209 COPE-0209    (0)   :  0.076 0.076 0.074 0.077 0.082 0.073 0.082 0.006 0.076 0.074 0.076 0.077 0.077 0.075 
210 COPE-0210    (0)   :  0.075 0.077 0.073 0.077 0.072 0.078 0.079 0.008 0.080 0.075 0.078 0.076 0.074 0.077 
211 COPE-0211    (0)   :  0.067 0.081 0.076 0.079 0.084 0.075 0.084 0.005 0.071 0.072 0.083 0.080 0.068 0.075 
212 COPE-0212    (0)   :  0.074 0.086 0.080 0.075 0.075 0.074 0.076 0.011 0.068 0.081 0.070 0.076 0.079 0.074 
213 COPE-0213    (0)   :  0.070 0.075 0.074 0.077 0.078 0.076 0.075 0.008 0.077 0.079 0.079 0.079 0.080 0.073 
214 COPE-0214    (0)   :  0.081 0.069 0.065 0.078 0.081 0.074 0.088 0.008 0.083 0.069 0.072 0.076 0.088 0.066 
215 COPE-0215    (0)   :  0.071 0.063 0.067 0.076 0.079 0.070 0.080 0.058 0.072 0.068 0.073 0.073 0.079 0.070 
216 COPE-0216   (14)   :  0.050 0.050 0.050 0.052 0.050 0.053 0.052 0.330 0.053 0.052 0.052 0.052 0.052 0.052 
217 COPE-0217    (0)   :  0.071 0.083 0.079 0.070 0.071 0.075 0.072 0.026 0.070 0.084 0.077 0.073 0.082 0.067 
218 COPE-0218    (0)   :  0.075 0.073 0.073 0.081 0.078 0.073 0.080 0.009 0.076 0.076 0.074 0.078 0.078 0.077 
219 COPE-0219   (14)   :  0.076 0.071 0.070 0.079 0.079 0.076 0.084 0.008 0.079 0.073 0.075 0.075 0.080 0.074 
220 COPE-0220    (0)   :  0.069 0.085 0.080 0.067 0.068 0.078 0.069 0.013 0.072 0.094 0.080 0.074 0.084 0.066 
221 COPE-0221    (0)   :  0.088 0.078 0.075 0.079 0.071 0.073 0.078 0.016 0.070 0.073 0.061 0.083 0.069 0.085 
222 COPE-0222    (0)   :  0.078 0.077 0.077 0.078 0.071 0.077 0.072 0.007 0.082 0.085 0.071 0.076 0.069 0.083 
223 COPE-0223    (0)   :  0.070 0.067 0.072 0.081 0.080 0.074 0.085 0.007 0.074 0.074 0.076 0.078 0.082 0.080 
224 COPE-0224    (0)   :  0.094 0.078 0.083 0.073 0.072 0.093 0.071 0.019 0.070 0.061 0.074 0.067 0.083 0.062 
225 COPE-0225    (0)   :  0.081 0.068 0.065 0.077 0.080 0.075 0.088 0.012 0.083 0.070 0.072 0.075 0.089 0.065 
226 COPE-0226    (0)   :  0.076 0.077 0.076 0.075 0.074 0.077 0.074 0.006 0.077 0.080 0.076 0.076 0.078 0.079 
227 COPE-0227    (0)   :  0.080 0.077 0.074 0.074 0.080 0.075 0.078 0.005 0.083 0.074 0.075 0.073 0.080 0.071 
228 COPE-0228    (0)   :  0.069 0.079 0.077 0.074 0.073 0.076 0.071 0.016 0.074 0.085 0.081 0.074 0.081 0.070 
229 COPE-0229    (0)   :  0.072 0.078 0.073 0.079 0.075 0.077 0.077 0.006 0.078 0.080 0.076 0.076 0.078 0.074 
230 COPE-0230    (0)   :  0.072 0.081 0.076 0.073 0.064 0.078 0.070 0.010 0.079 0.088 0.079 0.075 0.079 0.076 
231 COPE-0231    (0)   :  0.069 0.072 0.076 0.082 0.073 0.075 0.079 0.006 0.079 0.077 0.079 0.077 0.080 0.077 
232 COPE-0232    (0)   :  0.079 0.077 0.077 0.076 0.076 0.083 0.073 0.015 0.076 0.072 0.076 0.071 0.080 0.070 
233 COPE-0233    (0)   :  0.077 0.075 0.077 0.079 0.080 0.081 0.075 0.005 0.080 0.076 0.077 0.072 0.070 0.076 
234 COPE-0234    (0)   :  0.078 0.071 0.073 0.077 0.083 0.079 0.078 0.008 0.074 0.070 0.076 0.081 0.078 0.073 
235 COPE-0235    (0)   :  0.074 0.071 0.072 0.079 0.078 0.076 0.084 0.006 0.076 0.071 0.075 0.080 0.078 0.081 
236 COPE-0236    (0)   :  0.064 0.083 0.077 0.071 0.062 0.078 0.069 0.005 0.080 0.098 0.087 0.073 0.082 0.070 
237 COPE-0237    (0)   :  0.082 0.080 0.075 0.078 0.080 0.075 0.079 0.006 0.080 0.071 0.072 0.072 0.074 0.075 
238 COPE-0238    (0)   :  0.068 0.066 0.072 0.084 0.074 0.073 0.084 0.009 0.075 0.079 0.073 0.078 0.085 0.080 
239 COPE-0239    (0)   :  0.079 0.072 0.074 0.076 0.074 0.078 0.074 0.037 0.073 0.070 0.072 0.074 0.074 0.073 
240 COPE-0240    (0)   :  0.077 0.075 0.073 0.078 0.068 0.081 0.074 0.008 0.083 0.077 0.077 0.077 0.076 0.077 
241 COPE-0241    (0)   :  0.071 0.075 0.070 0.081 0.078 0.073 0.087 0.006 0.071 0.080 0.073 0.078 0.078 0.078 
242 COPE-0242    (0)   :  0.076 0.081 0.080 0.073 0.072 0.080 0.073 0.006 0.077 0.079 0.080 0.073 0.077 0.074 
243 COPE-0243    (0)   :  0.073 0.068 0.072 0.076 0.079 0.078 0.083 0.007 0.075 0.067 0.086 0.084 0.076 0.076 
244 COPE-0244    (0)   :  0.074 0.070 0.070 0.079 0.081 0.075 0.078 0.009 0.076 0.073 0.081 0.080 0.080 0.075 
245 COPE-0245    (0)   :  0.071 0.070 0.073 0.079 0.080 0.077 0.080 0.010 0.075 0.069 0.084 0.084 0.072 0.077 
246 COPE-0246    (0)   :  0.081 0.076 0.078 0.074 0.074 0.078 0.073 0.012 0.077 0.072 0.075 0.076 0.078 0.076 
247 COPE-0247    (0)   :  0.076 0.077 0.074 0.081 0.077 0.072 0.081 0.014 0.070 0.075 0.070 0.079 0.074 0.079 
248 COPE-0248    (0)   :  0.070 0.071 0.074 0.081 0.082 0.076 0.079 0.005 0.077 0.073 0.084 0.080 0.073 0.075 
249 COPE-0249    (0)   :  0.079 0.071 0.074 0.075 0.078 0.081 0.078 0.025 0.073 0.068 0.077 0.071 0.083 0.067 
250 COPE-0250    (0)   :  0.081 0.077 0.078 0.076 0.073 0.081 0.078 0.017 0.070 0.072 0.071 0.077 0.079 0.070 
251 COPE-0251   (14)   :  0.030 0.028 0.028 0.031 0.029 0.028 0.029 0.628 0.028 0.028 0.027 0.028 0.027 0.031 
252 COPE-0252    (0)   :  0.084 0.074 0.079 0.075 0.074 0.088 0.077 0.010 0.075 0.065 0.077 0.072 0.081 0.069 
253 COPE-0253    (0)   :  0.087 0.076 0.078 0.077 0.069 0.076 0.069 0.007 0.076 0.077 0.067 0.082 0.068 0.090 
254 COPE-0254    (0)   :  0.072 0.068 0.071 0.076 0.074 0.076 0.078 0.015 0.076 0.067 0.089 0.090 0.076 0.071 
255 COPE-0255    (0)   :  0.080 0.075 0.072 0.077 0.077 0.072 0.079 0.020 0.075 0.069 0.071 0.083 0.075 0.076 
256 COPE-0256    (0)   :  0.073 0.076 0.074 0.076 0.064 0.082 0.071 0.010 0.083 0.084 0.076 0.078 0.077 0.077 
257 COPE-0257    (0)   :  0.094 0.097 0.098 0.063 0.077 0.070 0.072 0.007 0.084 0.064 0.070 0.059 0.063 0.083 
258 COPE-0258    (0)   :  0.075 0.077 0.079 0.073 0.083 0.073 0.076 0.013 0.077 0.073 0.078 0.075 0.075 0.075 
259 COPE-0259    (0)   :  0.068 0.077 0.075 0.078 0.079 0.073 0.077 0.005 0.077 0.079 0.083 0.076 0.075 0.076 
260 COPE-0260    (0)   :  0.072 0.068 0.071 0.080 0.077 0.073 0.081 0.021 0.074 0.074 0.074 0.077 0.081 0.077 
261 COPE-0261    (0)   :  0.065 0.073 0.072 0.074 0.073 0.075 0.077 0.006 0.079 0.076 0.095 0.085 0.078 0.071 
262 COPE-0262    (0)   :  0.072 0.071 0.070 0.077 0.069 0.080 0.076 0.016 0.080 0.078 0.079 0.078 0.076 0.078 
263 COPE-0263    (0)   :  0.080 0.078 0.077 0.080 0.082 0.072 0.076 0.007 0.078 0.074 0.075 0.070 0.071 0.081 
264 COPE-0264    (0)   :  0.084 0.091 0.087 0.067 0.078 0.069 0.072 0.017 0.077 0.071 0.074 0.065 0.069 0.080 
265 COPE-0265    (0)   :  0.072 0.075 0.075 0.079 0.077 0.074 0.078 0.011 0.076 0.078 0.076 0.079 0.072 0.079 
266 COPE-0266    (0)   :  0.070 0.077 0.077 0.074 0.078 0.075 0.073 0.017 0.073 0.080 0.079 0.078 0.078 0.072 
267 COPE-0267    (0)   :  0.079 0.077 0.077 0.081 0.080 0.079 0.077 0.006 0.075 0.074 0.077 0.073 0.072 0.074 
268 COPE-0268    (0)   :  0.078 0.077 0.077 0.081 0.081 0.077 0.077 0.013 0.075 0.073 0.077 0.070 0.069 0.074 
269 COPE-0269    (0)   :  0.079 0.077 0.079 0.075 0.077 0.076 0.078 0.006 0.079 0.074 0.074 0.074 0.073 0.079 
270 COPE-0270    (0)   :  0.068 0.081 0.076 0.079 0.081 0.077 0.085 0.006 0.071 0.071 0.083 0.079 0.068 0.075 
271 COPE-0271    (0)   :  0.074 0.071 0.077 0.078 0.076 0.076 0.084 0.007 0.076 0.072 0.074 0.076 0.079 0.080 
272 COPE-0272    (0)   :  0.083 0.077 0.076 0.078 0.074 0.076 0.071 0.007 0.078 0.073 0.071 0.080 0.076 0.080 
273 COPE-0273    (0)   :  0.075 0.085 0.079 0.075 0.076 0.073 0.077 0.015 0.066 0.079 0.070 0.079 0.078 0.074 
274 COPE-0274   (14)   :  0.022 0.026 0.025 0.025 0.027 0.025 0.026 0.679 0.023 0.023 0.027 0.025 0.023 0.025 
275 COPE-0275    (0)   :  0.076 0.077 0.074 0.079 0.080 0.077 0.083 0.009 0.075 0.073 0.072 0.079 0.075 0.072 
276 COPE-0276   (14)   :  0.007 0.007 0.007 0.007 0.007 0.007 0.007 0.914 0.007 0.007 0.007 0.007 0.007 0.007 
277 COPE-0277   (14)   :  0.075 0.079 0.075 0.073 0.062 0.078 0.072 0.013 0.084 0.086 0.078 0.073 0.077 0.075 
278 COPE-0278    (0)   :  0.064 0.093 0.086 0.064 0.062 0.080 0.059 0.007 0.072 0.110 0.082 0.071 0.090 0.059 
279 COPE-0279    (0)   :  0.068 0.076 0.074 0.076 0.074 0.077 0.072 0.009 0.076 0.085 0.079 0.077 0.081 0.074 
280 COPE-0280    (0)   :  0.012 0.012 0.012 0.012 0.012 0.012 0.012 0.844 0.012 0.012 0.012 0.012 0.012 0.012 
281 COPE-0281    (0)   :  0.030 0.028 0.029 0.032 0.035 0.030 0.032 0.597 0.030 0.030 0.033 0.032 0.034 0.029 
282 COPE-0282   (14)   :  0.098 0.080 0.085 0.073 0.074 0.096 0.074 0.006 0.071 0.059 0.073 0.066 0.084 0.061 
283 COPE-0283    (0)   :  0.070 0.087 0.084 0.070 0.071 0.077 0.068 0.007 0.072 0.090 0.078 0.074 0.084 0.068 
284 COPE-0284   (14)   :  0.066 0.068 0.070 0.077 0.086 0.070 0.077 0.030 0.070 0.076 0.077 0.079 0.079 0.075 
285 COPE-0285    (0)   :  0.027 0.028 0.028 0.028 0.027 0.025 0.028 0.643 0.028 0.029 0.026 0.027 0.026 0.029 
286 COPE-0286    (0)   :  0.065 0.074 0.072 0.078 0.095 0.071 0.076 0.008 0.070 0.077 0.083 0.084 0.072 0.075 
287 COPE-0287    (0)   :  0.078 0.075 0.076 0.081 0.081 0.075 0.074 0.026 0.077 0.072 0.076 0.066 0.068 0.075 
288 COPE-0288    (0)   :  0.086 0.078 0.076 0.079 0.073 0.075 0.079 0.010 0.068 0.074 0.063 0.084 0.071 0.084 
289 COPE-0289    (0)   :  0.074 0.079 0.079 0.080 0.072 0.071 0.076 0.007 0.081 0.084 0.071 0.075 0.070 0.081 
290 COPE-0290    (0)   :  0.068 0.080 0.073 0.080 0.082 0.076 0.085 0.007 0.071 0.073 0.080 0.080 0.069 0.077 
291 COPE-0291    (0)   :  0.078 0.081 0.081 0.074 0.082 0.071 0.077 0.005 0.079 0.074 0.076 0.072 0.075 0.076 
292 COPE-0292   (42)   :  0.015 0.014 0.015 0.015 0.015 0.015 0.015 0.807 0.015 0.015 0.015 0.015 0.015 0.015 
293 COPE-0293    (0)   :  0.081 0.076 0.077 0.074 0.070 0.078 0.071 0.008 0.076 0.077 0.073 0.081 0.071 0.086 
294 COPE-0294    (0)   :  0.074 0.070 0.072 0.076 0.082 0.076 0.077 0.011 0.076 0.075 0.078 0.080 0.078 0.076 
295 COPE-0295    (0)   :  0.078 0.078 0.079 0.077 0.071 0.077 0.075 0.007 0.075 0.079 0.074 0.078 0.077 0.074 
296 COPE-0296   (14)   :  0.076 0.080 0.076 0.080 0.078 0.073 0.079 0.006 0.069 0.076 0.072 0.079 0.075 0.079 
297 COPE-0297   (14)   :  0.070 0.068 0.066 0.077 0.085 0.070 0.081 0.034 0.075 0.074 0.075 0.075 0.080 0.069 
298 COPE-0298    (0)   :  0.084 0.078 0.079 0.075 0.072 0.079 0.071 0.009 0.074 0.074 0.072 0.077 0.075 0.082 
299 COPE-0299    (0)   :  0.074 0.070 0.074 0.078 0.081 0.073 0.081 0.006 0.075 0.070 0.087 0.082 0.073 0.075 
300 COPE-0300   (14)   :  0.078 0.075 0.074 0.080 0.074 0.079 0.076 0.007 0.082 0.076 0.076 0.072 0.074 0.076 
301 COPE-0301   (14)   :  0.093 0.077 0.079 0.075 0.065 0.078 0.065 0.008 0.075 0.077 0.062 0.084 0.066 0.094 
302 COPE-0302    (0)   :  0.065 0.069 0.068 0.070 0.064 0.059 0.067 0.133 0.073 0.073 0.063 0.066 0.063 0.067 
303 COPE-0303    (0)   :  0.062 0.086 0.079 0.071 0.064 0.079 0.065 0.006 0.078 0.103 0.083 0.071 0.087 0.066 
304 COPE-0304    (0)   :  0.074 0.073 0.073 0.079 0.076 0.079 0.077 0.007 0.076 0.078 0.079 0.078 0.077 0.075 
305 COPE-0305   (14)   :  0.077 0.075 0.078 0.072 0.077 0.076 0.073 0.032 0.076 0.070 0.074 0.071 0.075 0.073 
306 COPE-0306    (0)   :  0.067 0.091 0.085 0.065 0.065 0.076 0.067 0.010 0.073 0.098 0.085 0.069 0.085 0.065 
307 COPE-0307   (28)   :  0.008 0.008 0.008 0.008 0.008 0.008 0.008 0.895 0.008 0.008 0.008 0.008 0.008 0.008 
308 COPE-0308    (0)   :  0.096 0.079 0.084 0.075 0.072 0.090 0.073 0.006 0.072 0.064 0.071 0.071 0.079 0.069 
309 COPE-0309   (14)   :  0.033 0.032 0.032 0.035 0.038 0.034 0.033 0.559 0.034 0.033 0.033 0.035 0.034 0.034 
310 COPE-0310   (28)   :  0.044 0.045 0.046 0.030 0.037 0.034 0.035 0.526 0.040 0.031 0.033 0.028 0.030 0.040 
311 COPE-0311    (0)   :  0.077 0.076 0.074 0.073 0.085 0.071 0.073 0.018 0.077 0.074 0.078 0.073 0.074 0.076 
312 COPE-0312   (28)   :  0.012 0.014 0.014 0.012 0.012 0.013 0.012 0.832 0.013 0.014 0.013 0.013 0.014 0.012 
313 COPE-0313    (0)   :  0.078 0.082 0.083 0.071 0.075 0.074 0.078 0.009 0.077 0.075 0.079 0.070 0.072 0.077 
314 COPE-0314    (0)   :  0.076 0.073 0.073 0.083 0.080 0.077 0.078 0.007 0.078 0.072 0.083 0.074 0.069 0.076 
315 COPE-0315    (0)   :  0.078 0.076 0.079 0.076 0.075 0.077 0.078 0.008 0.077 0.076 0.075 0.072 0.078 0.078 
316 COPE-0316    (0)   :  0.065 0.068 0.072 0.077 0.081 0.071 0.079 0.019 0.075 0.079 0.082 0.079 0.078 0.076 
317 COPE-0317   (14)   :  0.009 0.009 0.009 0.009 0.009 0.009 0.009 0.887 0.009 0.009 0.009 0.009 0.009 0.009 
318 COPE-0318    (0)   :  0.074 0.074 0.075 0.078 0.079 0.074 0.081 0.005 0.076 0.074 0.080 0.077 0.075 0.076 
319 COPE-0319    (0)   :  0.082 0.073 0.077 0.078 0.080 0.082 0.079 0.006 0.074 0.070 0.076 0.073 0.079 0.072 
320 COPE-0320   (14)   :  0.081 0.072 0.076 0.075 0.072 0.078 0.071 0.015 0.075 0.076 0.072 0.081 0.074 0.083 
321 COPE-0321   (14)   :  0.080 0.083 0.082 0.073 0.078 0.073 0.076 0.011 0.077 0.071 0.075 0.072 0.072 0.077 
322 COPE-0322   (14)   :  0.074 0.072 0.073 0.077 0.079 0.075 0.083 0.006 0.074 0.072 0.078 0.079 0.079 0.079 
323 COPE-0323    (0)   :  0.096 0.097 0.100 0.062 0.078 0.069 0.071 0.008 0.086 0.063 0.069 0.057 0.061 0.084 
