

----------------------------------------------------
STRUCTURE by Pritchard, Stephens and Donnelly (2000)
     and Falush, Stephens and Pritchard (2003)
       Code by Pritchard, Falush and Hubisz
             Version 2.3.4 (Jul 2012)
----------------------------------------------------



Command line arguments:   /home/jason/Programs/structure -K 7 -i ../Data/microsats.structure -m Structure_Run/mainparams -e Structure_Run/extraparams -D 47715052 -o ../Structure_Results/03_K_07.out 
Input File:    ../Data/microsats.structure

Run parameters:
   384 individuals
   7 loci
   7 populations assumed
   1000000 Burn-in period
   10000000 Reps
RANDOMIZE turned off


--------------------------------------------
Overall proportion of membership of the
sample in each of the 7 clusters

Inferred Clusters
  1      2      3      4      5      6      7    
0.146  0.148  0.122  0.147  0.146  0.146  0.146  

--------------------------------------------

Allele-freq. divergence among pops (Net nucleotide distance),
computed using point estimates of P.

      1       2       3       4       5       6       7      
 1      -    0.0011  0.1529  0.0002  0.0001  0.0001  0.0002  
 2   0.0011     -    0.1515  0.0007  0.0008  0.0009  0.0008  
 3   0.1529  0.1515     -    0.1516  0.1529  0.1521  0.1517  
 4   0.0002  0.0007  0.1516     -    0.0001  0.0000  0.0001  
 5   0.0001  0.0008  0.1529  0.0001     -    0.0001  0.0001  
 6   0.0001  0.0009  0.1521  0.0000  0.0001     -    0.0001  
 7   0.0002  0.0008  0.1517  0.0001  0.0001  0.0001     -    

Average distances (expected heterozygosity) between individuals in same cluster:
cluster  1  : 0.6197 
cluster  2  : 0.6243 
cluster  3  : 0.6570 
cluster  4  : 0.6259 
cluster  5  : 0.6210 
cluster  6  : 0.6253 
cluster  7  : 0.6255 

--------------------------------------------
Estimated Ln Prob of Data   = -8871.8
Mean value of ln likelihood = -7975.6
Variance of ln likelihood   = 1792.4
Mean value of alpha         = 0.0458

Mean value of Fst_1         = 0.0652
Mean value of Fst_2         = 0.0541
Mean value of Fst_3         = 0.1571
Mean value of Fst_4         = 0.0581
Mean value of Fst_5         = 0.0635
Mean value of Fst_6         = 0.0603
Mean value of Fst_7         = 0.0600


Inferred ancestry of individuals:
        Label (%Miss) :  Inferred clusters
  1 COPE-0001    (0)   :  0.008 0.008 0.952 0.008 0.008 0.008 0.008 
  2 COPE-0002    (0)   :  0.146 0.174 0.010 0.168 0.161 0.163 0.177 
  3 COPE-0003    (0)   :  0.147 0.272 0.007 0.155 0.143 0.133 0.143 
  4 COPE-0004    (0)   :  0.144 0.178 0.014 0.164 0.147 0.161 0.192 
  5 COPE-0005    (0)   :  0.168 0.141 0.019 0.150 0.179 0.160 0.184 
  6 COPE-0006    (0)   :  0.155 0.177 0.019 0.164 0.166 0.163 0.157 
  7 COPE-0007    (0)   :  0.181 0.127 0.007 0.159 0.181 0.169 0.177 
  8 COPE-0008    (0)   :  0.232 0.075 0.007 0.172 0.180 0.179 0.154 
  9 COPE-0009    (0)   :  0.156 0.227 0.018 0.156 0.163 0.142 0.138 
 10 COPE-0010    (0)   :  0.124 0.169 0.007 0.187 0.145 0.195 0.173 
 11 COPE-0011   (14)   :  0.012 0.014 0.920 0.014 0.012 0.014 0.015 
 12 COPE-0012   (14)   :  0.206 0.113 0.007 0.168 0.169 0.176 0.161 
 13 COPE-0013    (0)   :  0.146 0.298 0.006 0.149 0.142 0.119 0.140 
 14 COPE-0014    (0)   :  0.170 0.146 0.010 0.153 0.197 0.158 0.166 
 15 COPE-0015    (0)   :  0.172 0.135 0.007 0.162 0.184 0.173 0.166 
 16 COPE-0016    (0)   :  0.168 0.171 0.010 0.162 0.185 0.161 0.142 
 17 COPE-0017    (0)   :  0.043 0.040 0.742 0.041 0.048 0.043 0.043 
 18 COPE-0018    (0)   :  0.161 0.208 0.008 0.161 0.162 0.148 0.152 
 19 COPE-0019    (0)   :  0.163 0.247 0.006 0.155 0.153 0.136 0.141 
 20 COPE-0020    (0)   :  0.151 0.173 0.008 0.163 0.171 0.169 0.165 
 21 COPE-0021    (0)   :  0.165 0.127 0.006 0.150 0.196 0.168 0.189 
 22 COPE-0022    (0)   :  0.218 0.096 0.007 0.172 0.181 0.177 0.150 
 23 COPE-0023    (0)   :  0.134 0.186 0.008 0.178 0.144 0.170 0.179 
 24 COPE-0024   (14)   :  0.186 0.124 0.006 0.157 0.183 0.168 0.175 
 25 COPE-0025    (0)   :  0.127 0.175 0.082 0.173 0.130 0.160 0.154 
 26 COPE-0026    (0)   :  0.189 0.121 0.005 0.173 0.174 0.178 0.159 
 27 COPE-0027    (0)   :  0.173 0.235 0.006 0.156 0.153 0.136 0.142 
 28 COPE-0028    (0)   :  0.137 0.156 0.006 0.195 0.145 0.196 0.166 
 29 COPE-0029    (0)   :  0.182 0.151 0.005 0.163 0.189 0.168 0.142 
 30 COPE-0030   (14)   :  0.033 0.035 0.791 0.036 0.034 0.035 0.036 
 31 COPE-0031    (0)   :  0.213 0.096 0.010 0.171 0.181 0.175 0.153 
 32 COPE-0032    (0)   :  0.127 0.175 0.009 0.195 0.136 0.189 0.170 
 33 COPE-0033    (0)   :  0.140 0.185 0.011 0.181 0.141 0.176 0.166 
 34 COPE-0034    (0)   :  0.188 0.125 0.011 0.166 0.174 0.169 0.166 
 35 COPE-0035   (14)   :  0.134 0.173 0.008 0.193 0.135 0.190 0.167 
 36 COPE-0036   (14)   :  0.157 0.154 0.006 0.150 0.175 0.168 0.190 
 37 COPE-0037    (0)   :  0.160 0.162 0.023 0.160 0.165 0.163 0.167 
 38 COPE-0038    (0)   :  0.219 0.081 0.006 0.174 0.182 0.180 0.158 
 39 COPE-0039    (0)   :  0.139 0.186 0.109 0.147 0.137 0.138 0.144 
 40 COPE-0040   (14)   :  0.146 0.204 0.100 0.147 0.142 0.124 0.139 
 41 COPE-0041    (0)   :  0.151 0.192 0.032 0.166 0.150 0.152 0.157 
 42 COPE-0042    (0)   :  0.128 0.189 0.011 0.196 0.133 0.187 0.156 
 43 COPE-0043    (0)   :  0.151 0.172 0.005 0.170 0.168 0.167 0.166 
 44 COPE-0044    (0)   :  0.153 0.178 0.015 0.164 0.146 0.160 0.183 
 45 COPE-0045    (0)   :  0.155 0.162 0.031 0.168 0.146 0.164 0.174 
 46 COPE-0046    (0)   :  0.028 0.037 0.824 0.028 0.029 0.026 0.028 
 47 COPE-0047    (0)   :  0.007 0.008 0.956 0.007 0.007 0.007 0.007 
 48 COPE-0048    (0)   :  0.125 0.174 0.007 0.202 0.130 0.199 0.162 
 49 COPE-0049    (0)   :  0.149 0.171 0.016 0.174 0.146 0.165 0.178 
 50 COPE-0050    (0)   :  0.147 0.266 0.007 0.153 0.147 0.129 0.151 
 51 COPE-0051    (0)   :  0.109 0.148 0.106 0.183 0.118 0.177 0.158 
 52 COPE-0052    (0)   :  0.181 0.122 0.010 0.153 0.197 0.166 0.170 
 53 COPE-0053    (0)   :  0.175 0.162 0.010 0.161 0.189 0.163 0.140 
 54 COPE-0054    (0)   :  0.188 0.117 0.005 0.142 0.193 0.171 0.183 
 55 COPE-0055    (0)   :  0.235 0.075 0.005 0.174 0.183 0.182 0.146 
 56 COPE-0056    (0)   :  0.174 0.168 0.018 0.168 0.152 0.159 0.160 
 57 COPE-0057    (0)   :  0.158 0.216 0.011 0.156 0.156 0.148 0.154 
 58 COPE-0058    (0)   :  0.147 0.173 0.009 0.168 0.152 0.166 0.186 
 59 COPE-0059    (0)   :  0.150 0.282 0.019 0.146 0.146 0.117 0.140 
 60 COPE-0060    (0)   :  0.152 0.181 0.007 0.162 0.177 0.160 0.160 
 61 COPE-0061    (0)   :  0.171 0.203 0.013 0.158 0.173 0.150 0.132 
 62 COPE-0062    (0)   :  0.168 0.121 0.010 0.148 0.197 0.166 0.191 
 63 COPE-0063    (0)   :  0.227 0.076 0.029 0.167 0.170 0.181 0.150 
 64 COPE-0064    (0)   :  0.176 0.169 0.010 0.163 0.170 0.157 0.157 
 65 COPE-0065    (0)   :  0.006 0.006 0.965 0.006 0.006 0.006 0.006 
 66 COPE-0066    (0)   :  0.117 0.190 0.016 0.198 0.123 0.198 0.158 
 67 COPE-0067   (14)   :  0.023 0.027 0.841 0.029 0.024 0.029 0.027 
 68 COPE-0068    (0)   :  0.146 0.296 0.010 0.148 0.143 0.119 0.139 
 69 COPE-0069   (14)   :  0.175 0.156 0.013 0.147 0.186 0.154 0.169 
 70 COPE-0070    (0)   :  0.150 0.163 0.012 0.174 0.149 0.170 0.182 
 71 COPE-0071    (0)   :  0.121 0.168 0.004 0.193 0.144 0.199 0.170 
 72 COPE-0072    (0)   :  0.148 0.213 0.007 0.155 0.165 0.149 0.162 
 73 COPE-0073   (14)   :  0.046 0.040 0.741 0.040 0.049 0.043 0.042 
 74 COPE-0074    (0)   :  0.133 0.161 0.009 0.196 0.139 0.192 0.170 
 75 COPE-0075    (0)   :  0.118 0.167 0.013 0.206 0.127 0.197 0.173 
 76 COPE-0076    (0)   :  0.184 0.160 0.006 0.154 0.174 0.163 0.159 
 77 COPE-0077   (14)   :  0.158 0.195 0.009 0.169 0.160 0.160 0.150 
 78 COPE-0078   (14)   :  0.187 0.118 0.008 0.162 0.176 0.169 0.180 
 79 COPE-0079    (0)   :  0.137 0.182 0.009 0.168 0.142 0.160 0.203 
 80 COPE-0080   (42)   :  0.021 0.025 0.872 0.021 0.021 0.020 0.020 
 81 COPE-0081   (14)   :  0.097 0.068 0.488 0.087 0.087 0.089 0.083 
 82 COPE-0082   (14)   :  0.152 0.135 0.047 0.179 0.138 0.186 0.164 
 83 COPE-0083   (14)   :  0.176 0.112 0.006 0.148 0.212 0.162 0.183 
 84 COPE-0084    (0)   :  0.127 0.126 0.251 0.125 0.139 0.126 0.106 
 85 COPE-0085    (0)   :  0.146 0.197 0.010 0.167 0.148 0.157 0.176 
 86 COPE-0086    (0)   :  0.142 0.166 0.021 0.177 0.155 0.174 0.164 
 87 COPE-0087   (14)   :  0.155 0.182 0.007 0.170 0.169 0.163 0.154 
 88 COPE-0088   (14)   :  0.155 0.171 0.024 0.164 0.160 0.159 0.166 
 89 COPE-0089   (14)   :  0.008 0.007 0.956 0.007 0.007 0.007 0.007 
 90 COPE-0090    (0)   :  0.232 0.081 0.008 0.174 0.179 0.178 0.148 
 91 COPE-0091   (14)   :  0.159 0.172 0.006 0.162 0.184 0.164 0.153 
 92 COPE-0092   (28)   :  0.022 0.033 0.849 0.025 0.022 0.023 0.025 
 93 COPE-0093    (0)   :  0.233 0.079 0.006 0.165 0.177 0.184 0.156 
 94 COPE-0094    (0)   :  0.133 0.178 0.032 0.163 0.138 0.158 0.197 
 95 COPE-0095    (0)   :  0.190 0.145 0.005 0.167 0.189 0.168 0.137 
 96 COPE-0096    (0)   :  0.173 0.138 0.009 0.156 0.195 0.165 0.165 
 97 COPE-0097    (0)   :  0.139 0.139 0.008 0.178 0.161 0.193 0.182 
 98 COPE-0098    (0)   :  0.222 0.083 0.008 0.174 0.180 0.178 0.155 
 99 COPE-0099    (0)   :  0.145 0.268 0.021 0.155 0.140 0.127 0.145 
100 COPE-0100    (0)   :  0.164 0.194 0.007 0.170 0.153 0.162 0.150 
101 COPE-0101    (0)   :  0.147 0.152 0.044 0.188 0.133 0.183 0.153 
102 COPE-0102    (0)   :  0.149 0.184 0.006 0.180 0.150 0.163 0.167 
103 COPE-0103    (0)   :  0.148 0.165 0.018 0.162 0.159 0.160 0.188 
104 COPE-0104   (14)   :  0.148 0.151 0.007 0.192 0.143 0.197 0.161 
105 COPE-0105    (0)   :  0.132 0.143 0.037 0.182 0.136 0.195 0.174 
106 COPE-0106    (0)   :  0.173 0.124 0.005 0.129 0.205 0.163 0.201 
107 COPE-0107    (0)   :  0.022 0.014 0.886 0.020 0.019 0.020 0.018 
108 COPE-0108    (0)   :  0.185 0.118 0.006 0.168 0.175 0.177 0.171 
109 COPE-0109    (0)   :  0.147 0.184 0.012 0.166 0.146 0.162 0.182 
110 COPE-0110   (14)   :  0.160 0.157 0.014 0.149 0.185 0.161 0.174 
111 COPE-0111    (0)   :  0.165 0.153 0.009 0.146 0.196 0.157 0.175 
112 COPE-0112   (14)   :  0.136 0.167 0.011 0.196 0.142 0.188 0.159 
113 COPE-0113    (0)   :  0.161 0.195 0.023 0.164 0.150 0.153 0.153 
114 COPE-0114    (0)   :  0.182 0.146 0.010 0.144 0.181 0.159 0.178 
115 COPE-0115    (0)   :  0.026 0.022 0.850 0.025 0.028 0.025 0.025 
116 COPE-0116   (28)   :  0.009 0.011 0.942 0.010 0.010 0.009 0.010 
117 COPE-0117    (0)   :  0.179 0.161 0.011 0.162 0.189 0.161 0.136 
118 COPE-0118    (0)   :  0.178 0.123 0.009 0.129 0.208 0.158 0.194 
119 COPE-0119    (0)   :  0.194 0.097 0.010 0.155 0.194 0.175 0.175 
120 COPE-0120    (0)   :  0.145 0.203 0.012 0.164 0.153 0.158 0.166 
121 COPE-0121    (0)   :  0.158 0.144 0.061 0.143 0.182 0.149 0.164 
122 COPE-0122    (0)   :  0.138 0.187 0.008 0.176 0.143 0.168 0.181 
123 COPE-0123    (0)   :  0.138 0.177 0.015 0.179 0.139 0.175 0.178 
124 COPE-0124    (0)   :  0.143 0.184 0.013 0.171 0.152 0.161 0.176 
125 COPE-0125    (0)   :  0.157 0.144 0.007 0.169 0.160 0.188 0.175 
126 COPE-0126    (0)   :  0.187 0.147 0.013 0.163 0.189 0.164 0.136 
127 COPE-0127   (14)   :  0.155 0.156 0.007 0.173 0.154 0.179 0.175 
128 COPE-0128    (0)   :  0.151 0.169 0.020 0.158 0.170 0.159 0.172 
129 COPE-0129    (0)   :  0.139 0.201 0.007 0.166 0.143 0.154 0.191 
130 COPE-0130    (0)   :  0.156 0.253 0.012 0.154 0.149 0.131 0.144 
131 COPE-0131   (14)   :  0.168 0.160 0.010 0.147 0.191 0.152 0.172 
132 COPE-0132   (14)   :  0.189 0.096 0.035 0.151 0.190 0.167 0.173 
133 COPE-0133    (0)   :  0.169 0.166 0.010 0.162 0.187 0.162 0.144 
134 COPE-0134    (0)   :  0.147 0.183 0.007 0.162 0.161 0.161 0.178 
135 COPE-0135    (0)   :  0.147 0.155 0.009 0.188 0.145 0.194 0.162 
136 COPE-0136    (0)   :  0.012 0.014 0.926 0.012 0.012 0.012 0.012 
137 COPE-0137    (0)   :  0.147 0.231 0.013 0.171 0.145 0.144 0.148 
138 COPE-0138   (14)   :  0.008 0.008 0.951 0.008 0.008 0.008 0.008 
139 COPE-0139    (0)   :  0.150 0.250 0.008 0.162 0.147 0.139 0.144 
140 COPE-0140   (14)   :  0.020 0.024 0.873 0.022 0.020 0.021 0.020 
141 COPE-0141    (0)   :  0.212 0.107 0.008 0.169 0.166 0.173 0.164 
142 COPE-0142    (0)   :  0.201 0.129 0.009 0.158 0.175 0.169 0.159 
143 COPE-0143    (0)   :  0.188 0.137 0.009 0.174 0.173 0.171 0.147 
144 COPE-0144   (14)   :  0.106 0.130 0.321 0.113 0.109 0.106 0.116 
145 COPE-0145   (14)   :  0.084 0.120 0.401 0.105 0.092 0.098 0.100 
146 COPE-0146   (14)   :  0.183 0.145 0.030 0.163 0.172 0.161 0.146 
147 COPE-0147    (0)   :  0.156 0.143 0.064 0.162 0.148 0.161 0.167 
148 COPE-0148    (0)   :  0.176 0.155 0.009 0.161 0.188 0.165 0.146 
149 COPE-0149    (0)   :  0.152 0.249 0.007 0.156 0.156 0.140 0.141 
150 COPE-0150    (0)   :  0.115 0.173 0.009 0.213 0.123 0.205 0.163 
151 COPE-0151    (0)   :  0.186 0.177 0.007 0.165 0.165 0.157 0.143 
152 COPE-0152   (14)   :  0.192 0.085 0.121 0.153 0.155 0.158 0.135 
153 COPE-0153    (0)   :  0.179 0.134 0.006 0.169 0.173 0.173 0.166 
154 COPE-0154    (0)   :  0.176 0.196 0.006 0.151 0.172 0.149 0.150 
155 COPE-0155    (0)   :  0.157 0.198 0.006 0.167 0.161 0.151 0.159 
156 COPE-0156   (14)   :  0.009 0.009 0.948 0.009 0.009 0.009 0.009 
157 COPE-0157   (14)   :  0.132 0.087 0.303 0.121 0.114 0.122 0.120 
158 COPE-0158    (0)   :  0.164 0.196 0.009 0.156 0.185 0.151 0.138 
159 COPE-0159    (0)   :  0.204 0.108 0.007 0.169 0.176 0.175 0.161 
160 COPE-0160    (0)   :  0.158 0.157 0.006 0.169 0.153 0.168 0.190 
161 COPE-0161    (0)   :  0.145 0.175 0.012 0.179 0.150 0.167 0.173 
162 COPE-0162   (14)   :  0.007 0.007 0.959 0.007 0.007 0.007 0.007 
163 COPE-0163   (28)   :  0.013 0.013 0.921 0.013 0.013 0.013 0.013 
164 COPE-0164    (0)   :  0.165 0.191 0.034 0.164 0.157 0.145 0.143 
165 COPE-0165    (0)   :  0.144 0.235 0.008 0.164 0.151 0.142 0.155 
166 COPE-0166   (14)   :  0.142 0.186 0.008 0.161 0.161 0.159 0.183 
167 COPE-0167    (0)   :  0.156 0.171 0.008 0.158 0.161 0.158 0.187 
168 COPE-0168    (0)   :  0.181 0.144 0.006 0.163 0.187 0.170 0.149 
169 COPE-0169    (0)   :  0.149 0.285 0.012 0.150 0.144 0.120 0.141 
170 COPE-0170    (0)   :  0.191 0.103 0.036 0.161 0.173 0.170 0.166 
171 COPE-0171    (0)   :  0.184 0.129 0.009 0.158 0.192 0.169 0.160 
172 COPE-0172    (0)   :  0.169 0.146 0.007 0.176 0.164 0.176 0.163 
173 COPE-0173   (14)   :  0.137 0.264 0.068 0.144 0.137 0.114 0.137 
174 COPE-0174   (28)   :  0.166 0.157 0.020 0.166 0.169 0.166 0.156 
175 COPE-0175    (0)   :  0.158 0.159 0.040 0.163 0.160 0.157 0.163 
176 COPE-0176    (0)   :  0.190 0.117 0.010 0.149 0.177 0.171 0.185 
177 COPE-0177    (0)   :  0.157 0.257 0.007 0.155 0.153 0.130 0.141 
178 COPE-0178    (0)   :  0.170 0.130 0.007 0.132 0.194 0.167 0.199 
179 COPE-0179    (0)   :  0.150 0.199 0.009 0.168 0.151 0.162 0.162 
180 COPE-0180   (14)   :  0.143 0.289 0.006 0.152 0.141 0.125 0.144 
181 COPE-0181   (14)   :  0.149 0.255 0.009 0.153 0.149 0.134 0.150 
182 COPE-0182    (0)   :  0.199 0.100 0.005 0.179 0.169 0.184 0.163 
183 COPE-0183    (0)   :  0.170 0.172 0.011 0.163 0.164 0.161 0.159 
184 COPE-0184    (0)   :  0.167 0.145 0.009 0.154 0.177 0.166 0.182 
185 COPE-0185    (0)   :  0.212 0.108 0.006 0.171 0.177 0.172 0.152 
186 COPE-0186    (0)   :  0.171 0.116 0.006 0.155 0.202 0.167 0.183 
187 COPE-0187    (0)   :  0.136 0.153 0.010 0.195 0.134 0.197 0.175 
188 COPE-0188    (0)   :  0.019 0.023 0.867 0.025 0.020 0.024 0.023 
189 COPE-0189    (0)   :  0.144 0.223 0.009 0.167 0.146 0.159 0.153 
190 COPE-0190    (0)   :  0.137 0.183 0.015 0.171 0.142 0.168 0.185 
191 COPE-0191    (0)   :  0.159 0.181 0.013 0.162 0.169 0.159 0.157 
192 COPE-0192   (14)   :  0.010 0.009 0.941 0.010 0.011 0.010 0.010 
193 COPE-0193    (0)   :  0.182 0.159 0.006 0.164 0.178 0.164 0.146 
194 COPE-0194    (0)   :  0.117 0.169 0.009 0.207 0.130 0.205 0.163 
195 COPE-0195    (0)   :  0.142 0.161 0.007 0.193 0.140 0.184 0.173 
196 COPE-0196    (0)   :  0.154 0.149 0.011 0.175 0.161 0.177 0.173 
197 COPE-0197    (0)   :  0.148 0.254 0.007 0.158 0.152 0.132 0.149 
198 COPE-0198    (0)   :  0.182 0.162 0.013 0.156 0.174 0.155 0.158 
199 COPE-0199    (0)   :  0.156 0.276 0.010 0.148 0.148 0.122 0.142 
200 COPE-0200   (42)   :  0.149 0.282 0.009 0.150 0.144 0.124 0.142 
201 COPE-0201    (0)   :  0.195 0.111 0.009 0.162 0.179 0.172 0.171 
202 COPE-0202    (0)   :  0.193 0.114 0.014 0.169 0.165 0.175 0.170 
203 COPE-0203    (0)   :  0.186 0.140 0.006 0.166 0.173 0.167 0.162 
204 COPE-0204    (0)   :  0.135 0.141 0.037 0.163 0.156 0.185 0.184 
205 COPE-0205    (0)   :  0.184 0.143 0.022 0.174 0.171 0.167 0.139 
206 COPE-0206    (0)   :  0.163 0.138 0.005 0.147 0.197 0.165 0.185 
207 COPE-0207    (0)   :  0.179 0.107 0.011 0.143 0.204 0.167 0.189 
208 COPE-0208    (0)   :  0.029 0.027 0.834 0.029 0.026 0.028 0.027 
209 COPE-0209    (0)   :  0.150 0.216 0.007 0.164 0.158 0.147 0.157 
210 COPE-0210    (0)   :  0.159 0.174 0.012 0.162 0.184 0.163 0.146 
211 COPE-0211    (0)   :  0.121 0.178 0.005 0.207 0.127 0.200 0.162 
212 COPE-0212    (0)   :  0.186 0.109 0.012 0.154 0.194 0.169 0.177 
213 COPE-0213    (0)   :  0.158 0.157 0.008 0.162 0.169 0.169 0.177 
214 COPE-0214    (0)   :  0.146 0.296 0.008 0.148 0.145 0.117 0.141 
215 COPE-0215    (0)   :  0.140 0.287 0.037 0.144 0.138 0.117 0.137 
216 COPE-0216   (14)   :  0.081 0.090 0.481 0.086 0.091 0.086 0.084 
217 COPE-0217    (0)   :  0.169 0.130 0.027 0.138 0.192 0.157 0.187 
218 COPE-0218    (0)   :  0.169 0.176 0.009 0.168 0.166 0.160 0.151 
219 COPE-0219   (14)   :  0.156 0.252 0.009 0.155 0.154 0.131 0.143 
220 COPE-0220    (0)   :  0.164 0.153 0.014 0.138 0.185 0.159 0.186 
221 COPE-0221    (0)   :  0.224 0.076 0.014 0.169 0.177 0.184 0.155 
222 COPE-0222    (0)   :  0.212 0.109 0.007 0.168 0.189 0.173 0.141 
223 COPE-0223    (0)   :  0.139 0.258 0.008 0.161 0.140 0.139 0.154 
224 COPE-0224    (0)   :  0.141 0.175 0.022 0.163 0.145 0.158 0.197 
225 COPE-0225    (0)   :  0.145 0.297 0.015 0.145 0.145 0.113 0.140 
226 COPE-0226    (0)   :  0.177 0.148 0.008 0.161 0.174 0.168 0.164 
227 COPE-0227    (0)   :  0.171 0.169 0.006 0.156 0.177 0.154 0.166 
228 COPE-0228    (0)   :  0.159 0.160 0.025 0.147 0.176 0.157 0.176 
229 COPE-0229    (0)   :  0.169 0.197 0.007 0.157 0.162 0.153 0.154 
230 COPE-0230    (0)   :  0.171 0.151 0.010 0.155 0.167 0.174 0.171 
231 COPE-0231    (0)   :  0.153 0.222 0.006 0.167 0.153 0.147 0.151 
232 COPE-0232    (0)   :  0.147 0.173 0.014 0.167 0.145 0.163 0.190 
233 COPE-0233    (0)   :  0.214 0.094 0.005 0.177 0.179 0.177 0.153 
234 COPE-0234    (0)   :  0.138 0.182 0.008 0.173 0.143 0.164 0.194 
235 COPE-0235    (0)   :  0.141 0.201 0.006 0.171 0.144 0.160 0.177 
236 COPE-0236    (0)   :  0.166 0.137 0.005 0.156 0.175 0.181 0.180 
237 COPE-0237    (0)   :  0.210 0.093 0.006 0.173 0.184 0.176 0.159 
238 COPE-0238    (0)   :  0.151 0.287 0.007 0.150 0.148 0.121 0.137 
239 COPE-0239    (0)   :  0.147 0.170 0.034 0.165 0.146 0.158 0.180 
240 COPE-0240    (0)   :  0.175 0.151 0.008 0.162 0.190 0.165 0.148 
241 COPE-0241    (0)   :  0.145 0.300 0.007 0.149 0.141 0.118 0.140 
242 COPE-0242    (0)   :  0.178 0.122 0.006 0.150 0.195 0.168 0.180 
243 COPE-0243    (0)   :  0.122 0.170 0.008 0.197 0.135 0.195 0.174 
244 COPE-0244    (0)   :  0.147 0.213 0.009 0.172 0.145 0.151 0.164 
245 COPE-0245    (0)   :  0.144 0.148 0.013 0.197 0.140 0.195 0.164 
246 COPE-0246    (0)   :  0.152 0.165 0.013 0.166 0.168 0.166 0.170 
247 COPE-0247    (0)   :  0.187 0.165 0.017 0.162 0.163 0.159 0.148 
248 COPE-0248    (0)   :  0.162 0.136 0.005 0.188 0.154 0.193 0.162 
249 COPE-0249    (0)   :  0.138 0.201 0.033 0.162 0.141 0.146 0.178 
250 COPE-0250    (0)   :  0.141 0.173 0.016 0.165 0.151 0.161 0.194 
251 COPE-0251   (14)   :  0.042 0.021 0.801 0.035 0.035 0.035 0.031 
252 COPE-0252    (0)   :  0.138 0.176 0.012 0.169 0.149 0.164 0.191 
253 COPE-0253    (0)   :  0.226 0.095 0.008 0.169 0.173 0.179 0.149 
254 COPE-0254    (0)   :  0.143 0.147 0.013 0.180 0.144 0.190 0.182 
255 COPE-0255    (0)   :  0.180 0.127 0.029 0.173 0.156 0.178 0.157 
256 COPE-0256    (0)   :  0.172 0.161 0.011 0.154 0.193 0.163 0.146 
257 COPE-0257    (0)   :  0.165 0.123 0.008 0.158 0.200 0.164 0.182 
258 COPE-0258    (0)   :  0.156 0.153 0.024 0.164 0.173 0.162 0.169 
259 COPE-0259    (0)   :  0.145 0.156 0.006 0.184 0.158 0.187 0.164 
260 COPE-0260    (0)   :  0.149 0.257 0.024 0.152 0.147 0.129 0.143 
261 COPE-0261    (0)   :  0.132 0.146 0.006 0.183 0.146 0.203 0.184 
262 COPE-0262    (0)   :  0.136 0.165 0.024 0.183 0.149 0.182 0.161 
263 COPE-0263    (0)   :  0.188 0.128 0.009 0.167 0.178 0.168 0.161 
264 COPE-0264    (0)   :  0.158 0.136 0.023 0.163 0.179 0.165 0.176 
265 COPE-0265    (0)   :  0.202 0.119 0.010 0.173 0.167 0.175 0.154 
266 COPE-0266    (0)   :  0.153 0.148 0.019 0.157 0.170 0.170 0.182 
267 COPE-0267    (0)   :  0.210 0.096 0.006 0.173 0.176 0.178 0.161 
268 COPE-0268    (0)   :  0.212 0.086 0.013 0.174 0.180 0.176 0.158 
269 COPE-0269    (0)   :  0.155 0.167 0.007 0.164 0.177 0.164 0.166 
270 COPE-0270    (0)   :  0.117 0.185 0.007 0.205 0.126 0.199 0.161 
271 COPE-0271    (0)   :  0.143 0.209 0.008 0.162 0.166 0.154 0.158 
272 COPE-0272    (0)   :  0.183 0.141 0.007 0.167 0.161 0.170 0.171 
273 COPE-0273    (0)   :  0.201 0.088 0.013 0.155 0.192 0.175 0.176 
274 COPE-0274   (14)   :  0.017 0.020 0.880 0.023 0.018 0.022 0.020 
275 COPE-0275    (0)   :  0.137 0.197 0.011 0.173 0.141 0.171 0.170 
276 COPE-0276   (14)   :  0.006 0.006 0.964 0.006 0.006 0.006 0.006 
277 COPE-0277   (14)   :  0.168 0.153 0.014 0.149 0.197 0.163 0.156 
278 COPE-0278    (0)   :  0.177 0.134 0.007 0.132 0.198 0.162 0.192 
279 COPE-0279    (0)   :  0.156 0.160 0.008 0.164 0.167 0.168 0.175 
280 COPE-0280    (0)   :  0.013 0.014 0.922 0.013 0.013 0.013 0.013 
281 COPE-0281    (0)   :  0.024 0.036 0.838 0.027 0.024 0.024 0.027 
282 COPE-0282   (14)   :  0.141 0.177 0.007 0.167 0.144 0.161 0.203 
283 COPE-0283    (0)   :  0.172 0.135 0.007 0.140 0.197 0.162 0.187 
284 COPE-0284   (14)   :  0.141 0.257 0.036 0.153 0.142 0.129 0.143 
285 COPE-0285    (0)   :  0.033 0.033 0.808 0.031 0.033 0.031 0.031 
286 COPE-0286    (0)   :  0.136 0.206 0.014 0.183 0.137 0.163 0.162 
287 COPE-0287    (0)   :  0.201 0.091 0.041 0.169 0.174 0.170 0.154 
288 COPE-0288    (0)   :  0.220 0.081 0.010 0.169 0.178 0.183 0.160 
289 COPE-0289    (0)   :  0.192 0.141 0.008 0.165 0.177 0.165 0.152 
290 COPE-0290    (0)   :  0.124 0.223 0.009 0.186 0.129 0.176 0.154 
291 COPE-0291    (0)   :  0.151 0.194 0.006 0.160 0.172 0.153 0.163 
292 COPE-0292   (42)   :  0.013 0.015 0.918 0.014 0.013 0.014 0.014 
293 COPE-0293    (0)   :  0.205 0.098 0.008 0.173 0.166 0.186 0.163 
294 COPE-0294    (0)   :  0.147 0.194 0.011 0.167 0.150 0.158 0.172 
295 COPE-0295    (0)   :  0.175 0.145 0.008 0.155 0.172 0.165 0.179 
296 COPE-0296   (14)   :  0.183 0.127 0.007 0.175 0.167 0.181 0.160 
297 COPE-0297   (14)   :  0.139 0.286 0.035 0.147 0.138 0.116 0.138 
298 COPE-0298    (0)   :  0.165 0.151 0.011 0.170 0.148 0.174 0.181 
299 COPE-0299    (0)   :  0.128 0.155 0.006 0.200 0.135 0.209 0.166 
300 COPE-0300   (14)   :  0.182 0.149 0.008 0.166 0.180 0.165 0.150 
301 COPE-0301   (14)   :  0.238 0.070 0.010 0.169 0.177 0.184 0.152 
302 COPE-0302    (0)   :  0.129 0.098 0.282 0.115 0.137 0.119 0.119 
303 COPE-0303    (0)   :  0.164 0.160 0.006 0.143 0.176 0.162 0.188 
304 COPE-0304    (0)   :  0.173 0.162 0.007 0.172 0.161 0.162 0.162 
305 COPE-0305   (14)   :  0.145 0.164 0.043 0.158 0.162 0.156 0.173 
306 COPE-0306    (0)   :  0.167 0.120 0.009 0.133 0.205 0.166 0.200 
307 COPE-0307   (28)   :  0.008 0.008 0.952 0.008 0.008 0.008 0.008 
308 COPE-0308    (0)   :  0.155 0.165 0.006 0.166 0.149 0.164 0.196 
309 COPE-0309   (14)   :  0.052 0.052 0.678 0.057 0.050 0.058 0.053 
310 COPE-0310   (28)   :  0.043 0.031 0.752 0.038 0.050 0.040 0.045 
311 COPE-0311    (0)   :  0.176 0.125 0.023 0.156 0.183 0.164 0.173 
312 COPE-0312   (28)   :  0.011 0.011 0.932 0.011 0.012 0.011 0.012 
313 COPE-0313    (0)   :  0.166 0.124 0.009 0.149 0.193 0.172 0.188 
314 COPE-0314    (0)   :  0.202 0.099 0.008 0.177 0.173 0.181 0.160 
315 COPE-0315    (0)   :  0.167 0.190 0.008 0.150 0.171 0.149 0.165 
316 COPE-0316    (0)   :  0.131 0.190 0.023 0.176 0.143 0.175 0.162 
317 COPE-0317   (14)   :  0.008 0.008 0.951 0.008 0.008 0.008 0.008 
318 COPE-0318    (0)   :  0.149 0.182 0.006 0.174 0.149 0.171 0.169 
319 COPE-0319    (0)   :  0.147 0.188 0.007 0.171 0.145 0.161 0.181 
320 COPE-0320   (14)   :  0.187 0.134 0.015 0.165 0.173 0.169 0.158 
321 COPE-0321   (14)   :  0.166 0.123 0.011 0.165 0.181 0.175 0.178 
322 COPE-0322   (14)   :  0.143 0.229 0.006 0.166 0.148 0.149 0.158 
323 COPE-0323    (0)   :  0.175 0.109 0.014 0.149 0.208 0.163 0.184 
324 COPE-0324    (0)   :  0.154 0.273 0.006 0.148 0.151 0.122 0.144 
325 COPE-0325   (14)   :  0.172 0.156 0.012 0.156 0.201 0.160 0.143 
326 COPE-0326    (0)   :  0.208 0.105 0.007 0.156 0.175 0.173 0.177 
327 COPE-0327   (14)   :  0.207 0.112 0.009 0.175 0.165 0.180 0.151 
328 COPE-0328    (0)   :  0.150 0.183 0.006 0.169 0.156 0.168 0.168 
329 COPE-0329   (28)   :  0.157 0.239 0.012 0.147 0.161 0.133 0.151 
330 COPE-0330    (0)   :  0.184 0.116 0.022 0.178 0.167 0.178 0.155 
331 COPE-0331    (0)   :  0.238 0.072 0.006 0.172 0.180 0.182 0.151 
332 COPE-0332   (14)   :  0.158 0.154 0.007 0.157 0.170 0.170 0.183 
333 COPE-0333    (0)   :  0.189 0.088 0.145 0.148 0.149 0.153 0.128 
334 COPE-0334   (28)   :  0.056 0.040 0.687 0.050 0.060 0.052 0.056 
335 COPE-0335    (0)   :  0.146 0.295 0.007 0.148 0.146 0.116 0.142 
336 COPE-0336    (0)   :  0.175 0.165 0.006 0.174 0.152 0.170 0.159 
337 COPE-0337   (28)   :  0.018 0.026 0.885 0.018 0.018 0.017 0.018 
338 COPE-0338    (0)   :  0.175 0.120 0.025 0.167 0.177 0.172 0.162 
339 COPE-0339    (0)   :  0.186 0.145 0.007 0.163 0.193 0.166 0.139 
340 COPE-0340   (14)   :  0.012 0.012 0.930 0.011 0.011 0.011 0.011 
341 COPE-0341    (0)   :  0.155 0.160 0.007 0.177 0.152 0.168 0.182 
342 COPE-0342    (0)   :  0.145 0.304 0.007 0.146 0.144 0.114 0.140 
343 COPE-0343    (0)   :  0.178 0.121 0.006 0.163 0.174 0.181 0.177 
344 COPE-0344   (14)   :  0.010 0.009 0.942 0.010 0.010 0.010 0.010 
345 COPE-0345    (0)   :  0.151 0.175 0.006 0.169 0.150 0.163 0.184 
346 COPE-0346    (0)   :  0.149 0.172 0.035 0.171 0.151 0.161 0.160 
347 COPE-0347    (0)   :  0.146 0.161 0.007 0.184 0.150 0.187 0.166 
348 COPE-0348    (0)   :  0.135 0.153 0.015 0.179 0.155 0.187 0.175 
349 COPE-0349    (0)   :  0.146 0.276 0.006 0.149 0.150 0.127 0.146 
350 COPE-0350    (0)   :  0.129 0.178 0.006 0.188 0.142 0.191 0.166 
351 COPE-0351    (0)   :  0.131 0.184 0.006 0.192 0.133 0.193 0.162 
352 COPE-0352    (0)   :  0.150 0.205 0.027 0.157 0.153 0.148 0.160 
353 COPE-0353    (0)   :  0.158 0.145 0.006 0.168 0.184 0.164 0.176 
354 COPE-0354    (0)   :  0.172 0.124 0.017 0.163 0.173 0.174 0.177 
355 COPE-0355    (0)   :  0.176 0.163 0.006 0.162 0.193 0.163 0.136 
356 COPE-0356    (0)   :  0.147 0.144 0.008 0.185 0.141 0.192 0.182 
357 COPE-0357    (0)   :  0.155 0.229 0.009 0.158 0.156 0.140 0.153 
358 COPE-0358    (0)   :  0.007 0.009 0.955 0.007 0.007 0.007 0.007 
359 COPE-0359   (14)   :  0.154 0.184 0.009 0.168 0.156 0.157 0.171 
360 COPE-0360    (0)   :  0.163 0.135 0.006 0.159 0.192 0.166 0.178 
361 COPE-0361    (0)   :  0.136 0.180 0.008 0.177 0.141 0.172 0.186 
362 COPE-0362    (0)   :  0.144 0.284 0.007 0.151 0.148 0.122 0.144 
363 COPE-0363   (14)   :  0.149 0.175 0.014 0.176 0.152 0.164 0.171 
364 COPE-0364    (0)   :  0.177 0.116 0.006 0.178 0.174 0.183 0.166 
365 COPE-0365    (0)   :  0.197 0.087 0.027 0.162 0.189 0.172 0.166 
366 COPE-0366    (0)   :  0.135 0.265 0.023 0.162 0.132 0.141 0.142 
367 COPE-0367   (14)   :  0.012 0.010 0.935 0.011 0.011 0.011 0.011 
368 COPE-0368    (0)   :  0.191 0.136 0.010 0.165 0.183 0.167 0.148 
369 COPE-0369    (0)   :  0.186 0.147 0.009 0.166 0.170 0.170 0.153 
370 COPE-0370   (28)   :  0.009 0.008 0.949 0.009 0.008 0.009 0.008 
371 COPE-0371    (0)   :  0.205 0.093 0.012 0.166 0.190 0.173 0.160 
372 COPE-0372    (0)   :  0.170 0.149 0.049 0.133 0.183 0.146 0.170 
373 COPE-0373   (14)   :  0.203 0.104 0.007 0.164 0.172 0.177 0.174 
374 COPE-0374    (0)   :  0.172 0.148 0.008 0.170 0.164 0.166 0.173 
375 COPE-0375   (14)   :  0.175 0.126 0.013 0.162 0.186 0.165 0.174 
376 COPE-0376   (14)   :  0.131 0.153 0.006 0.189 0.141 0.198 0.183 
377 COPE-0377    (0)   :  0.060 0.060 0.642 0.060 0.056 0.061 0.062 
378 COPE-0378    (0)   :  0.155 0.155 0.007 0.168 0.186 0.178 0.153 
379 COPE-0379    (0)   :  0.146 0.293 0.007 0.149 0.141 0.122 0.142 
380 COPE-0380   (28)   :  0.033 0.030 0.793 0.031 0.037 0.036 0.039 
381 COPE-0381    (0)   :  0.153 0.161 0.013 0.168 0.163 0.168 0.174 
382 COPE-0382    (0)   :  0.150 0.294 0.006 0.148 0.144 0.118 0.140 
383 COPE-0383    (0)   :  0.163 0.091 0.128 0.141 0.173 0.148 0.156 
384 COPE-0384    (0)   :  0.171 0.135 0.008 0.164 0.187 0.170 0.165 


Estimated Allele Frequencies in each cluster
First column gives estimated ancestral frequencies


Locus 1 : COPE5 
78 alleles
0.5% missing data
   1   (0.007) 0.001 0.001 0.658 0.001 0.001 0.001 0.001 
   2   (0.023) 0.023 0.024 0.019 0.024 0.023 0.024 0.025 
   3   (0.014) 0.013 0.016 0.002 0.014 0.014 0.014 0.015 
   4   (0.023) 0.023 0.033 0.002 0.026 0.024 0.024 0.023 
   5   (0.011) 0.010 0.014 0.001 0.010 0.009 0.009 0.009 
   6   (0.018) 0.016 0.023 0.006 0.017 0.016 0.016 0.018 
   7   (0.008) 0.003 0.004 0.001 0.004 0.003 0.003 0.004 
   8   (0.036) 0.096 0.069 0.002 0.081 0.099 0.090 0.098 
   9   (0.020) 0.020 0.026 0.001 0.022 0.021 0.022 0.023 
  10   (0.019) 0.020 0.019 0.001 0.021 0.020 0.021 0.019 
  11   (0.015) 0.017 0.011 0.016 0.015 0.016 0.015 0.014 
  12   (0.017) 0.030 0.016 0.001 0.024 0.025 0.025 0.022 
  13   (0.010) 0.014 0.007 0.001 0.011 0.011 0.012 0.011 
  14   (0.023) 0.032 0.023 0.002 0.029 0.028 0.029 0.026 
  15   (0.016) 0.034 0.032 0.001 0.031 0.038 0.032 0.029 
  16   (0.010) 0.005 0.006 0.001 0.007 0.006 0.007 0.006 
  17   (0.018) 0.013 0.016 0.001 0.015 0.014 0.015 0.015 
  18   (0.016) 0.013 0.020 0.007 0.013 0.013 0.012 0.013 
  19   (0.011) 0.009 0.016 0.001 0.009 0.009 0.008 0.009 
  20   (0.029) 0.063 0.039 0.002 0.054 0.058 0.055 0.050 
  21   (0.022) 0.022 0.026 0.001 0.021 0.021 0.021 0.020 
  22   (0.019) 0.015 0.019 0.009 0.015 0.015 0.014 0.014 
  23   (0.013) 0.013 0.014 0.001 0.012 0.011 0.011 0.010 
  24   (0.015) 0.016 0.016 0.001 0.020 0.019 0.021 0.021 
  25   (0.009) 0.009 0.007 0.001 0.008 0.008 0.008 0.007 
  26   (0.013) 0.009 0.010 0.001 0.009 0.008 0.009 0.009 
  27   (0.012) 0.008 0.011 0.001 0.012 0.008 0.011 0.010 
  28   (0.008) 0.002 0.003 0.020 0.003 0.002 0.002 0.002 
  29   (0.013) 0.010 0.011 0.001 0.013 0.010 0.013 0.011 
  30   (0.019) 0.021 0.019 0.004 0.020 0.020 0.020 0.020 
  31   (0.019) 0.018 0.022 0.001 0.019 0.018 0.018 0.017 
  32   (0.025) 0.041 0.043 0.002 0.038 0.039 0.037 0.037 
  33   (0.006) 0.002 0.002 0.000 0.002 0.002 0.002 0.002 
  34   (0.018) 0.023 0.014 0.001 0.020 0.021 0.020 0.019 
  35   (0.007) 0.001 0.001 0.053 0.001 0.001 0.001 0.001 
  36   (0.006) 0.002 0.002 0.000 0.002 0.002 0.002 0.002 
  37   (0.021) 0.026 0.020 0.022 0.023 0.027 0.025 0.025 
  38   (0.016) 0.011 0.014 0.008 0.014 0.011 0.013 0.012 
  39   (0.015) 0.018 0.018 0.001 0.017 0.019 0.019 0.021 
  40   (0.011) 0.009 0.015 0.001 0.010 0.009 0.008 0.009 
  41   (0.008) 0.004 0.005 0.001 0.006 0.004 0.006 0.005 
  42   (0.006) 0.002 0.002 0.000 0.002 0.002 0.002 0.002 
  43   (0.008) 0.004 0.005 0.001 0.005 0.004 0.005 0.005 
  44   (0.023) 0.023 0.029 0.002 0.028 0.024 0.027 0.029 
  45   (0.007) 0.002 0.002 0.000 0.002 0.002 0.002 0.002 
  46   (0.015) 0.021 0.013 0.001 0.017 0.020 0.019 0.018 
  47   (0.010) 0.006 0.006 0.001 0.006 0.006 0.006 0.007 
  48   (0.006) 0.002 0.003 0.000 0.002 0.002 0.002 0.002 
  49   (0.015) 0.015 0.017 0.001 0.016 0.016 0.016 0.016 
  50   (0.013) 0.010 0.015 0.002 0.011 0.011 0.010 0.011 
  51   (0.013) 0.014 0.010 0.015 0.013 0.016 0.013 0.015 
  52   (0.013) 0.014 0.009 0.001 0.013 0.012 0.014 0.012 
  53   (0.006) 0.001 0.001 0.031 0.001 0.001 0.001 0.001 
  54   (0.006) 0.001 0.001 0.074 0.001 0.001 0.001 0.001 
  55   (0.010) 0.006 0.007 0.001 0.009 0.006 0.009 0.007 
  56   (0.010) 0.012 0.009 0.001 0.009 0.012 0.010 0.012 
  57   (0.013) 0.010 0.017 0.001 0.011 0.010 0.010 0.011 
  58   (0.009) 0.005 0.006 0.001 0.007 0.005 0.007 0.006 
  59   (0.010) 0.010 0.013 0.001 0.011 0.010 0.011 0.013 
  60   (0.010) 0.008 0.007 0.001 0.008 0.009 0.008 0.008 
  61   (0.006) 0.002 0.003 0.000 0.002 0.002 0.002 0.002 
  62   (0.012) 0.011 0.011 0.001 0.012 0.012 0.012 0.012 
  63   (0.011) 0.013 0.014 0.001 0.017 0.014 0.018 0.017 
  64   (0.009) 0.005 0.005 0.001 0.005 0.005 0.005 0.005 
  65   (0.019) 0.020 0.023 0.001 0.018 0.022 0.019 0.021 
  66   (0.010) 0.009 0.008 0.001 0.009 0.010 0.010 0.010 
  67   (0.010) 0.005 0.007 0.001 0.007 0.005 0.007 0.006 
  68   (0.012) 0.010 0.017 0.001 0.011 0.010 0.009 0.010 
  69   (0.006) 0.002 0.003 0.000 0.002 0.002 0.002 0.002 
  70   (0.006) 0.003 0.002 0.000 0.002 0.002 0.002 0.002 
  71   (0.010) 0.006 0.007 0.001 0.007 0.006 0.006 0.006 
  72   (0.006) 0.002 0.002 0.000 0.002 0.002 0.002 0.002 
  73   (0.006) 0.002 0.002 0.001 0.002 0.002 0.002 0.002 
  74   (0.006) 0.002 0.002 0.000 0.002 0.002 0.002 0.002 
  75   (0.009) 0.004 0.006 0.001 0.005 0.004 0.005 0.005 
  76   (0.006) 0.002 0.002 0.000 0.002 0.002 0.002 0.002 
  77   (0.008) 0.003 0.004 0.001 0.003 0.003 0.003 0.004 
  78   (0.006) 0.002 0.002 0.000 0.002 0.002 0.002 0.002 

Locus 2 : COPE9 
12 alleles
8.3% missing data
   1   (0.412) 0.486 0.443 0.409 0.469 0.473 0.474 0.468 
   2   (0.142) 0.124 0.140 0.264 0.140 0.132 0.140 0.143 
   3   (0.049) 0.051 0.048 0.026 0.044 0.055 0.048 0.054 
   4   (0.072) 0.073 0.095 0.025 0.073 0.075 0.068 0.069 
   5   (0.037) 0.024 0.029 0.023 0.027 0.023 0.026 0.025 
   6   (0.132) 0.138 0.129 0.053 0.140 0.133 0.137 0.131 
   7   (0.039) 0.023 0.032 0.068 0.027 0.024 0.025 0.028 
   8   (0.081) 0.070 0.074 0.080 0.070 0.074 0.070 0.072 
   9   (0.011) 0.004 0.004 0.001 0.004 0.004 0.005 0.005 
  10   (0.009) 0.001 0.001 0.050 0.001 0.001 0.001 0.001 
  11   (0.008) 0.002 0.002 0.001 0.003 0.002 0.003 0.003 
  12   (0.008) 0.002 0.003 0.001 0.003 0.003 0.003 0.003 

Locus 3 : CPER26 
12 alleles
2.6% missing data
   1   (0.232) 0.241 0.224 0.130 0.236 0.238 0.238 0.234 
   2   (0.033) 0.022 0.035 0.151 0.022 0.021 0.019 0.021 
   3   (0.083) 0.069 0.100 0.007 0.081 0.072 0.076 0.080 
   4   (0.499) 0.585 0.569 0.055 0.578 0.586 0.583 0.581 
   5   (0.055) 0.046 0.035 0.304 0.042 0.047 0.044 0.045 
   6   (0.030) 0.016 0.014 0.315 0.016 0.015 0.015 0.015 
   7   (0.013) 0.005 0.006 0.001 0.006 0.005 0.006 0.006 
   8   (0.018) 0.006 0.008 0.023 0.008 0.006 0.008 0.008 
   9   (0.008) 0.002 0.002 0.003 0.002 0.002 0.002 0.002 
  10   (0.012) 0.003 0.003 0.010 0.003 0.003 0.003 0.003 
  11   (0.008) 0.002 0.003 0.001 0.003 0.002 0.002 0.002 
  12   (0.009) 0.002 0.003 0.001 0.003 0.002 0.003 0.002 

Locus 4 : CPER92 
12 alleles
6.8% missing data
   1   (0.620) 0.672 0.711 0.510 0.675 0.687 0.670 0.674 
   2   (0.109) 0.141 0.111 0.281 0.137 0.126 0.141 0.140 
   3   (0.090) 0.088 0.082 0.045 0.089 0.088 0.090 0.086 
   4   (0.015) 0.008 0.006 0.018 0.007 0.009 0.007 0.008 
   5   (0.040) 0.024 0.024 0.033 0.027 0.024 0.026 0.026 
   6   (0.036) 0.030 0.023 0.007 0.028 0.027 0.029 0.027 
   7   (0.019) 0.008 0.008 0.035 0.007 0.008 0.008 0.009 
   8   (0.012) 0.003 0.004 0.035 0.003 0.003 0.003 0.003 
   9   (0.021) 0.010 0.017 0.018 0.011 0.010 0.010 0.011 
  10   (0.017) 0.008 0.007 0.015 0.007 0.009 0.008 0.009 
  11   (0.013) 0.006 0.005 0.001 0.006 0.006 0.006 0.006 
  12   (0.008) 0.002 0.003 0.001 0.003 0.002 0.003 0.002 

Locus 5 : CPER99 
5 alleles
1.0% missing data
   1   (0.013) 0.002 0.003 0.347 0.003 0.003 0.003 0.003 
   2   (0.869) 0.932 0.927 0.081 0.931 0.930 0.931 0.931 
   3   (0.080) 0.053 0.057 0.478 0.054 0.056 0.054 0.055 
   4   (0.013) 0.003 0.004 0.030 0.003 0.003 0.003 0.003 
   5   (0.024) 0.009 0.009 0.065 0.009 0.009 0.009 0.009 

Locus 6 : CPER119 
22 alleles
5.5% missing data
   1   (0.009) 0.001 0.001 0.111 0.001 0.001 0.001 0.001 
   2   (0.080) 0.106 0.072 0.042 0.093 0.095 0.095 0.087 
   3   (0.037) 0.032 0.029 0.054 0.031 0.033 0.031 0.034 
   4   (0.008) 0.002 0.003 0.001 0.002 0.002 0.002 0.002 
   5   (0.161) 0.175 0.202 0.093 0.172 0.168 0.167 0.171 
   6   (0.069) 0.067 0.107 0.080 0.070 0.068 0.062 0.070 
   7   (0.070) 0.097 0.072 0.080 0.091 0.089 0.090 0.091 
   8   (0.084) 0.077 0.082 0.104 0.075 0.077 0.074 0.075 
   9   (0.115) 0.130 0.130 0.060 0.128 0.146 0.132 0.139 
  10   (0.060) 0.057 0.058 0.032 0.064 0.062 0.069 0.068 
  11   (0.021) 0.012 0.015 0.023 0.014 0.012 0.014 0.015 
  12   (0.087) 0.104 0.088 0.010 0.108 0.105 0.113 0.109 
  13   (0.016) 0.006 0.008 0.010 0.007 0.006 0.006 0.006 
  14   (0.024) 0.040 0.034 0.007 0.036 0.041 0.037 0.031 
  15   (0.027) 0.023 0.016 0.068 0.020 0.022 0.020 0.020 
  16   (0.023) 0.010 0.011 0.030 0.011 0.010 0.011 0.011 
  17   (0.024) 0.011 0.015 0.100 0.013 0.011 0.012 0.012 
  18   (0.017) 0.011 0.008 0.007 0.010 0.010 0.011 0.009 
  19   (0.011) 0.003 0.003 0.024 0.003 0.003 0.003 0.003 
  20   (0.035) 0.025 0.035 0.059 0.039 0.026 0.038 0.032 
  21   (0.013) 0.007 0.006 0.004 0.007 0.007 0.007 0.007 
  22   (0.010) 0.005 0.005 0.001 0.005 0.006 0.005 0.006 

Locus 7 : CPER188 
15 alleles
1.6% missing data
   1   (0.596) 0.682 0.675 0.822 0.671 0.675 0.669 0.671 
   2   (0.112) 0.097 0.111 0.090 0.105 0.099 0.102 0.097 
   3   (0.032) 0.023 0.026 0.002 0.025 0.023 0.025 0.027 
   4   (0.041) 0.032 0.030 0.003 0.032 0.031 0.033 0.031 
   5   (0.090) 0.113 0.094 0.006 0.108 0.118 0.114 0.114 
   6   (0.016) 0.006 0.006 0.008 0.007 0.006 0.007 0.006 
   7   (0.017) 0.009 0.011 0.006 0.011 0.009 0.010 0.011 
   8   (0.023) 0.011 0.016 0.007 0.013 0.011 0.012 0.013 
   9   (0.009) 0.001 0.001 0.041 0.001 0.001 0.001 0.001 
  10   (0.008) 0.001 0.001 0.010 0.001 0.001 0.001 0.001 
  11   (0.018) 0.010 0.014 0.001 0.011 0.010 0.011 0.012 
  12   (0.015) 0.007 0.007 0.001 0.007 0.007 0.007 0.007 
  13   (0.008) 0.002 0.002 0.003 0.002 0.002 0.002 0.002 
  14   (0.008) 0.002 0.002 0.000 0.002 0.003 0.002 0.003 
  15   (0.008) 0.003 0.002 0.001 0.002 0.003 0.002 0.003 

Values of parameters used in structure:
DATAFILE=../Data/microsats.structure,	OUTFILE=../Structure_Results/03_K_07.out,	NUMINDS=384,	NUMLOCI=7,	MISSING=-9,	LABEL=1,	POPDATA=0,	POPFLAG=0,	PHENOTYPE=0,	EXTRACOLS=0,	MAXPOPS=7,	BURNIN=1000000,	NUMREPS=10000000,	USEPOPINFO=0,	INFERALPHA=1,	INFERLAMBDA=0,	POPSPECIFICLAMBDA=0,	POPALPHAS=0,	COMPUTEPROB=1,	NOADMIX=0,	ADMBURNIN=500,	UPDATEFREQ=100,	PRINTLIKES=0,	INTERMEDSAVE=0,	PRINTKLD=0,	PRINTNET=1,	PRINTLAMBDA=1,	ANCESTDIST=0,	NUMBOXES=1000,	ANCESTPINT=0.90000,	GENSBACK=2,	MIGRPRIOR=0.01000,	PRINTQHAT=0,	PRINTQSUM=1,	ALPHA=1.0000,	FREQSCORR=1,	FPRIORMEAN=0.0100,	FPRIORSD=0.0500,	ONEFST=0,	LAMBDA=1.0000,	UNIFPRIORALPHA=1,	ALPHAMAX=10.0000,	ALPHAPRIORA=1.0000,	ALPHAPRIORB=2.0000,	ALPHAPROPSD=0.0250,	STARTATPOPINFO=0,	RANDOMIZE=0,	LINKAGE=0,	METROFREQ=10,	REPORTHITRATE=0,	MARKOVPHASE=-1,	PHASED=0,	PLOIDY=2,	PHASEINFO=0	LOCPRIOR=0, 	LOCPRIORINIT=1.000000, 	LOCDATA=0, 	LOCISPOP=0, 	LOCPRIORSTEP=0.100000, 	MAXLOCPRIOR=20.000000, 	SEED=47715052,	
[STRAT parameters]:    NUMSIMSTATS=1000,	PHENOTYPECOL=-9,	POOLFREQ=10,	LOCUSxONLY=0,	EMERROR=0.00100,	MISSINGPHENO=-9,	