

----------------------------------------------------
STRUCTURE by Pritchard, Stephens and Donnelly (2000)
     and Falush, Stephens and Pritchard (2003)
       Code by Pritchard, Falush and Hubisz
             Version 2.3.4 (Jul 2012)
----------------------------------------------------



Command line arguments:   /home/jason/Programs/structure -K 14 -i ../Data/microsats.structure -m Structure_Run/mainparams -e Structure_Run/extraparams -D 64338002 -o ../Structure_Results/04_K_14.out 
Input File:    ../Data/microsats.structure

Run parameters:
   384 individuals
   7 loci
   14 populations assumed
   1000000 Burn-in period
   10000000 Reps
RANDOMIZE turned off


--------------------------------------------
Overall proportion of membership of the
sample in each of the 14 clusters

Inferred Clusters
  1      2      3      4      5      6      7      8      9     10     11     12     13     14    
0.069  0.069  0.069  0.069  0.069  0.069  0.069  0.104  0.069  0.069  0.069  0.069  0.069  0.069  

--------------------------------------------

Allele-freq. divergence among pops (Net nucleotide distance),
computed using point estimates of P.

      1       2       3       4       5       6       7       8       9      10      11      12      13      14      
 1      -    0.0001  0.0001  0.0003  0.0002  0.0002  0.0002  0.1737  0.0001  0.0001  0.0002  0.0002  0.0001  0.0000  
 2   0.0001     -    0.0001  0.0001  0.0001  0.0001  0.0002  0.1734  0.0000  0.0001  0.0002  0.0001  0.0003  0.0001  
 3   0.0001  0.0001     -    0.0003  0.0003  0.0003  0.0003  0.1733  0.0002  0.0001  0.0001  0.0001  0.0002  0.0002  
 4   0.0003  0.0001  0.0003     -    0.0001  0.0002  0.0001  0.1763  0.0001  0.0002  0.0002  0.0001  0.0006  0.0003  
 5   0.0002  0.0001  0.0003  0.0001     -    0.0000  0.0003  0.1751  0.0001  0.0002  0.0003  0.0001  0.0005  0.0002  
 6   0.0002  0.0001  0.0003  0.0002  0.0000     -    0.0003  0.1753  0.0001  0.0002  0.0003  0.0001  0.0005  0.0002  
 7   0.0002  0.0002  0.0003  0.0001  0.0003  0.0003     -    0.1765  0.0001  0.0001  0.0002  0.0001  0.0003  0.0002  
 8   0.1737  0.1734  0.1733  0.1763  0.1751  0.1753  0.1765     -    0.1750  0.1749  0.1744  0.1749  0.1721  0.1741  
 9   0.0001  0.0000  0.0002  0.0001  0.0001  0.0001  0.0001  0.1750     -    0.0001  0.0002  0.0001  0.0003  0.0001  
10   0.0001  0.0001  0.0001  0.0002  0.0002  0.0002  0.0001  0.1749  0.0001     -    0.0001  0.0001  0.0002  0.0001  
11   0.0002  0.0002  0.0001  0.0002  0.0003  0.0003  0.0002  0.1744  0.0002  0.0001     -    0.0001  0.0004  0.0003  
12   0.0002  0.0001  0.0001  0.0001  0.0001  0.0001  0.0001  0.1749  0.0001  0.0001  0.0001     -    0.0004  0.0002  
13   0.0001  0.0003  0.0002  0.0006  0.0005  0.0005  0.0003  0.1721  0.0003  0.0002  0.0004  0.0004     -    0.0001  
14   0.0000  0.0001  0.0002  0.0003  0.0002  0.0002  0.0002  0.1741  0.0001  0.0001  0.0003  0.0002  0.0001     -    

Average distances (expected heterozygosity) between individuals in same cluster:
cluster  1  : 0.6275 
cluster  2  : 0.6288 
cluster  3  : 0.6266 
cluster  4  : 0.6225 
cluster  5  : 0.6256 
cluster  6  : 0.6254 
cluster  7  : 0.6219 
cluster  8  : 0.6230 
cluster  9  : 0.6255 
cluster 10  : 0.6243 
cluster 11  : 0.6242 
cluster 12  : 0.6239 
cluster 13  : 0.6315 
cluster 14  : 0.6283 

--------------------------------------------
Estimated Ln Prob of Data   = -9454.3
Mean value of ln likelihood = -7530.4
Variance of ln likelihood   = 3847.8
Mean value of alpha         = 0.0496

Mean value of Fst_1         = 0.1324
Mean value of Fst_2         = 0.1247
Mean value of Fst_3         = 0.1266
Mean value of Fst_4         = 0.1320
Mean value of Fst_5         = 0.1311
Mean value of Fst_6         = 0.1305
Mean value of Fst_7         = 0.1376
Mean value of Fst_8         = 0.2316
Mean value of Fst_9         = 0.1307
Mean value of Fst_10         = 0.1314
Mean value of Fst_11         = 0.1295
Mean value of Fst_12         = 0.1310
Mean value of Fst_13         = 0.1273
Mean value of Fst_14         = 0.1319


Inferred ancestry of individuals:
        Label (%Miss) :  Inferred clusters
  1 COPE-0001    (0)   :  0.009 0.009 0.009 0.009 0.009 0.009 0.009 0.887 0.009 0.009 0.009 0.009 0.009 0.009 
  2 COPE-0002    (0)   :  0.079 0.082 0.081 0.072 0.076 0.075 0.070 0.010 0.078 0.073 0.073 0.074 0.080 0.077 
  3 COPE-0003    (0)   :  0.073 0.082 0.082 0.078 0.075 0.076 0.069 0.006 0.077 0.079 0.081 0.079 0.071 0.072 
  4 COPE-0004    (0)   :  0.094 0.080 0.082 0.064 0.075 0.062 0.070 0.010 0.078 0.069 0.061 0.070 0.102 0.085 
  5 COPE-0005    (0)   :  0.081 0.079 0.072 0.073 0.073 0.074 0.075 0.022 0.072 0.074 0.067 0.077 0.079 0.080 
  6 COPE-0006    (0)   :  0.076 0.078 0.075 0.076 0.076 0.082 0.070 0.018 0.078 0.073 0.076 0.076 0.071 0.074 
  7 COPE-0007    (0)   :  0.079 0.076 0.073 0.078 0.076 0.071 0.084 0.006 0.079 0.079 0.067 0.076 0.077 0.080 
  8 COPE-0008    (0)   :  0.073 0.073 0.080 0.071 0.064 0.073 0.081 0.008 0.077 0.083 0.085 0.073 0.085 0.076 
  9 COPE-0009    (0)   :  0.072 0.081 0.079 0.074 0.078 0.081 0.067 0.015 0.079 0.073 0.080 0.076 0.072 0.075 
 10 COPE-0010    (0)   :  0.076 0.076 0.074 0.079 0.075 0.081 0.076 0.007 0.080 0.077 0.073 0.077 0.072 0.079 
 11 COPE-0011   (14)   :  0.013 0.013 0.013 0.013 0.013 0.013 0.013 0.832 0.013 0.012 0.013 0.013 0.014 0.013 
 12 COPE-0012   (14)   :  0.073 0.076 0.074 0.071 0.068 0.078 0.078 0.006 0.078 0.083 0.082 0.071 0.085 0.077 
 13 COPE-0013    (0)   :  0.076 0.075 0.087 0.075 0.081 0.082 0.069 0.006 0.081 0.078 0.083 0.078 0.061 0.069 
 14 COPE-0014    (0)   :  0.071 0.071 0.081 0.086 0.068 0.060 0.087 0.008 0.075 0.078 0.091 0.086 0.074 0.063 
 15 COPE-0015    (0)   :  0.073 0.072 0.078 0.083 0.072 0.068 0.085 0.007 0.075 0.078 0.083 0.083 0.074 0.070 
 16 COPE-0016    (0)   :  0.072 0.084 0.070 0.072 0.090 0.097 0.065 0.009 0.076 0.068 0.076 0.078 0.069 0.074 
 17 COPE-0017    (0)   :  0.035 0.035 0.037 0.040 0.035 0.033 0.040 0.525 0.037 0.036 0.040 0.039 0.035 0.033 
 18 COPE-0018    (0)   :  0.077 0.074 0.078 0.075 0.079 0.080 0.073 0.007 0.080 0.075 0.077 0.077 0.072 0.077 
 19 COPE-0019    (0)   :  0.076 0.075 0.082 0.077 0.080 0.079 0.069 0.006 0.080 0.076 0.079 0.078 0.069 0.074 
 20 COPE-0020    (0)   :  0.073 0.083 0.074 0.079 0.077 0.077 0.074 0.006 0.077 0.075 0.077 0.076 0.073 0.079 
 21 COPE-0021    (0)   :  0.078 0.073 0.070 0.085 0.080 0.078 0.085 0.006 0.077 0.076 0.067 0.077 0.070 0.078 
 22 COPE-0022    (0)   :  0.070 0.075 0.082 0.072 0.066 0.077 0.077 0.006 0.077 0.081 0.088 0.071 0.078 0.079 
 23 COPE-0023    (0)   :  0.077 0.081 0.080 0.076 0.072 0.079 0.069 0.008 0.078 0.076 0.079 0.074 0.075 0.076 
 24 COPE-0024   (14)   :  0.078 0.075 0.070 0.082 0.084 0.083 0.080 0.006 0.076 0.076 0.066 0.078 0.067 0.080 
 25 COPE-0025    (0)   :  0.067 0.084 0.076 0.072 0.072 0.071 0.067 0.037 0.072 0.071 0.075 0.074 0.087 0.073 
 26 COPE-0026    (0)   :  0.076 0.071 0.082 0.075 0.073 0.076 0.076 0.005 0.074 0.084 0.075 0.079 0.078 0.076 
 27 COPE-0027    (0)   :  0.076 0.074 0.083 0.077 0.078 0.077 0.071 0.006 0.079 0.077 0.081 0.078 0.069 0.074 
 28 COPE-0028    (0)   :  0.072 0.078 0.077 0.074 0.077 0.083 0.073 0.005 0.073 0.077 0.075 0.077 0.082 0.077 
 29 COPE-0029    (0)   :  0.072 0.079 0.070 0.074 0.091 0.095 0.072 0.005 0.078 0.070 0.072 0.076 0.071 0.075 
 30 COPE-0030   (14)   :  0.024 0.025 0.025 0.024 0.023 0.024 0.023 0.687 0.024 0.024 0.024 0.024 0.024 0.024 
 31 COPE-0031    (0)   :  0.074 0.065 0.085 0.076 0.072 0.070 0.081 0.009 0.076 0.085 0.081 0.079 0.077 0.072 
 32 COPE-0032    (0)   :  0.074 0.082 0.080 0.075 0.074 0.079 0.071 0.008 0.075 0.078 0.077 0.075 0.075 0.076 
 33 COPE-0033    (0)   :  0.074 0.079 0.079 0.076 0.075 0.081 0.072 0.010 0.076 0.079 0.078 0.073 0.073 0.074 
 34 COPE-0034    (0)   :  0.086 0.078 0.076 0.066 0.075 0.071 0.073 0.009 0.072 0.076 0.071 0.076 0.088 0.082 
 35 COPE-0035   (14)   :  0.074 0.080 0.079 0.073 0.078 0.081 0.072 0.007 0.074 0.076 0.077 0.075 0.081 0.074 
 36 COPE-0036   (14)   :  0.075 0.075 0.064 0.088 0.084 0.076 0.092 0.006 0.081 0.072 0.066 0.071 0.068 0.081 
 37 COPE-0037    (0)   :  0.075 0.077 0.074 0.080 0.079 0.078 0.075 0.023 0.074 0.073 0.072 0.076 0.070 0.075 
 38 COPE-0038    (0)   :  0.073 0.073 0.085 0.077 0.069 0.075 0.078 0.006 0.070 0.083 0.083 0.077 0.075 0.077 
 39 COPE-0039    (0)   :  0.071 0.082 0.076 0.071 0.076 0.072 0.066 0.037 0.073 0.071 0.075 0.072 0.086 0.072 
 40 COPE-0040   (14)   :  0.069 0.075 0.074 0.072 0.071 0.068 0.066 0.070 0.073 0.072 0.075 0.074 0.071 0.069 
 41 COPE-0041    (0)   :  0.074 0.076 0.079 0.074 0.074 0.075 0.070 0.024 0.078 0.076 0.078 0.075 0.072 0.075 
 42 COPE-0042    (0)   :  0.073 0.078 0.082 0.077 0.077 0.080 0.073 0.009 0.074 0.080 0.078 0.076 0.072 0.071 
 43 COPE-0043    (0)   :  0.079 0.080 0.079 0.071 0.079 0.082 0.070 0.005 0.079 0.071 0.075 0.074 0.078 0.079 
 44 COPE-0044    (0)   :  0.086 0.081 0.079 0.069 0.073 0.068 0.071 0.011 0.078 0.072 0.070 0.070 0.094 0.078 
 45 COPE-0045    (0)   :  0.081 0.076 0.078 0.066 0.071 0.070 0.071 0.032 0.077 0.071 0.072 0.068 0.088 0.079 
 46 COPE-0046    (0)   :  0.023 0.024 0.024 0.023 0.024 0.022 0.021 0.703 0.023 0.022 0.024 0.024 0.022 0.022 
 47 COPE-0047    (0)   :  0.007 0.007 0.007 0.007 0.008 0.008 0.007 0.904 0.007 0.007 0.007 0.007 0.007 0.007 
 48 COPE-0048    (0)   :  0.071 0.076 0.080 0.078 0.079 0.087 0.076 0.006 0.073 0.082 0.076 0.071 0.071 0.073 
 49 COPE-0049    (0)   :  0.081 0.081 0.078 0.069 0.074 0.073 0.070 0.016 0.074 0.072 0.072 0.070 0.089 0.081 
 50 COPE-0050    (0)   :  0.079 0.079 0.083 0.077 0.080 0.071 0.070 0.007 0.076 0.075 0.079 0.082 0.074 0.069 
 51 COPE-0051    (0)   :  0.072 0.061 0.070 0.064 0.073 0.078 0.071 0.095 0.063 0.076 0.061 0.072 0.073 0.071 
 52 COPE-0052    (0)   :  0.072 0.068 0.081 0.085 0.069 0.060 0.087 0.010 0.074 0.081 0.088 0.087 0.075 0.064 
 53 COPE-0053    (0)   :  0.071 0.081 0.068 0.071 0.098 0.100 0.063 0.007 0.073 0.070 0.074 0.081 0.068 0.075 
 54 COPE-0054    (0)   :  0.075 0.075 0.054 0.092 0.081 0.078 0.099 0.005 0.085 0.072 0.062 0.069 0.068 0.086 
 55 COPE-0055    (0)   :  0.070 0.073 0.081 0.072 0.064 0.078 0.081 0.005 0.077 0.080 0.090 0.068 0.081 0.080 
 56 COPE-0056    (0)   :  0.078 0.073 0.078 0.068 0.067 0.073 0.077 0.014 0.079 0.076 0.084 0.069 0.083 0.080 
 57 COPE-0057    (0)   :  0.075 0.079 0.077 0.077 0.075 0.076 0.071 0.009 0.079 0.077 0.081 0.072 0.074 0.078 
 58 COPE-0058    (0)   :  0.076 0.078 0.075 0.077 0.081 0.081 0.071 0.009 0.077 0.075 0.070 0.073 0.077 0.079 
 59 COPE-0059    (0)   :  0.074 0.083 0.081 0.079 0.083 0.068 0.071 0.016 0.073 0.070 0.084 0.083 0.066 0.068 
 60 COPE-0060    (0)   :  0.075 0.079 0.075 0.077 0.079 0.082 0.069 0.006 0.078 0.077 0.080 0.077 0.070 0.075 
 61 COPE-0061    (0)   :  0.071 0.078 0.072 0.071 0.092 0.096 0.064 0.010 0.076 0.071 0.076 0.081 0.069 0.073 
 62 COPE-0062    (0)   :  0.073 0.068 0.073 0.088 0.073 0.064 0.092 0.008 0.076 0.079 0.078 0.082 0.074 0.072 
 63 COPE-0063    (0)   :  0.071 0.070 0.073 0.067 0.058 0.075 0.083 0.021 0.078 0.080 0.087 0.063 0.091 0.084 
 64 COPE-0064    (0)   :  0.079 0.077 0.081 0.077 0.078 0.073 0.072 0.008 0.076 0.078 0.079 0.080 0.074 0.070 
 65 COPE-0065    (0)   :  0.006 0.006 0.006 0.006 0.006 0.006 0.006 0.921 0.006 0.006 0.006 0.006 0.006 0.006 
 66 COPE-0066    (0)   :  0.073 0.074 0.081 0.074 0.074 0.082 0.075 0.017 0.074 0.079 0.074 0.076 0.075 0.073 
 67 COPE-0067   (14)   :  0.027 0.030 0.030 0.029 0.029 0.030 0.027 0.630 0.027 0.029 0.028 0.027 0.029 0.028 
 68 COPE-0068    (0)   :  0.075 0.080 0.081 0.078 0.079 0.071 0.071 0.012 0.076 0.076 0.082 0.084 0.067 0.068 
 69 COPE-0069   (14)   :  0.075 0.078 0.078 0.082 0.076 0.070 0.077 0.009 0.075 0.076 0.084 0.081 0.071 0.070 
 70 COPE-0070    (0)   :  0.081 0.075 0.078 0.068 0.074 0.076 0.074 0.011 0.069 0.081 0.068 0.075 0.087 0.081 
 71 COPE-0071    (0)   :  0.072 0.082 0.073 0.077 0.075 0.080 0.075 0.004 0.078 0.075 0.073 0.078 0.081 0.078 
 72 COPE-0072    (0)   :  0.078 0.079 0.081 0.080 0.077 0.072 0.073 0.006 0.077 0.077 0.080 0.080 0.071 0.069 
 73 COPE-0073   (14)   :  0.031 0.033 0.025 0.033 0.037 0.035 0.034 0.592 0.033 0.028 0.026 0.030 0.028 0.033 
 74 COPE-0074    (0)   :  0.072 0.077 0.076 0.079 0.076 0.082 0.078 0.008 0.076 0.078 0.077 0.073 0.072 0.077 
 75 COPE-0075    (0)   :  0.078 0.068 0.080 0.072 0.081 0.084 0.076 0.010 0.069 0.084 0.067 0.077 0.079 0.076 
 76 COPE-0076    (0)   :  0.071 0.076 0.071 0.079 0.072 0.075 0.084 0.006 0.080 0.076 0.083 0.074 0.076 0.077 
 77 COPE-0077   (14)   :  0.076 0.080 0.079 0.078 0.076 0.077 0.071 0.008 0.076 0.076 0.081 0.079 0.070 0.073 
 78 COPE-0078   (14)   :  0.082 0.079 0.072 0.076 0.072 0.074 0.081 0.008 0.073 0.077 0.068 0.077 0.080 0.081 
 79 COPE-0079    (0)   :  0.102 0.081 0.082 0.056 0.071 0.060 0.069 0.008 0.074 0.070 0.060 0.068 0.109 0.089 
 80 COPE-0080   (42)   :  0.017 0.018 0.018 0.018 0.018 0.017 0.017 0.772 0.018 0.017 0.018 0.018 0.017 0.017 
 81 COPE-0081   (14)   :  0.044 0.045 0.045 0.045 0.043 0.045 0.047 0.410 0.044 0.046 0.048 0.044 0.047 0.045 
 82 COPE-0082   (14)   :  0.074 0.069 0.070 0.068 0.069 0.076 0.075 0.043 0.074 0.075 0.071 0.070 0.085 0.080 
 83 COPE-0083   (14)   :  0.068 0.063 0.083 0.095 0.060 0.045 0.099 0.005 0.076 0.082 0.099 0.093 0.076 0.057 
 84 COPE-0084    (0)   :  0.059 0.066 0.059 0.057 0.081 0.085 0.050 0.183 0.061 0.055 0.061 0.065 0.058 0.060 
 85 COPE-0085    (0)   :  0.081 0.084 0.075 0.067 0.074 0.074 0.069 0.009 0.073 0.074 0.071 0.076 0.091 0.082 
 86 COPE-0086    (0)   :  0.077 0.079 0.074 0.074 0.080 0.084 0.068 0.017 0.077 0.070 0.071 0.075 0.077 0.076 
 87 COPE-0087   (14)   :  0.073 0.079 0.073 0.075 0.085 0.089 0.069 0.007 0.078 0.077 0.077 0.077 0.067 0.075 
 88 COPE-0088   (14)   :  0.079 0.078 0.076 0.072 0.077 0.079 0.071 0.023 0.073 0.075 0.071 0.075 0.075 0.076 
 89 COPE-0089   (14)   :  0.008 0.007 0.008 0.007 0.007 0.007 0.007 0.903 0.007 0.007 0.008 0.007 0.008 0.008 
 90 COPE-0090    (0)   :  0.072 0.071 0.083 0.072 0.066 0.075 0.079 0.008 0.076 0.082 0.085 0.072 0.081 0.079 
 91 COPE-0091   (14)   :  0.073 0.075 0.075 0.081 0.079 0.079 0.076 0.005 0.077 0.076 0.084 0.079 0.069 0.071 
 92 COPE-0092   (28)   :  0.021 0.021 0.020 0.018 0.020 0.018 0.018 0.745 0.019 0.019 0.020 0.020 0.021 0.019 
 93 COPE-0093    (0)   :  0.072 0.071 0.072 0.068 0.057 0.075 0.086 0.005 0.080 0.081 0.091 0.063 0.094 0.085 
 94 COPE-0094    (0)   :  0.101 0.078 0.084 0.054 0.071 0.057 0.067 0.024 0.076 0.067 0.057 0.065 0.110 0.088 
 95 COPE-0095    (0)   :  0.072 0.076 0.074 0.072 0.091 0.093 0.068 0.005 0.074 0.075 0.079 0.078 0.070 0.073 
 96 COPE-0096    (0)   :  0.076 0.079 0.076 0.078 0.079 0.080 0.075 0.009 0.076 0.073 0.076 0.078 0.074 0.072 
 97 COPE-0097    (0)   :  0.074 0.068 0.074 0.079 0.078 0.076 0.081 0.007 0.075 0.080 0.076 0.081 0.076 0.076 
 98 COPE-0098    (0)   :  0.076 0.066 0.085 0.074 0.068 0.066 0.082 0.009 0.077 0.085 0.080 0.078 0.081 0.074 
 99 COPE-0099    (0)   :  0.070 0.087 0.079 0.076 0.076 0.071 0.066 0.020 0.074 0.074 0.081 0.077 0.076 0.073 
100 COPE-0100    (0)   :  0.072 0.077 0.079 0.075 0.078 0.081 0.073 0.007 0.077 0.078 0.078 0.075 0.073 0.075 
101 COPE-0101    (0)   :  0.077 0.072 0.079 0.067 0.070 0.071 0.073 0.045 0.074 0.073 0.073 0.070 0.081 0.075 
102 COPE-0102    (0)   :  0.076 0.076 0.082 0.075 0.078 0.079 0.074 0.005 0.077 0.078 0.076 0.076 0.072 0.075 
103 COPE-0103    (0)   :  0.082 0.078 0.076 0.072 0.070 0.065 0.078 0.014 0.072 0.076 0.073 0.078 0.088 0.078 
104 COPE-0104   (14)   :  0.071 0.074 0.076 0.077 0.073 0.082 0.075 0.006 0.076 0.077 0.081 0.074 0.081 0.077 
105 COPE-0105    (0)   :  0.079 0.062 0.069 0.064 0.076 0.083 0.078 0.033 0.069 0.081 0.066 0.076 0.083 0.081 
106 COPE-0106    (0)   :  0.077 0.077 0.042 0.102 0.091 0.078 0.108 0.004 0.090 0.069 0.046 0.067 0.059 0.089 
107 COPE-0107    (0)   :  0.019 0.019 0.020 0.018 0.017 0.019 0.019 0.753 0.018 0.019 0.021 0.018 0.019 0.020 
108 COPE-0108    (0)   :  0.075 0.069 0.081 0.078 0.073 0.073 0.081 0.006 0.073 0.083 0.079 0.080 0.076 0.074 
109 COPE-0109    (0)   :  0.085 0.079 0.082 0.069 0.073 0.067 0.071 0.011 0.077 0.072 0.069 0.074 0.092 0.079 
110 COPE-0110   (14)   :  0.075 0.081 0.071 0.077 0.079 0.080 0.073 0.012 0.076 0.073 0.072 0.076 0.075 0.080 
111 COPE-0111    (0)   :  0.077 0.079 0.068 0.085 0.083 0.080 0.081 0.008 0.078 0.071 0.068 0.077 0.069 0.077 
112 COPE-0112   (14)   :  0.070 0.073 0.083 0.078 0.078 0.083 0.077 0.008 0.072 0.084 0.080 0.072 0.071 0.072 
113 COPE-0113    (0)   :  0.072 0.078 0.081 0.076 0.074 0.074 0.072 0.014 0.078 0.079 0.078 0.074 0.076 0.074 
114 COPE-0114    (0)   :  0.076 0.076 0.060 0.087 0.082 0.075 0.091 0.009 0.085 0.073 0.066 0.070 0.068 0.082 
115 COPE-0115    (0)   :  0.024 0.024 0.024 0.025 0.024 0.023 0.025 0.684 0.023 0.024 0.026 0.026 0.024 0.023 
116 COPE-0116   (28)   :  0.011 0.012 0.011 0.011 0.011 0.011 0.011 0.854 0.011 0.011 0.011 0.011 0.012 0.011 
117 COPE-0117    (0)   :  0.071 0.079 0.070 0.071 0.094 0.096 0.065 0.009 0.074 0.073 0.077 0.079 0.070 0.073 
118 COPE-0118    (0)   :  0.076 0.073 0.055 0.097 0.083 0.071 0.102 0.010 0.085 0.071 0.063 0.072 0.061 0.081 
119 COPE-0119    (0)   :  0.078 0.071 0.076 0.080 0.073 0.076 0.086 0.012 0.072 0.078 0.074 0.077 0.073 0.075 
120 COPE-0120    (0)   :  0.081 0.080 0.082 0.077 0.076 0.072 0.069 0.010 0.077 0.076 0.075 0.077 0.076 0.073 
121 COPE-0121    (0)   :  0.069 0.078 0.074 0.078 0.075 0.070 0.074 0.044 0.073 0.071 0.077 0.076 0.072 0.068 
122 COPE-0122    (0)   :  0.076 0.078 0.079 0.077 0.073 0.078 0.071 0.007 0.081 0.079 0.077 0.076 0.071 0.076 
123 COPE-0123    (0)   :  0.075 0.078 0.079 0.073 0.071 0.077 0.071 0.017 0.077 0.076 0.077 0.073 0.077 0.078 
124 COPE-0124    (0)   :  0.076 0.082 0.076 0.077 0.072 0.078 0.066 0.011 0.078 0.075 0.080 0.077 0.073 0.078 
125 COPE-0125    (0)   :  0.071 0.075 0.060 0.083 0.076 0.081 0.088 0.006 0.084 0.075 0.075 0.071 0.075 0.080 
126 COPE-0126    (0)   :  0.072 0.075 0.071 0.070 0.095 0.096 0.064 0.011 0.073 0.073 0.076 0.078 0.071 0.073 
127 COPE-0127   (14)   :  0.079 0.074 0.073 0.070 0.080 0.081 0.073 0.006 0.073 0.079 0.072 0.079 0.080 0.081 
128 COPE-0128    (0)   :  0.073 0.084 0.076 0.080 0.076 0.077 0.067 0.015 0.076 0.074 0.075 0.075 0.076 0.077 
129 COPE-0129    (0)   :  0.091 0.082 0.077 0.066 0.073 0.071 0.072 0.006 0.072 0.074 0.070 0.075 0.089 0.083 
130 COPE-0130    (0)   :  0.076 0.077 0.080 0.077 0.078 0.071 0.071 0.013 0.076 0.075 0.082 0.083 0.070 0.069 
131 COPE-0131   (14)   :  0.070 0.069 0.081 0.089 0.067 0.057 0.089 0.007 0.076 0.079 0.091 0.086 0.074 0.064 
132 COPE-0132   (14)   :  0.073 0.075 0.071 0.080 0.080 0.080 0.075 0.031 0.069 0.074 0.071 0.080 0.064 0.076 
133 COPE-0133    (0)   :  0.073 0.081 0.072 0.069 0.096 0.100 0.063 0.008 0.076 0.066 0.074 0.078 0.071 0.073 
134 COPE-0134    (0)   :  0.079 0.077 0.074 0.078 0.075 0.077 0.073 0.007 0.078 0.077 0.075 0.076 0.073 0.079 
135 COPE-0135    (0)   :  0.076 0.076 0.080 0.072 0.068 0.076 0.077 0.007 0.077 0.077 0.081 0.070 0.081 0.083 
136 COPE-0136    (0)   :  0.013 0.014 0.013 0.013 0.014 0.014 0.012 0.829 0.013 0.013 0.013 0.013 0.013 0.013 
137 COPE-0137    (0)   :  0.075 0.076 0.082 0.076 0.079 0.081 0.071 0.010 0.079 0.078 0.080 0.075 0.067 0.072 
138 COPE-0138   (14)   :  0.009 0.009 0.008 0.010 0.009 0.009 0.010 0.881 0.010 0.009 0.009 0.009 0.009 0.009 
139 COPE-0139    (0)   :  0.071 0.087 0.079 0.074 0.077 0.076 0.067 0.007 0.076 0.075 0.082 0.077 0.078 0.074 
140 COPE-0140   (14)   :  0.022 0.025 0.024 0.023 0.024 0.023 0.022 0.698 0.023 0.023 0.024 0.023 0.023 0.023 
141 COPE-0141    (0)   :  0.077 0.074 0.073 0.069 0.063 0.073 0.081 0.008 0.078 0.079 0.081 0.066 0.095 0.084 
142 COPE-0142    (0)   :  0.075 0.076 0.073 0.075 0.071 0.078 0.079 0.009 0.080 0.075 0.080 0.071 0.079 0.079 
143 COPE-0143    (0)   :  0.078 0.077 0.075 0.068 0.085 0.087 0.069 0.008 0.076 0.071 0.073 0.074 0.079 0.079 
144 COPE-0144   (14)   :  0.071 0.079 0.072 0.069 0.073 0.070 0.062 0.080 0.070 0.067 0.069 0.067 0.081 0.069 
145 COPE-0145   (14)   :  0.054 0.079 0.062 0.059 0.059 0.056 0.052 0.201 0.060 0.059 0.064 0.059 0.074 0.062 
146 COPE-0146   (14)   :  0.073 0.072 0.075 0.072 0.078 0.080 0.072 0.026 0.074 0.075 0.077 0.076 0.076 0.075 
147 COPE-0147    (0)   :  0.076 0.073 0.078 0.066 0.065 0.067 0.067 0.070 0.073 0.070 0.073 0.066 0.079 0.077 
148 COPE-0148    (0)   :  0.073 0.080 0.070 0.071 0.093 0.096 0.066 0.008 0.075 0.070 0.073 0.079 0.072 0.075 
149 COPE-0149    (0)   :  0.077 0.075 0.079 0.076 0.081 0.083 0.069 0.006 0.078 0.079 0.080 0.079 0.066 0.074 
150 COPE-0150    (0)   :  0.070 0.075 0.083 0.078 0.080 0.089 0.076 0.007 0.073 0.083 0.075 0.070 0.069 0.072 
151 COPE-0151    (0)   :  0.071 0.082 0.076 0.074 0.079 0.082 0.067 0.006 0.076 0.074 0.079 0.075 0.082 0.076 
152 COPE-0152   (14)   :  0.068 0.064 0.070 0.062 0.060 0.066 0.069 0.123 0.067 0.069 0.072 0.063 0.076 0.071 
153 COPE-0153    (0)   :  0.080 0.077 0.081 0.075 0.072 0.071 0.076 0.006 0.076 0.078 0.075 0.077 0.080 0.076 
154 COPE-0154    (0)   :  0.072 0.077 0.073 0.079 0.078 0.079 0.077 0.006 0.080 0.074 0.078 0.076 0.072 0.078 
155 COPE-0155    (0)   :  0.075 0.082 0.075 0.080 0.078 0.080 0.068 0.005 0.078 0.075 0.079 0.076 0.075 0.075 
156 COPE-0156   (14)   :  0.009 0.009 0.009 0.009 0.009 0.009 0.009 0.881 0.009 0.009 0.009 0.009 0.009 0.009 
157 COPE-0157   (14)   :  0.058 0.066 0.059 0.056 0.054 0.058 0.060 0.219 0.057 0.063 0.061 0.056 0.071 0.061 
158 COPE-0158    (0)   :  0.073 0.082 0.073 0.074 0.089 0.093 0.066 0.009 0.077 0.069 0.077 0.079 0.068 0.072 
159 COPE-0159    (0)   :  0.076 0.079 0.079 0.076 0.072 0.076 0.073 0.007 0.073 0.079 0.079 0.078 0.074 0.077 
160 COPE-0160    (0)   :  0.085 0.076 0.075 0.070 0.071 0.073 0.075 0.007 0.074 0.078 0.070 0.071 0.087 0.087 
161 COPE-0161    (0)   :  0.076 0.076 0.083 0.073 0.072 0.071 0.075 0.012 0.075 0.078 0.080 0.074 0.078 0.076 
162 COPE-0162   (14)   :  0.007 0.007 0.007 0.007 0.007 0.007 0.007 0.906 0.007 0.007 0.007 0.007 0.007 0.007 
163 COPE-0163   (28)   :  0.012 0.012 0.012 0.012 0.012 0.012 0.012 0.842 0.012 0.012 0.012 0.012 0.012 0.012 
164 COPE-0164    (0)   :  0.073 0.073 0.080 0.073 0.077 0.077 0.072 0.023 0.076 0.076 0.075 0.075 0.076 0.075 
165 COPE-0165    (0)   :  0.077 0.082 0.081 0.075 0.076 0.076 0.072 0.008 0.076 0.076 0.080 0.078 0.072 0.073 
166 COPE-0166   (14)   :  0.081 0.078 0.074 0.077 0.076 0.078 0.071 0.008 0.077 0.076 0.073 0.076 0.074 0.081 
167 COPE-0167    (0)   :  0.083 0.082 0.069 0.074 0.076 0.074 0.078 0.008 0.076 0.073 0.064 0.075 0.084 0.083 
168 COPE-0168    (0)   :  0.074 0.082 0.074 0.075 0.081 0.087 0.070 0.006 0.077 0.072 0.078 0.077 0.073 0.076 
169 COPE-0169    (0)   :  0.077 0.080 0.083 0.076 0.081 0.072 0.071 0.010 0.076 0.077 0.082 0.082 0.067 0.067 
170 COPE-0170    (0)   :  0.072 0.076 0.077 0.073 0.065 0.066 0.079 0.022 0.074 0.076 0.084 0.072 0.085 0.079 
171 COPE-0171    (0)   :  0.070 0.084 0.075 0.077 0.074 0.079 0.074 0.007 0.075 0.074 0.080 0.075 0.077 0.078 
172 COPE-0172    (0)   :  0.078 0.073 0.079 0.074 0.075 0.079 0.075 0.007 0.075 0.078 0.076 0.078 0.077 0.076 
173 COPE-0173   (14)   :  0.074 0.081 0.078 0.077 0.078 0.067 0.065 0.050 0.071 0.072 0.081 0.080 0.064 0.062 
174 COPE-0174   (28)   :  0.073 0.080 0.077 0.075 0.075 0.078 0.070 0.012 0.077 0.075 0.078 0.073 0.080 0.075 
175 COPE-0175    (0)   :  0.074 0.075 0.078 0.072 0.075 0.077 0.068 0.038 0.076 0.074 0.069 0.073 0.077 0.075 
176 COPE-0176    (0)   :  0.080 0.078 0.063 0.077 0.074 0.073 0.089 0.008 0.081 0.074 0.067 0.068 0.084 0.085 
177 COPE-0177    (0)   :  0.075 0.076 0.081 0.076 0.080 0.077 0.069 0.007 0.079 0.075 0.081 0.078 0.070 0.076 
178 COPE-0178    (0)   :  0.076 0.076 0.042 0.101 0.091 0.078 0.107 0.007 0.090 0.070 0.048 0.066 0.060 0.089 
179 COPE-0179    (0)   :  0.074 0.080 0.080 0.076 0.075 0.078 0.071 0.009 0.077 0.076 0.078 0.075 0.077 0.076 
180 COPE-0180   (14)   :  0.077 0.079 0.083 0.078 0.081 0.073 0.070 0.006 0.075 0.076 0.084 0.082 0.066 0.069 
181 COPE-0181   (14)   :  0.076 0.076 0.084 0.078 0.076 0.076 0.070 0.008 0.081 0.076 0.080 0.078 0.069 0.072 
182 COPE-0182    (0)   :  0.076 0.063 0.082 0.073 0.073 0.081 0.079 0.005 0.069 0.089 0.071 0.079 0.079 0.080 
183 COPE-0183    (0)   :  0.076 0.075 0.077 0.074 0.075 0.079 0.074 0.010 0.078 0.077 0.080 0.077 0.073 0.076 
184 COPE-0184    (0)   :  0.084 0.078 0.071 0.071 0.075 0.081 0.074 0.009 0.069 0.077 0.067 0.079 0.081 0.084 
185 COPE-0185    (0)   :  0.071 0.076 0.083 0.075 0.071 0.075 0.077 0.006 0.075 0.082 0.084 0.076 0.074 0.075 
186 COPE-0186    (0)   :  0.070 0.065 0.082 0.093 0.063 0.052 0.096 0.005 0.075 0.081 0.091 0.089 0.075 0.062 
187 COPE-0187    (0)   :  0.080 0.067 0.075 0.067 0.073 0.079 0.080 0.009 0.073 0.082 0.074 0.073 0.087 0.082 
188 COPE-0188    (0)   :  0.026 0.027 0.030 0.028 0.029 0.031 0.027 0.642 0.027 0.029 0.026 0.025 0.026 0.027 
189 COPE-0189    (0)   :  0.074 0.077 0.082 0.075 0.078 0.079 0.073 0.007 0.078 0.079 0.082 0.078 0.068 0.072 
190 COPE-0190    (0)   :  0.090 0.078 0.083 0.065 0.075 0.068 0.069 0.012 0.079 0.071 0.066 0.069 0.093 0.082 
191 COPE-0191    (0)   :  0.076 0.072 0.079 0.077 0.071 0.067 0.080 0.010 0.076 0.075 0.085 0.078 0.080 0.075 
192 COPE-0192   (14)   :  0.010 0.010 0.011 0.011 0.009 0.009 0.012 0.865 0.010 0.011 0.012 0.011 0.011 0.009 
193 COPE-0193    (0)   :  0.075 0.076 0.075 0.075 0.085 0.086 0.074 0.005 0.079 0.075 0.073 0.076 0.073 0.075 
194 COPE-0194    (0)   :  0.073 0.080 0.079 0.074 0.075 0.081 0.074 0.008 0.074 0.076 0.074 0.077 0.081 0.073 
195 COPE-0195    (0)   :  0.074 0.076 0.081 0.077 0.079 0.082 0.075 0.006 0.075 0.080 0.074 0.072 0.074 0.076 
196 COPE-0196    (0)   :  0.078 0.079 0.081 0.076 0.072 0.071 0.074 0.010 0.075 0.075 0.078 0.076 0.078 0.077 
197 COPE-0197    (0)   :  0.077 0.082 0.079 0.079 0.082 0.077 0.068 0.007 0.077 0.074 0.080 0.080 0.069 0.070 
198 COPE-0198    (0)   :  0.072 0.081 0.082 0.080 0.080 0.072 0.071 0.011 0.070 0.075 0.087 0.086 0.064 0.069 
199 COPE-0199    (0)   :  0.076 0.077 0.081 0.077 0.077 0.075 0.069 0.012 0.079 0.075 0.081 0.078 0.068 0.073 
200 COPE-0200   (42)   :  0.076 0.076 0.083 0.077 0.077 0.073 0.070 0.009 0.079 0.075 0.081 0.082 0.070 0.072 
201 COPE-0201    (0)   :  0.074 0.072 0.075 0.075 0.073 0.074 0.081 0.008 0.074 0.081 0.080 0.077 0.081 0.075 
202 COPE-0202    (0)   :  0.093 0.076 0.084 0.062 0.069 0.064 0.071 0.011 0.078 0.073 0.067 0.070 0.098 0.085 
203 COPE-0203    (0)   :  0.074 0.079 0.077 0.078 0.076 0.078 0.075 0.006 0.074 0.076 0.081 0.079 0.070 0.078 
204 COPE-0204    (0)   :  0.073 0.073 0.054 0.085 0.085 0.078 0.091 0.026 0.081 0.072 0.060 0.071 0.069 0.083 
205 COPE-0205    (0)   :  0.075 0.073 0.079 0.073 0.081 0.086 0.068 0.019 0.076 0.076 0.075 0.075 0.072 0.072 
206 COPE-0206    (0)   :  0.073 0.081 0.068 0.087 0.079 0.078 0.080 0.005 0.079 0.075 0.068 0.077 0.072 0.079 
207 COPE-0207    (0)   :  0.077 0.076 0.069 0.088 0.077 0.079 0.085 0.011 0.075 0.075 0.067 0.077 0.065 0.079 
208 COPE-0208    (0)   :  0.027 0.031 0.030 0.028 0.028 0.027 0.027 0.626 0.028 0.030 0.029 0.029 0.032 0.029 
209 COPE-0209    (0)   :  0.077 0.082 0.081 0.079 0.075 0.075 0.076 0.006 0.075 0.078 0.082 0.077 0.070 0.070 
210 COPE-0210    (0)   :  0.073 0.082 0.075 0.076 0.086 0.091 0.069 0.008 0.076 0.072 0.075 0.076 0.068 0.072 
211 COPE-0211    (0)   :  0.071 0.075 0.082 0.078 0.081 0.089 0.075 0.005 0.074 0.081 0.076 0.071 0.071 0.072 
212 COPE-0212    (0)   :  0.075 0.077 0.071 0.083 0.080 0.082 0.079 0.011 0.073 0.075 0.071 0.079 0.066 0.078 
213 COPE-0213    (0)   :  0.075 0.078 0.074 0.081 0.081 0.078 0.076 0.008 0.075 0.075 0.072 0.077 0.074 0.076 
214 COPE-0214    (0)   :  0.079 0.084 0.083 0.080 0.084 0.067 0.070 0.008 0.073 0.074 0.088 0.088 0.061 0.062 
215 COPE-0215    (0)   :  0.073 0.077 0.077 0.075 0.077 0.068 0.066 0.058 0.071 0.072 0.079 0.077 0.063 0.066 
216 COPE-0216   (14)   :  0.050 0.054 0.051 0.051 0.055 0.056 0.048 0.330 0.052 0.048 0.051 0.052 0.050 0.050 
217 COPE-0217    (0)   :  0.078 0.077 0.063 0.084 0.080 0.077 0.083 0.026 0.077 0.073 0.062 0.075 0.067 0.078 
218 COPE-0218    (0)   :  0.075 0.079 0.079 0.077 0.079 0.077 0.071 0.009 0.075 0.075 0.080 0.079 0.071 0.074 
219 COPE-0219   (14)   :  0.076 0.079 0.081 0.077 0.078 0.074 0.071 0.008 0.077 0.076 0.083 0.081 0.070 0.069 
220 COPE-0220    (0)   :  0.078 0.077 0.059 0.089 0.084 0.078 0.090 0.013 0.082 0.072 0.059 0.074 0.064 0.082 
221 COPE-0221    (0)   :  0.075 0.072 0.082 0.073 0.062 0.074 0.079 0.016 0.070 0.076 0.088 0.072 0.076 0.084 
222 COPE-0222    (0)   :  0.072 0.073 0.077 0.073 0.082 0.085 0.073 0.006 0.074 0.079 0.083 0.077 0.074 0.072 
223 COPE-0223    (0)   :  0.079 0.079 0.080 0.078 0.076 0.077 0.066 0.007 0.078 0.077 0.081 0.076 0.070 0.076 
224 COPE-0224    (0)   :  0.098 0.083 0.078 0.056 0.069 0.061 0.069 0.019 0.073 0.070 0.060 0.068 0.108 0.087 
225 COPE-0225    (0)   :  0.079 0.083 0.082 0.080 0.085 0.067 0.070 0.013 0.073 0.073 0.087 0.086 0.061 0.061 
226 COPE-0226    (0)   :  0.074 0.079 0.072 0.077 0.076 0.078 0.078 0.006 0.079 0.076 0.076 0.073 0.078 0.078 
227 COPE-0227    (0)   :  0.077 0.078 0.080 0.081 0.078 0.070 0.077 0.005 0.075 0.078 0.080 0.083 0.070 0.068 
228 COPE-0228    (0)   :  0.075 0.080 0.066 0.083 0.081 0.079 0.079 0.016 0.079 0.072 0.065 0.073 0.073 0.079 
229 COPE-0229    (0)   :  0.076 0.079 0.074 0.078 0.078 0.078 0.076 0.006 0.079 0.076 0.078 0.076 0.072 0.074 
230 COPE-0230    (0)   :  0.074 0.075 0.059 0.080 0.074 0.078 0.089 0.010 0.084 0.074 0.075 0.068 0.078 0.082 
231 COPE-0231    (0)   :  0.075 0.077 0.076 0.078 0.079 0.082 0.071 0.006 0.080 0.075 0.076 0.078 0.072 0.075 
232 COPE-0232    (0)   :  0.086 0.077 0.080 0.069 0.078 0.070 0.074 0.015 0.078 0.071 0.067 0.070 0.085 0.082 
233 COPE-0233    (0)   :  0.076 0.065 0.085 0.076 0.075 0.072 0.078 0.005 0.076 0.085 0.078 0.078 0.076 0.074 
234 COPE-0234    (0)   :  0.079 0.084 0.080 0.070 0.072 0.072 0.070 0.008 0.077 0.072 0.073 0.076 0.086 0.081 
235 COPE-0235    (0)   :  0.078 0.078 0.078 0.077 0.072 0.080 0.070 0.006 0.080 0.079 0.079 0.077 0.070 0.077 
236 COPE-0236    (0)   :  0.072 0.074 0.050 0.091 0.078 0.079 0.100 0.005 0.088 0.074 0.070 0.069 0.070 0.083 
237 COPE-0237    (0)   :  0.075 0.073 0.085 0.080 0.073 0.072 0.078 0.006 0.072 0.083 0.083 0.081 0.070 0.070 
238 COPE-0238    (0)   :  0.078 0.075 0.079 0.076 0.079 0.079 0.067 0.009 0.080 0.074 0.081 0.080 0.069 0.073 
239 COPE-0239    (0)   :  0.080 0.078 0.075 0.067 0.070 0.072 0.071 0.037 0.073 0.075 0.070 0.072 0.083 0.078 
240 COPE-0240    (0)   :  0.075 0.080 0.074 0.073 0.087 0.092 0.069 0.008 0.076 0.070 0.073 0.077 0.072 0.075 
241 COPE-0241    (0)   :  0.077 0.075 0.087 0.074 0.080 0.080 0.070 0.006 0.081 0.078 0.083 0.079 0.062 0.069 
242 COPE-0242    (0)   :  0.079 0.075 0.072 0.083 0.078 0.077 0.086 0.006 0.076 0.073 0.070 0.077 0.071 0.077 
243 COPE-0243    (0)   :  0.080 0.069 0.076 0.070 0.077 0.083 0.075 0.007 0.075 0.081 0.071 0.079 0.078 0.078 
244 COPE-0244    (0)   :  0.080 0.079 0.078 0.073 0.077 0.076 0.075 0.009 0.074 0.076 0.074 0.077 0.076 0.076 
245 COPE-0245    (0)   :  0.076 0.069 0.080 0.073 0.077 0.083 0.076 0.010 0.071 0.083 0.070 0.077 0.077 0.077 
246 COPE-0246    (0)   :  0.079 0.076 0.078 0.072 0.074 0.073 0.073 0.012 0.077 0.073 0.077 0.073 0.083 0.077 
247 COPE-0247    (0)   :  0.072 0.077 0.082 0.077 0.069 0.073 0.075 0.014 0.073 0.076 0.085 0.080 0.069 0.076 
248 COPE-0248    (0)   :  0.075 0.071 0.080 0.075 0.074 0.079 0.078 0.005 0.072 0.083 0.072 0.078 0.078 0.079 
249 COPE-0249    (0)   :  0.083 0.082 0.078 0.068 0.076 0.068 0.068 0.025 0.073 0.073 0.069 0.075 0.088 0.074 
250 COPE-0250    (0)   :  0.081 0.078 0.073 0.074 0.073 0.074 0.076 0.017 0.074 0.073 0.068 0.078 0.081 0.082 
251 COPE-0251   (14)   :  0.027 0.029 0.031 0.028 0.027 0.028 0.029 0.627 0.028 0.030 0.032 0.029 0.028 0.028 
252 COPE-0252    (0)   :  0.091 0.076 0.082 0.064 0.075 0.070 0.070 0.010 0.079 0.070 0.063 0.070 0.093 0.086 
253 COPE-0253    (0)   :  0.071 0.073 0.077 0.070 0.063 0.076 0.081 0.007 0.077 0.080 0.090 0.070 0.085 0.079 
254 COPE-0254    (0)   :  0.081 0.065 0.069 0.064 0.078 0.084 0.078 0.015 0.071 0.083 0.065 0.077 0.086 0.084 
255 COPE-0255    (0)   :  0.078 0.071 0.079 0.072 0.072 0.073 0.078 0.019 0.071 0.076 0.081 0.076 0.075 0.080 
256 COPE-0256    (0)   :  0.074 0.082 0.067 0.075 0.091 0.095 0.069 0.010 0.078 0.067 0.070 0.076 0.070 0.076 
257 COPE-0257    (0)   :  0.068 0.065 0.082 0.093 0.061 0.049 0.097 0.007 0.075 0.081 0.096 0.090 0.076 0.060 
258 COPE-0258    (0)   :  0.071 0.079 0.082 0.081 0.074 0.069 0.078 0.013 0.074 0.077 0.079 0.077 0.077 0.069 
259 COPE-0259    (0)   :  0.073 0.077 0.073 0.081 0.076 0.081 0.076 0.005 0.079 0.077 0.077 0.075 0.075 0.076 
260 COPE-0260    (0)   :  0.075 0.077 0.077 0.075 0.076 0.077 0.069 0.022 0.078 0.073 0.079 0.079 0.069 0.074 
261 COPE-0261    (0)   :  0.078 0.065 0.064 0.074 0.081 0.084 0.084 0.006 0.076 0.081 0.066 0.078 0.080 0.083 
262 COPE-0262    (0)   :  0.076 0.076 0.073 0.072 0.086 0.091 0.065 0.016 0.077 0.070 0.072 0.077 0.074 0.074 
263 COPE-0263    (0)   :  0.073 0.074 0.084 0.078 0.072 0.070 0.078 0.007 0.076 0.082 0.082 0.081 0.074 0.070 
264 COPE-0264    (0)   :  0.070 0.069 0.078 0.086 0.067 0.059 0.088 0.017 0.075 0.079 0.088 0.084 0.074 0.067 
265 COPE-0265    (0)   :  0.075 0.072 0.077 0.072 0.078 0.079 0.073 0.011 0.077 0.080 0.077 0.076 0.076 0.077 
266 COPE-0266    (0)   :  0.077 0.079 0.069 0.082 0.077 0.078 0.077 0.017 0.077 0.075 0.066 0.074 0.073 0.080 
267 COPE-0267    (0)   :  0.078 0.068 0.084 0.075 0.075 0.073 0.078 0.006 0.075 0.086 0.072 0.076 0.076 0.079 
268 COPE-0268    (0)   :  0.075 0.063 0.091 0.077 0.073 0.069 0.079 0.013 0.074 0.089 0.076 0.075 0.073 0.074 
269 COPE-0269    (0)   :  0.073 0.080 0.075 0.080 0.076 0.074 0.076 0.006 0.078 0.075 0.081 0.078 0.076 0.073 
270 COPE-0270    (0)   :  0.071 0.072 0.083 0.078 0.081 0.089 0.075 0.007 0.074 0.084 0.076 0.071 0.067 0.072 
271 COPE-0271    (0)   :  0.077 0.075 0.078 0.080 0.076 0.078 0.071 0.007 0.079 0.078 0.081 0.078 0.068 0.073 
272 COPE-0272    (0)   :  0.080 0.074 0.074 0.071 0.070 0.072 0.079 0.007 0.078 0.076 0.079 0.070 0.086 0.084 
273 COPE-0273    (0)   :  0.077 0.075 0.072 0.082 0.078 0.080 0.080 0.015 0.071 0.077 0.070 0.078 0.067 0.077 
274 COPE-0274   (14)   :  0.023 0.024 0.027 0.025 0.026 0.027 0.025 0.677 0.024 0.026 0.024 0.023 0.024 0.024 
275 COPE-0275    (0)   :  0.073 0.080 0.079 0.079 0.075 0.077 0.075 0.009 0.074 0.075 0.077 0.079 0.073 0.074 
276 COPE-0276   (14)   :  0.007 0.007 0.007 0.007 0.007 0.007 0.007 0.914 0.007 0.007 0.007 0.007 0.007 0.007 
277 COPE-0277   (14)   :  0.072 0.081 0.063 0.079 0.087 0.090 0.078 0.013 0.080 0.067 0.074 0.075 0.067 0.075 
278 COPE-0278    (0)   :  0.077 0.076 0.047 0.098 0.090 0.079 0.103 0.007 0.087 0.069 0.048 0.070 0.061 0.088 
279 COPE-0279    (0)   :  0.076 0.079 0.069 0.080 0.083 0.081 0.080 0.009 0.078 0.072 0.068 0.074 0.072 0.080 
280 COPE-0280    (0)   :  0.012 0.012 0.012 0.012 0.012 0.012 0.012 0.844 0.012 0.012 0.012 0.012 0.012 0.012 
281 COPE-0281    (0)   :  0.030 0.033 0.032 0.031 0.032 0.028 0.029 0.598 0.030 0.030 0.031 0.032 0.034 0.030 
282 COPE-0282   (14)   :  0.104 0.083 0.081 0.054 0.069 0.059 0.069 0.006 0.076 0.070 0.059 0.067 0.113 0.090 
283 COPE-0283    (0)   :  0.076 0.079 0.061 0.088 0.083 0.079 0.088 0.007 0.080 0.071 0.060 0.076 0.069 0.082 
284 COPE-0284   (14)   :  0.072 0.080 0.079 0.075 0.074 0.074 0.068 0.030 0.076 0.075 0.078 0.074 0.071 0.073 
285 COPE-0285    (0)   :  0.027 0.027 0.028 0.028 0.028 0.027 0.027 0.644 0.027 0.028 0.029 0.029 0.026 0.026 
286 COPE-0286    (0)   :  0.069 0.084 0.082 0.075 0.078 0.077 0.072 0.008 0.073 0.080 0.078 0.070 0.080 0.074 
287 COPE-0287    (0)   :  0.074 0.065 0.089 0.073 0.070 0.066 0.078 0.026 0.075 0.088 0.074 0.076 0.073 0.071 
288 COPE-0288    (0)   :  0.076 0.075 0.080 0.075 0.065 0.076 0.078 0.010 0.070 0.076 0.086 0.074 0.075 0.084 
289 COPE-0289    (0)   :  0.075 0.073 0.079 0.075 0.081 0.080 0.073 0.007 0.077 0.078 0.080 0.079 0.073 0.071 
290 COPE-0290    (0)   :  0.072 0.074 0.083 0.075 0.080 0.085 0.075 0.007 0.074 0.083 0.076 0.076 0.067 0.072 
291 COPE-0291    (0)   :  0.072 0.079 0.080 0.083 0.074 0.069 0.080 0.005 0.076 0.076 0.085 0.080 0.073 0.068 
292 COPE-0292   (42)   :  0.015 0.015 0.015 0.015 0.015 0.015 0.014 0.808 0.015 0.015 0.015 0.015 0.015 0.015 
293 COPE-0293    (0)   :  0.076 0.071 0.071 0.071 0.067 0.077 0.081 0.008 0.079 0.081 0.082 0.071 0.085 0.080 
294 COPE-0294    (0)   :  0.075 0.081 0.078 0.073 0.076 0.076 0.070 0.011 0.076 0.073 0.077 0.077 0.079 0.078 
295 COPE-0295    (0)   :  0.083 0.079 0.069 0.070 0.076 0.079 0.074 0.007 0.072 0.076 0.070 0.078 0.083 0.086 
296 COPE-0296   (14)   :  0.073 0.078 0.076 0.078 0.076 0.083 0.074 0.006 0.072 0.076 0.080 0.078 0.071 0.079 
297 COPE-0297   (14)   :  0.077 0.082 0.081 0.072 0.078 0.071 0.068 0.034 0.072 0.073 0.082 0.080 0.066 0.065 
298 COPE-0298    (0)   :  0.078 0.076 0.073 0.071 0.068 0.074 0.078 0.009 0.080 0.077 0.076 0.066 0.092 0.083 
299 COPE-0299    (0)   :  0.078 0.069 0.074 0.070 0.074 0.083 0.081 0.006 0.073 0.080 0.071 0.077 0.083 0.081 
300 COPE-0300   (14)   :  0.075 0.074 0.081 0.075 0.079 0.081 0.073 0.007 0.076 0.078 0.075 0.078 0.073 0.075 
301 COPE-0301   (14)   :  0.072 0.071 0.075 0.067 0.057 0.075 0.084 0.008 0.078 0.081 0.090 0.065 0.092 0.084 
302 COPE-0302    (0)   :  0.066 0.066 0.066 0.065 0.075 0.071 0.060 0.135 0.063 0.066 0.070 0.071 0.063 0.064 
303 COPE-0303    (0)   :  0.076 0.075 0.053 0.091 0.088 0.079 0.098 0.006 0.086 0.070 0.060 0.069 0.063 0.084 
304 COPE-0304    (0)   :  0.077 0.071 0.082 0.073 0.078 0.079 0.076 0.007 0.078 0.080 0.072 0.075 0.077 0.077 
305 COPE-0305   (14)   :  0.074 0.079 0.075 0.076 0.074 0.069 0.073 0.032 0.077 0.071 0.073 0.074 0.080 0.073 
306 COPE-0306    (0)   :  0.075 0.074 0.055 0.097 0.081 0.076 0.099 0.010 0.085 0.073 0.058 0.072 0.063 0.083 
307 COPE-0307   (28)   :  0.008 0.008 0.008 0.008 0.008 0.008 0.008 0.895 0.008 0.008 0.008 0.008 0.008 0.008 
308 COPE-0308    (0)   :  0.098 0.082 0.078 0.058 0.066 0.062 0.073 0.006 0.074 0.073 0.067 0.067 0.105 0.091 
309 COPE-0309   (14)   :  0.034 0.037 0.035 0.032 0.033 0.033 0.030 0.559 0.034 0.033 0.035 0.032 0.039 0.034 
310 COPE-0310   (28)   :  0.033 0.031 0.039 0.044 0.030 0.024 0.046 0.526 0.036 0.038 0.045 0.043 0.037 0.029 
311 COPE-0311    (0)   :  0.072 0.083 0.078 0.077 0.071 0.068 0.077 0.018 0.072 0.075 0.080 0.078 0.081 0.070 
312 COPE-0312   (28)   :  0.013 0.013 0.011 0.014 0.014 0.013 0.014 0.832 0.014 0.012 0.011 0.012 0.012 0.014 
313 COPE-0313    (0)   :  0.075 0.072 0.075 0.086 0.071 0.071 0.086 0.009 0.075 0.079 0.077 0.080 0.072 0.072 
314 COPE-0314    (0)   :  0.076 0.067 0.085 0.074 0.073 0.076 0.079 0.007 0.071 0.086 0.077 0.077 0.076 0.076 
315 COPE-0315    (0)   :  0.075 0.075 0.078 0.081 0.074 0.071 0.078 0.008 0.078 0.079 0.079 0.079 0.072 0.073 
316 COPE-0316    (0)   :  0.073 0.080 0.070 0.078 0.077 0.077 0.074 0.019 0.077 0.075 0.074 0.075 0.075 0.077 
317 COPE-0317   (14)   :  0.009 0.009 0.009 0.009 0.009 0.008 0.009 0.887 0.009 0.009 0.009 0.009 0.009 0.009 
318 COPE-0318    (0)   :  0.076 0.075 0.080 0.076 0.073 0.078 0.078 0.005 0.076 0.078 0.078 0.077 0.075 0.075 
319 COPE-0319    (0)   :  0.085 0.077 0.083 0.069 0.073 0.069 0.072 0.006 0.077 0.077 0.070 0.073 0.086 0.081 
320 COPE-0320   (14)   :  0.072 0.074 0.077 0.071 0.069 0.075 0.074 0.015 0.079 0.079 0.081 0.071 0.083 0.079 
321 COPE-0321   (14)   :  0.073 0.072 0.081 0.083 0.072 0.070 0.083 0.011 0.073 0.079 0.081 0.081 0.071 0.070 
322 COPE-0322   (14)   :  0.078 0.076 0.079 0.077 0.075 0.080 0.072 0.006 0.079 0.077 0.079 0.078 0.069 0.075 
323 COPE-0323    (0)   :  0.068 0.063 0.082 0.094 0.060 0.046 0.098 0.008 0.075 0.082 0.098 0.092 0.076 0.058 
