

----------------------------------------------------
STRUCTURE by Pritchard, Stephens and Donnelly (2000)
     and Falush, Stephens and Pritchard (2003)
       Code by Pritchard, Falush and Hubisz
             Version 2.3.4 (Jul 2012)
----------------------------------------------------



Command line arguments:   /home/jason/Programs/structure -K 9 -i ../Data/microsats.structure -m Structure_Run/mainparams -e Structure_Run/extraparams -D 58446180 -o ../Structure_Results/04_K_09.out 
Input File:    ../Data/microsats.structure

Run parameters:
   384 individuals
   7 loci
   9 populations assumed
   1000000 Burn-in period
   10000000 Reps
RANDOMIZE turned off


--------------------------------------------
Overall proportion of membership of the
sample in each of the 9 clusters

Inferred Clusters
  1      2      3      4      5      6      7      8      9    
0.110  0.110  0.115  0.111  0.111  0.110  0.110  0.111  0.111  

--------------------------------------------

Allele-freq. divergence among pops (Net nucleotide distance),
computed using point estimates of P.

      1       2       3       4       5       6       7       8       9      
 1      -    0.0001  0.1602  0.0002  0.0001  0.0002  0.0001  0.0001  0.0001  
 2   0.0001     -    0.1614  0.0002  0.0001  0.0002  0.0002  0.0002  0.0001  
 3   0.1602  0.1614     -    0.1603  0.1603  0.1610  0.1603  0.1598  0.1599  
 4   0.0002  0.0002  0.1603     -    0.0002  0.0001  0.0001  0.0001  0.0001  
 5   0.0001  0.0001  0.1603  0.0002     -    0.0004  0.0002  0.0001  0.0001  
 6   0.0002  0.0002  0.1610  0.0001  0.0004     -    0.0001  0.0003  0.0001  
 7   0.0001  0.0002  0.1603  0.0001  0.0002  0.0001     -    0.0002  0.0000  
 8   0.0001  0.0002  0.1598  0.0001  0.0001  0.0003  0.0002     -    0.0001  
 9   0.0001  0.0001  0.1599  0.0001  0.0001  0.0001  0.0000  0.0001     -    

Average distances (expected heterozygosity) between individuals in same cluster:
cluster  1  : 0.6255 
cluster  2  : 0.6228 
cluster  3  : 0.6453 
cluster  4  : 0.6243 
cluster  5  : 0.6223 
cluster  6  : 0.6246 
cluster  7  : 0.6257 
cluster  8  : 0.6257 
cluster  9  : 0.6257 

--------------------------------------------
Estimated Ln Prob of Data   = -9090.1
Mean value of ln likelihood = -7810.9
Variance of ln likelihood   = 2558.3
Mean value of alpha         = 0.0476

Mean value of Fst_1         = 0.0817
Mean value of Fst_2         = 0.0795
Mean value of Fst_3         = 0.1802
Mean value of Fst_4         = 0.0778
Mean value of Fst_5         = 0.0816
Mean value of Fst_6         = 0.0811
Mean value of Fst_7         = 0.0823
Mean value of Fst_8         = 0.0758
Mean value of Fst_9         = 0.0789


Inferred ancestry of individuals:
        Label (%Miss) :  Inferred clusters
  1 COPE-0001    (0)   :  0.008 0.009 0.933 0.008 0.009 0.008 0.008 0.008 0.008 
  2 COPE-0002    (0)   :  0.129 0.100 0.011 0.128 0.113 0.131 0.138 0.125 0.126 
  3 COPE-0003    (0)   :  0.103 0.120 0.007 0.144 0.129 0.119 0.115 0.136 0.127 
  4 COPE-0004    (0)   :  0.136 0.090 0.013 0.133 0.117 0.121 0.146 0.124 0.121 
  5 COPE-0005    (0)   :  0.130 0.103 0.021 0.120 0.118 0.131 0.148 0.111 0.119 
  6 COPE-0006    (0)   :  0.123 0.120 0.018 0.125 0.110 0.129 0.120 0.126 0.129 
  7 COPE-0007    (0)   :  0.135 0.119 0.007 0.127 0.123 0.129 0.133 0.108 0.118 
  8 COPE-0008    (0)   :  0.136 0.133 0.008 0.101 0.148 0.102 0.120 0.126 0.126 
  9 COPE-0009    (0)   :  0.111 0.109 0.017 0.136 0.117 0.134 0.120 0.121 0.135 
 10 COPE-0010    (0)   :  0.118 0.142 0.007 0.120 0.118 0.121 0.114 0.141 0.117 
 11 COPE-0011   (14)   :  0.014 0.011 0.892 0.014 0.013 0.014 0.015 0.014 0.013 
 12 COPE-0012   (14)   :  0.122 0.133 0.007 0.102 0.145 0.104 0.122 0.136 0.128 
 13 COPE-0013    (0)   :  0.095 0.110 0.006 0.157 0.136 0.115 0.117 0.141 0.123 
 14 COPE-0014    (0)   :  0.131 0.123 0.009 0.134 0.132 0.129 0.120 0.101 0.119 
 15 COPE-0015    (0)   :  0.130 0.132 0.007 0.124 0.128 0.130 0.122 0.108 0.119 
 16 COPE-0016    (0)   :  0.129 0.108 0.010 0.118 0.097 0.161 0.140 0.101 0.136 
 17 COPE-0017    (0)   :  0.046 0.043 0.645 0.046 0.044 0.047 0.045 0.039 0.044 
 18 COPE-0018    (0)   :  0.122 0.118 0.008 0.127 0.116 0.126 0.119 0.132 0.131 
 19 COPE-0019    (0)   :  0.109 0.115 0.006 0.142 0.134 0.124 0.114 0.130 0.126 
 20 COPE-0020    (0)   :  0.118 0.130 0.007 0.124 0.116 0.132 0.121 0.125 0.126 
 21 COPE-0021    (0)   :  0.123 0.137 0.006 0.123 0.115 0.129 0.136 0.112 0.119 
 22 COPE-0022    (0)   :  0.133 0.138 0.007 0.099 0.147 0.101 0.114 0.134 0.129 
 23 COPE-0023    (0)   :  0.122 0.113 0.008 0.133 0.114 0.115 0.120 0.149 0.127 
 24 COPE-0024   (14)   :  0.125 0.128 0.006 0.115 0.113 0.138 0.140 0.113 0.123 
 25 COPE-0025    (0)   :  0.110 0.126 0.065 0.117 0.109 0.109 0.113 0.131 0.121 
 26 COPE-0026    (0)   :  0.134 0.132 0.005 0.123 0.130 0.125 0.117 0.115 0.119 
 27 COPE-0027    (0)   :  0.107 0.117 0.006 0.141 0.141 0.114 0.112 0.135 0.126 
 28 COPE-0028    (0)   :  0.124 0.147 0.005 0.115 0.118 0.119 0.115 0.136 0.120 
 29 COPE-0029    (0)   :  0.132 0.118 0.005 0.116 0.099 0.160 0.139 0.098 0.131 
 30 COPE-0030   (14)   :  0.032 0.029 0.754 0.032 0.029 0.031 0.031 0.032 0.031 
 31 COPE-0031    (0)   :  0.139 0.128 0.010 0.115 0.136 0.121 0.116 0.112 0.123 
 32 COPE-0032    (0)   :  0.119 0.138 0.009 0.121 0.117 0.113 0.112 0.148 0.122 
 33 COPE-0033    (0)   :  0.121 0.127 0.011 0.125 0.118 0.120 0.116 0.140 0.122 
 34 COPE-0034    (0)   :  0.139 0.106 0.010 0.122 0.127 0.130 0.136 0.108 0.121 
 35 COPE-0035   (14)   :  0.122 0.142 0.007 0.116 0.119 0.113 0.116 0.141 0.122 
 36 COPE-0036   (14)   :  0.122 0.128 0.006 0.125 0.109 0.133 0.134 0.119 0.123 
 37 COPE-0037    (0)   :  0.119 0.126 0.023 0.123 0.118 0.124 0.124 0.122 0.120 
 38 COPE-0038    (0)   :  0.137 0.139 0.007 0.111 0.146 0.109 0.111 0.119 0.121 
 39 COPE-0039    (0)   :  0.108 0.117 0.071 0.123 0.111 0.111 0.114 0.123 0.123 
 40 COPE-0040   (14)   :  0.105 0.108 0.090 0.128 0.116 0.113 0.104 0.119 0.117 
 41 COPE-0041    (0)   :  0.115 0.115 0.029 0.129 0.123 0.112 0.115 0.137 0.125 
 42 COPE-0042    (0)   :  0.120 0.139 0.010 0.126 0.121 0.113 0.111 0.140 0.120 
 43 COPE-0043    (0)   :  0.132 0.102 0.005 0.128 0.106 0.140 0.136 0.117 0.134 
 44 COPE-0044    (0)   :  0.127 0.106 0.013 0.128 0.125 0.117 0.131 0.129 0.125 
 45 COPE-0045    (0)   :  0.125 0.111 0.032 0.118 0.129 0.110 0.122 0.129 0.124 
 46 COPE-0046    (0)   :  0.026 0.026 0.779 0.030 0.028 0.028 0.027 0.028 0.028 
 47 COPE-0047    (0)   :  0.007 0.007 0.940 0.007 0.007 0.008 0.007 0.007 0.008 
 48 COPE-0048    (0)   :  0.118 0.149 0.007 0.116 0.122 0.110 0.114 0.147 0.117 
 49 COPE-0049    (0)   :  0.125 0.116 0.016 0.120 0.118 0.122 0.126 0.129 0.128 
 50 COPE-0050    (0)   :  0.108 0.112 0.007 0.145 0.129 0.118 0.120 0.135 0.126 
 51 COPE-0051    (0)   :  0.114 0.132 0.104 0.102 0.104 0.100 0.106 0.131 0.106 
 52 COPE-0052    (0)   :  0.136 0.125 0.011 0.129 0.135 0.135 0.120 0.094 0.115 
 53 COPE-0053    (0)   :  0.125 0.110 0.009 0.115 0.098 0.171 0.144 0.093 0.136 
 54 COPE-0054    (0)   :  0.119 0.145 0.005 0.112 0.122 0.130 0.135 0.113 0.118 
 55 COPE-0055    (0)   :  0.135 0.141 0.005 0.092 0.152 0.098 0.114 0.133 0.129 
 56 COPE-0056    (0)   :  0.123 0.124 0.017 0.118 0.138 0.107 0.111 0.135 0.128 
 57 COPE-0057    (0)   :  0.109 0.124 0.010 0.132 0.129 0.122 0.114 0.132 0.126 
 58 COPE-0058    (0)   :  0.127 0.110 0.009 0.131 0.111 0.125 0.129 0.130 0.127 
 59 COPE-0059    (0)   :  0.096 0.119 0.019 0.148 0.132 0.116 0.110 0.135 0.125 
 60 COPE-0060    (0)   :  0.126 0.106 0.007 0.127 0.110 0.144 0.129 0.121 0.131 
 61 COPE-0061    (0)   :  0.120 0.109 0.011 0.123 0.107 0.159 0.135 0.101 0.136 
 62 COPE-0062    (0)   :  0.126 0.137 0.009 0.130 0.129 0.122 0.128 0.104 0.116 
 63 COPE-0063    (0)   :  0.130 0.137 0.025 0.088 0.154 0.092 0.113 0.133 0.127 
 64 COPE-0064    (0)   :  0.128 0.121 0.009 0.128 0.124 0.127 0.120 0.118 0.125 
 65 COPE-0065    (0)   :  0.006 0.006 0.953 0.006 0.006 0.006 0.006 0.006 0.006 
 66 COPE-0066    (0)   :  0.116 0.146 0.016 0.122 0.120 0.111 0.107 0.146 0.116 
 67 COPE-0067   (14)   :  0.027 0.031 0.778 0.027 0.026 0.027 0.026 0.030 0.028 
 68 COPE-0068    (0)   :  0.098 0.115 0.010 0.150 0.134 0.118 0.112 0.138 0.125 
 69 COPE-0069   (14)   :  0.120 0.126 0.012 0.128 0.131 0.122 0.121 0.119 0.122 
 70 COPE-0070    (0)   :  0.132 0.106 0.011 0.120 0.120 0.121 0.138 0.127 0.124 
 71 COPE-0071    (0)   :  0.119 0.155 0.004 0.121 0.117 0.116 0.111 0.138 0.118 
 72 COPE-0072    (0)   :  0.120 0.113 0.007 0.137 0.121 0.127 0.124 0.126 0.125 
 73 COPE-0073   (14)   :  0.041 0.039 0.678 0.038 0.033 0.049 0.046 0.034 0.041 
 74 COPE-0074    (0)   :  0.119 0.138 0.009 0.119 0.120 0.115 0.116 0.144 0.120 
 75 COPE-0075    (0)   :  0.126 0.142 0.012 0.113 0.115 0.111 0.118 0.146 0.115 
 76 COPE-0076    (0)   :  0.121 0.134 0.006 0.115 0.137 0.120 0.121 0.123 0.123 
 77 COPE-0077   (14)   :  0.121 0.123 0.009 0.129 0.124 0.121 0.116 0.130 0.128 
 78 COPE-0078   (14)   :  0.133 0.113 0.008 0.118 0.122 0.123 0.144 0.118 0.122 
 79 COPE-0079    (0)   :  0.146 0.070 0.008 0.134 0.117 0.124 0.160 0.121 0.119 
 80 COPE-0080   (42)   :  0.020 0.020 0.837 0.021 0.020 0.020 0.020 0.021 0.021 
 81 COPE-0081   (14)   :  0.069 0.073 0.459 0.062 0.071 0.063 0.065 0.071 0.069 
 82 COPE-0082   (14)   :  0.122 0.137 0.045 0.102 0.126 0.106 0.112 0.134 0.117 
 83 COPE-0083   (14)   :  0.136 0.128 0.006 0.138 0.143 0.128 0.120 0.088 0.113 
 84 COPE-0084    (0)   :  0.101 0.089 0.217 0.092 0.074 0.130 0.112 0.076 0.108 
 85 COPE-0085    (0)   :  0.123 0.104 0.010 0.127 0.120 0.125 0.141 0.126 0.124 
 86 COPE-0086    (0)   :  0.123 0.128 0.020 0.118 0.105 0.129 0.122 0.126 0.130 
 87 COPE-0087   (14)   :  0.124 0.110 0.007 0.122 0.106 0.150 0.132 0.117 0.132 
 88 COPE-0088   (14)   :  0.126 0.104 0.025 0.123 0.114 0.133 0.134 0.118 0.123 
 89 COPE-0089   (14)   :  0.008 0.008 0.940 0.007 0.008 0.007 0.007 0.008 0.008 
 90 COPE-0090    (0)   :  0.136 0.138 0.008 0.097 0.146 0.102 0.112 0.134 0.127 
 91 COPE-0091   (14)   :  0.126 0.111 0.006 0.126 0.111 0.150 0.130 0.112 0.129 
 92 COPE-0092   (28)   :  0.022 0.022 0.811 0.025 0.023 0.023 0.024 0.025 0.024 
 93 COPE-0093    (0)   :  0.131 0.141 0.006 0.089 0.160 0.092 0.115 0.135 0.130 
 94 COPE-0094    (0)   :  0.142 0.070 0.029 0.132 0.116 0.120 0.155 0.120 0.116 
 95 COPE-0095    (0)   :  0.131 0.116 0.005 0.113 0.103 0.162 0.137 0.099 0.133 
 96 COPE-0096    (0)   :  0.128 0.125 0.009 0.123 0.118 0.139 0.127 0.107 0.123 
 97 COPE-0097    (0)   :  0.127 0.146 0.008 0.116 0.124 0.117 0.119 0.127 0.116 
 98 COPE-0098    (0)   :  0.141 0.128 0.009 0.114 0.141 0.116 0.116 0.112 0.122 
 99 COPE-0099    (0)   :  0.101 0.120 0.022 0.142 0.124 0.116 0.103 0.141 0.130 
100 COPE-0100    (0)   :  0.116 0.130 0.007 0.128 0.125 0.115 0.118 0.135 0.125 
101 COPE-0101    (0)   :  0.123 0.131 0.045 0.111 0.127 0.106 0.107 0.131 0.118 
102 COPE-0102    (0)   :  0.124 0.112 0.006 0.129 0.123 0.120 0.123 0.137 0.127 
103 COPE-0103    (0)   :  0.135 0.102 0.017 0.128 0.124 0.124 0.140 0.112 0.118 
104 COPE-0104   (14)   :  0.123 0.148 0.007 0.113 0.129 0.108 0.114 0.138 0.120 
105 COPE-0105    (0)   :  0.121 0.147 0.037 0.105 0.117 0.110 0.112 0.133 0.118 
106 COPE-0106    (0)   :  0.113 0.147 0.005 0.118 0.102 0.142 0.149 0.107 0.117 
107 COPE-0107    (0)   :  0.021 0.020 0.844 0.017 0.021 0.017 0.019 0.020 0.020 
108 COPE-0108    (0)   :  0.130 0.136 0.006 0.123 0.131 0.120 0.117 0.118 0.118 
109 COPE-0109    (0)   :  0.135 0.098 0.011 0.130 0.119 0.119 0.138 0.127 0.122 
110 COPE-0110   (14)   :  0.122 0.119 0.014 0.122 0.110 0.139 0.136 0.111 0.127 
111 COPE-0111    (0)   :  0.121 0.127 0.009 0.124 0.108 0.140 0.136 0.112 0.122 
112 COPE-0112   (14)   :  0.120 0.142 0.011 0.118 0.126 0.109 0.114 0.144 0.117 
113 COPE-0113    (0)   :  0.114 0.122 0.020 0.130 0.130 0.113 0.114 0.133 0.125 
114 COPE-0114    (0)   :  0.116 0.136 0.009 0.119 0.117 0.130 0.133 0.118 0.121 
115 COPE-0115    (0)   :  0.029 0.026 0.782 0.028 0.028 0.030 0.028 0.023 0.027 
116 COPE-0116   (28)   :  0.010 0.010 0.917 0.011 0.010 0.010 0.010 0.011 0.010 
117 COPE-0117    (0)   :  0.127 0.111 0.010 0.114 0.100 0.168 0.139 0.094 0.136 
118 COPE-0118    (0)   :  0.117 0.141 0.009 0.123 0.113 0.135 0.141 0.107 0.115 
119 COPE-0119    (0)   :  0.128 0.142 0.010 0.122 0.131 0.125 0.124 0.105 0.113 
120 COPE-0120    (0)   :  0.122 0.116 0.011 0.132 0.121 0.119 0.119 0.134 0.127 
121 COPE-0121    (0)   :  0.110 0.129 0.058 0.119 0.116 0.123 0.118 0.110 0.117 
122 COPE-0122    (0)   :  0.128 0.103 0.008 0.132 0.116 0.121 0.129 0.140 0.122 
123 COPE-0123    (0)   :  0.126 0.116 0.016 0.124 0.118 0.115 0.121 0.142 0.122 
124 COPE-0124    (0)   :  0.125 0.113 0.013 0.133 0.110 0.118 0.118 0.140 0.130 
125 COPE-0125    (0)   :  0.115 0.147 0.007 0.114 0.131 0.120 0.116 0.128 0.122 
126 COPE-0126    (0)   :  0.130 0.114 0.012 0.112 0.102 0.166 0.138 0.094 0.133 
127 COPE-0127   (14)   :  0.126 0.125 0.007 0.115 0.125 0.125 0.126 0.124 0.126 
128 COPE-0128    (0)   :  0.116 0.130 0.018 0.127 0.108 0.130 0.119 0.125 0.127 
129 COPE-0129    (0)   :  0.134 0.087 0.006 0.135 0.119 0.123 0.148 0.127 0.121 
130 COPE-0130    (0)   :  0.108 0.120 0.013 0.138 0.130 0.119 0.115 0.131 0.126 
131 COPE-0131   (14)   :  0.124 0.125 0.009 0.142 0.138 0.121 0.116 0.108 0.117 
132 COPE-0132   (14)   :  0.117 0.130 0.039 0.110 0.117 0.127 0.129 0.111 0.120 
133 COPE-0133    (0)   :  0.129 0.106 0.009 0.118 0.093 0.169 0.144 0.097 0.135 
134 COPE-0134    (0)   :  0.125 0.110 0.007 0.130 0.117 0.125 0.128 0.131 0.125 
135 COPE-0135    (0)   :  0.123 0.141 0.008 0.111 0.135 0.109 0.110 0.139 0.123 
136 COPE-0136    (0)   :  0.013 0.012 0.896 0.013 0.013 0.013 0.013 0.013 0.013 
137 COPE-0137    (0)   :  0.107 0.117 0.012 0.140 0.122 0.115 0.116 0.146 0.126 
138 COPE-0138   (14)   :  0.009 0.009 0.929 0.009 0.009 0.009 0.009 0.009 0.009 
139 COPE-0139    (0)   :  0.103 0.124 0.008 0.140 0.120 0.120 0.119 0.137 0.128 
140 COPE-0140   (14)   :  0.022 0.024 0.814 0.024 0.023 0.023 0.022 0.024 0.024 
141 COPE-0141    (0)   :  0.131 0.129 0.008 0.102 0.147 0.101 0.118 0.135 0.129 
142 COPE-0142    (0)   :  0.125 0.133 0.009 0.110 0.137 0.114 0.120 0.128 0.125 
143 COPE-0143    (0)   :  0.134 0.116 0.009 0.112 0.113 0.138 0.131 0.114 0.132 
144 COPE-0144   (14)   :  0.094 0.093 0.202 0.104 0.093 0.107 0.103 0.101 0.105 
145 COPE-0145   (14)   :  0.077 0.087 0.327 0.089 0.076 0.084 0.078 0.092 0.089 
146 COPE-0146   (14)   :  0.127 0.124 0.028 0.110 0.117 0.130 0.121 0.116 0.127 
147 COPE-0147    (0)   :  0.125 0.107 0.069 0.111 0.120 0.105 0.118 0.125 0.119 
148 COPE-0148    (0)   :  0.128 0.109 0.009 0.115 0.100 0.164 0.145 0.097 0.132 
149 COPE-0149    (0)   :  0.108 0.108 0.007 0.139 0.128 0.136 0.120 0.126 0.129 
150 COPE-0150    (0)   :  0.117 0.152 0.008 0.117 0.116 0.109 0.112 0.153 0.116 
151 COPE-0151    (0)   :  0.119 0.127 0.007 0.122 0.123 0.128 0.117 0.124 0.132 
152 COPE-0152   (14)   :  0.120 0.116 0.126 0.091 0.125 0.092 0.100 0.117 0.113 
153 COPE-0153    (0)   :  0.132 0.123 0.006 0.128 0.128 0.123 0.122 0.116 0.121 
154 COPE-0154    (0)   :  0.117 0.127 0.007 0.123 0.129 0.130 0.121 0.121 0.125 
155 COPE-0155    (0)   :  0.114 0.125 0.006 0.132 0.118 0.130 0.113 0.132 0.130 
156 COPE-0156   (14)   :  0.009 0.009 0.929 0.009 0.009 0.009 0.009 0.009 0.009 
157 COPE-0157   (14)   :  0.094 0.093 0.265 0.082 0.099 0.082 0.095 0.099 0.093 
158 COPE-0158    (0)   :  0.122 0.107 0.009 0.126 0.103 0.157 0.135 0.105 0.135 
159 COPE-0159    (0)   :  0.135 0.125 0.008 0.114 0.130 0.115 0.128 0.121 0.124 
160 COPE-0160    (0)   :  0.137 0.108 0.006 0.124 0.121 0.118 0.136 0.125 0.125 
161 COPE-0161    (0)   :  0.128 0.110 0.012 0.128 0.128 0.112 0.122 0.137 0.123 
162 COPE-0162   (14)   :  0.007 0.007 0.944 0.007 0.007 0.007 0.007 0.007 0.007 
163 COPE-0163   (28)   :  0.013 0.013 0.894 0.013 0.013 0.013 0.013 0.013 0.013 
164 COPE-0164    (0)   :  0.120 0.123 0.030 0.121 0.115 0.123 0.114 0.125 0.129 
165 COPE-0165    (0)   :  0.113 0.117 0.008 0.137 0.125 0.120 0.116 0.138 0.126 
166 COPE-0166   (14)   :  0.130 0.102 0.008 0.131 0.112 0.127 0.135 0.128 0.126 
167 COPE-0167    (0)   :  0.131 0.107 0.008 0.122 0.114 0.134 0.149 0.115 0.120 
168 COPE-0168    (0)   :  0.132 0.119 0.006 0.117 0.114 0.142 0.131 0.108 0.132 
169 COPE-0169    (0)   :  0.100 0.114 0.011 0.152 0.135 0.117 0.112 0.135 0.123 
170 COPE-0170    (0)   :  0.126 0.135 0.028 0.107 0.139 0.103 0.112 0.124 0.125 
171 COPE-0171    (0)   :  0.125 0.134 0.008 0.114 0.122 0.128 0.124 0.117 0.128 
172 COPE-0172    (0)   :  0.131 0.126 0.007 0.123 0.120 0.124 0.119 0.124 0.126 
173 COPE-0173   (14)   :  0.099 0.108 0.063 0.141 0.124 0.112 0.102 0.130 0.121 
174 COPE-0174   (28)   :  0.122 0.122 0.017 0.118 0.123 0.123 0.121 0.127 0.129 
175 COPE-0175    (0)   :  0.133 0.105 0.040 0.121 0.105 0.130 0.130 0.111 0.124 
176 COPE-0176    (0)   :  0.125 0.127 0.009 0.111 0.127 0.120 0.138 0.119 0.123 
177 COPE-0177    (0)   :  0.108 0.112 0.007 0.143 0.134 0.122 0.113 0.134 0.129 
178 COPE-0178    (0)   :  0.114 0.147 0.007 0.118 0.102 0.141 0.147 0.108 0.117 
179 COPE-0179    (0)   :  0.116 0.126 0.009 0.129 0.125 0.116 0.114 0.138 0.128 
180 COPE-0180   (14)   :  0.100 0.112 0.006 0.151 0.136 0.120 0.112 0.140 0.123 
181 COPE-0181   (14)   :  0.105 0.112 0.009 0.146 0.132 0.118 0.117 0.136 0.125 
182 COPE-0182    (0)   :  0.134 0.140 0.005 0.114 0.133 0.114 0.111 0.130 0.118 
183 COPE-0183    (0)   :  0.124 0.124 0.011 0.122 0.121 0.123 0.118 0.130 0.127 
184 COPE-0184    (0)   :  0.133 0.105 0.009 0.121 0.117 0.131 0.148 0.113 0.123 
185 COPE-0185    (0)   :  0.132 0.136 0.007 0.114 0.144 0.110 0.112 0.122 0.123 
186 COPE-0186    (0)   :  0.135 0.131 0.005 0.134 0.139 0.124 0.122 0.096 0.114 
187 COPE-0187    (0)   :  0.129 0.142 0.010 0.108 0.127 0.107 0.118 0.140 0.120 
188 COPE-0188    (0)   :  0.025 0.026 0.799 0.024 0.024 0.024 0.025 0.028 0.024 
189 COPE-0189    (0)   :  0.108 0.125 0.008 0.135 0.131 0.118 0.120 0.136 0.120 
190 COPE-0190    (0)   :  0.130 0.104 0.015 0.127 0.122 0.118 0.128 0.132 0.124 
191 COPE-0191    (0)   :  0.123 0.115 0.012 0.131 0.130 0.126 0.118 0.118 0.126 
192 COPE-0192   (14)   :  0.011 0.011 0.915 0.011 0.011 0.011 0.010 0.009 0.010 
193 COPE-0193    (0)   :  0.131 0.122 0.006 0.119 0.107 0.142 0.130 0.113 0.130 
194 COPE-0194    (0)   :  0.123 0.151 0.009 0.119 0.115 0.114 0.109 0.142 0.118 
195 COPE-0195    (0)   :  0.124 0.127 0.007 0.123 0.117 0.120 0.119 0.141 0.123 
196 COPE-0196    (0)   :  0.128 0.126 0.011 0.122 0.127 0.115 0.116 0.130 0.125 
197 COPE-0197    (0)   :  0.109 0.112 0.007 0.143 0.125 0.126 0.109 0.137 0.130 
198 COPE-0198    (0)   :  0.113 0.126 0.014 0.129 0.139 0.116 0.115 0.124 0.124 
199 COPE-0199    (0)   :  0.099 0.113 0.011 0.151 0.139 0.119 0.110 0.136 0.123 
200 COPE-0200   (42)   :  0.102 0.112 0.009 0.150 0.134 0.118 0.116 0.134 0.126 
201 COPE-0201    (0)   :  0.126 0.135 0.009 0.113 0.137 0.116 0.119 0.122 0.123 
202 COPE-0202    (0)   :  0.141 0.106 0.013 0.117 0.129 0.111 0.141 0.121 0.121 
203 COPE-0203    (0)   :  0.124 0.127 0.006 0.119 0.128 0.120 0.123 0.127 0.126 
204 COPE-0204    (0)   :  0.115 0.147 0.032 0.112 0.108 0.125 0.124 0.121 0.115 
205 COPE-0205    (0)   :  0.132 0.117 0.022 0.120 0.107 0.137 0.122 0.114 0.130 
206 COPE-0206    (0)   :  0.116 0.147 0.005 0.121 0.110 0.134 0.132 0.116 0.120 
207 COPE-0207    (0)   :  0.120 0.137 0.011 0.119 0.115 0.133 0.137 0.111 0.117 
208 COPE-0208    (0)   :  0.029 0.032 0.764 0.030 0.030 0.027 0.027 0.031 0.030 
209 COPE-0209    (0)   :  0.114 0.130 0.006 0.136 0.126 0.119 0.116 0.132 0.120 
210 COPE-0210    (0)   :  0.125 0.117 0.011 0.121 0.105 0.148 0.132 0.112 0.129 
211 COPE-0211    (0)   :  0.119 0.153 0.005 0.117 0.117 0.110 0.113 0.149 0.117 
212 COPE-0212    (0)   :  0.122 0.133 0.012 0.115 0.116 0.133 0.134 0.113 0.122 
213 COPE-0213    (0)   :  0.122 0.134 0.008 0.124 0.116 0.126 0.122 0.125 0.123 
214 COPE-0214    (0)   :  0.097 0.115 0.008 0.154 0.137 0.117 0.110 0.137 0.124 
215 COPE-0215    (0)   :  0.094 0.107 0.044 0.148 0.132 0.115 0.106 0.135 0.120 
216 COPE-0216   (14)   :  0.074 0.070 0.410 0.074 0.065 0.082 0.077 0.071 0.077 
217 COPE-0217    (0)   :  0.113 0.132 0.028 0.117 0.107 0.136 0.140 0.111 0.116 
218 COPE-0218    (0)   :  0.121 0.121 0.009 0.130 0.124 0.127 0.116 0.124 0.129 
219 COPE-0219   (14)   :  0.109 0.116 0.009 0.142 0.131 0.122 0.114 0.131 0.127 
220 COPE-0220    (0)   :  0.114 0.138 0.014 0.122 0.107 0.134 0.138 0.115 0.118 
221 COPE-0221    (0)   :  0.135 0.139 0.016 0.094 0.151 0.093 0.116 0.127 0.128 
222 COPE-0222    (0)   :  0.135 0.124 0.007 0.107 0.122 0.140 0.129 0.107 0.129 
223 COPE-0223    (0)   :  0.108 0.108 0.008 0.148 0.129 0.120 0.108 0.144 0.129 
224 COPE-0224    (0)   :  0.143 0.075 0.020 0.128 0.117 0.125 0.158 0.115 0.119 
225 COPE-0225    (0)   :  0.095 0.115 0.015 0.153 0.136 0.117 0.111 0.135 0.123 
226 COPE-0226    (0)   :  0.124 0.123 0.007 0.119 0.124 0.128 0.128 0.122 0.126 
227 COPE-0227    (0)   :  0.125 0.128 0.006 0.134 0.131 0.125 0.119 0.112 0.120 
228 COPE-0228    (0)   :  0.116 0.130 0.020 0.121 0.106 0.137 0.134 0.115 0.120 
229 COPE-0229    (0)   :  0.117 0.123 0.007 0.126 0.124 0.123 0.123 0.129 0.127 
230 COPE-0230    (0)   :  0.117 0.133 0.010 0.116 0.131 0.125 0.118 0.124 0.125 
231 COPE-0231    (0)   :  0.113 0.117 0.006 0.138 0.122 0.129 0.115 0.132 0.128 
232 COPE-0232    (0)   :  0.133 0.099 0.015 0.130 0.117 0.120 0.136 0.127 0.123 
233 COPE-0233    (0)   :  0.139 0.129 0.005 0.114 0.131 0.123 0.119 0.114 0.125 
234 COPE-0234    (0)   :  0.136 0.097 0.008 0.133 0.112 0.122 0.136 0.132 0.124 
235 COPE-0235    (0)   :  0.126 0.105 0.006 0.138 0.118 0.118 0.122 0.143 0.126 
236 COPE-0236    (0)   :  0.115 0.144 0.005 0.116 0.126 0.131 0.122 0.120 0.121 
237 COPE-0237    (0)   :  0.136 0.135 0.006 0.123 0.142 0.113 0.113 0.112 0.120 
238 COPE-0238    (0)   :  0.098 0.104 0.008 0.155 0.137 0.125 0.111 0.133 0.129 
239 COPE-0239    (0)   :  0.130 0.092 0.034 0.123 0.117 0.124 0.139 0.120 0.121 
240 COPE-0240    (0)   :  0.133 0.114 0.008 0.120 0.104 0.155 0.136 0.100 0.129 
241 COPE-0241    (0)   :  0.094 0.109 0.007 0.158 0.138 0.115 0.115 0.141 0.123 
242 COPE-0242    (0)   :  0.125 0.138 0.006 0.124 0.122 0.134 0.130 0.105 0.115 
243 COPE-0243    (0)   :  0.125 0.141 0.008 0.116 0.117 0.113 0.115 0.146 0.119 
244 COPE-0244    (0)   :  0.120 0.120 0.009 0.131 0.122 0.120 0.117 0.136 0.126 
245 COPE-0245    (0)   :  0.126 0.143 0.012 0.114 0.119 0.111 0.113 0.144 0.118 
246 COPE-0246    (0)   :  0.128 0.114 0.013 0.122 0.118 0.125 0.125 0.126 0.129 
247 COPE-0247    (0)   :  0.122 0.132 0.017 0.118 0.140 0.106 0.114 0.126 0.125 
248 COPE-0248    (0)   :  0.126 0.144 0.005 0.120 0.123 0.118 0.112 0.133 0.119 
249 COPE-0249    (0)   :  0.121 0.095 0.032 0.131 0.116 0.121 0.138 0.125 0.121 
250 COPE-0250    (0)   :  0.136 0.093 0.016 0.128 0.113 0.124 0.148 0.123 0.118 
251 COPE-0251   (14)   :  0.033 0.034 0.750 0.028 0.036 0.028 0.029 0.031 0.031 
252 COPE-0252    (0)   :  0.134 0.091 0.012 0.131 0.114 0.127 0.144 0.126 0.122 
253 COPE-0253    (0)   :  0.131 0.138 0.008 0.095 0.154 0.096 0.114 0.134 0.130 
254 COPE-0254    (0)   :  0.128 0.138 0.014 0.108 0.123 0.114 0.121 0.131 0.123 
255 COPE-0255    (0)   :  0.126 0.136 0.026 0.111 0.137 0.103 0.109 0.132 0.121 
256 COPE-0256    (0)   :  0.130 0.114 0.011 0.116 0.094 0.163 0.142 0.097 0.133 
257 COPE-0257    (0)   :  0.134 0.127 0.008 0.136 0.140 0.122 0.119 0.100 0.115 
258 COPE-0258    (0)   :  0.125 0.133 0.021 0.128 0.128 0.118 0.115 0.113 0.119 
259 COPE-0259    (0)   :  0.123 0.137 0.006 0.123 0.120 0.123 0.114 0.130 0.124 
260 COPE-0260    (0)   :  0.104 0.110 0.024 0.145 0.129 0.119 0.110 0.134 0.124 
261 COPE-0261    (0)   :  0.125 0.154 0.006 0.110 0.118 0.116 0.120 0.133 0.118 
262 COPE-0262    (0)   :  0.125 0.129 0.020 0.113 0.104 0.132 0.124 0.125 0.128 
263 COPE-0263    (0)   :  0.136 0.129 0.008 0.131 0.139 0.123 0.113 0.106 0.116 
264 COPE-0264    (0)   :  0.128 0.129 0.020 0.128 0.133 0.117 0.115 0.112 0.118 
265 COPE-0265    (0)   :  0.125 0.134 0.011 0.110 0.133 0.115 0.115 0.130 0.127 
266 COPE-0266    (0)   :  0.120 0.136 0.018 0.120 0.107 0.130 0.130 0.120 0.120 
267 COPE-0267    (0)   :  0.139 0.120 0.006 0.116 0.130 0.119 0.128 0.119 0.122 
268 COPE-0268    (0)   :  0.142 0.128 0.013 0.122 0.137 0.118 0.114 0.107 0.119 
269 COPE-0269    (0)   :  0.126 0.112 0.007 0.128 0.113 0.140 0.130 0.117 0.128 
270 COPE-0270    (0)   :  0.118 0.149 0.007 0.117 0.120 0.109 0.114 0.151 0.114 
271 COPE-0271    (0)   :  0.119 0.108 0.007 0.133 0.117 0.134 0.122 0.133 0.127 
272 COPE-0272    (0)   :  0.128 0.124 0.007 0.115 0.133 0.112 0.121 0.133 0.127 
273 COPE-0273    (0)   :  0.121 0.138 0.015 0.111 0.120 0.125 0.131 0.116 0.123 
274 COPE-0274   (14)   :  0.022 0.025 0.821 0.021 0.022 0.021 0.021 0.025 0.021 
275 COPE-0275    (0)   :  0.121 0.126 0.010 0.127 0.121 0.117 0.123 0.135 0.119 
276 COPE-0276   (14)   :  0.006 0.006 0.950 0.006 0.006 0.006 0.006 0.006 0.006 
277 COPE-0277   (14)   :  0.123 0.118 0.013 0.118 0.101 0.158 0.138 0.100 0.129 
278 COPE-0278    (0)   :  0.115 0.143 0.007 0.117 0.102 0.143 0.149 0.108 0.116 
279 COPE-0279    (0)   :  0.126 0.126 0.009 0.122 0.108 0.131 0.127 0.124 0.127 
280 COPE-0280    (0)   :  0.013 0.013 0.896 0.013 0.013 0.013 0.013 0.013 0.013 
281 COPE-0281    (0)   :  0.027 0.030 0.756 0.032 0.030 0.029 0.030 0.034 0.032 
282 COPE-0282   (14)   :  0.148 0.071 0.006 0.132 0.119 0.124 0.163 0.119 0.119 
283 COPE-0283    (0)   :  0.117 0.137 0.007 0.118 0.106 0.142 0.142 0.111 0.119 
284 COPE-0284   (14)   :  0.102 0.114 0.035 0.141 0.121 0.115 0.110 0.139 0.121 
285 COPE-0285    (0)   :  0.031 0.031 0.748 0.032 0.033 0.032 0.031 0.030 0.032 
286 COPE-0286    (0)   :  0.114 0.135 0.011 0.130 0.113 0.114 0.116 0.142 0.126 
287 COPE-0287    (0)   :  0.140 0.125 0.033 0.124 0.133 0.117 0.110 0.104 0.114 
288 COPE-0288    (0)   :  0.136 0.136 0.010 0.098 0.147 0.098 0.120 0.128 0.128 
289 COPE-0289    (0)   :  0.126 0.122 0.008 0.117 0.129 0.132 0.123 0.114 0.128 
290 COPE-0290    (0)   :  0.111 0.142 0.008 0.129 0.123 0.111 0.114 0.144 0.119 
291 COPE-0291    (0)   :  0.119 0.128 0.006 0.136 0.123 0.125 0.119 0.121 0.123 
292 COPE-0292   (42)   :  0.014 0.014 0.885 0.014 0.014 0.014 0.014 0.015 0.015 
293 COPE-0293    (0)   :  0.128 0.140 0.008 0.098 0.147 0.102 0.115 0.134 0.129 
294 COPE-0294    (0)   :  0.124 0.114 0.012 0.130 0.115 0.120 0.124 0.134 0.126 
295 COPE-0295    (0)   :  0.133 0.105 0.008 0.117 0.120 0.132 0.147 0.113 0.126 
296 COPE-0296   (14)   :  0.126 0.137 0.007 0.109 0.129 0.116 0.123 0.130 0.124 
297 COPE-0297   (14)   :  0.094 0.114 0.035 0.148 0.129 0.115 0.111 0.134 0.120 
298 COPE-0298    (0)   :  0.125 0.118 0.010 0.118 0.136 0.110 0.123 0.136 0.123 
299 COPE-0299    (0)   :  0.126 0.153 0.006 0.112 0.125 0.111 0.110 0.142 0.116 
300 COPE-0300   (14)   :  0.135 0.116 0.008 0.125 0.114 0.143 0.128 0.104 0.127 
301 COPE-0301   (14)   :  0.134 0.140 0.009 0.088 0.159 0.091 0.114 0.135 0.131 
302 COPE-0302    (0)   :  0.095 0.095 0.234 0.093 0.099 0.110 0.097 0.080 0.097 
303 COPE-0303    (0)   :  0.118 0.132 0.006 0.124 0.109 0.136 0.137 0.116 0.121 
304 COPE-0304    (0)   :  0.129 0.120 0.007 0.120 0.122 0.124 0.121 0.129 0.128 
305 COPE-0305   (14)   :  0.125 0.108 0.037 0.128 0.113 0.127 0.126 0.116 0.120 
306 COPE-0306    (0)   :  0.114 0.146 0.009 0.119 0.106 0.140 0.142 0.107 0.117 
307 COPE-0307   (28)   :  0.008 0.008 0.935 0.008 0.008 0.008 0.008 0.008 0.008 
308 COPE-0308    (0)   :  0.146 0.082 0.006 0.126 0.123 0.118 0.158 0.120 0.122 
309 COPE-0309   (14)   :  0.047 0.048 0.632 0.043 0.046 0.042 0.044 0.049 0.048 
310 COPE-0310   (28)   :  0.048 0.046 0.641 0.049 0.050 0.044 0.044 0.035 0.042 
311 COPE-0311    (0)   :  0.125 0.134 0.023 0.121 0.130 0.122 0.119 0.107 0.118 
312 COPE-0312   (28)   :  0.012 0.013 0.899 0.013 0.012 0.013 0.013 0.012 0.012 
313 COPE-0313    (0)   :  0.122 0.142 0.008 0.128 0.122 0.126 0.128 0.110 0.114 
314 COPE-0314    (0)   :  0.138 0.135 0.008 0.121 0.134 0.117 0.108 0.123 0.117 
315 COPE-0315    (0)   :  0.116 0.121 0.008 0.138 0.129 0.124 0.121 0.122 0.120 
316 COPE-0316    (0)   :  0.111 0.138 0.021 0.125 0.118 0.120 0.111 0.137 0.120 
317 COPE-0317   (14)   :  0.009 0.008 0.932 0.009 0.009 0.009 0.009 0.008 0.008 
318 COPE-0318    (0)   :  0.119 0.127 0.005 0.131 0.125 0.115 0.120 0.137 0.120 
319 COPE-0319    (0)   :  0.135 0.094 0.007 0.134 0.121 0.125 0.138 0.125 0.121 
320 COPE-0320   (14)   :  0.130 0.125 0.014 0.107 0.135 0.111 0.117 0.131 0.129 
321 COPE-0321   (14)   :  0.130 0.137 0.011 0.129 0.134 0.118 0.119 0.109 0.114 
322 COPE-0322   (14)   :  0.114 0.116 0.006 0.141 0.123 0.118 0.114 0.144 0.124 
323 COPE-0323    (0)   :  0.136 0.128 0.009 0.140 0.145 0.123 0.117 0.090 0.113 
324 COPE-0324    (0)   :  0.101 0.119 0.006 0.147 0.134 0.121 0.116 0.132 0.123 
325 COPE-0325   (14)   :  0.128 0.107 0.011 0.118 0.094 0.171 0.142 0.094 0.134 
326 COPE-0326    (0)   :  0.132 0.125 0.007 0.108 0.134 0.111 0.134 0.122 0.127 
327 COPE-0327   (14)   :  0.131 0.135 0.008 0.101 0.148 0.097 0.114 0.136 0.131 
328 COPE-0328    (0)   :  0.116 0.126 0.006 0.132 0.119 0.123 0.118 0.134 0.126 
329 COPE-0329   (28)   :  0.106 0.123 0.012 0.140 0.129 0.121 0.116 0.129 0.123 
330 COPE-0330    (0)   :  0.134 0.132 0.021 0.123 0.126 0.115 0.107 0.123 0.118 
331 COPE-0331    (0)   :  0.133 0.141 0.006 0.091 0.155 0.095 0.116 0.134 0.129 
332 COPE-0332   (14)   :  0.123 0.129 0.007 0.127 0.112 0.130 0.127 0.122 0.124 
333 COPE-0333    (0)   :  0.111 0.117 0.151 0.085 0.128 0.086 0.095 0.116 0.111 
334 COPE-0334   (28)   :  0.054 0.053 0.595 0.053 0.057 0.049 0.049 0.043 0.048 
335 COPE-0335    (0)   :  0.099 0.117 0.007 0.152 0.137 0.118 0.112 0.136 0.123 
336 COPE-0336    (0)   :  0.126 0.136 0.006 0.117 0.132 0.106 0.116 0.131 0.130 
337 COPE-0337   (28)   :  0.017 0.018 0.853 0.020 0.019 0.018 0.018 0.019 0.018 
338 COPE-0338    (0)   :  0.134 0.129 0.021 0.131 0.132 0.120 0.111 0.106 0.116 
339 COPE-0339    (0)   :  0.130 0.115 0.006 0.115 0.104 0.168 0.140 0.090 0.132 
340 COPE-0340   (14)   :  0.012 0.012 0.904 0.012 0.013 0.012 0.012 0.012 0.012 
341 COPE-0341    (0)   :  0.140 0.100 0.007 0.129 0.116 0.120 0.136 0.128 0.125 
342 COPE-0342    (0)   :  0.096 0.110 0.007 0.155 0.137 0.117 0.112 0.139 0.125 
343 COPE-0343    (0)   :  0.126 0.139 0.006 0.112 0.120 0.122 0.128 0.122 0.124 
344 COPE-0344   (14)   :  0.011 0.010 0.915 0.011 0.011 0.011 0.011 0.010 0.011 
345 COPE-0345    (0)   :  0.136 0.092 0.006 0.130 0.118 0.127 0.144 0.124 0.122 
346 COPE-0346    (0)   :  0.123 0.118 0.032 0.128 0.112 0.114 0.110 0.133 0.128 
347 COPE-0347    (0)   :  0.124 0.136 0.007 0.116 0.121 0.124 0.117 0.129 0.125 
348 COPE-0348    (0)   :  0.120 0.142 0.015 0.120 0.117 0.120 0.120 0.129 0.118 
349 COPE-0349    (0)   :  0.106 0.107 0.006 0.151 0.133 0.121 0.110 0.141 0.124 
350 COPE-0350    (0)   :  0.116 0.139 0.006 0.124 0.123 0.117 0.111 0.143 0.120 
351 COPE-0351    (0)   :  0.120 0.144 0.006 0.120 0.125 0.115 0.109 0.144 0.117 
352 COPE-0352    (0)   :  0.110 0.121 0.027 0.131 0.115 0.121 0.119 0.131 0.126 
353 COPE-0353    (0)   :  0.134 0.123 0.005 0.134 0.140 0.120 0.115 0.112 0.118 
354 COPE-0354    (0)   :  0.130 0.127 0.016 0.120 0.137 0.114 0.119 0.118 0.120 
355 COPE-0355    (0)   :  0.129 0.110 0.006 0.114 0.092 0.176 0.145 0.091 0.137 
356 COPE-0356    (0)   :  0.131 0.137 0.008 0.109 0.128 0.109 0.121 0.134 0.123 
357 COPE-0357    (0)   :  0.116 0.120 0.008 0.139 0.128 0.119 0.117 0.131 0.123 
358 COPE-0358    (0)   :  0.007 0.007 0.940 0.008 0.008 0.007 0.007 0.008 0.008 
359 COPE-0359   (14)   :  0.126 0.113 0.009 0.127 0.113 0.124 0.126 0.133 0.128 
360 COPE-0360    (0)   :  0.131 0.130 0.006 0.131 0.134 0.125 0.122 0.104 0.116 
361 COPE-0361    (0)   :  0.127 0.107 0.009 0.132 0.117 0.118 0.125 0.142 0.123 
362 COPE-0362    (0)   :  0.101 0.116 0.007 0.153 0.134 0.119 0.113 0.136 0.122 
363 COPE-0363   (14)   :  0.130 0.110 0.013 0.130 0.108 0.121 0.122 0.136 0.131 
364 COPE-0364    (0)   :  0.140 0.132 0.006 0.133 0.138 0.118 0.108 0.110 0.116 
365 COPE-0365    (0)   :  0.138 0.134 0.019 0.132 0.144 0.117 0.109 0.096 0.110 
366 COPE-0366    (0)   :  0.102 0.117 0.023 0.145 0.132 0.116 0.105 0.141 0.118 
367 COPE-0367   (14)   :  0.013 0.011 0.904 0.012 0.012 0.011 0.013 0.012 0.012 
368 COPE-0368    (0)   :  0.127 0.117 0.010 0.115 0.108 0.155 0.136 0.100 0.133 
369 COPE-0369    (0)   :  0.127 0.129 0.009 0.113 0.134 0.114 0.119 0.128 0.127 
370 COPE-0370   (28)   :  0.009 0.009 0.929 0.009 0.009 0.009 0.009 0.009 0.009 
371 COPE-0371    (0)   :  0.134 0.136 0.013 0.111 0.140 0.115 0.116 0.114 0.120 
372 COPE-0372    (0)   :  0.108 0.125 0.046 0.122 0.119 0.124 0.125 0.116 0.116 
373 COPE-0373   (14)   :  0.138 0.119 0.007 0.108 0.134 0.109 0.138 0.121 0.126 
374 COPE-0374    (0)   :  0.138 0.112 0.008 0.126 0.120 0.127 0.128 0.116 0.124 
375 COPE-0375   (14)   :  0.137 0.122 0.010 0.137 0.137 0.126 0.119 0.099 0.115 
376 COPE-0376   (14)   :  0.127 0.149 0.006 0.112 0.119 0.112 0.119 0.137 0.120 
377 COPE-0377    (0)   :  0.053 0.048 0.590 0.051 0.054 0.047 0.053 0.053 0.052 
378 COPE-0378    (0)   :  0.127 0.119 0.006 0.125 0.109 0.146 0.131 0.109 0.127 
379 COPE-0379    (0)   :  0.098 0.109 0.007 0.154 0.136 0.114 0.116 0.141 0.124 
380 COPE-0380   (28)   :  0.033 0.040 0.720 0.033 0.031 0.038 0.038 0.032 0.034 
381 COPE-0381    (0)   :  0.127 0.118 0.011 0.124 0.125 0.122 0.126 0.124 0.123 
382 COPE-0382    (0)   :  0.097 0.111 0.006 0.154 0.138 0.118 0.115 0.137 0.124 
383 COPE-0383    (0)   :  0.134 0.121 0.058 0.132 0.139 0.115 0.107 0.087 0.107 
384 COPE-0384    (0)   :  0.128 0.128 0.008 0.120 0.118 0.138 0.129 0.107 0.123 


Estimated Allele Frequencies in each cluster
First column gives estimated ancestral frequencies


Locus 1 : COPE5 
78 alleles
0.5% missing data
   1   (0.007) 0.001 0.001 0.688 0.001 0.001 0.001 0.001 0.001 0.001 
   2   (0.023) 0.025 0.022 0.013 0.024 0.024 0.025 0.026 0.024 0.025 
   3   (0.014) 0.015 0.011 0.001 0.015 0.013 0.016 0.017 0.014 0.015 
   4   (0.023) 0.023 0.023 0.001 0.026 0.024 0.027 0.025 0.026 0.026 
   5   (0.011) 0.009 0.010 0.001 0.011 0.011 0.009 0.009 0.011 0.010 
   6   (0.019) 0.017 0.016 0.004 0.020 0.018 0.017 0.019 0.019 0.018 
   7   (0.008) 0.004 0.003 0.001 0.004 0.003 0.004 0.004 0.004 0.004 
   8   (0.033) 0.091 0.090 0.002 0.085 0.083 0.097 0.104 0.082 0.088 
   9   (0.020) 0.022 0.020 0.001 0.023 0.020 0.021 0.022 0.024 0.022 
  10   (0.019) 0.021 0.021 0.001 0.020 0.020 0.020 0.018 0.020 0.020 
  11   (0.015) 0.016 0.016 0.014 0.016 0.017 0.014 0.013 0.013 0.014 
  12   (0.016) 0.024 0.026 0.001 0.019 0.028 0.019 0.022 0.025 0.024 
  13   (0.011) 0.011 0.012 0.001 0.009 0.013 0.009 0.011 0.012 0.011 
  14   (0.024) 0.029 0.028 0.002 0.025 0.029 0.025 0.026 0.029 0.028 
  15   (0.016) 0.034 0.029 0.001 0.031 0.026 0.043 0.036 0.025 0.035 
  16   (0.010) 0.006 0.007 0.001 0.006 0.006 0.006 0.006 0.007 0.006 
  17   (0.018) 0.014 0.015 0.001 0.015 0.014 0.015 0.014 0.015 0.015 
  18   (0.017) 0.012 0.013 0.006 0.016 0.014 0.013 0.013 0.015 0.014 
  19   (0.011) 0.008 0.009 0.001 0.012 0.011 0.009 0.009 0.011 0.010 
  20   (0.029) 0.056 0.055 0.002 0.049 0.056 0.054 0.051 0.048 0.053 
  21   (0.022) 0.021 0.022 0.001 0.022 0.022 0.022 0.022 0.022 0.022 
  22   (0.019) 0.015 0.015 0.008 0.016 0.015 0.015 0.015 0.016 0.016 
  23   (0.013) 0.011 0.012 0.001 0.012 0.013 0.011 0.011 0.012 0.012 
  24   (0.015) 0.020 0.021 0.001 0.018 0.019 0.018 0.018 0.019 0.018 
  25   (0.010) 0.008 0.008 0.001 0.007 0.008 0.007 0.007 0.008 0.008 
  26   (0.013) 0.009 0.009 0.001 0.009 0.009 0.008 0.009 0.010 0.009 
  27   (0.012) 0.009 0.010 0.001 0.010 0.009 0.009 0.009 0.012 0.009 
  28   (0.008) 0.003 0.003 0.017 0.003 0.003 0.003 0.003 0.003 0.003 
  29   (0.013) 0.011 0.013 0.001 0.010 0.011 0.010 0.011 0.013 0.011 
  30   (0.019) 0.021 0.020 0.003 0.020 0.020 0.019 0.020 0.020 0.020 
  31   (0.019) 0.018 0.018 0.001 0.020 0.019 0.020 0.018 0.019 0.019 
  32   (0.024) 0.036 0.040 0.001 0.040 0.043 0.035 0.035 0.040 0.038 
  33   (0.006) 0.002 0.002 0.000 0.002 0.002 0.002 0.002 0.002 0.002 
  34   (0.018) 0.021 0.020 0.001 0.018 0.021 0.019 0.018 0.019 0.019 
  35   (0.006) 0.001 0.001 0.055 0.001 0.001 0.001 0.001 0.001 0.001 
  36   (0.006) 0.002 0.002 0.000 0.002 0.002 0.002 0.002 0.002 0.002 
  37   (0.021) 0.026 0.025 0.016 0.025 0.027 0.027 0.025 0.021 0.024 
  38   (0.015) 0.013 0.013 0.006 0.012 0.011 0.013 0.012 0.013 0.013 
  39   (0.014) 0.019 0.020 0.001 0.019 0.016 0.020 0.020 0.018 0.019 
  40   (0.011) 0.008 0.009 0.001 0.011 0.010 0.010 0.008 0.010 0.010 
  41   (0.009) 0.005 0.005 0.001 0.005 0.005 0.004 0.004 0.005 0.005 
  42   (0.006) 0.002 0.002 0.000 0.002 0.002 0.002 0.002 0.002 0.002 
  43   (0.009) 0.005 0.005 0.001 0.005 0.005 0.005 0.005 0.005 0.005 
  44   (0.023) 0.028 0.024 0.001 0.027 0.026 0.026 0.029 0.028 0.027 
  45   (0.006) 0.002 0.002 0.000 0.002 0.002 0.002 0.002 0.002 0.002 
  46   (0.016) 0.019 0.019 0.001 0.017 0.019 0.018 0.018 0.017 0.017 
  47   (0.009) 0.007 0.006 0.001 0.006 0.006 0.006 0.007 0.006 0.006 
  48   (0.006) 0.002 0.002 0.000 0.002 0.002 0.002 0.002 0.002 0.002 
  49   (0.015) 0.017 0.013 0.001 0.016 0.015 0.018 0.017 0.015 0.016 
  50   (0.013) 0.011 0.010 0.001 0.012 0.011 0.012 0.011 0.012 0.012 
  51   (0.012) 0.016 0.015 0.008 0.016 0.017 0.014 0.014 0.011 0.013 
  52   (0.014) 0.013 0.014 0.001 0.011 0.013 0.011 0.011 0.013 0.012 
  53   (0.006) 0.001 0.001 0.032 0.001 0.001 0.001 0.001 0.001 0.001 
  54   (0.007) 0.001 0.001 0.078 0.001 0.001 0.001 0.001 0.001 0.001 
  55   (0.010) 0.007 0.009 0.001 0.007 0.007 0.007 0.007 0.008 0.007 
  56   (0.010) 0.010 0.012 0.001 0.011 0.011 0.012 0.012 0.011 0.011 
  57   (0.013) 0.010 0.011 0.001 0.013 0.012 0.011 0.011 0.012 0.011 
  58   (0.009) 0.006 0.007 0.000 0.006 0.006 0.005 0.006 0.007 0.006 
  59   (0.011) 0.013 0.008 0.001 0.012 0.011 0.012 0.015 0.011 0.011 
  60   (0.010) 0.008 0.008 0.001 0.008 0.008 0.008 0.008 0.007 0.008 
  61   (0.006) 0.002 0.002 0.000 0.002 0.002 0.002 0.002 0.002 0.002 
  62   (0.012) 0.012 0.012 0.001 0.013 0.013 0.011 0.011 0.012 0.011 
  63   (0.011) 0.016 0.018 0.001 0.014 0.015 0.014 0.015 0.017 0.015 
  64   (0.009) 0.005 0.005 0.001 0.005 0.005 0.005 0.005 0.005 0.005 
  65   (0.019) 0.019 0.021 0.001 0.022 0.020 0.021 0.020 0.020 0.020 
  66   (0.009) 0.009 0.011 0.001 0.009 0.009 0.010 0.009 0.009 0.009 
  67   (0.010) 0.006 0.007 0.001 0.006 0.006 0.006 0.005 0.007 0.006 
  68   (0.013) 0.009 0.010 0.001 0.013 0.011 0.010 0.010 0.013 0.011 
  69   (0.006) 0.002 0.002 0.000 0.002 0.002 0.002 0.002 0.002 0.002 
  70   (0.006) 0.002 0.002 0.000 0.002 0.002 0.002 0.002 0.002 0.002 
  71   (0.011) 0.007 0.006 0.001 0.006 0.006 0.007 0.006 0.007 0.007 
  72   (0.005) 0.002 0.002 0.000 0.002 0.002 0.002 0.002 0.002 0.002 
  73   (0.006) 0.002 0.002 0.000 0.002 0.002 0.002 0.002 0.002 0.002 
  74   (0.006) 0.002 0.002 0.000 0.002 0.002 0.002 0.002 0.002 0.002 
  75   (0.009) 0.004 0.005 0.001 0.005 0.005 0.005 0.005 0.005 0.005 
  76   (0.006) 0.002 0.002 0.000 0.002 0.002 0.002 0.002 0.002 0.002 
  77   (0.008) 0.003 0.004 0.001 0.004 0.003 0.004 0.003 0.004 0.004 
  78   (0.006) 0.002 0.002 0.000 0.002 0.002 0.002 0.002 0.002 0.002 

Locus 2 : COPE9 
12 alleles
8.3% missing data
   1   (0.411) 0.471 0.478 0.410 0.462 0.488 0.452 0.459 0.469 0.464 
   2   (0.142) 0.141 0.130 0.276 0.136 0.127 0.140 0.142 0.139 0.138 
   3   (0.045) 0.048 0.055 0.020 0.050 0.046 0.056 0.056 0.047 0.050 
   4   (0.073) 0.070 0.070 0.021 0.082 0.076 0.079 0.072 0.074 0.076 
   5   (0.036) 0.024 0.027 0.021 0.025 0.027 0.023 0.024 0.028 0.026 
   6   (0.134) 0.138 0.133 0.047 0.132 0.130 0.137 0.135 0.134 0.137 
   7   (0.039) 0.027 0.022 0.072 0.028 0.026 0.026 0.029 0.028 0.027 
