

----------------------------------------------------
STRUCTURE by Pritchard, Stephens and Donnelly (2000)
     and Falush, Stephens and Pritchard (2003)
       Code by Pritchard, Falush and Hubisz
             Version 2.3.4 (Jul 2012)
----------------------------------------------------



Command line arguments:   /home/jason/Programs/structure -K 11 -i ../Data/microsats.structure -m Structure_Run/mainparams -e Structure_Run/extraparams -D 54585020 -o ../Structure_Results/04_K_11.out 
Input File:    ../Data/microsats.structure

Run parameters:
   384 individuals
   7 loci
   11 populations assumed
   1000000 Burn-in period
   10000000 Reps
RANDOMIZE turned off


--------------------------------------------
Overall proportion of membership of the
sample in each of the 11 clusters

Inferred Clusters
  1      2      3      4      5      6      7      8      9     10     11    
0.089  0.090  0.089  0.110  0.089  0.089  0.089  0.089  0.089  0.089  0.089  

--------------------------------------------

Allele-freq. divergence among pops (Net nucleotide distance),
computed using point estimates of P.

      1       2       3       4       5       6       7       8       9      10      11      
 1      -    0.0001  0.0001  0.1668  0.0001  0.0002  0.0001  0.0001  0.0002  0.0002  0.0002  
 2   0.0001     -    0.0002  0.1662  0.0001  0.0001  0.0001  0.0002  0.0001  0.0001  0.0001  
 3   0.0001  0.0002     -    0.1682  0.0002  0.0001  0.0001  0.0001  0.0002  0.0003  0.0002  
 4   0.1668  0.1662  0.1682     -    0.1673  0.1676  0.1673  0.1680  0.1668  0.1673  0.1672  
 5   0.0001  0.0001  0.0002  0.1673     -    0.0002  0.0000  0.0001  0.0003  0.0003  0.0001  
 6   0.0002  0.0001  0.0001  0.1676  0.0002     -    0.0001  0.0001  0.0002  0.0002  0.0000  
 7   0.0001  0.0001  0.0001  0.1673  0.0000  0.0001     -    0.0001  0.0001  0.0002  0.0001  
 8   0.0001  0.0002  0.0001  0.1680  0.0001  0.0001  0.0001     -    0.0002  0.0002  0.0001  
 9   0.0002  0.0001  0.0002  0.1668  0.0003  0.0002  0.0001  0.0002     -    0.0001  0.0002  
10   0.0002  0.0001  0.0003  0.1673  0.0003  0.0002  0.0002  0.0002  0.0001     -    0.0002  
11   0.0002  0.0001  0.0002  0.1672  0.0001  0.0000  0.0001  0.0001  0.0002  0.0002     -    

Average distances (expected heterozygosity) between individuals in same cluster:
cluster  1  : 0.6276 
cluster  2  : 0.6271 
cluster  3  : 0.6242 
cluster  4  : 0.6348 
cluster  5  : 0.6249 
cluster  6  : 0.6240 
cluster  7  : 0.6242 
cluster  8  : 0.6244 
cluster  9  : 0.6261 
cluster 10  : 0.6237 
cluster 11  : 0.6248 

--------------------------------------------
Estimated Ln Prob of Data   = -9197.1
Mean value of ln likelihood = -7683.5
Variance of ln likelihood   = 3027.3
Mean value of alpha         = 0.0490

Mean value of Fst_1         = 0.1020
Mean value of Fst_2         = 0.0970
Mean value of Fst_3         = 0.1035
Mean value of Fst_4         = 0.2030
Mean value of Fst_5         = 0.0993
Mean value of Fst_6         = 0.0978
Mean value of Fst_7         = 0.1027
Mean value of Fst_8         = 0.1008
Mean value of Fst_9         = 0.1015
Mean value of Fst_10         = 0.1033
Mean value of Fst_11         = 0.0958


Inferred ancestry of individuals:
        Label (%Miss) :  Inferred clusters
  1 COPE-0001    (0)   :  0.009 0.009 0.009 0.914 0.009 0.009 0.009 0.009 0.009 0.009 0.009 
  2 COPE-0002    (0)   :  0.104 0.106 0.098 0.011 0.100 0.096 0.103 0.094 0.102 0.092 0.094 
  3 COPE-0003    (0)   :  0.091 0.106 0.094 0.007 0.110 0.105 0.101 0.094 0.094 0.089 0.109 
  4 COPE-0004    (0)   :  0.120 0.107 0.091 0.012 0.111 0.084 0.112 0.095 0.091 0.087 0.091 
  5 COPE-0005    (0)   :  0.118 0.095 0.102 0.022 0.103 0.090 0.106 0.095 0.098 0.088 0.083 
  6 COPE-0006    (0)   :  0.095 0.100 0.103 0.018 0.092 0.105 0.095 0.100 0.099 0.095 0.098 
  7 COPE-0007    (0)   :  0.110 0.094 0.103 0.006 0.100 0.098 0.107 0.100 0.094 0.095 0.091 
  8 COPE-0008    (0)   :  0.094 0.100 0.090 0.008 0.097 0.094 0.101 0.089 0.115 0.117 0.095 
  9 COPE-0009    (0)   :  0.096 0.103 0.104 0.016 0.093 0.102 0.094 0.094 0.108 0.093 0.097 
 10 COPE-0010    (0)   :  0.095 0.103 0.093 0.007 0.104 0.099 0.096 0.108 0.094 0.093 0.107 
 11 COPE-0011   (14)   :  0.014 0.014 0.013 0.867 0.014 0.013 0.013 0.014 0.013 0.012 0.012 
 12 COPE-0012   (14)   :  0.099 0.104 0.091 0.007 0.104 0.093 0.098 0.097 0.108 0.106 0.093 
 13 COPE-0013    (0)   :  0.086 0.110 0.097 0.006 0.128 0.100 0.106 0.089 0.090 0.081 0.106 
 14 COPE-0014    (0)   :  0.090 0.100 0.086 0.008 0.087 0.106 0.094 0.094 0.115 0.118 0.102 
 15 COPE-0015    (0)   :  0.094 0.097 0.096 0.007 0.087 0.103 0.097 0.098 0.108 0.114 0.099 
 16 COPE-0016    (0)   :  0.110 0.099 0.126 0.010 0.073 0.095 0.093 0.090 0.121 0.105 0.077 
 17 COPE-0017    (0)   :  0.040 0.042 0.041 0.580 0.038 0.043 0.040 0.041 0.047 0.047 0.041 
 18 COPE-0018    (0)   :  0.094 0.102 0.102 0.008 0.098 0.109 0.096 0.101 0.098 0.094 0.098 
 19 COPE-0019    (0)   :  0.093 0.103 0.099 0.006 0.106 0.103 0.099 0.099 0.097 0.095 0.101 
 20 COPE-0020    (0)   :  0.095 0.098 0.102 0.007 0.100 0.105 0.094 0.102 0.098 0.095 0.103 
 21 COPE-0021    (0)   :  0.095 0.088 0.104 0.006 0.102 0.103 0.101 0.111 0.088 0.100 0.101 
 22 COPE-0022    (0)   :  0.092 0.094 0.093 0.006 0.095 0.095 0.101 0.093 0.113 0.121 0.097 
 23 COPE-0023    (0)   :  0.094 0.114 0.095 0.008 0.103 0.103 0.097 0.096 0.099 0.090 0.099 
 24 COPE-0024   (14)   :  0.102 0.084 0.120 0.006 0.104 0.101 0.104 0.107 0.089 0.091 0.092 
 25 COPE-0025    (0)   :  0.093 0.101 0.089 0.051 0.095 0.103 0.088 0.089 0.094 0.087 0.109 
 26 COPE-0026    (0)   :  0.100 0.102 0.100 0.005 0.086 0.101 0.100 0.098 0.099 0.107 0.100 
 27 COPE-0027    (0)   :  0.091 0.103 0.095 0.006 0.113 0.101 0.101 0.095 0.095 0.096 0.104 
 28 COPE-0028    (0)   :  0.098 0.105 0.096 0.005 0.095 0.098 0.086 0.103 0.100 0.104 0.109 
 29 COPE-0029    (0)   :  0.109 0.093 0.127 0.005 0.075 0.098 0.094 0.095 0.117 0.105 0.082 
 30 COPE-0030   (14)   :  0.027 0.029 0.028 0.722 0.027 0.029 0.028 0.027 0.028 0.026 0.028 
 31 COPE-0031    (0)   :  0.094 0.100 0.097 0.010 0.081 0.105 0.098 0.091 0.108 0.118 0.098 
 32 COPE-0032    (0)   :  0.093 0.109 0.094 0.009 0.102 0.102 0.093 0.096 0.100 0.096 0.107 
 33 COPE-0033    (0)   :  0.095 0.111 0.095 0.011 0.104 0.098 0.094 0.093 0.102 0.095 0.102 
 34 COPE-0034    (0)   :  0.116 0.101 0.102 0.009 0.095 0.092 0.104 0.091 0.105 0.098 0.086 
 35 COPE-0035   (14)   :  0.099 0.105 0.093 0.007 0.100 0.098 0.091 0.100 0.098 0.098 0.109 
 36 COPE-0036   (14)   :  0.106 0.080 0.107 0.006 0.110 0.103 0.109 0.111 0.083 0.084 0.100 
 37 COPE-0037    (0)   :  0.096 0.092 0.103 0.023 0.103 0.098 0.100 0.102 0.090 0.091 0.101 
 38 COPE-0038    (0)   :  0.092 0.097 0.098 0.007 0.088 0.101 0.099 0.096 0.104 0.118 0.102 
 39 COPE-0039    (0)   :  0.092 0.098 0.092 0.051 0.096 0.103 0.092 0.093 0.090 0.091 0.101 
 40 COPE-0040   (14)   :  0.087 0.097 0.089 0.080 0.091 0.102 0.091 0.092 0.089 0.087 0.096 
 41 COPE-0041    (0)   :  0.093 0.104 0.096 0.027 0.101 0.106 0.095 0.095 0.096 0.090 0.099 
 42 COPE-0042    (0)   :  0.092 0.106 0.093 0.010 0.107 0.098 0.095 0.098 0.095 0.095 0.112 
 43 COPE-0043    (0)   :  0.106 0.105 0.110 0.005 0.089 0.095 0.098 0.094 0.113 0.097 0.088 
 44 COPE-0044    (0)   :  0.108 0.108 0.088 0.012 0.107 0.088 0.106 0.096 0.094 0.095 0.098 
 45 COPE-0045    (0)   :  0.104 0.100 0.091 0.033 0.103 0.089 0.100 0.093 0.097 0.096 0.093 
 46 COPE-0046    (0)   :  0.025 0.026 0.026 0.743 0.026 0.026 0.026 0.025 0.026 0.024 0.027 
 47 COPE-0047    (0)   :  0.007 0.008 0.008 0.925 0.007 0.008 0.007 0.007 0.008 0.007 0.007 
 48 COPE-0048    (0)   :  0.095 0.110 0.096 0.007 0.111 0.090 0.091 0.094 0.102 0.097 0.108 
 49 COPE-0049    (0)   :  0.106 0.103 0.091 0.016 0.100 0.095 0.099 0.095 0.103 0.095 0.098 
 50 COPE-0050    (0)   :  0.097 0.106 0.094 0.007 0.110 0.102 0.103 0.098 0.087 0.088 0.107 
 51 COPE-0051    (0)   :  0.089 0.098 0.078 0.103 0.094 0.082 0.077 0.100 0.083 0.095 0.101 
 52 COPE-0052    (0)   :  0.092 0.095 0.089 0.011 0.082 0.104 0.094 0.093 0.114 0.125 0.099 
 53 COPE-0053    (0)   :  0.109 0.092 0.138 0.008 0.067 0.096 0.090 0.091 0.124 0.109 0.076 
 54 COPE-0054    (0)   :  0.105 0.075 0.110 0.005 0.115 0.097 0.109 0.119 0.082 0.087 0.096 
 55 COPE-0055    (0)   :  0.090 0.094 0.093 0.005 0.098 0.091 0.100 0.091 0.117 0.127 0.094 
 56 COPE-0056    (0)   :  0.095 0.100 0.089 0.016 0.107 0.091 0.098 0.093 0.105 0.109 0.097 
 57 COPE-0057    (0)   :  0.094 0.102 0.095 0.010 0.109 0.099 0.098 0.100 0.099 0.091 0.102 
 58 COPE-0058    (0)   :  0.110 0.097 0.098 0.009 0.103 0.099 0.102 0.097 0.098 0.087 0.099 
 59 COPE-0059    (0)   :  0.090 0.095 0.093 0.018 0.111 0.106 0.104 0.099 0.085 0.084 0.114 
 60 COPE-0060    (0)   :  0.096 0.103 0.109 0.007 0.089 0.101 0.096 0.096 0.111 0.099 0.093 
 61 COPE-0061    (0)   :  0.104 0.095 0.130 0.010 0.074 0.099 0.090 0.092 0.119 0.105 0.081 
 62 COPE-0062    (0)   :  0.092 0.091 0.091 0.009 0.094 0.104 0.099 0.103 0.100 0.115 0.103 
 63 COPE-0063    (0)   :  0.093 0.096 0.086 0.023 0.101 0.084 0.096 0.090 0.116 0.125 0.090 
 64 COPE-0064    (0)   :  0.099 0.103 0.098 0.009 0.093 0.102 0.102 0.097 0.095 0.099 0.103 
 65 COPE-0065    (0)   :  0.006 0.006 0.006 0.940 0.006 0.006 0.006 0.006 0.006 0.006 0.006 
 66 COPE-0066    (0)   :  0.090 0.108 0.088 0.017 0.113 0.093 0.090 0.098 0.094 0.095 0.112 
 67 COPE-0067   (14)   :  0.027 0.030 0.027 0.715 0.029 0.029 0.026 0.029 0.028 0.028 0.032 
 68 COPE-0068    (0)   :  0.092 0.102 0.091 0.011 0.113 0.106 0.105 0.096 0.087 0.084 0.112 
 69 COPE-0069   (14)   :  0.093 0.094 0.099 0.011 0.095 0.102 0.103 0.098 0.098 0.100 0.106 
 70 COPE-0070    (0)   :  0.115 0.108 0.090 0.011 0.104 0.092 0.099 0.098 0.099 0.092 0.092 
 71 COPE-0071    (0)   :  0.093 0.102 0.089 0.005 0.103 0.102 0.093 0.110 0.092 0.097 0.114 
 72 COPE-0072    (0)   :  0.094 0.105 0.099 0.006 0.101 0.102 0.103 0.097 0.096 0.095 0.103 
 73 COPE-0073   (14)   :  0.041 0.032 0.046 0.632 0.034 0.036 0.037 0.039 0.037 0.035 0.031 
 74 COPE-0074    (0)   :  0.095 0.103 0.096 0.009 0.103 0.098 0.095 0.100 0.100 0.095 0.106 
 75 COPE-0075    (0)   :  0.100 0.109 0.087 0.012 0.106 0.088 0.085 0.106 0.094 0.103 0.110 
 76 COPE-0076    (0)   :  0.099 0.094 0.097 0.006 0.105 0.095 0.101 0.103 0.104 0.101 0.095 
 77 COPE-0077   (14)   :  0.096 0.101 0.102 0.008 0.096 0.104 0.100 0.098 0.095 0.094 0.107 
 78 COPE-0078   (14)   :  0.115 0.098 0.101 0.008 0.107 0.093 0.107 0.100 0.094 0.090 0.087 
 79 COPE-0079    (0)   :  0.136 0.113 0.090 0.008 0.117 0.077 0.116 0.090 0.098 0.080 0.075 
 80 COPE-0080   (42)   :  0.018 0.019 0.019 0.809 0.019 0.020 0.019 0.019 0.019 0.019 0.019 
 81 COPE-0081   (14)   :  0.055 0.056 0.055 0.435 0.056 0.056 0.057 0.055 0.058 0.060 0.057 
 82 COPE-0082   (14)   :  0.097 0.100 0.085 0.044 0.097 0.089 0.090 0.103 0.094 0.103 0.098 
 83 COPE-0083   (14)   :  0.087 0.097 0.078 0.005 0.081 0.106 0.095 0.092 0.120 0.133 0.104 
 84 COPE-0084    (0)   :  0.086 0.078 0.108 0.202 0.054 0.077 0.072 0.074 0.100 0.088 0.061 
 85 COPE-0085    (0)   :  0.114 0.106 0.097 0.010 0.103 0.095 0.101 0.093 0.099 0.088 0.093 
 86 COPE-0086    (0)   :  0.096 0.102 0.101 0.019 0.092 0.102 0.094 0.106 0.095 0.095 0.098 
 87 COPE-0087   (14)   :  0.101 0.102 0.115 0.007 0.087 0.097 0.092 0.093 0.115 0.101 0.089 
 88 COPE-0088   (14)   :  0.108 0.101 0.099 0.024 0.097 0.093 0.098 0.094 0.104 0.093 0.089 
 89 COPE-0089   (14)   :  0.008 0.008 0.007 0.924 0.008 0.007 0.008 0.007 0.008 0.008 0.008 
 90 COPE-0090    (0)   :  0.091 0.095 0.094 0.008 0.093 0.097 0.099 0.093 0.114 0.120 0.096 
 91 COPE-0091   (14)   :  0.098 0.103 0.108 0.005 0.086 0.100 0.092 0.094 0.116 0.106 0.093 
 92 COPE-0092   (28)   :  0.023 0.023 0.021 0.782 0.023 0.022 0.022 0.021 0.021 0.020 0.023 
 93 COPE-0093    (0)   :  0.097 0.096 0.086 0.006 0.105 0.084 0.099 0.092 0.119 0.127 0.089 
 94 COPE-0094    (0)   :  0.130 0.110 0.089 0.028 0.115 0.075 0.114 0.089 0.093 0.080 0.077 
 95 COPE-0095    (0)   :  0.104 0.095 0.130 0.005 0.072 0.099 0.091 0.090 0.120 0.114 0.080 
 96 COPE-0096    (0)   :  0.101 0.099 0.100 0.009 0.085 0.100 0.093 0.099 0.109 0.106 0.097 
 97 COPE-0097    (0)   :  0.097 0.099 0.089 0.007 0.096 0.096 0.092 0.112 0.097 0.108 0.107 
 98 COPE-0098    (0)   :  0.095 0.101 0.093 0.009 0.085 0.101 0.100 0.089 0.109 0.120 0.098 
 99 COPE-0099    (0)   :  0.088 0.101 0.091 0.021 0.103 0.110 0.096 0.096 0.092 0.088 0.113 
100 COPE-0100    (0)   :  0.092 0.103 0.099 0.007 0.105 0.102 0.096 0.095 0.099 0.096 0.106 
101 COPE-0101    (0)   :  0.093 0.099 0.085 0.046 0.102 0.089 0.091 0.093 0.099 0.101 0.102 
102 COPE-0102    (0)   :  0.100 0.104 0.098 0.006 0.105 0.101 0.095 0.095 0.103 0.095 0.097 
103 COPE-0103    (0)   :  0.112 0.104 0.089 0.015 0.100 0.093 0.105 0.095 0.101 0.097 0.090 
104 COPE-0104   (14)   :  0.097 0.103 0.094 0.007 0.099 0.096 0.091 0.101 0.101 0.104 0.107 
105 COPE-0105    (0)   :  0.095 0.105 0.083 0.035 0.095 0.095 0.083 0.116 0.084 0.101 0.108 
106 COPE-0106    (0)   :  0.109 0.059 0.126 0.004 0.125 0.098 0.115 0.129 0.062 0.073 0.099 
107 COPE-0107    (0)   :  0.019 0.019 0.020 0.799 0.019 0.019 0.020 0.019 0.022 0.023 0.020 
108 COPE-0108    (0)   :  0.093 0.099 0.093 0.006 0.088 0.105 0.097 0.100 0.101 0.114 0.102 
109 COPE-0109    (0)   :  0.111 0.108 0.093 0.011 0.107 0.091 0.106 0.096 0.091 0.090 0.095 
110 COPE-0110   (14)   :  0.105 0.092 0.111 0.013 0.096 0.098 0.100 0.101 0.099 0.092 0.092 
111 COPE-0111    (0)   :  0.099 0.089 0.111 0.009 0.103 0.102 0.102 0.107 0.091 0.092 0.095 
112 COPE-0112   (14)   :  0.094 0.107 0.094 0.009 0.111 0.090 0.089 0.093 0.105 0.100 0.106 
113 COPE-0113    (0)   :  0.092 0.106 0.092 0.017 0.106 0.102 0.097 0.095 0.096 0.095 0.104 
114 COPE-0114    (0)   :  0.105 0.078 0.109 0.009 0.113 0.100 0.106 0.115 0.082 0.085 0.099 
115 COPE-0115    (0)   :  0.027 0.027 0.027 0.730 0.023 0.027 0.026 0.025 0.030 0.030 0.026 
116 COPE-0116   (28)   :  0.011 0.011 0.011 0.891 0.011 0.011 0.011 0.011 0.011 0.011 0.012 
117 COPE-0117    (0)   :  0.106 0.094 0.133 0.010 0.069 0.098 0.089 0.091 0.123 0.111 0.077 
118 COPE-0118    (0)   :  0.102 0.070 0.114 0.009 0.115 0.100 0.110 0.119 0.078 0.084 0.099 
119 COPE-0119    (0)   :  0.091 0.091 0.099 0.011 0.094 0.107 0.102 0.105 0.092 0.107 0.102 
120 COPE-0120    (0)   :  0.099 0.104 0.096 0.010 0.101 0.098 0.105 0.100 0.089 0.091 0.107 
121 COPE-0121    (0)   :  0.091 0.091 0.092 0.053 0.091 0.097 0.092 0.099 0.095 0.097 0.101 
122 COPE-0122    (0)   :  0.100 0.110 0.095 0.008 0.108 0.099 0.097 0.100 0.099 0.089 0.095 
123 COPE-0123    (0)   :  0.097 0.109 0.092 0.016 0.104 0.099 0.095 0.097 0.100 0.094 0.097 
124 COPE-0124    (0)   :  0.095 0.109 0.097 0.012 0.096 0.107 0.097 0.098 0.097 0.090 0.102 
125 COPE-0125    (0)   :  0.108 0.091 0.099 0.006 0.106 0.096 0.101 0.112 0.093 0.089 0.099 
126 COPE-0126    (0)   :  0.106 0.094 0.135 0.012 0.066 0.098 0.088 0.091 0.121 0.113 0.076 
127 COPE-0127   (14)   :  0.105 0.104 0.097 0.006 0.094 0.099 0.092 0.106 0.097 0.099 0.099 
128 COPE-0128    (0)   :  0.095 0.098 0.099 0.017 0.097 0.105 0.097 0.104 0.092 0.090 0.106 
129 COPE-0129    (0)   :  0.124 0.110 0.092 0.006 0.114 0.089 0.109 0.094 0.097 0.082 0.083 
130 COPE-0130    (0)   :  0.095 0.101 0.094 0.013 0.103 0.105 0.102 0.097 0.090 0.092 0.108 
131 COPE-0131   (14)   :  0.087 0.098 0.084 0.008 0.090 0.107 0.099 0.093 0.109 0.120 0.105 
132 COPE-0132   (14)   :  0.094 0.080 0.118 0.038 0.098 0.098 0.100 0.105 0.085 0.091 0.094 
133 COPE-0133    (0)   :  0.109 0.098 0.133 0.009 0.071 0.095 0.092 0.090 0.123 0.106 0.075 
134 COPE-0134    (0)   :  0.102 0.101 0.102 0.007 0.104 0.100 0.104 0.099 0.095 0.089 0.097 
135 COPE-0135    (0)   :  0.092 0.103 0.089 0.008 0.102 0.095 0.093 0.095 0.106 0.112 0.105 
136 COPE-0136    (0)   :  0.013 0.014 0.014 0.867 0.013 0.013 0.013 0.013 0.013 0.013 0.013 
137 COPE-0137    (0)   :  0.092 0.108 0.101 0.011 0.110 0.104 0.098 0.090 0.096 0.087 0.103 
138 COPE-0138   (14)   :  0.009 0.009 0.009 0.908 0.010 0.009 0.009 0.010 0.009 0.009 0.009 
139 COPE-0139    (0)   :  0.088 0.104 0.098 0.007 0.106 0.111 0.096 0.090 0.099 0.090 0.112 
140 COPE-0140   (14)   :  0.023 0.025 0.024 0.759 0.024 0.025 0.023 0.023 0.025 0.023 0.026 
141 COPE-0141    (0)   :  0.100 0.099 0.089 0.008 0.104 0.091 0.097 0.094 0.112 0.114 0.092 
142 COPE-0142    (0)   :  0.098 0.096 0.094 0.009 0.106 0.094 0.101 0.100 0.103 0.103 0.095 
143 COPE-0143    (0)   :  0.104 0.097 0.115 0.009 0.084 0.094 0.096 0.092 0.115 0.111 0.085 
144 COPE-0144   (14)   :  0.090 0.094 0.083 0.133 0.085 0.089 0.086 0.085 0.084 0.082 0.089 
145 COPE-0145   (14)   :  0.066 0.079 0.069 0.262 0.070 0.086 0.071 0.068 0.076 0.067 0.087 
146 COPE-0146   (14)   :  0.096 0.099 0.103 0.028 0.084 0.100 0.093 0.096 0.105 0.106 0.090 
147 COPE-0147    (0)   :  0.095 0.097 0.088 0.071 0.095 0.086 0.096 0.089 0.093 0.099 0.092 
148 COPE-0148    (0)   :  0.108 0.094 0.131 0.008 0.075 0.096 0.093 0.091 0.119 0.106 0.079 
149 COPE-0149    (0)   :  0.094 0.104 0.108 0.007 0.103 0.100 0.099 0.093 0.102 0.095 0.095 
150 COPE-0150    (0)   :  0.094 0.114 0.095 0.008 0.114 0.088 0.088 0.093 0.101 0.095 0.111 
151 COPE-0151    (0)   :  0.095 0.099 0.105 0.007 0.091 0.106 0.093 0.095 0.105 0.104 0.100 
152 COPE-0152   (14)   :  0.083 0.087 0.080 0.126 0.085 0.084 0.086 0.083 0.096 0.103 0.087 
153 COPE-0153    (0)   :  0.097 0.102 0.096 0.006 0.094 0.102 0.105 0.095 0.100 0.103 0.100 
154 COPE-0154    (0)   :  0.099 0.094 0.101 0.007 0.102 0.099 0.099 0.104 0.101 0.096 0.098 
155 COPE-0155    (0)   :  0.097 0.103 0.099 0.006 0.098 0.105 0.096 0.105 0.096 0.091 0.104 
156 COPE-0156   (14)   :  0.009 0.009 0.009 0.909 0.009 0.009 0.009 0.009 0.009 0.009 0.009 
157 COPE-0157   (14)   :  0.079 0.080 0.068 0.242 0.078 0.074 0.075 0.072 0.080 0.077 0.075 
158 COPE-0158    (0)   :  0.106 0.101 0.119 0.009 0.080 0.097 0.095 0.092 0.117 0.100 0.084 
159 COPE-0159    (0)   :  0.101 0.097 0.103 0.008 0.094 0.097 0.105 0.095 0.099 0.104 0.096 
160 COPE-0160    (0)   :  0.114 0.101 0.094 0.007 0.105 0.094 0.103 0.096 0.099 0.093 0.094 
161 COPE-0161    (0)   :  0.101 0.104 0.092 0.012 0.105 0.095 0.098 0.094 0.104 0.099 0.096 
162 COPE-0162   (14)   :  0.007 0.007 0.007 0.929 0.007 0.007 0.007 0.007 0.007 0.007 0.007 
163 COPE-0163   (28)   :  0.013 0.013 0.013 0.870 0.013 0.013 0.013 0.013 0.013 0.013 0.013 
164 COPE-0164    (0)   :  0.091 0.101 0.097 0.026 0.088 0.111 0.093 0.097 0.099 0.096 0.101 
165 COPE-0165    (0)   :  0.095 0.105 0.097 0.008 0.103 0.102 0.101 0.098 0.095 0.090 0.107 
166 COPE-0166   (14)   :  0.106 0.102 0.104 0.008 0.102 0.097 0.105 0.099 0.096 0.088 0.093 
167 COPE-0167    (0)   :  0.117 0.096 0.104 0.008 0.108 0.094 0.108 0.101 0.090 0.085 0.088 
168 COPE-0168    (0)   :  0.104 0.099 0.113 0.006 0.081 0.098 0.096 0.094 0.114 0.106 0.089 
169 COPE-0169    (0)   :  0.087 0.106 0.093 0.011 0.114 0.106 0.106 0.094 0.089 0.086 0.109 
170 COPE-0170    (0)   :  0.090 0.094 0.087 0.025 0.092 0.097 0.094 0.090 0.109 0.120 0.102 
171 COPE-0171    (0)   :  0.096 0.093 0.104 0.008 0.089 0.104 0.095 0.097 0.104 0.107 0.103 
172 COPE-0172    (0)   :  0.097 0.102 0.100 0.007 0.090 0.107 0.095 0.101 0.098 0.103 0.101 
173 COPE-0173   (14)   :  0.088 0.099 0.089 0.056 0.101 0.100 0.100 0.095 0.083 0.079 0.108 
174 COPE-0174   (28)   :  0.098 0.102 0.097 0.015 0.095 0.099 0.096 0.097 0.104 0.099 0.098 
175 COPE-0175    (0)   :  0.108 0.099 0.100 0.040 0.087 0.098 0.095 0.090 0.105 0.090 0.087 
176 COPE-0176    (0)   :  0.110 0.091 0.102 0.009 0.109 0.091 0.105 0.106 0.094 0.094 0.091 
177 COPE-0177    (0)   :  0.091 0.104 0.095 0.007 0.109 0.105 0.099 0.098 0.100 0.090 0.101 
178 COPE-0178    (0)   :  0.111 0.059 0.123 0.007 0.124 0.098 0.115 0.129 0.062 0.072 0.099 
179 COPE-0179    (0)   :  0.095 0.103 0.094 0.009 0.104 0.101 0.098 0.099 0.097 0.095 0.106 
180 COPE-0180   (14)   :  0.091 0.106 0.091 0.006 0.118 0.102 0.107 0.096 0.090 0.084 0.109 
181 COPE-0181   (14)   :  0.092 0.106 0.095 0.009 0.112 0.103 0.103 0.096 0.093 0.089 0.103 
182 COPE-0182    (0)   :  0.098 0.105 0.095 0.005 0.087 0.102 0.094 0.106 0.095 0.111 0.103 
183 COPE-0183    (0)   :  0.095 0.100 0.099 0.011 0.095 0.105 0.097 0.098 0.099 0.101 0.099 
184 COPE-0184    (0)   :  0.120 0.098 0.102 0.009 0.101 0.092 0.105 0.098 0.099 0.090 0.086 
185 COPE-0185    (0)   :  0.088 0.096 0.099 0.006 0.091 0.099 0.102 0.095 0.106 0.119 0.099 
186 COPE-0186    (0)   :  0.088 0.098 0.082 0.005 0.083 0.106 0.096 0.095 0.115 0.129 0.102 
187 COPE-0187    (0)   :  0.099 0.105 0.085 0.009 0.105 0.087 0.088 0.107 0.097 0.110 0.106 
188 COPE-0188    (0)   :  0.026 0.029 0.026 0.732 0.029 0.025 0.025 0.026 0.026 0.027 0.029 
189 COPE-0189    (0)   :  0.092 0.106 0.099 0.008 0.111 0.099 0.099 0.092 0.098 0.092 0.104 
190 COPE-0190    (0)   :  0.108 0.107 0.090 0.014 0.106 0.089 0.104 0.098 0.094 0.091 0.098 
191 COPE-0191    (0)   :  0.096 0.101 0.095 0.011 0.093 0.101 0.096 0.097 0.108 0.104 0.098 
192 COPE-0192   (14)   :  0.010 0.011 0.010 0.892 0.010 0.011 0.011 0.011 0.012 0.012 0.011 
193 COPE-0193    (0)   :  0.100 0.096 0.117 0.006 0.083 0.106 0.096 0.100 0.106 0.101 0.089 
194 COPE-0194    (0)   :  0.092 0.107 0.088 0.009 0.106 0.095 0.089 0.103 0.098 0.100 0.113 
195 COPE-0195    (0)   :  0.097 0.107 0.098 0.006 0.102 0.100 0.093 0.098 0.099 0.096 0.105 
196 COPE-0196    (0)   :  0.097 0.098 0.096 0.011 0.096 0.098 0.100 0.098 0.100 0.100 0.106 
197 COPE-0197    (0)   :  0.096 0.104 0.099 0.007 0.101 0.105 0.100 0.102 0.094 0.088 0.105 
198 COPE-0198    (0)   :  0.092 0.095 0.101 0.013 0.099 0.104 0.101 0.098 0.092 0.096 0.110 
199 COPE-0199    (0)   :  0.089 0.103 0.094 0.012 0.115 0.102 0.103 0.098 0.091 0.087 0.106 
200 COPE-0200   (42)   :  0.093 0.102 0.093 0.009 0.110 0.105 0.103 0.096 0.092 0.089 0.107 
201 COPE-0201    (0)   :  0.096 0.099 0.092 0.008 0.093 0.100 0.097 0.099 0.105 0.110 0.099 
202 COPE-0202    (0)   :  0.112 0.105 0.090 0.013 0.105 0.084 0.112 0.090 0.100 0.100 0.088 
203 COPE-0203    (0)   :  0.096 0.095 0.107 0.006 0.096 0.101 0.100 0.099 0.099 0.103 0.097 
204 COPE-0204    (0)   :  0.103 0.079 0.105 0.029 0.107 0.095 0.101 0.120 0.073 0.083 0.104 
205 COPE-0205    (0)   :  0.097 0.100 0.114 0.021 0.076 0.105 0.093 0.096 0.108 0.102 0.088 
206 COPE-0206    (0)   :  0.098 0.082 0.108 0.005 0.108 0.104 0.103 0.113 0.084 0.090 0.104 
207 COPE-0207    (0)   :  0.095 0.078 0.116 0.011 0.108 0.100 0.107 0.115 0.080 0.091 0.098 
208 COPE-0208    (0)   :  0.029 0.031 0.029 0.696 0.029 0.033 0.029 0.030 0.030 0.032 0.032 
209 COPE-0209    (0)   :  0.091 0.102 0.097 0.006 0.101 0.104 0.103 0.098 0.093 0.096 0.109 
210 COPE-0210    (0)   :  0.102 0.105 0.113 0.010 0.087 0.096 0.092 0.092 0.113 0.099 0.091 
211 COPE-0211    (0)   :  0.096 0.110 0.095 0.005 0.112 0.089 0.088 0.094 0.099 0.096 0.116 
212 COPE-0212    (0)   :  0.097 0.083 0.118 0.012 0.103 0.100 0.104 0.108 0.088 0.094 0.095 
213 COPE-0213    (0)   :  0.098 0.092 0.100 0.008 0.101 0.105 0.102 0.106 0.087 0.093 0.108 
214 COPE-0214    (0)   :  0.092 0.102 0.092 0.008 0.115 0.104 0.109 0.099 0.082 0.081 0.116 
215 COPE-0215    (0)   :  0.085 0.100 0.086 0.052 0.112 0.099 0.102 0.093 0.085 0.081 0.105 
216 COPE-0216   (14)   :  0.064 0.064 0.068 0.369 0.056 0.064 0.061 0.062 0.069 0.063 0.060 
217 COPE-0217    (0)   :  0.100 0.078 0.114 0.028 0.110 0.099 0.106 0.113 0.073 0.084 0.096 
218 COPE-0218    (0)   :  0.093 0.099 0.105 0.009 0.092 0.106 0.097 0.099 0.099 0.098 0.104 
219 COPE-0219   (14)   :  0.094 0.102 0.098 0.009 0.102 0.103 0.103 0.098 0.094 0.090 0.107 
220 COPE-0220    (0)   :  0.099 0.074 0.115 0.013 0.116 0.102 0.108 0.118 0.072 0.082 0.100 
221 COPE-0221    (0)   :  0.091 0.091 0.096 0.017 0.095 0.091 0.098 0.091 0.110 0.123 0.097 
222 COPE-0222    (0)   :  0.097 0.094 0.117 0.007 0.078 0.099 0.096 0.088 0.118 0.121 0.086 
223 COPE-0223    (0)   :  0.092 0.111 0.093 0.007 0.111 0.103 0.102 0.096 0.096 0.085 0.104 
224 COPE-0224    (0)   :  0.134 0.109 0.090 0.019 0.112 0.077 0.114 0.090 0.098 0.080 0.076 
225 COPE-0225    (0)   :  0.090 0.100 0.092 0.014 0.115 0.104 0.108 0.099 0.081 0.081 0.114 
226 COPE-0226    (0)   :  0.103 0.100 0.102 0.006 0.099 0.097 0.101 0.098 0.101 0.099 0.094 
227 COPE-0227    (0)   :  0.095 0.099 0.096 0.006 0.096 0.103 0.103 0.099 0.094 0.101 0.107 
228 COPE-0228    (0)   :  0.103 0.084 0.110 0.018 0.107 0.101 0.102 0.112 0.080 0.085 0.098 
229 COPE-0229    (0)   :  0.102 0.099 0.100 0.007 0.103 0.099 0.103 0.100 0.092 0.094 0.101 
230 COPE-0230    (0)   :  0.111 0.092 0.099 0.010 0.106 0.093 0.104 0.108 0.096 0.090 0.091 
231 COPE-0231    (0)   :  0.098 0.101 0.103 0.006 0.099 0.106 0.096 0.103 0.099 0.090 0.100 
232 COPE-0232    (0)   :  0.114 0.099 0.094 0.015 0.109 0.090 0.107 0.096 0.095 0.086 0.095 
233 COPE-0233    (0)   :  0.097 0.100 0.102 0.005 0.084 0.106 0.098 0.092 0.105 0.113 0.097 
234 COPE-0234    (0)   :  0.109 0.111 0.092 0.008 0.104 0.100 0.102 0.098 0.096 0.086 0.094 
235 COPE-0235    (0)   :  0.098 0.110 0.095 0.006 0.106 0.101 0.099 0.099 0.098 0.089 0.099 
236 COPE-0236    (0)   :  0.113 0.081 0.105 0.005 0.109 0.095 0.107 0.117 0.088 0.083 0.096 
237 COPE-0237    (0)   :  0.093 0.101 0.096 0.006 0.087 0.103 0.101 0.096 0.101 0.112 0.105 
238 COPE-0238    (0)   :  0.090 0.106 0.096 0.009 0.110 0.104 0.102 0.094 0.101 0.085 0.103 
239 COPE-0239    (0)   :  0.113 0.103 0.092 0.035 0.103 0.088 0.100 0.092 0.101 0.089 0.084 
240 COPE-0240    (0)   :  0.109 0.101 0.119 0.008 0.076 0.099 0.094 0.093 0.116 0.103 0.082 
241 COPE-0241    (0)   :  0.086 0.109 0.097 0.007 0.128 0.101 0.108 0.088 0.089 0.081 0.105 
242 COPE-0242    (0)   :  0.094 0.089 0.102 0.006 0.101 0.107 0.104 0.108 0.090 0.101 0.100 
243 COPE-0243    (0)   :  0.098 0.109 0.087 0.008 0.103 0.094 0.088 0.111 0.092 0.103 0.109 
244 COPE-0244    (0)   :  0.094 0.107 0.093 0.009 0.103 0.105 0.098 0.100 0.092 0.092 0.107 
245 COPE-0245    (0)   :  0.095 0.106 0.093 0.011 0.098 0.096 0.088 0.105 0.094 0.105 0.109 
246 COPE-0246    (0)   :  0.101 0.102 0.096 0.013 0.095 0.099 0.098 0.100 0.103 0.097 0.097 
247 COPE-0247    (0)   :  0.093 0.094 0.099 0.016 0.095 0.100 0.102 0.094 0.097 0.106 0.103 
248 COPE-0248    (0)   :  0.097 0.101 0.098 0.005 0.091 0.104 0.092 0.106 0.093 0.104 0.110 
249 COPE-0249    (0)   :  0.109 0.109 0.089 0.029 0.106 0.093 0.104 0.095 0.089 0.083 0.096 
250 COPE-0250    (0)   :  0.117 0.104 0.099 0.017 0.108 0.090 0.106 0.100 0.090 0.083 0.086 
251 COPE-0251   (14)   :  0.029 0.030 0.031 0.690 0.028 0.031 0.032 0.030 0.033 0.037 0.030 
252 COPE-0252    (0)   :  0.115 0.107 0.097 0.011 0.107 0.087 0.108 0.095 0.097 0.088 0.088 
253 COPE-0253    (0)   :  0.092 0.098 0.089 0.008 0.101 0.089 0.098 0.090 0.117 0.125 0.094 
254 COPE-0254    (0)   :  0.104 0.107 0.086 0.014 0.098 0.094 0.089 0.116 0.087 0.102 0.103 
255 COPE-0255    (0)   :  0.094 0.098 0.092 0.023 0.100 0.094 0.092 0.100 0.096 0.107 0.105 
256 COPE-0256    (0)   :  0.110 0.095 0.127 0.010 0.076 0.097 0.094 0.095 0.116 0.102 0.078 
257 COPE-0257    (0)   :  0.088 0.099 0.079 0.007 0.083 0.107 0.095 0.093 0.118 0.127 0.103 
258 COPE-0258    (0)   :  0.089 0.099 0.087 0.017 0.092 0.104 0.094 0.098 0.100 0.108 0.110 
259 COPE-0259    (0)   :  0.097 0.097 0.097 0.006 0.097 0.102 0.099 0.106 0.095 0.095 0.108 
260 COPE-0260    (0)   :  0.089 0.103 0.094 0.024 0.106 0.102 0.099 0.097 0.096 0.087 0.104 
261 COPE-0261    (0)   :  0.101 0.099 0.092 0.006 0.102 0.094 0.092 0.124 0.082 0.099 0.109 
262 COPE-0262    (0)   :  0.099 0.105 0.107 0.018 0.085 0.095 0.091 0.104 0.102 0.101 0.092 
263 COPE-0263    (0)   :  0.091 0.099 0.094 0.007 0.087 0.104 0.100 0.096 0.104 0.116 0.101 
264 COPE-0264    (0)   :  0.090 0.095 0.086 0.018 0.091 0.105 0.094 0.098 0.108 0.113 0.103 
265 COPE-0265    (0)   :  0.094 0.099 0.101 0.011 0.094 0.101 0.094 0.097 0.102 0.107 0.100 
266 COPE-0266    (0)   :  0.097 0.086 0.107 0.018 0.107 0.102 0.101 0.109 0.081 0.089 0.102 
267 COPE-0267    (0)   :  0.106 0.101 0.102 0.006 0.092 0.102 0.103 0.094 0.102 0.100 0.091 
268 COPE-0268    (0)   :  0.094 0.100 0.098 0.014 0.082 0.107 0.100 0.091 0.105 0.113 0.097 
269 COPE-0269    (0)   :  0.097 0.105 0.098 0.006 0.090 0.102 0.095 0.097 0.110 0.103 0.097 
270 COPE-0270    (0)   :  0.095 0.113 0.097 0.007 0.116 0.086 0.089 0.094 0.098 0.094 0.111 
271 COPE-0271    (0)   :  0.093 0.107 0.101 0.007 0.100 0.101 0.098 0.095 0.105 0.095 0.099 
272 COPE-0272    (0)   :  0.102 0.098 0.093 0.007 0.105 0.093 0.098 0.099 0.102 0.106 0.097 
273 COPE-0273    (0)   :  0.095 0.081 0.117 0.016 0.104 0.101 0.104 0.111 0.083 0.093 0.095 
274 COPE-0274   (14)   :  0.023 0.026 0.023 0.758 0.026 0.023 0.022 0.023 0.024 0.024 0.027 
275 COPE-0275    (0)   :  0.097 0.107 0.095 0.010 0.105 0.100 0.097 0.099 0.094 0.090 0.105 
276 COPE-0276   (14)   :  0.006 0.006 0.006 0.936 0.006 0.006 0.006 0.006 0.006 0.006 0.006 
277 COPE-0277   (14)   :  0.110 0.093 0.116 0.013 0.083 0.096 0.094 0.101 0.112 0.096 0.085 
278 COPE-0278    (0)   :  0.106 0.063 0.125 0.007 0.122 0.100 0.113 0.126 0.065 0.077 0.096 
279 COPE-0279    (0)   :  0.101 0.091 0.105 0.009 0.101 0.101 0.103 0.107 0.090 0.090 0.101 
280 COPE-0280    (0)   :  0.013 0.013 0.013 0.872 0.013 0.013 0.013 0.013 0.013 0.012 0.013 
281 COPE-0281    (0)   :  0.032 0.033 0.030 0.678 0.035 0.035 0.031 0.032 0.029 0.028 0.037 
282 COPE-0282   (14)   :  0.139 0.112 0.089 0.006 0.118 0.076 0.118 0.091 0.099 0.078 0.075 
283 COPE-0283    (0)   :  0.101 0.077 0.118 0.007 0.112 0.103 0.106 0.115 0.077 0.086 0.097 
284 COPE-0284   (14)   :  0.087 0.103 0.094 0.033 0.105 0.105 0.099 0.090 0.092 0.087 0.104 
285 COPE-0285    (0)   :  0.030 0.030 0.031 0.698 0.029 0.031 0.030 0.029 0.032 0.031 0.030 
286 COPE-0286    (0)   :  0.090 0.108 0.094 0.009 0.104 0.109 0.092 0.087 0.097 0.092 0.116 
287 COPE-0287    (0)   :  0.094 0.100 0.095 0.029 0.080 0.104 0.100 0.091 0.102 0.111 0.094 
288 COPE-0288    (0)   :  0.095 0.093 0.099 0.010 0.096 0.093 0.101 0.094 0.107 0.118 0.095 
289 COPE-0289    (0)   :  0.097 0.097 0.109 0.007 0.090 0.099 0.095 0.093 0.110 0.110 0.094 
290 COPE-0290    (0)   :  0.091 0.110 0.096 0.007 0.122 0.091 0.096 0.093 0.093 0.090 0.110 
291 COPE-0291    (0)   :  0.092 0.099 0.094 0.006 0.097 0.105 0.098 0.099 0.101 0.102 0.107 
292 COPE-0292   (42)   :  0.015 0.015 0.015 0.852 0.015 0.015 0.015 0.015 0.015 0.015 0.015 
293 COPE-0293    (0)   :  0.098 0.100 0.090 0.008 0.099 0.093 0.097 0.097 0.110 0.115 0.094 
294 COPE-0294    (0)   :  0.099 0.106 0.095 0.011 0.101 0.103 0.099 0.098 0.094 0.094 0.100 
295 COPE-0295    (0)   :  0.119 0.097 0.107 0.007 0.100 0.092 0.104 0.096 0.102 0.091 0.084 
296 COPE-0296   (14)   :  0.098 0.096 0.106 0.007 0.095 0.098 0.097 0.097 0.102 0.106 0.098 
297 COPE-0297   (14)   :  0.086 0.103 0.090 0.036 0.113 0.101 0.104 0.093 0.084 0.080 0.109 
298 COPE-0298    (0)   :  0.105 0.106 0.090 0.009 0.107 0.090 0.101 0.098 0.100 0.102 0.092 
299 COPE-0299    (0)   :  0.096 0.107 0.086 0.006 0.103 0.092 0.086 0.110 0.095 0.108 0.109 
300 COPE-0300   (14)   :  0.106 0.100 0.112 0.008 0.079 0.102 0.099 0.092 0.110 0.104 0.088 
301 COPE-0301   (14)   :  0.092 0.096 0.087 0.009 0.102 0.086 0.098 0.088 0.121 0.131 0.091 
302 COPE-0302    (0)   :  0.080 0.076 0.092 0.188 0.068 0.083 0.076 0.079 0.089 0.091 0.078 
303 COPE-0303    (0)   :  0.111 0.073 0.114 0.006 0.117 0.099 0.112 0.119 0.074 0.077 0.098 
304 COPE-0304    (0)   :  0.099 0.103 0.099 0.007 0.096 0.105 0.095 0.100 0.100 0.098 0.098 
305 COPE-0305   (14)   :  0.098 0.101 0.091 0.034 0.093 0.097 0.096 0.095 0.099 0.097 0.098 
306 COPE-0306    (0)   :  0.103 0.068 0.118 0.009 0.118 0.100 0.111 0.124 0.070 0.080 0.100 
307 COPE-0307   (28)   :  0.008 0.008 0.008 0.918 0.008 0.008 0.008 0.008 0.008 0.008 0.008 
308 COPE-0308    (0)   :  0.132 0.109 0.091 0.006 0.114 0.079 0.113 0.090 0.102 0.085 0.078 
309 COPE-0309   (14)   :  0.039 0.042 0.037 0.600 0.039 0.041 0.039 0.040 0.040 0.041 0.042 
310 COPE-0310   (28)   :  0.038 0.042 0.034 0.570 0.036 0.046 0.042 0.039 0.051 0.056 0.044 
311 COPE-0311    (0)   :  0.092 0.095 0.089 0.021 0.088 0.105 0.096 0.097 0.101 0.107 0.109 
312 COPE-0312   (28)   :  0.014 0.012 0.014 0.870 0.014 0.013 0.013 0.015 0.011 0.012 0.013 
313 COPE-0313    (0)   :  0.091 0.089 0.098 0.009 0.100 0.105 0.103 0.105 0.091 0.104 0.105 
314 COPE-0314    (0)   :  0.092 0.101 0.097 0.007 0.083 0.106 0.096 0.100 0.099 0.115 0.104 
315 COPE-0315    (0)   :  0.094 0.099 0.095 0.008 0.104 0.102 0.103 0.098 0.096 0.098 0.103 
316 COPE-0316    (0)   :  0.093 0.098 0.093 0.020 0.103 0.101 0.096 0.104 0.092 0.090 0.110 
317 COPE-0317   (14)   :  0.009 0.009 0.008 0.913 0.009 0.009 0.009 0.009 0.009 0.009 0.009 
318 COPE-0318    (0)   :  0.095 0.104 0.094 0.005 0.104 0.104 0.098 0.100 0.094 0.099 0.103 
319 COPE-0319    (0)   :  0.116 0.108 0.093 0.007 0.109 0.092 0.106 0.093 0.101 0.087 0.089 
320 COPE-0320   (14)   :  0.098 0.099 0.092 0.015 0.096 0.095 0.099 0.097 0.107 0.106 0.096 
321 COPE-0321   (14)   :  0.091 0.096 0.091 0.011 0.093 0.102 0.097 0.100 0.099 0.113 0.106 
322 COPE-0322   (14)   :  0.092 0.106 0.096 0.006 0.107 0.106 0.100 0.098 0.094 0.091 0.104 
323 COPE-0323    (0)   :  0.087 0.097 0.077 0.008 0.081 0.106 0.096 0.091 0.118 0.133 0.104 
324 COPE-0324    (0)   :  0.091 0.102 0.095 0.006 0.113 0.105 0.109 0.098 0.085 0.086 0.110 
325 COPE-0325   (14)   :  0.109 0.098 0.129 0.011 0.069 0.095 0.090 0.091 0.127 0.105 0.076 
326 COPE-0326    (0)   :  0.110 0.093 0.100 0.007 0.108 0.090 0.103 0.100 0.101 0.099 0.088 
327 COPE-0327   (14)   :  0.094 0.099 0.089 0.008 0.103 0.090 0.094 0.094 0.112 0.122 0.096 
328 COPE-0328    (0)   :  0.101 0.096 0.100 0.006 0.106 0.103 0.104 0.103 0.092 0.087 0.104 
329 COPE-0329   (28)   :  0.093 0.095 0.096 0.013 0.110 0.104 0.103 0.102 0.087 0.090 0.107 
330 COPE-0330    (0)   :  0.090 0.101 0.097 0.021 0.081 0.108 0.094 0.099 0.097 0.107 0.103 
331 COPE-0331    (0)   :  0.091 0.096 0.091 0.006 0.100 0.089 0.100 0.089 0.118 0.125 0.093 
332 COPE-0332   (14)   :  0.103 0.089 0.102 0.007 0.103 0.104 0.103 0.107 0.089 0.090 0.103 
333 COPE-0333    (0)   :  0.078 0.083 0.078 0.148 0.086 0.080 0.082 0.080 0.097 0.102 0.085 
334 COPE-0334   (28)   :  0.042 0.046 0.039 0.540 0.040 0.049 0.045 0.042 0.052 0.058 0.047 
335 COPE-0335    (0)   :  0.090 0.105 0.093 0.007 0.112 0.105 0.111 0.098 0.081 0.082 0.115 
336 COPE-0336    (0)   :  0.096 0.098 0.093 0.006 0.096 0.105 0.097 0.095 0.100 0.104 0.111 
337 COPE-0337   (28)   :  0.016 0.018 0.017 0.826 0.019 0.018 0.018 0.017 0.017 0.016 0.018 
338 COPE-0338    (0)   :  0.089 0.097 0.095 0.021 0.082 0.107 0.097 0.095 0.102 0.112 0.103 
339 COPE-0339    (0)   :  0.107 0.092 0.136 0.006 0.066 0.098 0.089 0.089 0.125 0.114 0.077 
340 COPE-0340   (14)   :  0.012 0.013 0.012 0.876 0.013 0.012 0.012 0.012 0.013 0.012 0.012 
341 COPE-0341    (0)   :  0.109 0.109 0.095 0.007 0.100 0.097 0.105 0.095 0.103 0.090 0.091 
342 COPE-0342    (0)   :  0.086 0.107 0.092 0.008 0.121 0.104 0.108 0.095 0.087 0.083 0.109 
343 COPE-0343    (0)   :  0.101 0.091 0.104 0.006 0.102 0.097 0.100 0.110 0.090 0.099 0.099 
344 COPE-0344   (14)   :  0.011 0.012 0.011 0.888 0.011 0.011 0.012 0.011 0.011 0.012 0.011 
345 COPE-0345    (0)   :  0.115 0.109 0.095 0.006 0.106 0.095 0.103 0.094 0.101 0.089 0.088 
346 COPE-0346    (0)   :  0.090 0.105 0.094 0.031 0.092 0.104 0.095 0.097 0.096 0.092 0.105 
347 COPE-0347    (0)   :  0.097 0.105 0.096 0.006 0.093 0.104 0.089 0.104 0.100 0.102 0.105 
348 COPE-0348    (0)   :  0.099 0.093 0.098 0.015 0.103 0.097 0.097 0.113 0.088 0.092 0.105 
349 COPE-0349    (0)   :  0.088 0.105 0.095 0.006 0.112 0.102 0.107 0.094 0.096 0.088 0.105 
350 COPE-0350    (0)   :  0.092 0.109 0.093 0.006 0.103 0.102 0.093 0.099 0.103 0.094 0.106 
351 COPE-0351    (0)   :  0.095 0.107 0.088 0.006 0.107 0.096 0.089 0.108 0.094 0.101 0.110 
352 COPE-0352    (0)   :  0.094 0.101 0.093 0.026 0.100 0.107 0.095 0.097 0.094 0.090 0.103 
353 COPE-0353    (0)   :  0.090 0.099 0.084 0.005 0.087 0.108 0.093 0.094 0.117 0.120 0.103 
354 COPE-0354    (0)   :  0.096 0.098 0.087 0.014 0.094 0.096 0.096 0.096 0.109 0.114 0.101 
355 COPE-0355    (0)   :  0.109 0.096 0.139 0.006 0.065 0.094 0.089 0.089 0.129 0.110 0.073 
356 COPE-0356    (0)   :  0.106 0.108 0.083 0.008 0.101 0.091 0.090 0.112 0.091 0.106 0.105 
357 COPE-0357    (0)   :  0.094 0.105 0.097 0.008 0.102 0.102 0.106 0.097 0.088 0.090 0.110 
358 COPE-0358    (0)   :  0.007 0.008 0.007 0.925 0.008 0.008 0.008 0.007 0.007 0.007 0.008 
359 COPE-0359   (14)   :  0.099 0.103 0.098 0.009 0.099 0.105 0.099 0.099 0.099 0.092 0.098 
360 COPE-0360    (0)   :  0.090 0.099 0.086 0.006 0.088 0.104 0.096 0.098 0.109 0.121 0.102 
361 COPE-0361    (0)   :  0.100 0.110 0.094 0.009 0.107 0.097 0.101 0.100 0.095 0.089 0.098 
362 COPE-0362    (0)   :  0.089 0.105 0.094 0.007 0.112 0.105 0.110 0.096 0.087 0.086 0.109 
363 COPE-0363   (14)   :  0.096 0.110 0.100 0.013 0.092 0.105 0.096 0.100 0.100 0.091 0.098 
364 COPE-0364    (0)   :  0.089 0.098 0.092 0.006 0.082 0.111 0.098 0.095 0.105 0.118 0.107 
365 COPE-0365    (0)   :  0.084 0.099 0.086 0.018 0.078 0.105 0.098 0.091 0.109 0.131 0.102 
366 COPE-0366    (0)   :  0.085 0.107 0.088 0.024 0.117 0.101 0.099 0.090 0.093 0.087 0.108 
367 COPE-0367   (14)   :  0.014 0.013 0.012 0.873 0.013 0.012 0.014 0.012 0.013 0.013 0.012 
368 COPE-0368    (0)   :  0.105 0.090 0.131 0.010 0.074 0.099 0.093 0.093 0.117 0.107 0.082 
369 COPE-0369    (0)   :  0.096 0.096 0.101 0.008 0.093 0.099 0.102 0.095 0.100 0.106 0.103 
370 COPE-0370   (28)   :  0.009 0.009 0.009 0.908 0.009 0.009 0.009 0.009 0.009 0.009 0.009 
371 COPE-0371    (0)   :  0.091 0.095 0.095 0.013 0.087 0.098 0.100 0.095 0.109 0.120 0.098 
372 COPE-0372    (0)   :  0.093 0.083 0.103 0.047 0.101 0.099 0.102 0.105 0.082 0.086 0.100 
373 COPE-0373   (14)   :  0.110 0.096 0.098 0.007 0.107 0.088 0.104 0.097 0.103 0.103 0.087 
374 COPE-0374    (0)   :  0.111 0.099 0.099 0.008 0.094 0.100 0.099 0.094 0.104 0.097 0.095 
375 COPE-0375   (14)   :  0.091 0.101 0.084 0.009 0.083 0.106 0.098 0.090 0.111 0.126 0.101 
376 COPE-0376   (14)   :  0.100 0.105 0.084 0.006 0.101 0.095 0.088 0.117 0.087 0.107 0.111 
377 COPE-0377    (0)   :  0.048 0.047 0.041 0.552 0.047 0.042 0.046 0.043 0.044 0.046 0.044 
378 COPE-0378    (0)   :  0.100 0.103 0.107 0.006 0.085 0.099 0.091 0.095 0.118 0.106 0.091 
379 COPE-0379    (0)   :  0.088 0.109 0.095 0.007 0.125 0.102 0.105 0.092 0.090 0.083 0.105 
380 COPE-0380   (28)   :  0.037 0.024 0.039 0.664 0.039 0.033 0.037 0.042 0.025 0.027 0.034 
381 COPE-0381    (0)   :  0.101 0.106 0.089 0.010 0.098 0.096 0.098 0.099 0.102 0.100 0.101 
382 COPE-0382    (0)   :  0.089 0.105 0.096 0.006 0.122 0.101 0.107 0.093 0.091 0.084 0.105 
383 COPE-0383    (0)   :  0.084 0.095 0.076 0.047 0.076 0.103 0.094 0.086 0.111 0.129 0.099 
384 COPE-0384    (0)   :  0.100 0.096 0.107 0.007 0.090 0.099 0.094 0.098 0.106 0.106 0.096 


Estimated Allele Frequencies in each cluster
First column gives estimated ancestral frequencies


Locus 1 : COPE5 
78 alleles
0.5% missing data
   1   (0.007) 0.001 0.001 0.001 0.711 0.001 0.001 0.001 0.001 0.001 0.001 0.001 
   2   (0.023) 0.026 0.026 0.024 0.009 0.025 0.023 0.025 0.024 0.025 0.024 0.024 
   3   (0.014) 0.016 0.016 0.015 0.001 0.015 0.013 0.015 0.013 0.015 0.013 0.012 
   4   (0.023) 0.024 0.026 0.026 0.001 0.025 0.024 0.024 0.024 0.026 0.024 0.025 
   5   (0.012) 0.010 0.010 0.009 0.001 0.010 0.010 0.010 0.010 0.009 0.010 0.011 
   6   (0.020) 0.019 0.019 0.017 0.003 0.020 0.018 0.019 0.018 0.017 0.016 0.018 
   7   (0.008) 0.004 0.004 0.003 0.000 0.004 0.003 0.004 0.003 0.003 0.003 0.004 
   8   (0.031) 0.100 0.076 0.105 0.002 0.099 0.087 0.098 0.099 0.078 0.079 0.082 
   9   (0.020) 0.021 0.023 0.021 0.001 0.022 0.022 0.021 0.022 0.020 0.020 0.021 
  10   (0.019) 0.018 0.020 0.020 0.001 0.018 0.021 0.019 0.020 0.020 0.020 0.021 
