

----------------------------------------------------
STRUCTURE by Pritchard, Stephens and Donnelly (2000)
     and Falush, Stephens and Pritchard (2003)
       Code by Pritchard, Falush and Hubisz
             Version 2.3.4 (Jul 2012)
----------------------------------------------------



Command line arguments:   /home/jason/Programs/structure -K 13 -i ../Data/microsats.structure -m Structure_Run/mainparams -e Structure_Run/extraparams -D 17930328 -o ../Structure_Results/04_K_13.out 
Input File:    ../Data/microsats.structure

Run parameters:
   384 individuals
   7 loci
   13 populations assumed
   1000000 Burn-in period
   10000000 Reps
RANDOMIZE turned off


--------------------------------------------
Overall proportion of membership of the
sample in each of the 13 clusters

Inferred Clusters
  1      2      3      4      5      6      7      8      9     10     11     12     13    
0.105  0.075  0.074  0.075  0.075  0.074  0.074  0.074  0.075  0.075  0.074  0.075  0.074  

--------------------------------------------

Allele-freq. divergence among pops (Net nucleotide distance),
computed using point estimates of P.

      1       2       3       4       5       6       7       8       9      10      11      12      13      
 1      -    0.1724  0.1721  0.1720  0.1721  0.1726  0.1727  0.1720  0.1724  0.1734  0.1731  0.1718  0.1724  
 2   0.1724     -    0.0000  0.0001  0.0001  0.0000  0.0001  0.0001  0.0002  0.0002  0.0000  0.0001  0.0001  
 3   0.1721  0.0000     -    0.0001  0.0001  0.0000  0.0000  0.0001  0.0002  0.0002  0.0001  0.0001  0.0000  
 4   0.1720  0.0001  0.0001     -    0.0001  0.0000  0.0001  0.0001  0.0003  0.0002  0.0001  0.0001  0.0001  
 5   0.1721  0.0001  0.0001  0.0001     -    0.0001  0.0002  0.0001  0.0003  0.0001  0.0001  0.0002  0.0002  
 6   0.1726  0.0000  0.0000  0.0000  0.0001     -    0.0001  0.0001  0.0002  0.0002  0.0000  0.0001  0.0001  
 7   0.1727  0.0001  0.0000  0.0001  0.0002  0.0001     -    0.0002  0.0001  0.0002  0.0001  0.0001  0.0000  
 8   0.1720  0.0001  0.0001  0.0001  0.0001  0.0001  0.0002     -    0.0004  0.0002  0.0001  0.0002  0.0002  
 9   0.1724  0.0002  0.0002  0.0003  0.0003  0.0002  0.0001  0.0004     -    0.0002  0.0003  0.0002  0.0001  
10   0.1734  0.0002  0.0002  0.0002  0.0001  0.0002  0.0002  0.0002  0.0002     -    0.0001  0.0002  0.0001  
11   0.1731  0.0000  0.0001  0.0001  0.0001  0.0000  0.0001  0.0001  0.0003  0.0001     -    0.0001  0.0001  
12   0.1718  0.0001  0.0001  0.0001  0.0002  0.0001  0.0001  0.0002  0.0002  0.0002  0.0001     -    0.0001  
13   0.1724  0.0001  0.0000  0.0001  0.0002  0.0001  0.0000  0.0002  0.0001  0.0001  0.0001  0.0001     -    

Average distances (expected heterozygosity) between individuals in same cluster:
cluster  1  : 0.6264 
cluster  2  : 0.6250 
cluster  3  : 0.6266 
cluster  4  : 0.6256 
cluster  5  : 0.6255 
cluster  6  : 0.6251 
cluster  7  : 0.6262 
cluster  8  : 0.6254 
cluster  9  : 0.6268 
cluster 10  : 0.6239 
cluster 11  : 0.6239 
cluster 12  : 0.6269 
cluster 13  : 0.6273 

--------------------------------------------
Estimated Ln Prob of Data   = -9314.7
Mean value of ln likelihood = -7576.5
Variance of ln likelihood   = 3476.4
Mean value of alpha         = 0.0494

Mean value of Fst_1         = 0.2229
Mean value of Fst_2         = 0.1182
Mean value of Fst_3         = 0.1219
Mean value of Fst_4         = 0.1214
Mean value of Fst_5         = 0.1181
Mean value of Fst_6         = 0.1246
Mean value of Fst_7         = 0.1210
Mean value of Fst_8         = 0.1235
Mean value of Fst_9         = 0.1198
Mean value of Fst_10         = 0.1219
Mean value of Fst_11         = 0.1221
Mean value of Fst_12         = 0.1147
Mean value of Fst_13         = 0.1185


Inferred ancestry of individuals:
        Label (%Miss) :  Inferred clusters
  1 COPE-0001    (0)   :  0.896 0.009 0.009 0.009 0.009 0.009 0.009 0.009 0.009 0.009 0.009 0.009 0.009 
  2 COPE-0002    (0)   :  0.010 0.082 0.082 0.085 0.084 0.081 0.083 0.082 0.087 0.080 0.081 0.080 0.082 
  3 COPE-0003    (0)   :  0.007 0.086 0.079 0.082 0.087 0.078 0.084 0.078 0.085 0.083 0.078 0.090 0.083 
  4 COPE-0004    (0)   :  0.011 0.076 0.088 0.094 0.079 0.082 0.084 0.101 0.076 0.073 0.075 0.077 0.084 
  5 COPE-0005    (0)   :  0.022 0.079 0.081 0.085 0.079 0.081 0.079 0.087 0.085 0.080 0.080 0.075 0.087 
  6 COPE-0006    (0)   :  0.018 0.083 0.083 0.079 0.082 0.080 0.082 0.077 0.087 0.081 0.084 0.083 0.084 
  7 COPE-0007    (0)   :  0.006 0.082 0.083 0.088 0.081 0.082 0.082 0.088 0.079 0.086 0.083 0.075 0.086 
  8 COPE-0008    (0)   :  0.008 0.094 0.083 0.088 0.083 0.091 0.081 0.083 0.070 0.075 0.087 0.079 0.078 
  9 COPE-0009    (0)   :  0.015 0.080 0.079 0.080 0.084 0.084 0.084 0.069 0.094 0.083 0.077 0.089 0.081 
 10 COPE-0010    (0)   :  0.007 0.081 0.088 0.077 0.081 0.078 0.087 0.081 0.081 0.078 0.084 0.087 0.088 
 11 COPE-0011   (14)   :  0.843 0.012 0.013 0.014 0.014 0.013 0.013 0.014 0.013 0.012 0.013 0.012 0.014 
 12 COPE-0012   (14)   :  0.006 0.097 0.087 0.085 0.077 0.087 0.085 0.077 0.074 0.071 0.087 0.083 0.083 
 13 COPE-0013    (0)   :  0.006 0.083 0.077 0.086 0.089 0.079 0.084 0.077 0.089 0.078 0.077 0.083 0.091 
 14 COPE-0014    (0)   :  0.008 0.085 0.074 0.082 0.105 0.085 0.061 0.099 0.072 0.098 0.093 0.066 0.073 
 15 COPE-0015    (0)   :  0.007 0.081 0.080 0.081 0.093 0.085 0.071 0.092 0.076 0.093 0.090 0.073 0.077 
 16 COPE-0016    (0)   :  0.009 0.075 0.085 0.073 0.082 0.090 0.088 0.067 0.115 0.088 0.073 0.075 0.080 
 17 COPE-0017    (0)   :  0.540 0.038 0.036 0.038 0.043 0.040 0.033 0.042 0.038 0.043 0.041 0.033 0.035 
 18 COPE-0018    (0)   :  0.007 0.087 0.084 0.082 0.079 0.082 0.082 0.075 0.088 0.079 0.084 0.084 0.086 
 19 COPE-0019    (0)   :  0.006 0.080 0.078 0.083 0.085 0.082 0.084 0.074 0.090 0.085 0.081 0.089 0.082 
 20 COPE-0020    (0)   :  0.006 0.082 0.082 0.081 0.080 0.080 0.086 0.077 0.085 0.086 0.082 0.088 0.085 
 21 COPE-0021    (0)   :  0.006 0.079 0.085 0.082 0.078 0.081 0.084 0.085 0.079 0.092 0.084 0.085 0.080 
 22 COPE-0022    (0)   :  0.006 0.088 0.086 0.088 0.081 0.091 0.081 0.078 0.074 0.075 0.088 0.086 0.077 
 23 COPE-0023    (0)   :  0.008 0.082 0.084 0.083 0.090 0.075 0.085 0.079 0.085 0.080 0.085 0.081 0.085 
 24 COPE-0024   (14)   :  0.006 0.077 0.082 0.088 0.071 0.082 0.089 0.078 0.090 0.091 0.078 0.082 0.086 
 25 COPE-0025    (0)   :  0.042 0.087 0.074 0.081 0.083 0.073 0.079 0.075 0.076 0.079 0.075 0.091 0.085 
 26 COPE-0026    (0)   :  0.005 0.085 0.080 0.080 0.087 0.080 0.080 0.085 0.082 0.083 0.085 0.083 0.085 
 27 COPE-0027    (0)   :  0.006 0.083 0.078 0.087 0.084 0.082 0.084 0.076 0.086 0.083 0.080 0.088 0.081 
 28 COPE-0028    (0)   :  0.005 0.086 0.085 0.072 0.085 0.076 0.084 0.081 0.086 0.081 0.081 0.091 0.087 
 29 COPE-0029    (0)   :  0.005 0.079 0.084 0.075 0.079 0.089 0.088 0.069 0.110 0.089 0.076 0.077 0.082 
 30 COPE-0030   (14)   :  0.698 0.025 0.025 0.026 0.026 0.024 0.025 0.025 0.025 0.025 0.025 0.025 0.026 
 31 COPE-0031    (0)   :  0.009 0.095 0.080 0.088 0.085 0.085 0.075 0.082 0.077 0.082 0.086 0.076 0.081 
 32 COPE-0032    (0)   :  0.008 0.083 0.083 0.077 0.088 0.075 0.085 0.079 0.085 0.082 0.082 0.087 0.084 
 33 COPE-0033    (0)   :  0.011 0.083 0.082 0.078 0.088 0.075 0.086 0.080 0.085 0.083 0.081 0.082 0.087 
 34 COPE-0034    (0)   :  0.009 0.079 0.084 0.086 0.083 0.084 0.077 0.092 0.086 0.083 0.077 0.073 0.088 
 35 COPE-0035   (14)   :  0.007 0.085 0.083 0.078 0.086 0.076 0.085 0.079 0.083 0.081 0.080 0.088 0.089 
 36 COPE-0036   (14)   :  0.006 0.081 0.083 0.083 0.076 0.089 0.090 0.084 0.074 0.084 0.086 0.077 0.087 
 37 COPE-0037    (0)   :  0.023 0.078 0.080 0.084 0.078 0.080 0.086 0.080 0.084 0.085 0.078 0.085 0.079 
 38 COPE-0038    (0)   :  0.006 0.084 0.079 0.087 0.086 0.083 0.081 0.084 0.076 0.085 0.085 0.085 0.079 
 39 COPE-0039    (0)   :  0.041 0.083 0.079 0.083 0.081 0.077 0.079 0.077 0.080 0.077 0.074 0.087 0.082 
 40 COPE-0040   (14)   :  0.073 0.080 0.075 0.079 0.078 0.075 0.073 0.074 0.075 0.078 0.079 0.082 0.077 
 41 COPE-0041    (0)   :  0.025 0.083 0.080 0.084 0.084 0.079 0.080 0.075 0.083 0.077 0.081 0.084 0.085 
 42 COPE-0042    (0)   :  0.009 0.081 0.080 0.077 0.088 0.076 0.087 0.084 0.084 0.084 0.080 0.087 0.083 
 43 COPE-0043    (0)   :  0.005 0.079 0.086 0.080 0.082 0.086 0.085 0.077 0.097 0.083 0.081 0.078 0.081 
 44 COPE-0044    (0)   :  0.011 0.084 0.084 0.090 0.078 0.083 0.086 0.093 0.076 0.072 0.078 0.085 0.080 
 45 COPE-0045    (0)   :  0.033 0.082 0.082 0.087 0.078 0.084 0.081 0.085 0.076 0.072 0.079 0.080 0.083 
 46 COPE-0046    (0)   :  0.715 0.023 0.023 0.024 0.024 0.023 0.024 0.023 0.025 0.024 0.023 0.025 0.023 
 47 COPE-0047    (0)   :  0.911 0.007 0.007 0.007 0.007 0.007 0.007 0.007 0.008 0.007 0.007 0.007 0.007 
 48 COPE-0048    (0)   :  0.006 0.080 0.082 0.074 0.091 0.075 0.090 0.080 0.087 0.088 0.080 0.080 0.087 
 49 COPE-0049    (0)   :  0.016 0.086 0.084 0.080 0.080 0.082 0.082 0.084 0.078 0.076 0.079 0.089 0.085 
 50 COPE-0050    (0)   :  0.007 0.079 0.079 0.089 0.085 0.079 0.086 0.088 0.084 0.081 0.076 0.088 0.080 
 51 COPE-0051    (0)   :  0.098 0.073 0.086 0.056 0.077 0.071 0.074 0.079 0.071 0.073 0.075 0.089 0.080 
 52 COPE-0052    (0)   :  0.010 0.086 0.077 0.081 0.100 0.085 0.061 0.099 0.074 0.097 0.093 0.064 0.072 
 53 COPE-0053    (0)   :  0.008 0.075 0.085 0.072 0.076 0.088 0.086 0.064 0.127 0.093 0.069 0.072 0.085 
 54 COPE-0054    (0)   :  0.005 0.083 0.085 0.087 0.065 0.090 0.095 0.080 0.074 0.083 0.088 0.081 0.083 
 55 COPE-0055    (0)   :  0.005 0.090 0.086 0.089 0.080 0.094 0.083 0.078 0.073 0.073 0.089 0.086 0.075 
 56 COPE-0056    (0)   :  0.015 0.089 0.085 0.085 0.078 0.088 0.084 0.078 0.076 0.071 0.086 0.085 0.079 
 57 COPE-0057    (0)   :  0.009 0.083 0.081 0.084 0.082 0.082 0.086 0.075 0.082 0.081 0.081 0.091 0.083 
 58 COPE-0058    (0)   :  0.009 0.081 0.083 0.082 0.084 0.083 0.084 0.080 0.080 0.078 0.081 0.083 0.090 
 59 COPE-0059    (0)   :  0.017 0.081 0.078 0.090 0.080 0.077 0.084 0.077 0.081 0.086 0.076 0.099 0.074 
 60 COPE-0060    (0)   :  0.006 0.079 0.085 0.080 0.084 0.081 0.084 0.074 0.098 0.084 0.084 0.078 0.082 
 61 COPE-0061    (0)   :  0.010 0.077 0.082 0.073 0.078 0.087 0.085 0.064 0.120 0.091 0.069 0.078 0.085 
 62 COPE-0062    (0)   :  0.008 0.082 0.082 0.080 0.089 0.085 0.071 0.096 0.067 0.097 0.092 0.077 0.075 
 63 COPE-0063    (0)   :  0.021 0.095 0.086 0.087 0.075 0.096 0.084 0.076 0.070 0.062 0.090 0.084 0.073 
 64 COPE-0064    (0)   :  0.008 0.081 0.081 0.087 0.084 0.081 0.081 0.085 0.082 0.085 0.081 0.083 0.081 
 65 COPE-0065    (0)   :  0.928 0.006 0.006 0.006 0.006 0.006 0.006 0.006 0.006 0.006 0.006 0.006 0.006 
 66 COPE-0066    (0)   :  0.017 0.083 0.084 0.071 0.087 0.075 0.086 0.083 0.082 0.077 0.078 0.090 0.087 
 67 COPE-0067   (14)   :  0.658 0.029 0.029 0.026 0.030 0.027 0.030 0.027 0.029 0.030 0.028 0.030 0.029 
 68 COPE-0068    (0)   :  0.012 0.082 0.077 0.088 0.084 0.079 0.085 0.082 0.083 0.083 0.076 0.092 0.078 
 69 COPE-0069   (14)   :  0.010 0.082 0.079 0.088 0.084 0.083 0.078 0.087 0.080 0.087 0.083 0.084 0.077 
 70 COPE-0070    (0)   :  0.011 0.081 0.090 0.077 0.081 0.081 0.080 0.088 0.078 0.078 0.080 0.087 0.087 
 71 COPE-0071    (0)   :  0.004 0.088 0.085 0.075 0.081 0.078 0.086 0.083 0.076 0.077 0.082 0.095 0.090 
 72 COPE-0072    (0)   :  0.006 0.081 0.082 0.087 0.086 0.080 0.081 0.084 0.083 0.085 0.083 0.082 0.079 
 73 COPE-0073   (14)   :  0.603 0.031 0.034 0.032 0.028 0.036 0.037 0.030 0.039 0.035 0.031 0.030 0.033 
 74 COPE-0074    (0)   :  0.008 0.081 0.080 0.080 0.087 0.077 0.088 0.081 0.082 0.084 0.080 0.085 0.086 
 75 COPE-0075    (0)   :  0.011 0.077 0.093 0.063 0.087 0.077 0.083 0.086 0.079 0.082 0.081 0.093 0.088 
 76 COPE-0076    (0)   :  0.006 0.091 0.081 0.084 0.081 0.088 0.083 0.082 0.077 0.079 0.085 0.081 0.080 
 77 COPE-0077   (14)   :  0.008 0.078 0.079 0.085 0.083 0.080 0.084 0.085 0.085 0.085 0.081 0.088 0.081 
 78 COPE-0078   (14)   :  0.008 0.079 0.084 0.089 0.078 0.082 0.082 0.088 0.079 0.083 0.081 0.079 0.088 
 79 COPE-0079    (0)   :  0.008 0.073 0.089 0.096 0.083 0.083 0.081 0.107 0.075 0.070 0.074 0.071 0.089 
 80 COPE-0080   (42)   :  0.782 0.018 0.018 0.018 0.018 0.018 0.018 0.018 0.018 0.018 0.018 0.018 0.018 
 81 COPE-0081   (14)   :  0.419 0.051 0.048 0.049 0.047 0.049 0.048 0.047 0.047 0.047 0.049 0.049 0.048 
 82 COPE-0082   (14)   :  0.044 0.084 0.084 0.076 0.073 0.080 0.081 0.079 0.075 0.069 0.083 0.090 0.082 
 83 COPE-0083   (14)   :  0.005 0.083 0.073 0.084 0.113 0.088 0.050 0.115 0.058 0.107 0.104 0.055 0.065 
 84 COPE-0084    (0)   :  0.190 0.061 0.071 0.056 0.064 0.073 0.072 0.051 0.104 0.073 0.057 0.060 0.068 
 85 COPE-0085    (0)   :  0.009 0.084 0.082 0.085 0.084 0.080 0.079 0.087 0.082 0.078 0.076 0.085 0.089 
 86 COPE-0086    (0)   :  0.017 0.083 0.085 0.077 0.079 0.079 0.084 0.075 0.087 0.079 0.081 0.088 0.087 
 87 COPE-0087   (14)   :  0.007 0.077 0.084 0.077 0.083 0.081 0.087 0.071 0.107 0.086 0.078 0.076 0.086 
 88 COPE-0088   (14)   :  0.023 0.082 0.083 0.078 0.082 0.080 0.080 0.083 0.086 0.080 0.078 0.080 0.084 
 89 COPE-0089   (14)   :  0.910 0.008 0.008 0.008 0.007 0.008 0.008 0.008 0.007 0.007 0.008 0.008 0.007 
 90 COPE-0090    (0)   :  0.008 0.094 0.084 0.087 0.080 0.088 0.080 0.077 0.075 0.076 0.087 0.085 0.078 
 91 COPE-0091   (14)   :  0.005 0.079 0.081 0.079 0.090 0.083 0.080 0.080 0.095 0.091 0.086 0.072 0.080 
 92 COPE-0092   (28)   :  0.756 0.021 0.020 0.021 0.021 0.020 0.020 0.021 0.020 0.019 0.019 0.022 0.021 
 93 COPE-0093    (0)   :  0.006 0.099 0.088 0.090 0.076 0.100 0.087 0.076 0.069 0.061 0.093 0.084 0.072 
 94 COPE-0094    (0)   :  0.025 0.070 0.088 0.095 0.082 0.082 0.080 0.106 0.074 0.070 0.073 0.069 0.086 
 95 COPE-0095    (0)   :  0.005 0.079 0.084 0.076 0.079 0.088 0.085 0.068 0.116 0.090 0.072 0.074 0.084 
 96 COPE-0096    (0)   :  0.009 0.085 0.081 0.076 0.091 0.085 0.076 0.084 0.087 0.086 0.085 0.076 0.078 
 97 COPE-0097    (0)   :  0.007 0.084 0.088 0.072 0.084 0.080 0.077 0.090 0.078 0.084 0.085 0.085 0.084 
 98 COPE-0098    (0)   :  0.009 0.093 0.080 0.090 0.087 0.086 0.075 0.087 0.072 0.082 0.086 0.074 0.079 
 99 COPE-0099    (0)   :  0.020 0.086 0.079 0.084 0.081 0.077 0.080 0.074 0.082 0.079 0.080 0.099 0.080 
100 COPE-0100    (0)   :  0.007 0.088 0.080 0.082 0.085 0.079 0.082 0.077 0.085 0.079 0.081 0.086 0.089 
101 COPE-0101    (0)   :  0.044 0.082 0.082 0.078 0.081 0.081 0.084 0.081 0.077 0.071 0.078 0.083 0.079 
102 COPE-0102    (0)   :  0.006 0.084 0.083 0.082 0.088 0.081 0.082 0.081 0.087 0.080 0.079 0.081 0.087 
103 COPE-0103    (0)   :  0.015 0.080 0.083 0.084 0.090 0.082 0.072 0.100 0.073 0.083 0.084 0.073 0.080 
104 COPE-0104   (14)   :  0.006 0.083 0.084 0.079 0.084 0.080 0.087 0.081 0.080 0.079 0.084 0.086 0.086 
105 COPE-0105    (0)   :  0.034 0.083 0.094 0.061 0.073 0.076 0.078 0.083 0.074 0.071 0.084 0.101 0.088 
106 COPE-0106    (0)   :  0.004 0.077 0.088 0.088 0.054 0.087 0.106 0.078 0.074 0.090 0.087 0.079 0.088 
107 COPE-0107    (0)   :  0.766 0.019 0.020 0.021 0.019 0.021 0.020 0.019 0.019 0.019 0.020 0.020 0.018 
108 COPE-0108    (0)   :  0.006 0.088 0.082 0.081 0.086 0.084 0.075 0.087 0.074 0.086 0.091 0.081 0.080 
109 COPE-0109    (0)   :  0.011 0.077 0.085 0.092 0.082 0.079 0.083 0.094 0.080 0.075 0.077 0.080 0.085 
110 COPE-0110   (14)   :  0.013 0.080 0.084 0.081 0.078 0.083 0.085 0.078 0.089 0.085 0.081 0.081 0.083 
111 COPE-0111    (0)   :  0.008 0.080 0.084 0.085 0.078 0.082 0.086 0.080 0.087 0.089 0.082 0.080 0.080 
112 COPE-0112   (14)   :  0.008 0.081 0.082 0.075 0.094 0.078 0.086 0.081 0.085 0.086 0.081 0.077 0.085 
113 COPE-0113    (0)   :  0.015 0.086 0.079 0.084 0.087 0.079 0.081 0.080 0.081 0.079 0.082 0.085 0.083 
114 COPE-0114    (0)   :  0.009 0.084 0.083 0.085 0.067 0.088 0.092 0.079 0.077 0.082 0.085 0.083 0.085 
115 COPE-0115    (0)   :  0.698 0.026 0.025 0.024 0.027 0.026 0.022 0.027 0.026 0.028 0.025 0.022 0.024 
116 COPE-0116   (28)   :  0.866 0.011 0.011 0.011 0.011 0.011 0.011 0.011 0.011 0.011 0.011 0.012 0.011 
117 COPE-0117    (0)   :  0.010 0.080 0.085 0.072 0.076 0.088 0.084 0.064 0.124 0.091 0.070 0.073 0.085 
118 COPE-0118    (0)   :  0.009 0.077 0.083 0.089 0.068 0.087 0.091 0.086 0.072 0.090 0.089 0.077 0.081 
119 COPE-0119    (0)   :  0.011 0.081 0.081 0.084 0.083 0.082 0.079 0.087 0.073 0.090 0.094 0.080 0.074 
120 COPE-0120    (0)   :  0.010 0.077 0.083 0.088 0.082 0.079 0.083 0.086 0.082 0.080 0.079 0.087 0.083 
121 COPE-0121    (0)   :  0.046 0.085 0.076 0.078 0.085 0.077 0.075 0.084 0.078 0.083 0.082 0.079 0.073 
122 COPE-0122    (0)   :  0.008 0.081 0.083 0.087 0.087 0.076 0.084 0.080 0.087 0.078 0.083 0.079 0.087 
123 COPE-0123    (0)   :  0.017 0.082 0.084 0.084 0.084 0.077 0.085 0.079 0.082 0.077 0.081 0.081 0.086 
124 COPE-0124    (0)   :  0.011 0.082 0.084 0.084 0.084 0.077 0.082 0.077 0.083 0.080 0.084 0.084 0.086 
125 COPE-0125    (0)   :  0.006 0.093 0.083 0.081 0.071 0.086 0.091 0.082 0.076 0.076 0.084 0.083 0.088 
126 COPE-0126    (0)   :  0.012 0.081 0.086 0.071 0.075 0.088 0.084 0.063 0.125 0.089 0.069 0.073 0.084 
127 COPE-0127   (14)   :  0.006 0.085 0.090 0.075 0.076 0.081 0.080 0.080 0.086 0.079 0.081 0.089 0.090 
128 COPE-0128    (0)   :  0.016 0.081 0.082 0.081 0.082 0.080 0.083 0.076 0.081 0.083 0.081 0.089 0.085 
129 COPE-0129    (0)   :  0.006 0.078 0.086 0.089 0.085 0.082 0.083 0.093 0.079 0.073 0.076 0.079 0.090 
130 COPE-0130    (0)   :  0.013 0.082 0.080 0.086 0.083 0.080 0.083 0.084 0.083 0.081 0.077 0.090 0.078 
131 COPE-0131   (14)   :  0.007 0.082 0.075 0.084 0.101 0.084 0.064 0.101 0.066 0.100 0.096 0.069 0.071 
132 COPE-0132   (14)   :  0.033 0.074 0.079 0.087 0.073 0.079 0.085 0.078 0.085 0.088 0.076 0.082 0.081 
133 COPE-0133    (0)   :  0.008 0.074 0.086 0.072 0.079 0.089 0.088 0.065 0.124 0.089 0.071 0.072 0.083 
134 COPE-0134    (0)   :  0.007 0.080 0.086 0.085 0.083 0.080 0.086 0.078 0.085 0.079 0.083 0.082 0.087 
135 COPE-0135    (0)   :  0.007 0.085 0.086 0.082 0.081 0.085 0.086 0.081 0.077 0.074 0.087 0.089 0.080 
136 COPE-0136    (0)   :  0.841 0.013 0.013 0.013 0.013 0.013 0.013 0.013 0.014 0.013 0.013 0.014 0.013 
137 COPE-0137    (0)   :  0.011 0.083 0.080 0.084 0.089 0.078 0.084 0.074 0.088 0.079 0.080 0.081 0.090 
138 COPE-0138   (14)   :  0.889 0.009 0.009 0.009 0.009 0.009 0.010 0.009 0.009 0.009 0.009 0.009 0.010 
139 COPE-0139    (0)   :  0.007 0.091 0.076 0.083 0.087 0.078 0.080 0.073 0.086 0.082 0.075 0.094 0.089 
140 COPE-0140   (14)   :  0.716 0.024 0.023 0.023 0.025 0.022 0.024 0.022 0.024 0.024 0.023 0.025 0.025 
141 COPE-0141    (0)   :  0.008 0.094 0.086 0.087 0.075 0.092 0.085 0.081 0.072 0.068 0.088 0.086 0.078 
142 COPE-0142    (0)   :  0.009 0.090 0.083 0.085 0.079 0.089 0.085 0.077 0.078 0.076 0.086 0.085 0.079 
143 COPE-0143    (0)   :  0.008 0.079 0.085 0.080 0.077 0.089 0.085 0.074 0.103 0.082 0.078 0.077 0.083 
144 COPE-0144   (14)   :  0.093 0.078 0.075 0.077 0.074 0.073 0.079 0.075 0.077 0.072 0.070 0.083 0.074 
145 COPE-0145   (14)   :  0.220 0.074 0.061 0.062 0.067 0.058 0.064 0.056 0.063 0.066 0.062 0.078 0.068 
146 COPE-0146   (14)   :  0.026 0.089 0.084 0.077 0.075 0.084 0.079 0.073 0.091 0.078 0.079 0.082 0.083 
147 COPE-0147    (0)   :  0.070 0.076 0.081 0.084 0.076 0.078 0.079 0.081 0.073 0.071 0.078 0.078 0.076 
148 COPE-0148    (0)   :  0.008 0.076 0.085 0.075 0.077 0.087 0.087 0.070 0.118 0.089 0.071 0.073 0.083 
149 COPE-0149    (0)   :  0.006 0.080 0.082 0.080 0.084 0.079 0.085 0.073 0.097 0.085 0.079 0.085 0.085 
150 COPE-0150    (0)   :  0.007 0.077 0.083 0.072 0.095 0.072 0.092 0.079 0.088 0.087 0.079 0.079 0.089 
151 COPE-0151    (0)   :  0.006 0.087 0.079 0.080 0.083 0.085 0.081 0.069 0.092 0.086 0.078 0.090 0.083 
152 COPE-0152   (14)   :  0.123 0.080 0.075 0.076 0.069 0.077 0.072 0.070 0.066 0.068 0.079 0.075 0.069 
153 COPE-0153    (0)   :  0.006 0.081 0.080 0.088 0.087 0.081 0.079 0.087 0.079 0.086 0.086 0.080 0.082 
154 COPE-0154    (0)   :  0.007 0.086 0.081 0.083 0.079 0.086 0.085 0.076 0.086 0.082 0.080 0.086 0.084 
155 COPE-0155    (0)   :  0.005 0.082 0.082 0.082 0.080 0.083 0.084 0.073 0.085 0.083 0.083 0.092 0.085 
156 COPE-0156   (14)   :  0.891 0.009 0.009 0.009 0.009 0.009 0.009 0.009 0.009 0.009 0.009 0.009 0.009 
157 COPE-0157   (14)   :  0.226 0.073 0.066 0.066 0.062 0.065 0.065 0.065 0.057 0.059 0.065 0.067 0.064 
158 COPE-0158    (0)   :  0.009 0.077 0.082 0.076 0.083 0.089 0.086 0.069 0.111 0.088 0.074 0.078 0.079 
159 COPE-0159    (0)   :  0.008 0.077 0.081 0.088 0.083 0.082 0.083 0.087 0.081 0.084 0.082 0.080 0.084 
160 COPE-0160    (0)   :  0.007 0.079 0.084 0.085 0.079 0.085 0.081 0.088 0.078 0.077 0.083 0.084 0.089 
161 COPE-0161    (0)   :  0.012 0.082 0.082 0.086 0.090 0.084 0.080 0.087 0.082 0.078 0.080 0.077 0.082 
162 COPE-0162   (14)   :  0.914 0.007 0.007 0.007 0.007 0.007 0.007 0.007 0.007 0.007 0.007 0.007 0.007 
163 COPE-0163   (28)   :  0.850 0.012 0.013 0.013 0.013 0.012 0.012 0.013 0.012 0.012 0.012 0.012 0.012 
164 COPE-0164    (0)   :  0.024 0.091 0.080 0.080 0.077 0.080 0.077 0.074 0.084 0.079 0.081 0.089 0.085 
165 COPE-0165    (0)   :  0.008 0.080 0.081 0.083 0.086 0.080 0.084 0.081 0.084 0.081 0.080 0.090 0.081 
166 COPE-0166   (14)   :  0.008 0.077 0.087 0.084 0.083 0.080 0.085 0.080 0.087 0.079 0.084 0.080 0.086 
167 COPE-0167    (0)   :  0.008 0.080 0.086 0.087 0.075 0.081 0.085 0.086 0.082 0.081 0.080 0.082 0.087 
168 COPE-0168    (0)   :  0.006 0.078 0.082 0.079 0.085 0.087 0.085 0.077 0.097 0.086 0.080 0.078 0.079 
169 COPE-0169    (0)   :  0.010 0.084 0.077 0.086 0.086 0.078 0.085 0.080 0.083 0.083 0.077 0.091 0.080 
170 COPE-0170    (0)   :  0.023 0.086 0.080 0.086 0.082 0.088 0.077 0.085 0.070 0.080 0.085 0.083 0.075 
171 COPE-0171    (0)   :  0.007 0.085 0.079 0.082 0.084 0.084 0.082 0.080 0.083 0.085 0.083 0.086 0.079 
172 COPE-0172    (0)   :  0.007 0.086 0.083 0.081 0.082 0.081 0.080 0.081 0.082 0.082 0.086 0.085 0.085 
173 COPE-0173   (14)   :  0.052 0.078 0.076 0.086 0.078 0.076 0.078 0.076 0.079 0.082 0.075 0.092 0.073 
174 COPE-0174   (28)   :  0.013 0.086 0.082 0.082 0.082 0.084 0.083 0.079 0.084 0.079 0.081 0.085 0.081 
175 COPE-0175    (0)   :  0.038 0.083 0.078 0.081 0.082 0.081 0.076 0.076 0.086 0.080 0.078 0.078 0.082 
176 COPE-0176    (0)   :  0.008 0.086 0.087 0.088 0.071 0.090 0.090 0.086 0.075 0.077 0.085 0.077 0.081 
177 COPE-0177    (0)   :  0.007 0.082 0.080 0.085 0.084 0.082 0.083 0.073 0.089 0.081 0.081 0.090 0.084 
178 COPE-0178    (0)   :  0.007 0.076 0.088 0.086 0.055 0.089 0.105 0.079 0.073 0.086 0.087 0.080 0.090 
179 COPE-0179    (0)   :  0.009 0.085 0.081 0.083 0.083 0.081 0.082 0.078 0.083 0.080 0.081 0.088 0.086 
180 COPE-0180   (14)   :  0.006 0.084 0.080 0.086 0.085 0.077 0.086 0.079 0.083 0.084 0.077 0.093 0.079 
181 COPE-0181   (14)   :  0.008 0.082 0.080 0.086 0.086 0.080 0.083 0.076 0.087 0.079 0.079 0.087 0.086 
182 COPE-0182    (0)   :  0.005 0.090 0.085 0.072 0.080 0.076 0.079 0.083 0.080 0.078 0.089 0.094 0.087 
183 COPE-0183    (0)   :  0.010 0.089 0.084 0.081 0.080 0.082 0.082 0.078 0.084 0.079 0.083 0.083 0.085 
184 COPE-0184    (0)   :  0.009 0.077 0.086 0.080 0.080 0.083 0.081 0.088 0.086 0.081 0.082 0.079 0.089 
185 COPE-0185    (0)   :  0.006 0.084 0.078 0.088 0.090 0.084 0.079 0.084 0.076 0.085 0.088 0.081 0.078 
186 COPE-0186    (0)   :  0.005 0.082 0.076 0.082 0.105 0.088 0.057 0.108 0.062 0.103 0.099 0.062 0.069 
187 COPE-0187    (0)   :  0.009 0.081 0.092 0.071 0.080 0.085 0.082 0.088 0.075 0.076 0.086 0.093 0.084 
188 COPE-0188    (0)   :  0.670 0.027 0.028 0.024 0.030 0.026 0.030 0.027 0.029 0.029 0.027 0.027 0.028 
189 COPE-0189    (0)   :  0.007 0.087 0.080 0.083 0.088 0.078 0.081 0.079 0.087 0.082 0.079 0.080 0.090 
190 COPE-0190    (0)   :  0.013 0.079 0.086 0.090 0.081 0.080 0.084 0.092 0.079 0.074 0.078 0.080 0.084 
191 COPE-0191    (0)   :  0.010 0.080 0.079 0.084 0.090 0.086 0.075 0.088 0.080 0.087 0.087 0.077 0.077 
192 COPE-0192   (14)   :  0.873 0.011 0.010 0.011 0.012 0.011 0.009 0.012 0.009 0.012 0.012 0.009 0.010 
193 COPE-0193    (0)   :  0.006 0.085 0.082 0.080 0.077 0.086 0.084 0.072 0.097 0.086 0.080 0.082 0.084 
194 COPE-0194    (0)   :  0.009 0.085 0.084 0.071 0.089 0.076 0.087 0.082 0.081 0.079 0.080 0.091 0.086 
195 COPE-0195    (0)   :  0.006 0.085 0.082 0.078 0.088 0.077 0.085 0.079 0.085 0.083 0.080 0.085 0.087 
196 COPE-0196    (0)   :  0.010 0.079 0.083 0.085 0.085 0.082 0.081 0.085 0.079 0.082 0.086 0.084 0.079 
197 COPE-0197    (0)   :  0.007 0.080 0.083 0.085 0.081 0.081 0.082 0.075 0.089 0.084 0.082 0.092 0.080 
198 COPE-0198    (0)   :  0.011 0.075 0.079 0.088 0.082 0.080 0.084 0.084 0.084 0.090 0.075 0.092 0.075 
199 COPE-0199    (0)   :  0.012 0.080 0.078 0.086 0.084 0.081 0.085 0.074 0.086 0.083 0.081 0.090 0.079 
200 COPE-0200   (42)   :  0.009 0.080 0.079 0.087 0.085 0.080 0.084 0.080 0.087 0.082 0.077 0.090 0.080 
201 COPE-0201    (0)   :  0.008 0.091 0.086 0.079 0.081 0.085 0.077 0.084 0.077 0.082 0.088 0.082 0.081 
202 COPE-0202    (0)   :  0.012 0.075 0.087 0.094 0.084 0.083 0.081 0.099 0.074 0.074 0.080 0.074 0.085 
203 COPE-0203    (0)   :  0.006 0.078 0.081 0.087 0.081 0.081 0.085 0.082 0.084 0.085 0.082 0.085 0.083 
204 COPE-0204    (0)   :  0.027 0.079 0.087 0.075 0.067 0.083 0.093 0.079 0.073 0.079 0.084 0.085 0.090 
205 COPE-0205    (0)   :  0.019 0.084 0.080 0.079 0.081 0.083 0.079 0.071 0.096 0.085 0.080 0.079 0.084 
206 COPE-0206    (0)   :  0.005 0.083 0.082 0.085 0.076 0.078 0.089 0.081 0.080 0.087 0.084 0.085 0.085 
207 COPE-0207    (0)   :  0.011 0.074 0.081 0.090 0.074 0.081 0.089 0.083 0.078 0.090 0.085 0.083 0.080 
208 COPE-0208    (0)   :  0.645 0.032 0.028 0.030 0.031 0.028 0.029 0.029 0.028 0.029 0.029 0.033 0.031 
209 COPE-0209    (0)   :  0.006 0.082 0.078 0.086 0.088 0.081 0.081 0.083 0.080 0.086 0.084 0.087 0.079 
210 COPE-0210    (0)   :  0.009 0.077 0.081 0.075 0.088 0.084 0.086 0.074 0.102 0.091 0.076 0.076 0.080 
211 COPE-0211    (0)   :  0.005 0.079 0.083 0.075 0.093 0.073 0.090 0.079 0.086 0.088 0.079 0.082 0.088 
212 COPE-0212    (0)   :  0.011 0.075 0.080 0.089 0.075 0.081 0.088 0.082 0.085 0.090 0.081 0.082 0.081 
213 COPE-0213    (0)   :  0.008 0.083 0.082 0.082 0.079 0.084 0.085 0.079 0.079 0.084 0.082 0.089 0.085 
214 COPE-0214    (0)   :  0.008 0.079 0.078 0.092 0.082 0.079 0.085 0.083 0.081 0.086 0.075 0.098 0.073 
215 COPE-0215    (0)   :  0.057 0.079 0.076 0.081 0.080 0.074 0.084 0.075 0.080 0.078 0.074 0.089 0.073 
216 COPE-0216   (14)   :  0.342 0.053 0.056 0.052 0.056 0.055 0.055 0.050 0.062 0.056 0.054 0.053 0.054 
217 COPE-0217    (0)   :  0.027 0.077 0.082 0.085 0.069 0.077 0.091 0.079 0.080 0.085 0.081 0.085 0.081 
218 COPE-0218    (0)   :  0.008 0.079 0.081 0.083 0.084 0.079 0.083 0.081 0.088 0.086 0.079 0.089 0.081 
219 COPE-0219   (14)   :  0.008 0.080 0.079 0.086 0.083 0.081 0.083 0.081 0.085 0.084 0.079 0.092 0.078 
220 COPE-0220    (0)   :  0.013 0.079 0.086 0.086 0.064 0.082 0.095 0.076 0.080 0.088 0.085 0.084 0.082 
221 COPE-0221    (0)   :  0.016 0.076 0.083 0.091 0.078 0.092 0.084 0.083 0.073 0.079 0.085 0.085 0.075 
222 COPE-0222    (0)   :  0.007 0.087 0.084 0.080 0.080 0.089 0.081 0.072 0.100 0.085 0.078 0.076 0.081 
223 COPE-0223    (0)   :  0.007 0.082 0.084 0.082 0.086 0.076 0.087 0.074 0.087 0.079 0.084 0.091 0.083 
224 COPE-0224    (0)   :  0.019 0.072 0.088 0.092 0.083 0.083 0.078 0.106 0.076 0.071 0.073 0.071 0.088 
225 COPE-0225    (0)   :  0.013 0.079 0.078 0.092 0.081 0.078 0.085 0.081 0.082 0.086 0.075 0.098 0.073 
226 COPE-0226    (0)   :  0.006 0.087 0.083 0.084 0.078 0.084 0.087 0.083 0.083 0.079 0.084 0.082 0.082 
227 COPE-0227    (0)   :  0.006 0.083 0.079 0.088 0.085 0.081 0.081 0.086 0.079 0.090 0.082 0.084 0.077 
228 COPE-0228    (0)   :  0.017 0.079 0.085 0.084 0.072 0.081 0.090 0.076 0.083 0.083 0.081 0.085 0.086 
229 COPE-0229    (0)   :  0.007 0.082 0.082 0.085 0.082 0.084 0.086 0.081 0.083 0.081 0.080 0.085 0.084 
230 COPE-0230    (0)   :  0.010 0.091 0.082 0.084 0.071 0.090 0.091 0.082 0.076 0.073 0.085 0.080 0.085 
231 COPE-0231    (0)   :  0.006 0.081 0.081 0.081 0.081 0.082 0.085 0.074 0.089 0.082 0.082 0.089 0.086 
232 COPE-0232    (0)   :  0.015 0.079 0.084 0.088 0.080 0.084 0.085 0.090 0.077 0.075 0.079 0.077 0.086 
233 COPE-0233    (0)   :  0.005 0.092 0.080 0.089 0.084 0.085 0.078 0.080 0.081 0.084 0.082 0.077 0.085 
234 COPE-0234    (0)   :  0.008 0.085 0.084 0.088 0.083 0.077 0.081 0.084 0.080 0.078 0.080 0.082 0.090 
235 COPE-0235    (0)   :  0.006 0.082 0.085 0.084 0.085 0.078 0.083 0.078 0.085 0.077 0.087 0.083 0.086 
236 COPE-0236    (0)   :  0.005 0.090 0.083 0.082 0.066 0.089 0.096 0.083 0.074 0.077 0.086 0.079 0.090 
237 COPE-0237    (0)   :  0.006 0.082 0.076 0.090 0.090 0.083 0.078 0.088 0.076 0.091 0.083 0.079 0.079 
238 COPE-0238    (0)   :  0.009 0.078 0.078 0.083 0.081 0.082 0.088 0.071 0.091 0.083 0.081 0.095 0.080 
239 COPE-0239    (0)   :  0.036 0.082 0.081 0.083 0.081 0.081 0.078 0.086 0.079 0.075 0.078 0.077 0.084 
240 COPE-0240    (0)   :  0.008 0.079 0.084 0.074 0.085 0.088 0.084 0.072 0.106 0.087 0.077 0.075 0.080 
241 COPE-0241    (0)   :  0.007 0.083 0.078 0.087 0.089 0.079 0.085 0.077 0.088 0.078 0.077 0.084 0.089 
242 COPE-0242    (0)   :  0.006 0.079 0.083 0.085 0.080 0.083 0.082 0.084 0.077 0.092 0.090 0.082 0.076 
243 COPE-0243    (0)   :  0.007 0.081 0.093 0.069 0.087 0.077 0.081 0.085 0.079 0.078 0.084 0.093 0.086 
244 COPE-0244    (0)   :  0.009 0.085 0.084 0.078 0.081 0.080 0.084 0.081 0.081 0.079 0.082 0.094 0.083 
245 COPE-0245    (0)   :  0.011 0.083 0.088 0.069 0.082 0.077 0.082 0.082 0.081 0.081 0.085 0.094 0.087 
246 COPE-0246    (0)   :  0.012 0.082 0.083 0.082 0.085 0.085 0.080 0.084 0.083 0.080 0.084 0.079 0.080 
247 COPE-0247    (0)   :  0.015 0.078 0.079 0.086 0.083 0.082 0.081 0.087 0.078 0.083 0.083 0.087 0.077 
248 COPE-0248    (0)   :  0.005 0.089 0.081 0.075 0.082 0.077 0.083 0.079 0.082 0.080 0.085 0.094 0.088 
249 COPE-0249    (0)   :  0.025 0.081 0.081 0.088 0.080 0.077 0.082 0.091 0.078 0.076 0.074 0.085 0.081 
250 COPE-0250    (0)   :  0.017 0.075 0.084 0.090 0.081 0.079 0.085 0.088 0.083 0.077 0.078 0.076 0.088 
251 COPE-0251   (14)   :  0.645 0.029 0.028 0.032 0.031 0.030 0.029 0.031 0.027 0.030 0.031 0.030 0.028 
252 COPE-0252    (0)   :  0.011 0.077 0.087 0.088 0.082 0.082 0.083 0.092 0.082 0.076 0.080 0.075 0.085 
253 COPE-0253    (0)   :  0.008 0.096 0.086 0.088 0.080 0.094 0.084 0.078 0.073 0.068 0.088 0.083 0.075 
254 COPE-0254    (0)   :  0.014 0.083 0.097 0.064 0.073 0.080 0.080 0.085 0.077 0.072 0.086 0.099 0.090 
255 COPE-0255    (0)   :  0.021 0.078 0.082 0.082 0.078 0.084 0.083 0.082 0.077 0.081 0.082 0.092 0.079 
256 COPE-0256    (0)   :  0.010 0.076 0.086 0.073 0.079 0.090 0.088 0.067 0.113 0.088 0.075 0.075 0.080 
257 COPE-0257    (0)   :  0.007 0.082 0.074 0.083 0.110 0.087 0.053 0.110 0.062 0.104 0.103 0.057 0.066 
258 COPE-0258    (0)   :  0.015 0.085 0.078 0.080 0.090 0.080 0.074 0.087 0.075 0.090 0.085 0.085 0.076 
259 COPE-0259    (0)   :  0.006 0.082 0.081 0.080 0.083 0.079 0.087 0.082 0.080 0.083 0.084 0.085 0.087 
260 COPE-0260    (0)   :  0.022 0.080 0.080 0.080 0.081 0.079 0.084 0.076 0.084 0.080 0.082 0.090 0.080 
261 COPE-0261    (0)   :  0.006 0.081 0.095 0.066 0.075 0.079 0.084 0.086 0.075 0.074 0.088 0.098 0.093 
262 COPE-0262    (0)   :  0.017 0.079 0.088 0.072 0.080 0.081 0.084 0.073 0.099 0.079 0.077 0.084 0.088 
263 COPE-0263    (0)   :  0.007 0.084 0.076 0.085 0.095 0.080 0.074 0.089 0.078 0.089 0.087 0.075 0.080 
264 COPE-0264    (0)   :  0.017 0.085 0.076 0.082 0.099 0.084 0.065 0.097 0.069 0.092 0.094 0.067 0.073 
265 COPE-0265    (0)   :  0.011 0.090 0.083 0.081 0.078 0.082 0.081 0.074 0.087 0.078 0.081 0.086 0.086 
266 COPE-0266    (0)   :  0.017 0.081 0.084 0.082 0.075 0.079 0.087 0.078 0.080 0.085 0.081 0.087 0.085 
267 COPE-0267    (0)   :  0.006 0.085 0.080 0.089 0.083 0.082 0.079 0.085 0.083 0.082 0.080 0.078 0.089 
268 COPE-0268    (0)   :  0.013 0.089 0.075 0.090 0.087 0.082 0.074 0.085 0.076 0.085 0.084 0.075 0.084 
269 COPE-0269    (0)   :  0.006 0.084 0.079 0.082 0.089 0.082 0.078 0.085 0.087 0.088 0.085 0.075 0.080 
270 COPE-0270    (0)   :  0.007 0.078 0.085 0.073 0.094 0.072 0.091 0.080 0.087 0.086 0.079 0.079 0.089 
271 COPE-0271    (0)   :  0.007 0.080 0.084 0.081 0.088 0.077 0.084 0.076 0.092 0.084 0.087 0.079 0.081 
272 COPE-0272    (0)   :  0.007 0.085 0.086 0.086 0.075 0.088 0.084 0.083 0.076 0.074 0.087 0.088 0.081 
273 COPE-0273    (0)   :  0.015 0.075 0.080 0.089 0.073 0.081 0.086 0.081 0.083 0.089 0.081 0.084 0.083 
274 COPE-0274   (14)   :  0.704 0.024 0.025 0.022 0.027 0.023 0.026 0.024 0.026 0.026 0.024 0.024 0.026 
275 COPE-0275    (0)   :  0.009 0.083 0.080 0.086 0.085 0.077 0.084 0.082 0.083 0.084 0.079 0.083 0.086 
276 COPE-0276   (14)   :  0.921 0.007 0.006 0.007 0.007 0.007 0.007 0.007 0.007 0.007 0.007 0.007 0.007 
277 COPE-0277   (14)   :  0.013 0.079 0.082 0.077 0.079 0.090 0.087 0.074 0.101 0.087 0.078 0.071 0.081 
278 COPE-0278    (0)   :  0.007 0.077 0.087 0.087 0.056 0.086 0.104 0.076 0.079 0.091 0.085 0.080 0.086 
279 COPE-0279    (0)   :  0.009 0.081 0.084 0.081 0.077 0.085 0.089 0.078 0.083 0.080 0.083 0.084 0.086 
280 COPE-0280    (0)   :  0.853 0.012 0.012 0.012 0.012 0.012 0.012 0.012 0.012 0.012 0.012 0.012 0.012 
281 COPE-0281    (0)   :  0.618 0.033 0.030 0.034 0.031 0.030 0.033 0.032 0.030 0.031 0.030 0.036 0.031 
282 COPE-0282   (14)   :  0.006 0.072 0.090 0.097 0.084 0.084 0.079 0.110 0.074 0.070 0.073 0.070 0.090 
283 COPE-0283    (0)   :  0.007 0.080 0.084 0.086 0.068 0.082 0.094 0.078 0.083 0.090 0.082 0.083 0.083 
284 COPE-0284   (14)   :  0.031 0.085 0.079 0.080 0.085 0.076 0.081 0.072 0.081 0.078 0.079 0.089 0.084 
285 COPE-0285    (0)   :  0.660 0.030 0.028 0.028 0.029 0.028 0.027 0.028 0.030 0.029 0.028 0.027 0.029 
286 COPE-0286    (0)   :  0.008 0.091 0.077 0.079 0.092 0.074 0.080 0.077 0.082 0.084 0.076 0.090 0.089 
287 COPE-0287    (0)   :  0.027 0.087 0.074 0.088 0.090 0.078 0.072 0.086 0.076 0.085 0.083 0.071 0.083 
288 COPE-0288    (0)   :  0.010 0.076 0.084 0.091 0.078 0.090 0.084 0.084 0.076 0.080 0.084 0.084 0.078 
289 COPE-0289    (0)   :  0.007 0.089 0.084 0.080 0.081 0.084 0.079 0.076 0.095 0.085 0.080 0.078 0.083 
290 COPE-0290    (0)   :  0.007 0.082 0.083 0.078 0.090 0.075 0.086 0.080 0.087 0.083 0.077 0.081 0.092 
291 COPE-0291    (0)   :  0.005 0.084 0.077 0.084 0.092 0.084 0.075 0.089 0.077 0.089 0.086 0.080 0.078 
292 COPE-0292   (42)   :  0.822 0.015 0.015 0.015 0.015 0.015 0.015 0.014 0.015 0.014 0.015 0.015 0.015 
293 COPE-0293    (0)   :  0.008 0.098 0.086 0.084 0.075 0.090 0.085 0.079 0.076 0.068 0.087 0.084 0.080 
294 COPE-0294    (0)   :  0.011 0.086 0.083 0.082 0.082 0.078 0.083 0.080 0.082 0.079 0.080 0.086 0.086 
295 COPE-0295    (0)   :  0.007 0.077 0.087 0.082 0.079 0.085 0.081 0.085 0.088 0.080 0.080 0.078 0.090 
296 COPE-0296   (14)   :  0.007 0.076 0.082 0.086 0.081 0.081 0.086 0.082 0.084 0.086 0.082 0.084 0.083 
297 COPE-0297   (14)   :  0.035 0.083 0.076 0.086 0.082 0.076 0.083 0.078 0.080 0.079 0.073 0.092 0.079 
298 COPE-0298    (0)   :  0.009 0.092 0.085 0.086 0.077 0.086 0.088 0.087 0.074 0.068 0.087 0.082 0.080 
299 COPE-0299    (0)   :  0.006 0.085 0.090 0.067 0.082 0.079 0.084 0.086 0.077 0.074 0.087 0.097 0.086 
300 COPE-0300   (14)   :  0.007 0.082 0.080 0.081 0.086 0.085 0.081 0.079 0.093 0.087 0.080 0.076 0.083 
301 COPE-0301   (14)   :  0.009 0.097 0.087 0.091 0.077 0.099 0.085 0.077 0.069 0.063 0.092 0.083 0.073 
302 COPE-0302    (0)   :  0.149 0.073 0.071 0.067 0.069 0.070 0.068 0.067 0.086 0.076 0.065 0.067 0.071 
303 COPE-0303    (0)   :  0.006 0.080 0.086 0.083 0.066 0.091 0.098 0.079 0.075 0.081 0.086 0.079 0.090 
304 COPE-0304    (0)   :  0.007 0.089 0.084 0.081 0.079 0.081 0.080 0.080 0.084 0.079 0.083 0.087 0.086 
305 COPE-0305   (14)   :  0.033 0.083 0.079 0.083 0.084 0.080 0.077 0.086 0.077 0.082 0.080 0.078 0.077 
306 COPE-0306    (0)   :  0.009 0.077 0.086 0.087 0.066 0.081 0.095 0.082 0.074 0.088 0.089 0.081 0.085 
307 COPE-0307   (28)   :  0.903 0.008 0.008 0.008 0.008 0.008 0.008 0.008 0.008 0.008 0.008 0.008 0.008 
308 COPE-0308    (0)   :  0.006 0.074 0.089 0.095 0.083 0.087 0.079 0.102 0.074 0.071 0.077 0.074 0.088 
309 COPE-0309   (14)   :  0.571 0.037 0.036 0.037 0.036 0.034 0.036 0.035 0.035 0.034 0.035 0.038 0.037 
310 COPE-0310   (28)   :  0.538 0.039 0.035 0.038 0.050 0.041 0.026 0.051 0.028 0.048 0.047 0.028 0.032 
311 COPE-0311    (0)   :  0.019 0.088 0.075 0.083 0.089 0.080 0.072 0.085 0.076 0.090 0.085 0.081 0.076 
312 COPE-0312   (28)   :  0.845 0.013 0.013 0.013 0.012 0.013 0.014 0.013 0.012 0.013 0.013 0.013 0.013 
313 COPE-0313    (0)   :  0.009 0.081 0.081 0.083 0.087 0.080 0.077 0.091 0.072 0.091 0.093 0.079 0.076 
314 COPE-0314    (0)   :  0.007 0.089 0.079 0.081 0.086 0.079 0.078 0.082 0.077 0.084 0.091 0.084 0.084 
315 COPE-0315    (0)   :  0.008 0.083 0.080 0.086 0.086 0.082 0.080 0.085 0.077 0.087 0.086 0.080 0.080 
316 COPE-0316    (0)   :  0.019 0.083 0.083 0.077 0.080 0.077 0.086 0.078 0.079 0.078 0.082 0.092 0.085 
317 COPE-0317   (14)   :  0.896 0.009 0.009 0.009 0.009 0.009 0.008 0.009 0.009 0.009 0.009 0.008 0.009 
318 COPE-0318    (0)   :  0.005 0.085 0.082 0.082 0.087 0.078 0.080 0.083 0.081 0.081 0.086 0.085 0.084 
319 COPE-0319    (0)   :  0.006 0.081 0.084 0.088 0.088 0.079 0.080 0.091 0.079 0.079 0.079 0.079 0.088 
320 COPE-0320   (14)   :  0.015 0.089 0.086 0.084 0.079 0.088 0.082 0.077 0.078 0.073 0.084 0.084 0.081 
321 COPE-0321   (14)   :  0.011 0.080 0.078 0.083 0.091 0.082 0.075 0.092 0.072 0.092 0.087 0.079 0.076 
322 COPE-0322   (14)   :  0.006 0.083 0.084 0.081 0.086 0.078 0.084 0.079 0.084 0.081 0.085 0.085 0.083 
323 COPE-0323    (0)   :  0.008 0.083 0.073 0.084 0.112 0.088 0.051 0.114 0.058 0.106 0.103 0.056 0.065 
324 COPE-0324    (0)   :  0.006 0.081 0.079 0.090 0.081 0.080 0.086 0.082 0.084 0.084 0.077 0.093 0.077 
325 COPE-0325   (14)   :  0.011 0.073 0.083 0.071 0.084 0.092 0.087 0.066 0.120 0.092 0.074 0.069 0.078 
326 COPE-0326    (0)   :  0.007 0.084 0.086 0.089 0.074 0.092 0.086 0.084 0.076 0.074 0.085 0.079 0.083 
327 COPE-0327   (14)   :  0.008 0.085 0.087 0.089 0.079 0.091 0.085 0.080 0.075 0.072 0.088 0.085 0.076 
328 COPE-0328    (0)   :  0.006 0.084 0.082 0.082 0.082 0.083 0.087 0.080 0.080 0.080 0.083 0.082 0.089 
329 COPE-0329   (28)   :  0.013 0.081 0.080 0.087 0.080 0.080 0.085 0.078 0.083 0.086 0.080 0.089 0.079 
330 COPE-0330    (0)   :  0.020 0.087 0.079 0.081 0.083 0.078 0.076 0.081 0.077 0.084 0.092 0.083 0.080 
331 COPE-0331    (0)   :  0.006 0.094 0.086 0.089 0.078 0.095 0.085 0.077 0.071 0.070 0.090 0.085 0.074 
332 COPE-0332   (14)   :  0.006 0.086 0.082 0.082 0.078 0.086 0.088 0.081 0.075 0.083 0.084 0.083 0.086 
333 COPE-0333    (0)   :  0.142 0.076 0.073 0.075 0.068 0.080 0.073 0.066 0.066 0.064 0.074 0.077 0.066 
334 COPE-0334   (28)   :  0.512 0.041 0.038 0.041 0.049 0.042 0.031 0.051 0.032 0.048 0.046 0.033 0.035 
335 COPE-0335    (0)   :  0.006 0.079 0.078 0.092 0.083 0.080 0.085 0.085 0.081 0.086 0.075 0.097 0.074 
336 COPE-0336    (0)   :  0.006 0.084 0.080 0.087 0.082 0.082 0.082 0.084 0.076 0.083 0.082 0.092 0.081 
337 COPE-0337   (28)   :  0.799 0.017 0.016 0.017 0.017 0.016 0.017 0.017 0.017 0.017 0.016 0.017 0.017 
338 COPE-0338    (0)   :  0.020 0.086 0.076 0.082 0.091 0.079 0.073 0.088 0.076 0.087 0.089 0.076 0.078 
339 COPE-0339    (0)   :  0.005 0.080 0.086 0.070 0.075 0.089 0.083 0.065 0.128 0.093 0.070 0.070 0.085 
340 COPE-0340   (14)   :  0.851 0.013 0.012 0.013 0.012 0.013 0.013 0.012 0.012 0.012 0.012 0.012 0.013 
341 COPE-0341    (0)   :  0.007 0.082 0.085 0.087 0.085 0.079 0.079 0.087 0.079 0.079 0.083 0.080 0.086 
342 COPE-0342    (0)   :  0.008 0.082 0.079 0.089 0.085 0.079 0.085 0.080 0.086 0.082 0.076 0.090 0.080 
343 COPE-0343    (0)   :  0.006 0.082 0.087 0.082 0.073 0.083 0.086 0.081 0.080 0.081 0.085 0.087 0.087 
344 COPE-0344   (14)   :  0.862 0.012 0.011 0.012 0.012 0.012 0.011 0.012 0.011 0.012 0.012 0.011 0.011 
