

----------------------------------------------------
STRUCTURE by Pritchard, Stephens and Donnelly (2000)
     and Falush, Stephens and Pritchard (2003)
       Code by Pritchard, Falush and Hubisz
             Version 2.3.4 (Jul 2012)
----------------------------------------------------



Command line arguments:   /home/jason/Programs/structure -K 8 -i ../Data/microsats.structure -m Structure_Run/mainparams -e Structure_Run/extraparams -D 90299089 -o ../Structure_Results/04_K_08.out 
Input File:    ../Data/microsats.structure

Run parameters:
   384 individuals
   7 loci
   8 populations assumed
   1000000 Burn-in period
   10000000 Reps
RANDOMIZE turned off


--------------------------------------------
Overall proportion of membership of the
sample in each of the 8 clusters

Inferred Clusters
  1      2      3      4      5      6      7      8    
0.118  0.126  0.127  0.126  0.126  0.125  0.126  0.126  

--------------------------------------------

Allele-freq. divergence among pops (Net nucleotide distance),
computed using point estimates of P.

      1       2       3       4       5       6       7       8      
 1      -    0.1570  0.1565  0.1571  0.1566  0.1570  0.1559  0.1560  
 2   0.1570     -    0.0002  0.0000  0.0001  0.0000  0.0001  0.0001  
 3   0.1565  0.0002     -    0.0001  0.0001  0.0004  0.0002  0.0003  
 4   0.1571  0.0000  0.0001     -    0.0000  0.0001  0.0001  0.0001  
 5   0.1566  0.0001  0.0001  0.0000     -    0.0002  0.0002  0.0002  
 6   0.1570  0.0000  0.0004  0.0001  0.0002     -    0.0001  0.0001  
 7   0.1559  0.0001  0.0002  0.0001  0.0002  0.0001     -    0.0000  
 8   0.1560  0.0001  0.0003  0.0001  0.0002  0.0001  0.0000     -    

Average distances (expected heterozygosity) between individuals in same cluster:
cluster  1  : 0.6509 
cluster  2  : 0.6241 
cluster  3  : 0.6236 
cluster  4  : 0.6231 
cluster  5  : 0.6248 
cluster  6  : 0.6244 
cluster  7  : 0.6242 
cluster  8  : 0.6251 

--------------------------------------------
Estimated Ln Prob of Data   = -8998.4
Mean value of ln likelihood = -7886.4
Variance of ln likelihood   = 2223.8
Mean value of alpha         = 0.0468

Mean value of Fst_1         = 0.1691
Mean value of Fst_2         = 0.0709
Mean value of Fst_3         = 0.0668
Mean value of Fst_4         = 0.0705
Mean value of Fst_5         = 0.0672
Mean value of Fst_6         = 0.0720
Mean value of Fst_7         = 0.0704
Mean value of Fst_8         = 0.0707


Inferred ancestry of individuals:
        Label (%Miss) :  Inferred clusters
  1 COPE-0001    (0)   :  0.942 0.008 0.008 0.008 0.008 0.008 0.008 0.008 
  2 COPE-0002    (0)   :  0.011 0.140 0.128 0.132 0.140 0.147 0.152 0.150 
  3 COPE-0003    (0)   :  0.007 0.121 0.179 0.147 0.159 0.109 0.148 0.131 
  4 COPE-0004    (0)   :  0.013 0.138 0.120 0.129 0.135 0.148 0.158 0.159 
  5 COPE-0005    (0)   :  0.020 0.150 0.115 0.143 0.138 0.152 0.138 0.144 
  6 COPE-0006    (0)   :  0.018 0.143 0.140 0.144 0.143 0.141 0.136 0.134 
  7 COPE-0007    (0)   :  0.007 0.158 0.121 0.144 0.138 0.149 0.143 0.139 
  8 COPE-0008    (0)   :  0.008 0.136 0.124 0.136 0.111 0.153 0.168 0.165 
  9 COPE-0009    (0)   :  0.018 0.138 0.159 0.146 0.151 0.121 0.136 0.131 
 10 COPE-0010    (0)   :  0.007 0.140 0.165 0.141 0.151 0.139 0.128 0.129 
 11 COPE-0011   (14)   :  0.904 0.013 0.013 0.013 0.013 0.014 0.015 0.015 
 12 COPE-0012   (14)   :  0.007 0.130 0.124 0.142 0.125 0.155 0.154 0.163 
 13 COPE-0013    (0)   :  0.006 0.115 0.193 0.145 0.166 0.099 0.144 0.131 
 14 COPE-0014    (0)   :  0.010 0.161 0.137 0.137 0.152 0.138 0.131 0.135 
 15 COPE-0015    (0)   :  0.007 0.154 0.139 0.143 0.142 0.146 0.133 0.137 
 16 COPE-0016    (0)   :  0.010 0.152 0.143 0.156 0.139 0.144 0.120 0.137 
 17 COPE-0017    (0)   :  0.689 0.049 0.042 0.045 0.045 0.045 0.042 0.044 
 18 COPE-0018    (0)   :  0.008 0.138 0.147 0.145 0.148 0.135 0.141 0.139 
 19 COPE-0019    (0)   :  0.006 0.127 0.172 0.147 0.159 0.117 0.139 0.133 
 20 COPE-0020    (0)   :  0.008 0.147 0.139 0.146 0.149 0.144 0.136 0.132 
 21 COPE-0021    (0)   :  0.006 0.161 0.120 0.148 0.147 0.158 0.128 0.133 
 22 COPE-0022    (0)   :  0.007 0.137 0.128 0.136 0.115 0.149 0.166 0.164 
 23 COPE-0023    (0)   :  0.008 0.142 0.144 0.127 0.145 0.139 0.153 0.141 
 24 COPE-0024   (14)   :  0.006 0.151 0.116 0.154 0.132 0.162 0.142 0.136 
 25 COPE-0025    (0)   :  0.074 0.130 0.142 0.126 0.141 0.125 0.133 0.130 
 26 COPE-0026    (0)   :  0.005 0.150 0.144 0.140 0.134 0.142 0.142 0.143 
 27 COPE-0027    (0)   :  0.006 0.124 0.173 0.143 0.152 0.118 0.148 0.136 
 28 COPE-0028    (0)   :  0.006 0.139 0.173 0.137 0.153 0.137 0.118 0.136 
 29 COPE-0029    (0)   :  0.005 0.156 0.133 0.158 0.139 0.152 0.121 0.135 
 30 COPE-0030   (14)   :  0.771 0.033 0.031 0.031 0.032 0.033 0.035 0.033 
 31 COPE-0031    (0)   :  0.010 0.148 0.131 0.141 0.121 0.147 0.156 0.145 
 32 COPE-0032    (0)   :  0.009 0.140 0.169 0.129 0.152 0.136 0.133 0.133 
 33 COPE-0033    (0)   :  0.012 0.137 0.162 0.135 0.148 0.134 0.136 0.136 
 34 COPE-0034    (0)   :  0.011 0.148 0.128 0.142 0.136 0.146 0.141 0.147 
 35 COPE-0035   (14)   :  0.008 0.137 0.170 0.138 0.147 0.134 0.126 0.140 
 36 COPE-0036   (14)   :  0.006 0.147 0.111 0.146 0.147 0.164 0.148 0.131 
 37 COPE-0037    (0)   :  0.023 0.139 0.137 0.144 0.141 0.144 0.139 0.133 
 38 COPE-0038    (0)   :  0.006 0.142 0.141 0.137 0.115 0.145 0.165 0.149 
 39 COPE-0039    (0)   :  0.090 0.125 0.131 0.130 0.134 0.126 0.134 0.130 
 40 COPE-0040   (14)   :  0.097 0.125 0.142 0.131 0.138 0.115 0.131 0.121 
 41 COPE-0041    (0)   :  0.031 0.133 0.143 0.133 0.145 0.129 0.145 0.141 
 42 COPE-0042    (0)   :  0.011 0.134 0.182 0.137 0.151 0.128 0.126 0.132 
 43 COPE-0043    (0)   :  0.005 0.149 0.135 0.140 0.137 0.147 0.143 0.145 
 44 COPE-0044    (0)   :  0.014 0.135 0.128 0.132 0.137 0.144 0.154 0.156 
 45 COPE-0045    (0)   :  0.031 0.136 0.125 0.131 0.132 0.140 0.153 0.152 
 46 COPE-0046    (0)   :  0.801 0.028 0.031 0.029 0.030 0.026 0.028 0.027 
 47 COPE-0047    (0)   :  0.948 0.007 0.008 0.007 0.008 0.007 0.007 0.007 
 48 COPE-0048    (0)   :  0.007 0.136 0.185 0.136 0.151 0.136 0.118 0.131 
 49 COPE-0049    (0)   :  0.016 0.136 0.125 0.138 0.144 0.143 0.147 0.151 
 50 COPE-0050    (0)   :  0.007 0.126 0.172 0.145 0.152 0.118 0.146 0.135 
 51 COPE-0051    (0)   :  0.105 0.125 0.164 0.120 0.141 0.115 0.102 0.127 
 52 COPE-0052    (0)   :  0.011 0.166 0.129 0.143 0.145 0.144 0.128 0.135 
 53 COPE-0053    (0)   :  0.009 0.156 0.138 0.159 0.141 0.148 0.115 0.135 
 54 COPE-0054    (0)   :  0.005 0.149 0.102 0.152 0.138 0.168 0.142 0.144 
 55 COPE-0055    (0)   :  0.005 0.136 0.125 0.138 0.108 0.152 0.170 0.166 
 56 COPE-0056    (0)   :  0.017 0.133 0.134 0.136 0.137 0.141 0.148 0.153 
 57 COPE-0057    (0)   :  0.011 0.133 0.151 0.144 0.153 0.131 0.143 0.134 
 58 COPE-0058    (0)   :  0.009 0.140 0.120 0.139 0.147 0.149 0.153 0.143 
 59 COPE-0059    (0)   :  0.019 0.121 0.182 0.146 0.161 0.104 0.144 0.124 
 60 COPE-0060    (0)   :  0.007 0.147 0.141 0.140 0.146 0.140 0.138 0.142 
 61 COPE-0061    (0)   :  0.011 0.148 0.151 0.158 0.144 0.136 0.121 0.132 
 62 COPE-0062    (0)   :  0.009 0.165 0.123 0.146 0.143 0.152 0.128 0.134 
 63 COPE-0063    (0)   :  0.027 0.130 0.116 0.135 0.107 0.155 0.162 0.168 
 64 COPE-0064    (0)   :  0.009 0.147 0.143 0.140 0.136 0.139 0.143 0.141 
 65 COPE-0065    (0)   :  0.959 0.006 0.006 0.006 0.006 0.006 0.006 0.006 
 66 COPE-0066    (0)   :  0.016 0.131 0.194 0.136 0.153 0.125 0.118 0.128 
 67 COPE-0067   (14)   :  0.808 0.028 0.030 0.027 0.029 0.027 0.025 0.026 
 68 COPE-0068    (0)   :  0.010 0.117 0.187 0.150 0.162 0.102 0.146 0.126 
 69 COPE-0069   (14)   :  0.013 0.150 0.135 0.145 0.140 0.142 0.137 0.138 
 70 COPE-0070    (0)   :  0.012 0.136 0.133 0.135 0.143 0.140 0.145 0.156 
 71 COPE-0071    (0)   :  0.004 0.136 0.179 0.137 0.153 0.136 0.124 0.130 
 72 COPE-0072    (0)   :  0.007 0.139 0.153 0.140 0.148 0.128 0.144 0.141 
 73 COPE-0073   (14)   :  0.709 0.045 0.036 0.045 0.040 0.047 0.038 0.040 
 74 COPE-0074    (0)   :  0.009 0.138 0.168 0.136 0.146 0.141 0.129 0.132 
 75 COPE-0075    (0)   :  0.013 0.138 0.183 0.131 0.156 0.126 0.113 0.140 
 76 COPE-0076    (0)   :  0.006 0.138 0.131 0.147 0.138 0.147 0.145 0.150 
 77 COPE-0077   (14)   :  0.009 0.138 0.155 0.141 0.143 0.132 0.144 0.137 
 78 COPE-0078   (14)   :  0.008 0.144 0.117 0.140 0.130 0.156 0.151 0.153 
 79 COPE-0079    (0)   :  0.008 0.137 0.115 0.128 0.135 0.147 0.163 0.166 
 80 COPE-0080   (42)   :  0.854 0.020 0.022 0.021 0.022 0.020 0.020 0.020 
 81 COPE-0081   (14)   :  0.471 0.073 0.072 0.075 0.070 0.079 0.080 0.079 
 82 COPE-0082   (14)   :  0.046 0.129 0.146 0.132 0.135 0.139 0.130 0.144 
 83 COPE-0083   (14)   :  0.006 0.174 0.126 0.138 0.151 0.147 0.127 0.132 
 84 COPE-0084    (0)   :  0.231 0.119 0.110 0.123 0.108 0.116 0.089 0.105 
 85 COPE-0085    (0)   :  0.010 0.136 0.138 0.135 0.145 0.136 0.149 0.150 
 86 COPE-0086    (0)   :  0.021 0.142 0.144 0.145 0.144 0.144 0.128 0.132 
 87 COPE-0087   (14)   :  0.007 0.147 0.148 0.146 0.146 0.142 0.126 0.138 
 88 COPE-0088   (14)   :  0.024 0.141 0.132 0.141 0.142 0.141 0.136 0.143 
 89 COPE-0089   (14)   :  0.948 0.007 0.007 0.007 0.007 0.008 0.008 0.008 
 90 COPE-0090    (0)   :  0.008 0.135 0.126 0.139 0.111 0.152 0.168 0.161 
 91 COPE-0091   (14)   :  0.006 0.153 0.144 0.142 0.147 0.143 0.128 0.137 
 92 COPE-0092   (28)   :  0.830 0.023 0.027 0.024 0.026 0.022 0.025 0.024 
 93 COPE-0093    (0)   :  0.006 0.132 0.113 0.138 0.109 0.163 0.167 0.172 
 94 COPE-0094    (0)   :  0.031 0.135 0.113 0.125 0.131 0.143 0.161 0.161 
 95 COPE-0095    (0)   :  0.005 0.153 0.140 0.159 0.136 0.147 0.123 0.137 
 96 COPE-0096    (0)   :  0.009 0.160 0.132 0.139 0.144 0.146 0.130 0.140 
 97 COPE-0097    (0)   :  0.008 0.145 0.162 0.140 0.150 0.141 0.118 0.137 
 98 COPE-0098    (0)   :  0.008 0.146 0.130 0.137 0.117 0.148 0.164 0.150 
 99 COPE-0099    (0)   :  0.022 0.125 0.174 0.141 0.160 0.109 0.145 0.125 
100 COPE-0100    (0)   :  0.007 0.131 0.160 0.143 0.147 0.131 0.139 0.142 
101 COPE-0101    (0)   :  0.045 0.128 0.156 0.134 0.135 0.131 0.132 0.139 
102 COPE-0102    (0)   :  0.006 0.140 0.143 0.139 0.147 0.135 0.145 0.146 
103 COPE-0103    (0)   :  0.017 0.144 0.124 0.133 0.141 0.144 0.147 0.150 
104 COPE-0104   (14)   :  0.007 0.136 0.166 0.138 0.142 0.142 0.129 0.140 
105 COPE-0105    (0)   :  0.037 0.129 0.166 0.134 0.149 0.130 0.116 0.139 
106 COPE-0106    (0)   :  0.005 0.157 0.092 0.157 0.141 0.185 0.136 0.128 
107 COPE-0107    (0)   :  0.865 0.019 0.019 0.019 0.017 0.020 0.022 0.021 
108 COPE-0108    (0)   :  0.006 0.147 0.139 0.142 0.135 0.148 0.144 0.140 
109 COPE-0109    (0)   :  0.012 0.135 0.130 0.131 0.132 0.144 0.157 0.159 
110 COPE-0110   (14)   :  0.014 0.150 0.122 0.146 0.141 0.153 0.138 0.137 
111 COPE-0111    (0)   :  0.009 0.153 0.122 0.150 0.147 0.155 0.132 0.132 
112 COPE-0112   (14)   :  0.011 0.138 0.170 0.135 0.149 0.134 0.124 0.139 
113 COPE-0113    (0)   :  0.021 0.131 0.153 0.136 0.144 0.127 0.147 0.140 
114 COPE-0114    (0)   :  0.010 0.145 0.110 0.149 0.139 0.167 0.143 0.137 
115 COPE-0115    (0)   :  0.813 0.030 0.025 0.027 0.028 0.027 0.024 0.026 
116 COPE-0116   (28)   :  0.930 0.010 0.010 0.010 0.010 0.010 0.010 0.010 
117 COPE-0117    (0)   :  0.011 0.153 0.137 0.159 0.141 0.147 0.115 0.136 
118 COPE-0118    (0)   :  0.009 0.162 0.100 0.156 0.138 0.172 0.133 0.131 
119 COPE-0119    (0)   :  0.010 0.155 0.119 0.144 0.132 0.156 0.146 0.139 
120 COPE-0120    (0)   :  0.012 0.136 0.148 0.136 0.142 0.135 0.148 0.143 
121 COPE-0121    (0)   :  0.060 0.144 0.124 0.134 0.139 0.139 0.128 0.132 
122 COPE-0122    (0)   :  0.008 0.138 0.141 0.131 0.143 0.140 0.153 0.146 
123 COPE-0123    (0)   :  0.015 0.137 0.144 0.131 0.140 0.141 0.148 0.145 
124 COPE-0124    (0)   :  0.013 0.142 0.131 0.131 0.143 0.141 0.156 0.143 
125 COPE-0125    (0)   :  0.007 0.136 0.140 0.147 0.141 0.150 0.134 0.145 
126 COPE-0126    (0)   :  0.013 0.154 0.135 0.161 0.139 0.147 0.115 0.137 
127 COPE-0127   (14)   :  0.007 0.141 0.143 0.146 0.148 0.139 0.130 0.145 
128 COPE-0128    (0)   :  0.019 0.143 0.123 0.144 0.150 0.150 0.143 0.128 
129 COPE-0129    (0)   :  0.006 0.136 0.131 0.133 0.142 0.137 0.158 0.157 
130 COPE-0130    (0)   :  0.012 0.123 0.170 0.146 0.152 0.115 0.145 0.135 
131 COPE-0131   (14)   :  0.009 0.159 0.139 0.144 0.147 0.136 0.133 0.133 
132 COPE-0132   (14)   :  0.038 0.148 0.111 0.145 0.126 0.161 0.139 0.131 
133 COPE-0133    (0)   :  0.009 0.152 0.137 0.155 0.138 0.152 0.118 0.137 
134 COPE-0134    (0)   :  0.007 0.142 0.131 0.135 0.145 0.145 0.151 0.144 
135 COPE-0135    (0)   :  0.008 0.139 0.155 0.137 0.138 0.140 0.141 0.143 
136 COPE-0136    (0)   :  0.910 0.013 0.013 0.013 0.013 0.012 0.013 0.013 
137 COPE-0137    (0)   :  0.013 0.129 0.164 0.136 0.156 0.121 0.144 0.138 
138 COPE-0138   (14)   :  0.940 0.009 0.008 0.009 0.009 0.009 0.008 0.008 
139 COPE-0139    (0)   :  0.008 0.127 0.172 0.141 0.162 0.114 0.145 0.132 
140 COPE-0140   (14)   :  0.843 0.022 0.025 0.022 0.023 0.021 0.022 0.021 
141 COPE-0141    (0)   :  0.008 0.133 0.115 0.136 0.123 0.157 0.162 0.166 
142 COPE-0142    (0)   :  0.009 0.136 0.120 0.143 0.131 0.152 0.153 0.156 
143 COPE-0143    (0)   :  0.009 0.146 0.128 0.149 0.129 0.148 0.142 0.149 
144 COPE-0144   (14)   :  0.252 0.105 0.102 0.103 0.108 0.108 0.111 0.112 
145 COPE-0145   (14)   :  0.366 0.089 0.096 0.085 0.098 0.083 0.095 0.087 
146 COPE-0146   (14)   :  0.028 0.140 0.130 0.149 0.134 0.145 0.131 0.142 
147 COPE-0147    (0)   :  0.066 0.132 0.117 0.122 0.119 0.138 0.154 0.151 
148 COPE-0148    (0)   :  0.009 0.153 0.133 0.156 0.138 0.151 0.121 0.139 
149 COPE-0149    (0)   :  0.007 0.130 0.173 0.148 0.155 0.117 0.139 0.132 
150 COPE-0150    (0)   :  0.008 0.136 0.196 0.134 0.154 0.131 0.113 0.128 
151 COPE-0151    (0)   :  0.007 0.139 0.139 0.150 0.142 0.140 0.139 0.143 
152 COPE-0152   (14)   :  0.123 0.120 0.108 0.120 0.105 0.134 0.145 0.144 
153 COPE-0153    (0)   :  0.006 0.145 0.136 0.139 0.131 0.144 0.154 0.145 
154 COPE-0154    (0)   :  0.007 0.136 0.142 0.151 0.147 0.138 0.138 0.142 
155 COPE-0155    (0)   :  0.006 0.142 0.139 0.149 0.153 0.143 0.137 0.132 
156 COPE-0156   (14)   :  0.939 0.009 0.009 0.009 0.009 0.009 0.009 0.009 
157 COPE-0157   (14)   :  0.280 0.097 0.087 0.099 0.097 0.112 0.110 0.119 
158 COPE-0158    (0)   :  0.009 0.149 0.150 0.153 0.144 0.136 0.124 0.135 
159 COPE-0159    (0)   :  0.008 0.142 0.133 0.136 0.123 0.150 0.157 0.153 
160 COPE-0160    (0)   :  0.006 0.139 0.120 0.137 0.139 0.149 0.157 0.153 
161 COPE-0161    (0)   :  0.012 0.141 0.137 0.131 0.140 0.137 0.153 0.149 
162 COPE-0162   (14)   :  0.952 0.007 0.007 0.007 0.007 0.007 0.007 0.007 
163 COPE-0163   (28)   :  0.907 0.013 0.013 0.013 0.013 0.013 0.013 0.013 
164 COPE-0164    (0)   :  0.032 0.134 0.145 0.141 0.143 0.131 0.138 0.136 
165 COPE-0165    (0)   :  0.008 0.131 0.165 0.141 0.153 0.120 0.145 0.137 
166 COPE-0166   (14)   :  0.008 0.143 0.128 0.135 0.142 0.145 0.150 0.148 
167 COPE-0167    (0)   :  0.008 0.144 0.117 0.144 0.140 0.153 0.146 0.148 
168 COPE-0168    (0)   :  0.006 0.154 0.138 0.144 0.136 0.143 0.136 0.142 
169 COPE-0169    (0)   :  0.011 0.120 0.189 0.145 0.160 0.100 0.146 0.128 
170 COPE-0170    (0)   :  0.031 0.143 0.120 0.135 0.123 0.146 0.150 0.152 
171 COPE-0171    (0)   :  0.009 0.155 0.130 0.141 0.137 0.146 0.141 0.141 
172 COPE-0172    (0)   :  0.007 0.147 0.141 0.144 0.142 0.143 0.137 0.140 
173 COPE-0173   (14)   :  0.066 0.118 0.169 0.137 0.151 0.102 0.138 0.120 
174 COPE-0174   (28)   :  0.018 0.138 0.130 0.138 0.136 0.146 0.144 0.150 
175 COPE-0175    (0)   :  0.040 0.148 0.124 0.141 0.133 0.139 0.136 0.139 
176 COPE-0176    (0)   :  0.009 0.141 0.105 0.142 0.129 0.169 0.150 0.154 
177 COPE-0177    (0)   :  0.007 0.126 0.173 0.145 0.160 0.113 0.143 0.134 
178 COPE-0178    (0)   :  0.007 0.151 0.093 0.155 0.144 0.182 0.142 0.127 
179 COPE-0179    (0)   :  0.009 0.134 0.151 0.140 0.147 0.133 0.145 0.141 
180 COPE-0180   (14)   :  0.006 0.119 0.192 0.147 0.162 0.102 0.144 0.127 
181 COPE-0181   (14)   :  0.009 0.126 0.168 0.144 0.156 0.117 0.146 0.134 
182 COPE-0182    (0)   :  0.005 0.141 0.145 0.138 0.131 0.147 0.146 0.147 
183 COPE-0183    (0)   :  0.011 0.140 0.139 0.143 0.142 0.141 0.141 0.143 
184 COPE-0184    (0)   :  0.009 0.150 0.120 0.143 0.141 0.152 0.138 0.148 
185 COPE-0185    (0)   :  0.007 0.143 0.139 0.137 0.123 0.139 0.162 0.149 
186 COPE-0186    (0)   :  0.005 0.169 0.128 0.143 0.144 0.147 0.129 0.134 
187 COPE-0187    (0)   :  0.010 0.138 0.169 0.135 0.146 0.134 0.122 0.147 
188 COPE-0188    (0)   :  0.831 0.024 0.027 0.023 0.026 0.024 0.022 0.024 
189 COPE-0189    (0)   :  0.009 0.128 0.170 0.143 0.154 0.123 0.136 0.137 
190 COPE-0190    (0)   :  0.015 0.138 0.134 0.130 0.139 0.140 0.152 0.152 
191 COPE-0191    (0)   :  0.012 0.145 0.143 0.140 0.143 0.134 0.140 0.142 
192 COPE-0192   (14)   :  0.928 0.011 0.010 0.010 0.010 0.010 0.010 0.010 
193 COPE-0193    (0)   :  0.006 0.149 0.134 0.154 0.138 0.148 0.131 0.139 
194 COPE-0194    (0)   :  0.009 0.135 0.190 0.132 0.155 0.133 0.117 0.129 
195 COPE-0195    (0)   :  0.007 0.140 0.156 0.136 0.148 0.140 0.134 0.138 
196 COPE-0196    (0)   :  0.011 0.144 0.140 0.134 0.138 0.141 0.150 0.143 
197 COPE-0197    (0)   :  0.007 0.133 0.165 0.147 0.156 0.121 0.141 0.129 
198 COPE-0198    (0)   :  0.014 0.133 0.157 0.143 0.139 0.131 0.151 0.133 
199 COPE-0199    (0)   :  0.011 0.122 0.179 0.145 0.162 0.109 0.144 0.128 
200 COPE-0200   (42)   :  0.009 0.120 0.179 0.148 0.159 0.107 0.147 0.130 
201 COPE-0201    (0)   :  0.009 0.144 0.126 0.145 0.132 0.154 0.141 0.149 
202 COPE-0202    (0)   :  0.014 0.134 0.122 0.128 0.118 0.149 0.169 0.166 
203 COPE-0203    (0)   :  0.006 0.144 0.134 0.140 0.133 0.147 0.151 0.145 
204 COPE-0204    (0)   :  0.034 0.136 0.137 0.142 0.144 0.150 0.128 0.130 
205 COPE-0205    (0)   :  0.022 0.147 0.136 0.149 0.131 0.141 0.133 0.140 
206 COPE-0206    (0)   :  0.005 0.154 0.117 0.147 0.148 0.163 0.134 0.132 
207 COPE-0207    (0)   :  0.011 0.160 0.107 0.151 0.138 0.165 0.136 0.131 
208 COPE-0208    (0)   :  0.798 0.028 0.030 0.028 0.029 0.028 0.032 0.029 
209 COPE-0209    (0)   :  0.007 0.140 0.162 0.142 0.151 0.125 0.139 0.134 
210 COPE-0210    (0)   :  0.011 0.151 0.152 0.145 0.146 0.140 0.121 0.134 
211 COPE-0211    (0)   :  0.005 0.135 0.192 0.137 0.153 0.132 0.115 0.130 
212 COPE-0212    (0)   :  0.012 0.154 0.114 0.148 0.134 0.162 0.140 0.135 
213 COPE-0213    (0)   :  0.008 0.141 0.129 0.145 0.147 0.151 0.147 0.130 
214 COPE-0214    (0)   :  0.008 0.119 0.192 0.150 0.162 0.100 0.144 0.125 
215 COPE-0215    (0)   :  0.039 0.115 0.185 0.143 0.158 0.098 0.142 0.121 
216 COPE-0216   (14)   :  0.439 0.083 0.079 0.082 0.081 0.082 0.076 0.078 
217 COPE-0217    (0)   :  0.027 0.150 0.106 0.148 0.139 0.166 0.134 0.129 
218 COPE-0218    (0)   :  0.009 0.142 0.151 0.145 0.145 0.133 0.140 0.135 
219 COPE-0219   (14)   :  0.009 0.130 0.172 0.145 0.153 0.116 0.144 0.131 
220 COPE-0220    (0)   :  0.014 0.149 0.111 0.150 0.143 0.166 0.137 0.129 
221 COPE-0221    (0)   :  0.015 0.136 0.130 0.132 0.104 0.150 0.171 0.161 
222 COPE-0222    (0)   :  0.007 0.148 0.134 0.151 0.124 0.149 0.143 0.145 
223 COPE-0223    (0)   :  0.008 0.126 0.175 0.140 0.158 0.113 0.148 0.132 
224 COPE-0224    (0)   :  0.021 0.137 0.115 0.129 0.134 0.145 0.158 0.161 
225 COPE-0225    (0)   :  0.015 0.119 0.192 0.149 0.162 0.099 0.142 0.123 
226 COPE-0226    (0)   :  0.007 0.142 0.123 0.141 0.138 0.153 0.142 0.154 
227 COPE-0227    (0)   :  0.006 0.151 0.145 0.146 0.141 0.135 0.141 0.134 
228 COPE-0228    (0)   :  0.022 0.146 0.112 0.150 0.143 0.161 0.136 0.130 
229 COPE-0229    (0)   :  0.007 0.137 0.144 0.144 0.141 0.140 0.142 0.145 
230 COPE-0230    (0)   :  0.010 0.138 0.117 0.147 0.141 0.155 0.143 0.150 
231 COPE-0231    (0)   :  0.006 0.139 0.159 0.148 0.151 0.129 0.135 0.132 
232 COPE-0232    (0)   :  0.014 0.136 0.118 0.133 0.142 0.148 0.160 0.150 
233 COPE-0233    (0)   :  0.005 0.146 0.133 0.142 0.120 0.150 0.159 0.145 
234 COPE-0234    (0)   :  0.008 0.139 0.124 0.131 0.138 0.145 0.159 0.156 
235 COPE-0235    (0)   :  0.006 0.137 0.144 0.132 0.146 0.136 0.155 0.145 
236 COPE-0236    (0)   :  0.005 0.142 0.121 0.150 0.143 0.159 0.136 0.143 
237 COPE-0237    (0)   :  0.006 0.145 0.142 0.137 0.119 0.141 0.165 0.145 
238 COPE-0238    (0)   :  0.008 0.123 0.186 0.145 0.164 0.105 0.145 0.125 
239 COPE-0239    (0)   :  0.034 0.134 0.120 0.133 0.136 0.142 0.149 0.153 
240 COPE-0240    (0)   :  0.008 0.160 0.137 0.149 0.141 0.145 0.122 0.137 
241 COPE-0241    (0)   :  0.007 0.115 0.194 0.146 0.165 0.098 0.146 0.130 
242 COPE-0242    (0)   :  0.006 0.157 0.117 0.151 0.138 0.160 0.135 0.136 
243 COPE-0243    (0)   :  0.008 0.140 0.179 0.133 0.154 0.130 0.117 0.139 
244 COPE-0244    (0)   :  0.009 0.130 0.158 0.139 0.153 0.127 0.145 0.140 
245 COPE-0245    (0)   :  0.012 0.138 0.170 0.133 0.149 0.135 0.123 0.139 
246 COPE-0246    (0)   :  0.013 0.141 0.128 0.137 0.139 0.145 0.148 0.149 
247 COPE-0247    (0)   :  0.017 0.132 0.148 0.137 0.131 0.131 0.157 0.147 
248 COPE-0248    (0)   :  0.005 0.142 0.161 0.138 0.142 0.142 0.131 0.139 
249 COPE-0249    (0)   :  0.033 0.131 0.133 0.129 0.139 0.135 0.151 0.148 
250 COPE-0250    (0)   :  0.015 0.138 0.118 0.133 0.135 0.149 0.155 0.156 
251 COPE-0251   (14)   :  0.774 0.032 0.033 0.031 0.027 0.032 0.038 0.034 
252 COPE-0252    (0)   :  0.012 0.141 0.124 0.131 0.139 0.146 0.154 0.153 
253 COPE-0253    (0)   :  0.008 0.132 0.125 0.139 0.112 0.154 0.163 0.167 
254 COPE-0254    (0)   :  0.013 0.133 0.155 0.140 0.150 0.136 0.126 0.147 
255 COPE-0255    (0)   :  0.027 0.133 0.150 0.136 0.128 0.138 0.146 0.142 
256 COPE-0256    (0)   :  0.011 0.156 0.135 0.157 0.138 0.149 0.119 0.135 
257 COPE-0257    (0)   :  0.008 0.168 0.128 0.139 0.147 0.144 0.130 0.135 
258 COPE-0258    (0)   :  0.022 0.152 0.141 0.138 0.145 0.137 0.132 0.132 
259 COPE-0259    (0)   :  0.006 0.143 0.154 0.141 0.148 0.142 0.133 0.133 
260 COPE-0260    (0)   :  0.024 0.125 0.173 0.140 0.156 0.111 0.143 0.128 
261 COPE-0261    (0)   :  0.006 0.135 0.167 0.140 0.151 0.140 0.121 0.140 
262 COPE-0262    (0)   :  0.022 0.139 0.158 0.148 0.142 0.139 0.118 0.133 
263 COPE-0263    (0)   :  0.008 0.157 0.140 0.138 0.137 0.135 0.147 0.138 
264 COPE-0264    (0)   :  0.022 0.156 0.130 0.138 0.143 0.141 0.134 0.136 
265 COPE-0265    (0)   :  0.011 0.135 0.139 0.144 0.128 0.148 0.147 0.149 
266 COPE-0266    (0)   :  0.018 0.144 0.119 0.146 0.144 0.158 0.141 0.131 
267 COPE-0267    (0)   :  0.006 0.146 0.130 0.140 0.122 0.150 0.159 0.147 
268 COPE-0268    (0)   :  0.013 0.149 0.133 0.139 0.120 0.145 0.161 0.141 
269 COPE-0269    (0)   :  0.007 0.147 0.132 0.139 0.147 0.145 0.140 0.144 
270 COPE-0270    (0)   :  0.007 0.133 0.197 0.137 0.153 0.129 0.113 0.131 
271 COPE-0271    (0)   :  0.008 0.140 0.155 0.138 0.152 0.130 0.142 0.136 
272 COPE-0272    (0)   :  0.007 0.142 0.121 0.140 0.134 0.154 0.150 0.154 
273 COPE-0273    (0)   :  0.015 0.147 0.112 0.148 0.125 0.167 0.150 0.136 
274 COPE-0274   (14)   :  0.849 0.021 0.026 0.021 0.023 0.021 0.019 0.020 
275 COPE-0275    (0)   :  0.011 0.133 0.156 0.136 0.145 0.135 0.142 0.142 
276 COPE-0276   (14)   :  0.957 0.006 0.006 0.006 0.006 0.006 0.006 0.006 
277 COPE-0277   (14)   :  0.014 0.153 0.128 0.148 0.141 0.152 0.128 0.136 
278 COPE-0278    (0)   :  0.007 0.155 0.097 0.158 0.139 0.180 0.136 0.129 
279 COPE-0279    (0)   :  0.009 0.143 0.120 0.144 0.146 0.154 0.148 0.136 
280 COPE-0280    (0)   :  0.908 0.013 0.013 0.013 0.013 0.013 0.013 0.013 
281 COPE-0281    (0)   :  0.801 0.026 0.030 0.028 0.031 0.026 0.030 0.027 
282 COPE-0282   (14)   :  0.006 0.137 0.115 0.130 0.134 0.148 0.163 0.166 
283 COPE-0283    (0)   :  0.007 0.157 0.107 0.154 0.141 0.169 0.134 0.131 
284 COPE-0284   (14)   :  0.036 0.121 0.171 0.135 0.157 0.106 0.144 0.130 
285 COPE-0285    (0)   :  0.776 0.032 0.032 0.033 0.033 0.032 0.031 0.032 
286 COPE-0286    (0)   :  0.013 0.132 0.162 0.131 0.156 0.126 0.143 0.136 
287 COPE-0287    (0)   :  0.036 0.151 0.132 0.134 0.120 0.135 0.154 0.138 
288 COPE-0288    (0)   :  0.010 0.137 0.127 0.133 0.109 0.154 0.169 0.161 
289 COPE-0289    (0)   :  0.008 0.142 0.137 0.150 0.136 0.145 0.136 0.145 
290 COPE-0290    (0)   :  0.008 0.126 0.196 0.140 0.157 0.120 0.120 0.132 
291 COPE-0291    (0)   :  0.006 0.146 0.147 0.146 0.150 0.133 0.139 0.133 
292 COPE-0292   (42)   :  0.902 0.014 0.014 0.014 0.014 0.014 0.014 0.014 
293 COPE-0293    (0)   :  0.008 0.131 0.127 0.141 0.120 0.157 0.154 0.162 
294 COPE-0294    (0)   :  0.012 0.139 0.138 0.136 0.143 0.139 0.149 0.144 
295 COPE-0295    (0)   :  0.008 0.145 0.120 0.143 0.136 0.154 0.143 0.151 
296 COPE-0296   (14)   :  0.007 0.142 0.141 0.141 0.130 0.150 0.143 0.146 
297 COPE-0297   (14)   :  0.035 0.114 0.187 0.144 0.159 0.098 0.139 0.124 
298 COPE-0298    (0)   :  0.010 0.136 0.121 0.133 0.135 0.152 0.153 0.160 
299 COPE-0299    (0)   :  0.006 0.135 0.185 0.134 0.148 0.137 0.118 0.136 
300 COPE-0300   (14)   :  0.008 0.158 0.138 0.146 0.138 0.141 0.133 0.137 
301 COPE-0301   (14)   :  0.009 0.131 0.118 0.137 0.105 0.157 0.170 0.173 
302 COPE-0302    (0)   :  0.253 0.116 0.104 0.111 0.110 0.110 0.096 0.101 
303 COPE-0303    (0)   :  0.006 0.142 0.106 0.150 0.147 0.169 0.148 0.132 
304 COPE-0304    (0)   :  0.007 0.140 0.137 0.145 0.142 0.141 0.141 0.147 
305 COPE-0305   (14)   :  0.040 0.143 0.123 0.131 0.138 0.139 0.145 0.142 
306 COPE-0306    (0)   :  0.009 0.157 0.099 0.155 0.142 0.176 0.133 0.128 
307 COPE-0307   (28)   :  0.944 0.008 0.008 0.008 0.008 0.008 0.008 0.008 
308 COPE-0308    (0)   :  0.006 0.138 0.115 0.131 0.130 0.150 0.164 0.167 
309 COPE-0309   (14)   :  0.653 0.049 0.049 0.047 0.048 0.050 0.051 0.052 
310 COPE-0310   (28)   :  0.690 0.053 0.039 0.044 0.045 0.045 0.041 0.043 
311 COPE-0311    (0)   :  0.023 0.152 0.126 0.140 0.135 0.145 0.142 0.137 
312 COPE-0312   (28)   :  0.915 0.012 0.011 0.012 0.012 0.013 0.012 0.012 
313 COPE-0313    (0)   :  0.008 0.153 0.123 0.148 0.142 0.158 0.134 0.132 
314 COPE-0314    (0)   :  0.008 0.147 0.141 0.137 0.127 0.142 0.155 0.144 
315 COPE-0315    (0)   :  0.008 0.140 0.145 0.143 0.147 0.135 0.145 0.136 
316 COPE-0316    (0)   :  0.022 0.134 0.167 0.140 0.151 0.132 0.128 0.127 
317 COPE-0317   (14)   :  0.942 0.009 0.008 0.008 0.008 0.008 0.008 0.008 
318 COPE-0318    (0)   :  0.006 0.139 0.156 0.135 0.148 0.137 0.140 0.139 
319 COPE-0319    (0)   :  0.007 0.139 0.133 0.136 0.142 0.139 0.153 0.151 
320 COPE-0320   (14)   :  0.015 0.134 0.123 0.138 0.127 0.148 0.154 0.161 
321 COPE-0321   (14)   :  0.011 0.155 0.140 0.143 0.138 0.142 0.136 0.134 
322 COPE-0322   (14)   :  0.006 0.134 0.165 0.135 0.156 0.124 0.143 0.136 
323 COPE-0323    (0)   :  0.011 0.174 0.125 0.138 0.148 0.145 0.128 0.132 
324 COPE-0324    (0)   :  0.006 0.123 0.182 0.150 0.159 0.110 0.140 0.131 
325 COPE-0325   (14)   :  0.012 0.158 0.137 0.153 0.141 0.148 0.116 0.136 
326 COPE-0326    (0)   :  0.007 0.137 0.111 0.139 0.122 0.168 0.159 0.157 
327 COPE-0327   (14)   :  0.009 0.137 0.127 0.135 0.121 0.149 0.160 0.163 
328 COPE-0328    (0)   :  0.006 0.138 0.141 0.142 0.150 0.144 0.146 0.134 
329 COPE-0329   (28)   :  0.012 0.129 0.164 0.148 0.156 0.121 0.141 0.129 
330 COPE-0330    (0)   :  0.022 0.145 0.141 0.135 0.133 0.139 0.145 0.140 
331 COPE-0331    (0)   :  0.006 0.133 0.121 0.138 0.106 0.156 0.170 0.170 
332 COPE-0332   (14)   :  0.007 0.144 0.116 0.144 0.148 0.159 0.149 0.133 
333 COPE-0333    (0)   :  0.150 0.114 0.113 0.119 0.102 0.126 0.139 0.137 
334 COPE-0334   (28)   :  0.634 0.060 0.048 0.052 0.051 0.052 0.051 0.052 
335 COPE-0335    (0)   :  0.007 0.120 0.191 0.150 0.161 0.100 0.144 0.126 
336 COPE-0336    (0)   :  0.006 0.136 0.143 0.135 0.135 0.138 0.158 0.149 
337 COPE-0337   (28)   :  0.869 0.017 0.022 0.019 0.020 0.016 0.019 0.018 
338 COPE-0338    (0)   :  0.023 0.154 0.135 0.137 0.139 0.139 0.139 0.134 
339 COPE-0339    (0)   :  0.006 0.157 0.136 0.160 0.143 0.150 0.113 0.135 
340 COPE-0340   (14)   :  0.917 0.011 0.012 0.012 0.012 0.012 0.012 0.012 
341 COPE-0341    (0)   :  0.007 0.142 0.126 0.131 0.132 0.146 0.160 0.156 
342 COPE-0342    (0)   :  0.007 0.116 0.194 0.147 0.164 0.097 0.147 0.127 
343 COPE-0343    (0)   :  0.006 0.142 0.129 0.146 0.135 0.157 0.144 0.141 
344 COPE-0344   (14)   :  0.929 0.010 0.010 0.010 0.010 0.010 0.011 0.010 
345 COPE-0345    (0)   :  0.006 0.140 0.123 0.137 0.139 0.146 0.154 0.155 
346 COPE-0346    (0)   :  0.034 0.138 0.138 0.129 0.139 0.134 0.151 0.138 
347 COPE-0347    (0)   :  0.007 0.139 0.161 0.142 0.149 0.135 0.128 0.140 
348 COPE-0348    (0)   :  0.015 0.142 0.155 0.139 0.146 0.143 0.125 0.134 
349 COPE-0349    (0)   :  0.006 0.122 0.183 0.142 0.162 0.106 0.149 0.131 
350 COPE-0350    (0)   :  0.006 0.139 0.170 0.138 0.152 0.134 0.130 0.131 
351 COPE-0351    (0)   :  0.006 0.132 0.188 0.137 0.153 0.129 0.122 0.132 
352 COPE-0352    (0)   :  0.027 0.131 0.142 0.139 0.149 0.131 0.146 0.134 
353 COPE-0353    (0)   :  0.006 0.161 0.134 0.140 0.145 0.138 0.138 0.138 
354 COPE-0354    (0)   :  0.016 0.148 0.130 0.137 0.135 0.148 0.139 0.147 
355 COPE-0355    (0)   :  0.006 0.157 0.140 0.161 0.141 0.150 0.111 0.134 
356 COPE-0356    (0)   :  0.008 0.133 0.159 0.135 0.148 0.137 0.128 0.152 
357 COPE-0357    (0)   :  0.009 0.132 0.164 0.143 0.145 0.122 0.146 0.139 
358 COPE-0358    (0)   :  0.948 0.007 0.008 0.007 0.008 0.007 0.008 0.007 
359 COPE-0359   (14)   :  0.009 0.140 0.132 0.140 0.143 0.143 0.150 0.143 
360 COPE-0360    (0)   :  0.007 0.164 0.134 0.143 0.148 0.144 0.128 0.132 
361 COPE-0361    (0)   :  0.008 0.141 0.136 0.130 0.142 0.144 0.154 0.146 
362 COPE-0362    (0)   :  0.007 0.123 0.185 0.148 0.161 0.103 0.144 0.129 
363 COPE-0363   (14)   :  0.014 0.144 0.130 0.134 0.139 0.144 0.152 0.143 
364 COPE-0364    (0)   :  0.006 0.155 0.142 0.137 0.135 0.140 0.146 0.139 
365 COPE-0365    (0)   :  0.022 0.161 0.132 0.136 0.128 0.137 0.148 0.136 
366 COPE-0366    (0)   :  0.022 0.119 0.189 0.141 0.160 0.104 0.138 0.126 
367 COPE-0367   (14)   :  0.920 0.011 0.011 0.011 0.011 0.012 0.012 0.012 
368 COPE-0368    (0)   :  0.010 0.154 0.135 0.154 0.136 0.150 0.126 0.134 
369 COPE-0369    (0)   :  0.009 0.140 0.142 0.136 0.128 0.141 0.154 0.152 
370 COPE-0370   (28)   :  0.939 0.009 0.008 0.009 0.008 0.009 0.009 0.009 
371 COPE-0371    (0)   :  0.012 0.149 0.132 0.134 0.122 0.144 0.157 0.148 
372 COPE-0372    (0)   :  0.048 0.144 0.120 0.145 0.135 0.149 0.131 0.127 
373 COPE-0373   (14)   :  0.007 0.140 0.118 0.135 0.118 0.159 0.164 0.160 
374 COPE-0374    (0)   :  0.008 0.150 0.125 0.143 0.138 0.145 0.146 0.146 
375 COPE-0375   (14)   :  0.011 0.164 0.130 0.139 0.140 0.141 0.138 0.137 
376 COPE-0376   (14)   :  0.006 0.136 0.174 0.137 0.155 0.130 0.118 0.143 
377 COPE-0377    (0)   :  0.612 0.054 0.052 0.053 0.053 0.057 0.059 0.060 
378 COPE-0378    (0)   :  0.007 0.155 0.149 0.141 0.147 0.141 0.125 0.136 
379 COPE-0379    (0)   :  0.007 0.117 0.188 0.145 0.163 0.101 0.147 0.131 
380 COPE-0380   (28)   :  0.756 0.036 0.029 0.037 0.035 0.040 0.034 0.033 
381 COPE-0381    (0)   :  0.012 0.141 0.132 0.131 0.145 0.144 0.146 0.150 
382 COPE-0382    (0)   :  0.006 0.117 0.189 0.149 0.164 0.103 0.143 0.131 
383 COPE-0383    (0)   :  0.083 0.157 0.122 0.127 0.129 0.129 0.128 0.126 
384 COPE-0384    (0)   :  0.008 0.156 0.139 0.145 0.147 0.146 0.125 0.133 


Estimated Allele Frequencies in each cluster
First column gives estimated ancestral frequencies


Locus 1 : COPE5 
78 alleles
0.5% missing data
   1   (0.007) 0.674 0.001 0.001 0.001 0.001 0.001 0.001 0.001 
   2   (0.022) 0.015 0.024 0.022 0.023 0.024 0.025 0.025 0.026 
   3   (0.013) 0.002 0.014 0.013 0.014 0.014 0.015 0.015 0.015 
   4   (0.022) 0.001 0.024 0.029 0.026 0.027 0.023 0.024 0.024 
   5   (0.011) 0.001 0.009 0.012 0.010 0.011 0.009 0.011 0.010 
   6   (0.019) 0.005 0.017 0.019 0.018 0.019 0.017 0.019 0.018 
   7   (0.008) 0.001 0.004 0.003 0.003 0.004 0.004 0.004 0.004 
   8   (0.035) 0.002 0.094 0.071 0.093 0.085 0.103 0.090 0.089 
   9   (0.020) 0.001 0.022 0.021 0.021 0.022 0.022 0.023 0.022 
  10   (0.019) 0.001 0.021 0.021 0.020 0.020 0.020 0.020 0.019 
  11   (0.015) 0.015 0.016 0.015 0.014 0.014 0.014 0.016 0.015 
  12   (0.016) 0.001 0.022 0.021 0.023 0.020 0.025 0.026 0.027 
  13   (0.011) 0.001 0.010 0.009 0.011 0.009 0.012 0.012 0.013 
  14   (0.023) 0.002 0.027 0.026 0.027 0.025 0.028 0.029 0.029 
  15   (0.016) 0.001 0.036 0.032 0.035 0.032 0.033 0.027 0.031 
  16   (0.010) 0.001 0.006 0.007 0.006 0.006 0.006 0.006 0.006 
  17   (0.017) 0.001 0.015 0.015 0.015 0.015 0.015 0.015 0.014 
  18   (0.017) 0.007 0.013 0.017 0.014 0.015 0.011 0.014 0.013 
  19   (0.011) 0.001 0.008 0.013 0.010 0.011 0.008 0.010 0.009 
  20   (0.029) 0.002 0.055 0.050 0.054 0.049 0.055 0.053 0.054 
  21   (0.023) 0.001 0.021 0.024 0.022 0.022 0.021 0.022 0.022 
  22   (0.019) 0.008 0.015 0.016 0.015 0.016 0.014 0.015 0.015 
  23   (0.014) 0.001 0.011 0.013 0.012 0.012 0.011 0.012 0.012 
  24   (0.015) 0.001 0.020 0.020 0.018 0.020 0.018 0.016 0.018 
  25   (0.010) 0.001 0.008 0.007 0.008 0.007 0.008 0.008 0.009 
  26   (0.013) 0.001 0.009 0.009 0.009 0.009 0.009 0.009 0.009 
  27   (0.012) 0.001 0.010 0.012 0.009 0.010 0.009 0.009 0.009 
  28   (0.008) 0.019 0.003 0.003 0.003 0.003 0.003 0.003 0.003 
  29   (0.013) 0.001 0.011 0.014 0.011 0.012 0.011 0.010 0.011 
  30   (0.019) 0.004 0.020 0.020 0.019 0.019 0.020 0.021 0.021 
  31   (0.019) 0.001 0.019 0.021 0.019 0.020 0.017 0.018 0.018 
  32   (0.025) 0.002 0.037 0.044 0.039 0.038 0.035 0.041 0.038 
  33   (0.006) 0.000 0.002 0.002 0.002 0.002 0.002 0.002 0.002 
  34   (0.018) 0.001 0.020 0.018 0.020 0.018 0.020 0.021 0.020 
  35   (0.007) 0.054 0.001 0.001 0.001 0.001 0.001 0.001 0.001 
  36   (0.006) 0.000 0.002 0.002 0.002 0.002 0.002 0.002 0.002 
  37   (0.021) 0.019 0.027 0.023 0.025 0.025 0.025 0.022 0.024 
  38   (0.016) 0.007 0.012 0.014 0.013 0.013 0.012 0.011 0.012 
  39   (0.015) 0.001 0.019 0.015 0.019 0.019 0.022 0.020 0.018 
  40   (0.011) 0.001 0.009 0.011 0.010 0.011 0.008 0.010 0.009 
  41   (0.008) 0.001 0.005 0.006 0.005 0.005 0.004 0.004 0.005 
  42   (0.006) 0.000 0.002 0.002 0.002 0.002 0.002 0.002 0.002 
  43   (0.009) 0.001 0.005 0.005 0.005 0.005 0.005 0.005 0.005 
  44   (0.023) 0.002 0.026 0.027 0.026 0.028 0.026 0.027 0.029 
  45   (0.006) 0.000 0.002 0.002 0.002 0.002 0.002 0.002 0.002 
  46   (0.016) 0.001 0.019 0.015 0.018 0.017 0.020 0.019 0.019 
  47   (0.010) 0.001 0.006 0.006 0.006 0.006 0.007 0.007 0.007 
  48   (0.006) 0.000 0.002 0.002 0.002 0.002 0.002 0.002 0.002 
  49   (0.016) 0.001 0.016 0.015 0.016 0.016 0.016 0.016 0.016 
  50   (0.013) 0.002 0.011 0.012 0.011 0.012 0.011 0.012 0.011 
  51   (0.012) 0.011 0.017 0.013 0.014 0.014 0.014 0.013 0.013 
  52   (0.014) 0.001 0.012 0.013 0.012 0.011 0.013 0.012 0.013 
  53   (0.007) 0.032 0.001 0.001 0.001 0.001 0.001 0.001 0.001 
  54   (0.007) 0.076 0.001 0.001 0.001 0.001 0.001 0.001 0.001 
  55   (0.010) 0.001 0.007 0.010 0.007 0.008 0.007 0.006 0.007 
  56   (0.010) 0.001 0.012 0.009 0.012 0.011 0.013 0.011 0.010 
  57   (0.013) 0.001 0.010 0.014 0.012 0.013 0.009 0.011 0.011 
  58   (0.009) 0.001 0.006 0.007 0.006 0.006 0.006 0.005 0.006 
  59   (0.010) 0.001 0.011 0.010 0.011 0.011 0.012 0.013 0.013 
  60   (0.010) 0.001 0.008 0.007 0.008 0.008 0.008 0.008 0.008 
  61   (0.006) 0.000 0.002 0.002 0.002 0.002 0.002 0.002 0.002 
  62   (0.012) 0.001 0.013 0.012 0.011 0.012 0.012 0.012 0.012 
  63   (0.011) 0.001 0.015 0.018 0.015 0.017 0.015 0.014 0.016 
  64   (0.009) 0.001 0.005 0.005 0.005 0.005 0.005 0.005 0.005 
  65   (0.019) 0.001 0.021 0.020 0.021 0.022 0.020 0.020 0.019 
  66   (0.009) 0.001 0.009 0.008 0.010 0.009 0.010 0.009 0.009 
  67   (0.010) 0.001 0.006 0.008 0.006 0.007 0.006 0.006 0.006 
  68   (0.013) 0.001 0.010 0.014 0.011 0.013 0.009 0.011 0.010 
  69   (0.006) 0.000 0.002 0.002 0.002 0.002 0.002 0.002 0.002 
  70   (0.006) 0.000 0.002 0.002 0.002 0.002 0.002 0.002 0.002 
  71   (0.011) 0.001 0.006 0.006 0.006 0.006 0.007 0.007 0.006 
  72   (0.006) 0.000 0.002 0.002 0.002 0.002 0.002 0.002 0.002 
  73   (0.006) 0.001 0.002 0.002 0.002 0.002 0.002 0.002 0.002 
  74   (0.006) 0.000 0.002 0.002 0.002 0.002 0.002 0.002 0.002 
  75   (0.009) 0.001 0.004 0.006 0.005 0.005 0.004 0.005 0.005 
  76   (0.006) 0.000 0.002 0.002 0.002 0.002 0.002 0.002 0.002 
  77   (0.007) 0.001 0.003 0.004 0.004 0.004 0.003 0.003 0.003 
  78   (0.006) 0.000 0.002 0.002 0.002 0.002 0.002 0.002 0.002 

Locus 2 : COPE9 
12 alleles
8.3% missing data
   1   (0.412) 0.409 0.467 0.468 0.465 0.460 0.468 0.475 0.474 
   2   (0.142) 0.270 0.138 0.135 0.134 0.139 0.138 0.135 0.138 
   3   (0.048) 0.023 0.052 0.042 0.054 0.051 0.057 0.049 0.048 
   4   (0.072) 0.023 0.074 0.083 0.077 0.080 0.068 0.073 0.071 
   5   (0.036) 0.022 0.024 0.029 0.025 0.027 0.024 0.025 0.026 
   6   (0.133) 0.050 0.136 0.135 0.136 0.132 0.135 0.135 0.135 
   7   (0.039) 0.070 0.025 0.027 0.025 0.027 0.025 0.028 0.028 
   8   (0.082) 0.079 0.074 0.069 0.073 0.073 0.073 0.069 0.070 
   9   (0.011) 0.001 0.004 0.004 0.004 0.005 0.004 0.004 0.004 
  10   (0.009) 0.052 0.001 0.001 0.001 0.001 0.001 0.001 0.001 
  11   (0.008) 0.001 0.003 0.003 0.003 0.003 0.003 0.002 0.003 
  12   (0.008) 0.001 0.003 0.003 0.003 0.003 0.003 0.003 0.003 

Locus 3 : CPER26 
12 alleles
2.6% missing data
   1   (0.231) 0.122 0.236 0.234 0.234 0.230 0.236 0.239 0.240 
   2   (0.033) 0.154 0.021 0.028 0.024 0.026 0.019 0.024 0.021 
   3   (0.083) 0.007 0.075 0.088 0.077 0.084 0.072 0.080 0.078 
   4   (0.500) 0.050 0.583 0.570 0.585 0.578 0.589 0.574 0.580 
   5   (0.055) 0.310 0.046 0.040 0.043 0.042 0.045 0.044 0.042 
   6   (0.030) 0.322 0.016 0.015 0.015 0.015 0.015 0.016 0.015 
   7   (0.013) 0.001 0.006 0.005 0.006 0.006 0.006 0.006 0.006 
   8   (0.018) 0.021 0.007 0.009 0.007 0.008 0.007 0.007 0.007 
   9   (0.008) 0.003 0.002 0.002 0.002 0.002 0.002 0.002 0.002 
  10   (0.012) 0.009 0.003 0.003 0.003 0.003 0.003 0.003 0.003 
  11   (0.008) 0.001 0.002 0.003 0.002 0.003 0.002 0.002 0.002 
  12   (0.008) 0.001 0.002 0.003 0.002 0.002 0.002 0.003 0.003 

Locus 4 : CPER92 
12 alleles
6.8% missing data
   1   (0.625) 0.509 0.684 0.696 0.688 0.692 0.672 0.671 0.666 
   2   (0.105) 0.288 0.128 0.118 0.126 0.121 0.140 0.145 0.149 
   3   (0.090) 0.043 0.089 0.088 0.088 0.088 0.087 0.083 0.088 
   4   (0.014) 0.017 0.009 0.007 0.008 0.008 0.008 0.007 0.007 
   5   (0.040) 0.032 0.026 0.025 0.025 0.025 0.026 0.026 0.025 
   6   (0.037) 0.007 0.026 0.026 0.027 0.025 0.029 0.029 0.028 
   7   (0.018) 0.035 0.008 0.007 0.008 0.008 0.009 0.008 0.008 
   8   (0.012) 0.036 0.003 0.003 0.003 0.003 0.003 0.003 0.003 
   9   (0.021) 0.018 0.010 0.014 0.012 0.013 0.010 0.012 0.011 
  10   (0.017) 0.014 0.009 0.007 0.009 0.008 0.009 0.008 0.008 
  11   (0.013) 0.001 0.006 0.006 0.006 0.006 0.006 0.006 0.006 
  12   (0.008) 0.001 0.002 0.003 0.002 0.003 0.002 0.002 0.002 

Locus 5 : CPER99 
5 alleles
1.0% missing data
   1   (0.013) 0.352 0.003 0.003 0.003 0.003 0.003 0.003 0.003 
   2   (0.870) 0.073 0.929 0.930 0.928 0.928 0.928 0.932 0.930 
   3   (0.080) 0.480 0.057 0.054 0.057 0.056 0.057 0.053 0.055 
   4   (0.013) 0.030 0.003 0.003 0.003 0.003 0.003 0.003 0.003 
   5   (0.024) 0.065 0.009 0.009 0.009 0.009 0.009 0.009 0.009 

Locus 6 : CPER119 
22 alleles
5.5% missing data
   1   (0.009) 0.116 0.001 0.001 0.001 0.001 0.001 0.001 0.001 
   2   (0.080) 0.040 0.091 0.088 0.089 0.082 0.093 0.100 0.096 
   3   (0.037) 0.056 0.034 0.029 0.031 0.032 0.033 0.031 0.032 
   4   (0.008) 0.001 0.002 0.003 0.002 0.003 0.002 0.003 0.002 
   5   (0.163) 0.092 0.167 0.178 0.176 0.179 0.171 0.180 0.178 
   6   (0.069) 0.080 0.068 0.086 0.074 0.079 0.063 0.075 0.071 
   7   (0.068) 0.079 0.091 0.082 0.085 0.081 0.090 0.097 0.093 
   8   (0.084) 0.108 0.075 0.075 0.079 0.078 0.077 0.075 0.076 
   9   (0.116) 0.053 0.145 0.127 0.136 0.139 0.139 0.130 0.131 
  10   (0.060) 0.030 0.063 0.062 0.064 0.065 0.068 0.059 0.061 
