

----------------------------------------------------
STRUCTURE by Pritchard, Stephens and Donnelly (2000)
     and Falush, Stephens and Pritchard (2003)
       Code by Pritchard, Falush and Hubisz
             Version 2.3.4 (Jul 2012)
----------------------------------------------------



Command line arguments:   /home/jason/Programs/structure -K 6 -i ../Data/microsats.structure -m Structure_Run/mainparams -e Structure_Run/extraparams -D 15290405 -o ../Structure_Results/04_K_06.out 
Input File:    ../Data/microsats.structure

Run parameters:
   384 individuals
   7 loci
   6 populations assumed
   1000000 Burn-in period
   10000000 Reps
RANDOMIZE turned off


--------------------------------------------
Overall proportion of membership of the
sample in each of the 6 clusters

Inferred Clusters
  1      2      3      4      5      6    
0.175  0.125  0.176  0.175  0.175  0.175  

--------------------------------------------

Allele-freq. divergence among pops (Net nucleotide distance),
computed using point estimates of P.

      1       2       3       4       5       6      
 1      -    0.1474  0.0000  0.0001  0.0001  0.0001  
 2   0.1474     -    0.1475  0.1476  0.1482  0.1465  
 3   0.0000  0.1475     -    0.0001  0.0002  0.0001  
 4   0.0001  0.1476  0.0001     -    0.0001  0.0001  
 5   0.0001  0.1482  0.0002  0.0001     -    0.0002  
 6   0.0001  0.1465  0.0001  0.0001  0.0002     -    

Average distances (expected heterozygosity) between individuals in same cluster:
cluster  1  : 0.6228 
cluster  2  : 0.6626 
cluster  3  : 0.6232 
cluster  4  : 0.6239 
cluster  5  : 0.6216 
cluster  6  : 0.6270 

--------------------------------------------
Estimated Ln Prob of Data   = -8853.1
Mean value of ln likelihood = -8089.9
Variance of ln likelihood   = 1526.5
Mean value of alpha         = 0.0446

Mean value of Fst_1         = 0.0496
Mean value of Fst_2         = 0.1463
Mean value of Fst_3         = 0.0491
Mean value of Fst_4         = 0.0512
Mean value of Fst_5         = 0.0507
Mean value of Fst_6         = 0.0476


Inferred ancestry of individuals:
        Label (%Miss) :  Inferred clusters
  1 COPE-0001    (0)   :  0.008 0.961 0.008 0.008 0.008 0.008 
  2 COPE-0002    (0)   :  0.186 0.010 0.199 0.205 0.157 0.243 
  3 COPE-0003    (0)   :  0.218 0.006 0.219 0.168 0.193 0.196 
  4 COPE-0004    (0)   :  0.193 0.015 0.192 0.198 0.158 0.244 
  5 COPE-0005    (0)   :  0.188 0.018 0.214 0.208 0.160 0.212 
  6 COPE-0006    (0)   :  0.194 0.019 0.197 0.193 0.186 0.210 
  7 COPE-0007    (0)   :  0.190 0.007 0.214 0.215 0.181 0.193 
  8 COPE-0008    (0)   :  0.196 0.008 0.169 0.222 0.250 0.155 
  9 COPE-0009    (0)   :  0.208 0.017 0.217 0.172 0.184 0.201 
 10 COPE-0010    (0)   :  0.190 0.007 0.183 0.200 0.224 0.196 
 11 COPE-0011   (14)   :  0.012 0.936 0.012 0.013 0.011 0.015 
 12 COPE-0012   (14)   :  0.196 0.007 0.171 0.213 0.240 0.173 
 13 COPE-0013    (0)   :  0.228 0.006 0.222 0.159 0.191 0.195 
 14 COPE-0014    (0)   :  0.197 0.011 0.233 0.195 0.165 0.200 
 15 COPE-0015    (0)   :  0.199 0.007 0.203 0.204 0.197 0.190 
 16 COPE-0016    (0)   :  0.189 0.010 0.222 0.203 0.169 0.208 
 17 COPE-0017    (0)   :  0.040 0.796 0.044 0.041 0.037 0.041 
 18 COPE-0018    (0)   :  0.212 0.008 0.204 0.182 0.190 0.205 
 19 COPE-0019    (0)   :  0.222 0.006 0.212 0.171 0.199 0.191 
 20 COPE-0020    (0)   :  0.191 0.008 0.201 0.196 0.205 0.200 
 21 COPE-0021    (0)   :  0.197 0.006 0.214 0.197 0.188 0.198 
 22 COPE-0022    (0)   :  0.197 0.007 0.179 0.211 0.233 0.173 
 23 COPE-0023    (0)   :  0.187 0.008 0.194 0.200 0.175 0.237 
 24 COPE-0024   (14)   :  0.187 0.006 0.203 0.218 0.202 0.184 
 25 COPE-0025    (0)   :  0.180 0.086 0.185 0.177 0.182 0.191 
 26 COPE-0026    (0)   :  0.197 0.005 0.195 0.220 0.212 0.171 
 27 COPE-0027    (0)   :  0.220 0.006 0.205 0.173 0.210 0.187 
 28 COPE-0028    (0)   :  0.196 0.006 0.190 0.204 0.213 0.192 
 29 COPE-0029    (0)   :  0.188 0.005 0.217 0.215 0.183 0.192 
 30 COPE-0030   (14)   :  0.036 0.816 0.036 0.037 0.035 0.040 
 31 COPE-0031    (0)   :  0.191 0.010 0.186 0.228 0.226 0.160 
 32 COPE-0032    (0)   :  0.190 0.009 0.189 0.201 0.201 0.210 
 33 COPE-0033    (0)   :  0.191 0.011 0.193 0.198 0.191 0.215 
 34 COPE-0034    (0)   :  0.190 0.010 0.197 0.227 0.196 0.180 
 35 COPE-0035   (14)   :  0.197 0.008 0.188 0.197 0.212 0.198 
 36 COPE-0036   (14)   :  0.190 0.006 0.187 0.201 0.195 0.221 
 37 COPE-0037    (0)   :  0.196 0.022 0.204 0.193 0.197 0.189 
 38 COPE-0038    (0)   :  0.193 0.006 0.183 0.224 0.241 0.153 
 39 COPE-0039    (0)   :  0.177 0.131 0.178 0.161 0.170 0.184 
 40 COPE-0040   (14)   :  0.198 0.101 0.190 0.157 0.174 0.180 
 41 COPE-0041    (0)   :  0.198 0.032 0.197 0.184 0.188 0.202 
 42 COPE-0042    (0)   :  0.202 0.011 0.196 0.191 0.215 0.185 
 43 COPE-0043    (0)   :  0.189 0.005 0.200 0.202 0.171 0.232 
 44 COPE-0044    (0)   :  0.197 0.017 0.194 0.192 0.170 0.230 
 45 COPE-0045    (0)   :  0.189 0.032 0.184 0.193 0.190 0.211 
 46 COPE-0046    (0)   :  0.031 0.853 0.031 0.028 0.027 0.030 
 47 COPE-0047    (0)   :  0.007 0.964 0.007 0.007 0.007 0.007 
 48 COPE-0048    (0)   :  0.196 0.007 0.190 0.196 0.223 0.188 
 49 COPE-0049    (0)   :  0.189 0.015 0.191 0.203 0.169 0.233 
 50 COPE-0050    (0)   :  0.217 0.007 0.219 0.165 0.185 0.207 
 51 COPE-0051    (0)   :  0.177 0.113 0.160 0.181 0.189 0.180 
 52 COPE-0052    (0)   :  0.193 0.011 0.226 0.209 0.168 0.192 
 53 COPE-0053    (0)   :  0.190 0.012 0.218 0.208 0.172 0.200 
 54 COPE-0054    (0)   :  0.195 0.005 0.182 0.203 0.228 0.187 
 55 COPE-0055    (0)   :  0.193 0.005 0.170 0.221 0.257 0.153 
 56 COPE-0056    (0)   :  0.196 0.018 0.186 0.191 0.201 0.207 
 57 COPE-0057    (0)   :  0.210 0.011 0.201 0.177 0.200 0.201 
 58 COPE-0058    (0)   :  0.182 0.009 0.189 0.206 0.180 0.234 
 59 COPE-0059    (0)   :  0.222 0.021 0.217 0.159 0.190 0.190 
 60 COPE-0060    (0)   :  0.191 0.007 0.209 0.201 0.165 0.226 
 61 COPE-0061    (0)   :  0.207 0.014 0.216 0.183 0.183 0.196 
 62 COPE-0062    (0)   :  0.201 0.010 0.210 0.193 0.193 0.193 
 63 COPE-0063    (0)   :  0.188 0.028 0.160 0.216 0.253 0.155 
 64 COPE-0064    (0)   :  0.206 0.010 0.207 0.196 0.187 0.194 
 65 COPE-0065    (0)   :  0.006 0.972 0.006 0.006 0.006 0.006 
 66 COPE-0066    (0)   :  0.201 0.015 0.190 0.190 0.221 0.183 
 67 COPE-0067   (14)   :  0.025 0.873 0.025 0.025 0.027 0.025 
 68 COPE-0068    (0)   :  0.226 0.010 0.222 0.157 0.190 0.196 
 69 COPE-0069   (14)   :  0.201 0.013 0.217 0.191 0.187 0.189 
 70 COPE-0070    (0)   :  0.193 0.013 0.191 0.206 0.178 0.221 
 71 COPE-0071    (0)   :  0.198 0.004 0.188 0.196 0.222 0.192 
 72 COPE-0072    (0)   :  0.204 0.007 0.211 0.182 0.174 0.221 
 73 COPE-0073   (14)   :  0.043 0.778 0.046 0.046 0.042 0.045 
 74 COPE-0074    (0)   :  0.190 0.009 0.193 0.200 0.213 0.196 
 75 COPE-0075    (0)   :  0.195 0.015 0.180 0.201 0.210 0.199 
 76 COPE-0076    (0)   :  0.203 0.006 0.190 0.192 0.219 0.189 
 77 COPE-0077   (14)   :  0.203 0.009 0.205 0.187 0.198 0.199 
 78 COPE-0078   (14)   :  0.191 0.008 0.193 0.219 0.200 0.188 
 79 COPE-0079    (0)   :  0.190 0.010 0.192 0.202 0.149 0.257 
 80 COPE-0080   (42)   :  0.023 0.891 0.023 0.021 0.021 0.022 
 81 COPE-0081   (14)   :  0.097 0.507 0.092 0.103 0.111 0.090 
 82 COPE-0082   (14)   :  0.185 0.044 0.167 0.197 0.222 0.185 
 83 COPE-0083   (14)   :  0.200 0.007 0.230 0.203 0.167 0.194 
 84 COPE-0084    (0)   :  0.136 0.293 0.148 0.149 0.125 0.150 
 85 COPE-0085    (0)   :  0.198 0.010 0.201 0.192 0.175 0.225 
 86 COPE-0086    (0)   :  0.190 0.022 0.186 0.200 0.191 0.212 
 87 COPE-0087   (14)   :  0.188 0.007 0.206 0.206 0.170 0.222 
 88 COPE-0088   (14)   :  0.182 0.025 0.203 0.207 0.158 0.225 
 89 COPE-0089   (14)   :  0.007 0.964 0.007 0.007 0.007 0.007 
 90 COPE-0090    (0)   :  0.191 0.007 0.173 0.221 0.253 0.154 
 91 COPE-0091   (14)   :  0.189 0.006 0.216 0.204 0.167 0.218 
 92 COPE-0092   (28)   :  0.027 0.871 0.027 0.024 0.024 0.027 
 93 COPE-0093    (0)   :  0.192 0.006 0.163 0.219 0.258 0.162 
 94 COPE-0094    (0)   :  0.184 0.038 0.187 0.198 0.144 0.250 
 95 COPE-0095    (0)   :  0.192 0.005 0.209 0.219 0.197 0.179 
 96 COPE-0096    (0)   :  0.193 0.008 0.227 0.203 0.167 0.201 
 97 COPE-0097    (0)   :  0.199 0.008 0.185 0.203 0.213 0.192 
 98 COPE-0098    (0)   :  0.191 0.008 0.180 0.231 0.235 0.156 
 99 COPE-0099    (0)   :  0.222 0.020 0.213 0.157 0.194 0.194 
100 COPE-0100    (0)   :  0.206 0.007 0.200 0.189 0.214 0.183 
101 COPE-0101    (0)   :  0.190 0.044 0.181 0.194 0.215 0.176 
102 COPE-0102    (0)   :  0.198 0.006 0.203 0.196 0.187 0.211 
103 COPE-0103    (0)   :  0.193 0.017 0.199 0.203 0.160 0.227 
104 COPE-0104   (14)   :  0.196 0.007 0.182 0.199 0.232 0.184 
105 COPE-0105    (0)   :  0.190 0.036 0.164 0.197 0.224 0.189 
106 COPE-0106    (0)   :  0.193 0.005 0.209 0.199 0.194 0.200 
107 COPE-0107    (0)   :  0.017 0.915 0.016 0.018 0.019 0.015 
108 COPE-0108    (0)   :  0.195 0.006 0.186 0.210 0.225 0.178 
109 COPE-0109    (0)   :  0.195 0.013 0.196 0.195 0.170 0.230 
110 COPE-0110   (14)   :  0.192 0.015 0.202 0.199 0.185 0.208 
111 COPE-0111    (0)   :  0.198 0.009 0.225 0.193 0.170 0.205 
112 COPE-0112   (14)   :  0.199 0.011 0.196 0.192 0.214 0.187 
113 COPE-0113    (0)   :  0.207 0.025 0.197 0.178 0.201 0.193 
114 COPE-0114    (0)   :  0.192 0.011 0.194 0.195 0.209 0.197 
115 COPE-0115    (0)   :  0.023 0.883 0.024 0.025 0.021 0.023 
116 COPE-0116   (28)   :  0.009 0.953 0.010 0.009 0.009 0.010 
117 COPE-0117    (0)   :  0.191 0.013 0.214 0.213 0.172 0.196 
118 COPE-0118    (0)   :  0.196 0.010 0.217 0.195 0.187 0.195 
119 COPE-0119    (0)   :  0.193 0.010 0.188 0.211 0.233 0.166 
120 COPE-0120    (0)   :  0.202 0.012 0.200 0.184 0.188 0.214 
121 COPE-0121    (0)   :  0.191 0.061 0.213 0.180 0.168 0.187 
122 COPE-0122    (0)   :  0.188 0.008 0.196 0.201 0.169 0.238 
123 COPE-0123    (0)   :  0.186 0.014 0.188 0.200 0.180 0.232 
124 COPE-0124    (0)   :  0.190 0.013 0.195 0.195 0.175 0.232 
125 COPE-0125    (0)   :  0.190 0.007 0.170 0.199 0.238 0.196 
126 COPE-0126    (0)   :  0.191 0.015 0.211 0.218 0.186 0.180 
127 COPE-0127   (14)   :  0.195 0.007 0.181 0.206 0.211 0.200 
128 COPE-0128    (0)   :  0.190 0.021 0.196 0.191 0.192 0.211 
129 COPE-0129    (0)   :  0.197 0.007 0.201 0.195 0.162 0.238 
130 COPE-0130    (0)   :  0.217 0.012 0.215 0.170 0.191 0.195 
131 COPE-0131   (14)   :  0.208 0.011 0.216 0.186 0.186 0.193 
132 COPE-0132   (14)   :  0.182 0.033 0.201 0.212 0.208 0.164 
133 COPE-0133    (0)   :  0.187 0.011 0.209 0.208 0.164 0.221 
134 COPE-0134    (0)   :  0.191 0.007 0.197 0.198 0.181 0.226 
135 COPE-0135    (0)   :  0.190 0.009 0.181 0.203 0.226 0.192 
136 COPE-0136    (0)   :  0.012 0.940 0.012 0.012 0.012 0.012 
137 COPE-0137    (0)   :  0.210 0.013 0.210 0.176 0.193 0.198 
138 COPE-0138   (14)   :  0.008 0.961 0.008 0.008 0.008 0.008 
139 COPE-0139    (0)   :  0.214 0.008 0.217 0.171 0.192 0.197 
140 COPE-0140   (14)   :  0.021 0.897 0.021 0.020 0.021 0.021 
141 COPE-0141    (0)   :  0.189 0.009 0.172 0.215 0.233 0.182 
142 COPE-0142    (0)   :  0.195 0.009 0.175 0.208 0.234 0.179 
143 COPE-0143    (0)   :  0.189 0.008 0.185 0.215 0.210 0.193 
144 COPE-0144   (14)   :  0.122 0.401 0.124 0.115 0.100 0.139 
145 COPE-0145   (14)   :  0.116 0.413 0.120 0.113 0.106 0.132 
146 COPE-0146   (14)   :  0.195 0.031 0.191 0.198 0.203 0.182 
147 COPE-0147    (0)   :  0.180 0.066 0.179 0.190 0.173 0.212 
148 COPE-0148    (0)   :  0.189 0.010 0.209 0.215 0.173 0.204 
149 COPE-0149    (0)   :  0.215 0.007 0.217 0.174 0.186 0.201 
150 COPE-0150    (0)   :  0.194 0.010 0.189 0.197 0.223 0.188 
151 COPE-0151    (0)   :  0.206 0.007 0.197 0.192 0.211 0.188 
152 COPE-0152   (14)   :  0.172 0.117 0.154 0.191 0.216 0.151 
153 COPE-0153    (0)   :  0.194 0.006 0.191 0.209 0.212 0.188 
154 COPE-0154    (0)   :  0.213 0.006 0.202 0.180 0.205 0.193 
155 COPE-0155    (0)   :  0.208 0.006 0.200 0.177 0.204 0.204 
156 COPE-0156   (14)   :  0.008 0.958 0.008 0.008 0.008 0.009 
157 COPE-0157   (14)   :  0.132 0.327 0.124 0.144 0.142 0.132 
158 COPE-0158    (0)   :  0.199 0.009 0.230 0.188 0.167 0.207 
159 COPE-0159    (0)   :  0.194 0.007 0.191 0.219 0.214 0.174 
160 COPE-0160    (0)   :  0.187 0.006 0.183 0.212 0.186 0.225 
161 COPE-0161    (0)   :  0.192 0.011 0.202 0.197 0.182 0.215 
162 COPE-0162   (14)   :  0.007 0.967 0.007 0.007 0.007 0.007 
163 COPE-0163   (28)   :  0.013 0.936 0.013 0.013 0.013 0.013 
164 COPE-0164    (0)   :  0.203 0.036 0.200 0.181 0.193 0.187 
165 COPE-0165    (0)   :  0.209 0.008 0.214 0.180 0.185 0.204 
166 COPE-0166   (14)   :  0.188 0.008 0.198 0.200 0.165 0.241 
167 COPE-0167    (0)   :  0.195 0.008 0.199 0.203 0.162 0.233 
168 COPE-0168    (0)   :  0.194 0.006 0.214 0.210 0.183 0.193 
169 COPE-0169    (0)   :  0.222 0.013 0.222 0.163 0.188 0.192 
170 COPE-0170    (0)   :  0.186 0.041 0.185 0.200 0.213 0.175 
171 COPE-0171    (0)   :  0.191 0.008 0.220 0.202 0.188 0.189 
172 COPE-0172    (0)   :  0.193 0.006 0.189 0.209 0.212 0.191 
173 COPE-0173   (14)   :  0.210 0.068 0.203 0.153 0.177 0.190 
174 COPE-0174   (28)   :  0.194 0.022 0.194 0.196 0.181 0.213 
175 COPE-0175    (0)   :  0.176 0.040 0.201 0.209 0.157 0.218 
176 COPE-0176    (0)   :  0.193 0.010 0.180 0.211 0.211 0.195 
177 COPE-0177    (0)   :  0.223 0.007 0.213 0.167 0.194 0.197 
178 COPE-0178    (0)   :  0.188 0.008 0.188 0.199 0.212 0.204 
179 COPE-0179    (0)   :  0.202 0.008 0.197 0.186 0.200 0.208 
180 COPE-0180   (14)   :  0.225 0.006 0.218 0.163 0.190 0.198 
181 COPE-0181   (14)   :  0.216 0.009 0.213 0.167 0.192 0.202 
182 COPE-0182    (0)   :  0.190 0.005 0.178 0.224 0.242 0.160 
183 COPE-0183    (0)   :  0.201 0.011 0.195 0.193 0.199 0.201 
184 COPE-0184    (0)   :  0.187 0.009 0.211 0.212 0.170 0.211 
185 COPE-0185    (0)   :  0.196 0.006 0.190 0.214 0.231 0.162 
186 COPE-0186    (0)   :  0.201 0.006 0.218 0.199 0.185 0.192 
187 COPE-0187    (0)   :  0.198 0.010 0.172 0.203 0.222 0.195 
188 COPE-0188    (0)   :  0.020 0.900 0.020 0.020 0.019 0.021 
189 COPE-0189    (0)   :  0.207 0.010 0.206 0.183 0.202 0.192 
190 COPE-0190    (0)   :  0.194 0.015 0.189 0.196 0.173 0.233 
191 COPE-0191    (0)   :  0.201 0.013 0.203 0.189 0.192 0.202 
192 COPE-0192   (14)   :  0.010 0.952 0.010 0.010 0.009 0.009 
193 COPE-0193    (0)   :  0.197 0.007 0.201 0.202 0.205 0.189 
194 COPE-0194    (0)   :  0.196 0.010 0.186 0.200 0.221 0.187 
195 COPE-0195    (0)   :  0.190 0.007 0.195 0.202 0.202 0.203 
196 COPE-0196    (0)   :  0.193 0.011 0.192 0.201 0.203 0.201 
197 COPE-0197    (0)   :  0.221 0.007 0.214 0.164 0.192 0.202 
198 COPE-0198    (0)   :  0.205 0.013 0.199 0.201 0.218 0.165 
199 COPE-0199    (0)   :  0.225 0.010 0.215 0.158 0.195 0.196 
200 COPE-0200   (42)   :  0.222 0.010 0.219 0.162 0.189 0.198 
201 COPE-0201    (0)   :  0.193 0.009 0.181 0.215 0.229 0.174 
202 COPE-0202    (0)   :  0.192 0.015 0.179 0.211 0.213 0.191 
203 COPE-0203    (0)   :  0.193 0.006 0.200 0.206 0.208 0.186 
204 COPE-0204    (0)   :  0.188 0.037 0.164 0.196 0.220 0.195 
205 COPE-0205    (0)   :  0.190 0.021 0.188 0.210 0.213 0.177 
206 COPE-0206    (0)   :  0.197 0.005 0.217 0.192 0.193 0.197 
207 COPE-0207    (0)   :  0.192 0.011 0.215 0.203 0.195 0.185 
208 COPE-0208    (0)   :  0.025 0.875 0.025 0.025 0.026 0.024 
209 COPE-0209    (0)   :  0.214 0.007 0.213 0.177 0.195 0.194 
210 COPE-0210    (0)   :  0.196 0.011 0.228 0.194 0.173 0.198 
211 COPE-0211    (0)   :  0.199 0.005 0.194 0.194 0.224 0.183 
212 COPE-0212    (0)   :  0.189 0.011 0.213 0.210 0.196 0.180 
213 COPE-0213    (0)   :  0.197 0.008 0.188 0.195 0.213 0.199 
214 COPE-0214    (0)   :  0.226 0.008 0.221 0.160 0.189 0.195 
215 COPE-0215    (0)   :  0.221 0.036 0.215 0.154 0.183 0.192 
216 COPE-0216   (14)   :  0.090 0.536 0.095 0.093 0.083 0.103 
217 COPE-0217    (0)   :  0.190 0.027 0.209 0.196 0.183 0.196 
218 COPE-0218    (0)   :  0.201 0.009 0.205 0.200 0.200 0.185 
219 COPE-0219   (14)   :  0.222 0.009 0.216 0.167 0.191 0.196 
220 COPE-0220    (0)   :  0.196 0.014 0.201 0.192 0.196 0.200 
221 COPE-0221    (0)   :  0.191 0.016 0.176 0.216 0.246 0.155 
222 COPE-0222    (0)   :  0.191 0.006 0.195 0.228 0.219 0.160 
223 COPE-0223    (0)   :  0.212 0.008 0.207 0.178 0.183 0.213 
224 COPE-0224    (0)   :  0.189 0.022 0.190 0.205 0.148 0.246 
225 COPE-0225    (0)   :  0.225 0.015 0.221 0.158 0.186 0.194 
226 COPE-0226    (0)   :  0.195 0.008 0.196 0.205 0.190 0.206 
227 COPE-0227    (0)   :  0.208 0.006 0.216 0.193 0.187 0.189 
228 COPE-0228    (0)   :  0.187 0.028 0.199 0.193 0.185 0.208 
229 COPE-0229    (0)   :  0.203 0.007 0.200 0.189 0.200 0.200 
230 COPE-0230    (0)   :  0.187 0.010 0.172 0.204 0.224 0.203 
231 COPE-0231    (0)   :  0.218 0.006 0.208 0.168 0.203 0.196 
232 COPE-0232    (0)   :  0.187 0.014 0.186 0.200 0.176 0.237 
233 COPE-0233    (0)   :  0.192 0.005 0.183 0.230 0.233 0.157 
234 COPE-0234    (0)   :  0.186 0.008 0.193 0.204 0.158 0.251 
235 COPE-0235    (0)   :  0.193 0.006 0.197 0.198 0.171 0.236 
236 COPE-0236    (0)   :  0.190 0.005 0.175 0.201 0.229 0.201 
237 COPE-0237    (0)   :  0.196 0.006 0.189 0.219 0.231 0.160 
238 COPE-0238    (0)   :  0.228 0.007 0.222 0.155 0.191 0.196 
239 COPE-0239    (0)   :  0.183 0.034 0.191 0.204 0.153 0.236 
240 COPE-0240    (0)   :  0.190 0.008 0.227 0.211 0.164 0.201 
241 COPE-0241    (0)   :  0.229 0.007 0.221 0.158 0.190 0.196 
242 COPE-0242    (0)   :  0.198 0.007 0.200 0.199 0.207 0.190 
243 COPE-0243    (0)   :  0.198 0.008 0.178 0.201 0.209 0.206 
244 COPE-0244    (0)   :  0.205 0.009 0.199 0.186 0.188 0.213 
245 COPE-0245    (0)   :  0.192 0.014 0.182 0.202 0.227 0.184 
246 COPE-0246    (0)   :  0.193 0.013 0.194 0.200 0.174 0.225 
247 COPE-0247    (0)   :  0.201 0.018 0.199 0.193 0.214 0.176 
248 COPE-0248    (0)   :  0.197 0.005 0.185 0.209 0.235 0.169 
249 COPE-0249    (0)   :  0.196 0.035 0.200 0.181 0.156 0.231 
250 COPE-0250    (0)   :  0.186 0.016 0.194 0.202 0.160 0.242 
251 COPE-0251   (14)   :  0.029 0.850 0.028 0.033 0.035 0.025 
252 COPE-0252    (0)   :  0.186 0.012 0.190 0.205 0.160 0.246 
253 COPE-0253    (0)   :  0.195 0.008 0.170 0.215 0.250 0.161 
254 COPE-0254    (0)   :  0.194 0.012 0.170 0.204 0.220 0.201 
255 COPE-0255    (0)   :  0.193 0.028 0.178 0.201 0.234 0.166 
256 COPE-0256    (0)   :  0.191 0.011 0.226 0.202 0.166 0.204 
257 COPE-0257    (0)   :  0.197 0.009 0.222 0.198 0.175 0.199 
258 COPE-0258    (0)   :  0.200 0.026 0.210 0.187 0.186 0.192 
259 COPE-0259    (0)   :  0.193 0.006 0.186 0.205 0.217 0.193 
260 COPE-0260    (0)   :  0.218 0.024 0.212 0.161 0.189 0.196 
261 COPE-0261    (0)   :  0.195 0.006 0.167 0.204 0.229 0.199 
262 COPE-0262    (0)   :  0.190 0.027 0.183 0.199 0.194 0.206 
263 COPE-0263    (0)   :  0.192 0.009 0.214 0.213 0.193 0.180 
264 COPE-0264    (0)   :  0.193 0.025 0.210 0.193 0.185 0.195 
265 COPE-0265    (0)   :  0.194 0.010 0.179 0.214 0.242 0.161 
266 COPE-0266    (0)   :  0.185 0.019 0.189 0.200 0.201 0.207 
267 COPE-0267    (0)   :  0.191 0.006 0.186 0.229 0.228 0.160 
268 COPE-0268    (0)   :  0.189 0.012 0.189 0.230 0.226 0.154 
269 COPE-0269    (0)   :  0.191 0.007 0.209 0.202 0.162 0.229 
270 COPE-0270    (0)   :  0.199 0.008 0.196 0.193 0.220 0.184 
271 COPE-0271    (0)   :  0.200 0.008 0.208 0.190 0.173 0.221 
272 COPE-0272    (0)   :  0.189 0.007 0.184 0.205 0.207 0.207 
273 COPE-0273    (0)   :  0.185 0.013 0.192 0.222 0.230 0.159 
274 COPE-0274   (14)   :  0.018 0.911 0.018 0.018 0.019 0.017 
275 COPE-0275    (0)   :  0.193 0.011 0.201 0.191 0.193 0.211 
276 COPE-0276   (14)   :  0.006 0.971 0.006 0.006 0.006 0.006 
277 COPE-0277   (14)   :  0.189 0.015 0.217 0.199 0.177 0.203 
278 COPE-0278    (0)   :  0.193 0.007 0.207 0.201 0.192 0.200 
279 COPE-0279    (0)   :  0.187 0.008 0.190 0.200 0.193 0.223 
280 COPE-0280    (0)   :  0.013 0.936 0.013 0.012 0.013 0.013 
281 COPE-0281    (0)   :  0.026 0.874 0.027 0.023 0.025 0.025 
282 COPE-0282   (14)   :  0.191 0.007 0.193 0.207 0.150 0.252 
283 COPE-0283    (0)   :  0.195 0.007 0.216 0.200 0.179 0.203 
284 COPE-0284   (14)   :  0.213 0.035 0.210 0.164 0.179 0.198 
285 COPE-0285    (0)   :  0.032 0.840 0.032 0.032 0.032 0.031 
286 COPE-0286    (0)   :  0.201 0.013 0.204 0.186 0.195 0.200 
287 COPE-0287    (0)   :  0.182 0.045 0.187 0.220 0.211 0.155 
288 COPE-0288    (0)   :  0.192 0.010 0.176 0.219 0.241 0.161 
289 COPE-0289    (0)   :  0.197 0.008 0.191 0.213 0.216 0.175 
290 COPE-0290    (0)   :  0.210 0.009 0.203 0.181 0.213 0.185 
291 COPE-0291    (0)   :  0.207 0.006 0.215 0.184 0.187 0.202 
292 COPE-0292   (42)   :  0.014 0.932 0.014 0.013 0.014 0.014 
293 COPE-0293    (0)   :  0.192 0.008 0.163 0.218 0.251 0.167 
294 COPE-0294    (0)   :  0.196 0.011 0.196 0.191 0.177 0.228 
295 COPE-0295    (0)   :  0.188 0.008 0.188 0.217 0.195 0.205 
296 COPE-0296   (14)   :  0.192 0.007 0.193 0.211 0.218 0.178 
297 COPE-0297   (14)   :  0.220 0.036 0.215 0.154 0.184 0.191 
298 COPE-0298    (0)   :  0.190 0.011 0.180 0.202 0.194 0.222 
299 COPE-0299    (0)   :  0.195 0.006 0.177 0.204 0.232 0.186 
300 COPE-0300   (14)   :  0.194 0.008 0.216 0.212 0.182 0.189 
301 COPE-0301   (14)   :  0.193 0.011 0.162 0.221 0.259 0.154 
302 COPE-0302    (0)   :  0.137 0.300 0.153 0.148 0.130 0.132 
303 COPE-0303    (0)   :  0.190 0.006 0.184 0.198 0.208 0.214 
304 COPE-0304    (0)   :  0.195 0.007 0.195 0.205 0.201 0.197 
305 COPE-0305   (14)   :  0.186 0.045 0.193 0.192 0.157 0.227 
306 COPE-0306    (0)   :  0.191 0.010 0.203 0.199 0.203 0.194 
307 COPE-0307   (28)   :  0.008 0.961 0.008 0.008 0.008 0.008 
308 COPE-0308    (0)   :  0.193 0.006 0.187 0.208 0.165 0.240 
309 COPE-0309   (14)   :  0.059 0.701 0.057 0.061 0.061 0.062 
310 COPE-0310   (28)   :  0.038 0.810 0.042 0.037 0.035 0.038 
311 COPE-0311    (0)   :  0.191 0.023 0.207 0.200 0.189 0.188 
312 COPE-0312   (28)   :  0.011 0.947 0.010 0.010 0.011 0.011 
313 COPE-0313    (0)   :  0.197 0.009 0.197 0.198 0.212 0.187 
314 COPE-0314    (0)   :  0.191 0.008 0.183 0.222 0.235 0.161 
315 COPE-0315    (0)   :  0.208 0.008 0.202 0.187 0.198 0.196 
316 COPE-0316    (0)   :  0.201 0.022 0.190 0.184 0.208 0.195 
317 COPE-0317   (14)   :  0.008 0.960 0.008 0.008 0.008 0.008 
318 COPE-0318    (0)   :  0.198 0.006 0.195 0.193 0.203 0.205 
319 COPE-0319    (0)   :  0.186 0.007 0.201 0.212 0.159 0.235 
320 COPE-0320   (14)   :  0.196 0.015 0.184 0.200 0.200 0.205 
321 COPE-0321   (14)   :  0.199 0.012 0.202 0.200 0.209 0.178 
322 COPE-0322   (14)   :  0.211 0.006 0.206 0.181 0.187 0.208 
323 COPE-0323    (0)   :  0.199 0.015 0.225 0.199 0.172 0.189 
324 COPE-0324    (0)   :  0.223 0.007 0.219 0.166 0.190 0.195 
325 COPE-0325   (14)   :  0.187 0.013 0.233 0.201 0.161 0.205 
326 COPE-0326    (0)   :  0.190 0.007 0.170 0.223 0.230 0.180 
327 COPE-0327   (14)   :  0.194 0.010 0.174 0.209 0.238 0.175 
328 COPE-0328    (0)   :  0.193 0.005 0.187 0.195 0.213 0.206 
329 COPE-0329   (28)   :  0.220 0.012 0.210 0.171 0.195 0.193 
330 COPE-0330    (0)   :  0.191 0.022 0.180 0.210 0.231 0.167 
331 COPE-0331    (0)   :  0.194 0.006 0.167 0.221 0.259 0.153 
332 COPE-0332   (14)   :  0.189 0.007 0.187 0.203 0.199 0.214 
333 COPE-0333    (0)   :  0.171 0.140 0.153 0.183 0.215 0.138 
334 COPE-0334   (28)   :  0.052 0.739 0.055 0.052 0.052 0.050 
335 COPE-0335    (0)   :  0.227 0.007 0.222 0.160 0.189 0.195 
336 COPE-0336    (0)   :  0.197 0.006 0.201 0.199 0.209 0.188 
337 COPE-0337   (28)   :  0.020 0.904 0.021 0.017 0.019 0.019 
338 COPE-0338    (0)   :  0.190 0.023 0.203 0.208 0.202 0.172 
339 COPE-0339    (0)   :  0.190 0.006 0.215 0.223 0.181 0.184 
340 COPE-0340   (14)   :  0.011 0.943 0.011 0.011 0.012 0.011 
341 COPE-0341    (0)   :  0.190 0.007 0.190 0.207 0.176 0.230 
342 COPE-0342    (0)   :  0.228 0.007 0.224 0.158 0.187 0.196 
343 COPE-0343    (0)   :  0.190 0.006 0.176 0.215 0.230 0.183 
344 COPE-0344   (14)   :  0.009 0.954 0.009 0.010 0.009 0.009 
345 COPE-0345    (0)   :  0.186 0.006 0.201 0.210 0.155 0.242 
346 COPE-0346    (0)   :  0.187 0.035 0.189 0.193 0.185 0.212 
347 COPE-0347    (0)   :  0.197 0.007 0.183 0.201 0.219 0.192 
348 COPE-0348    (0)   :  0.193 0.015 0.185 0.198 0.214 0.194 
349 COPE-0349    (0)   :  0.221 0.006 0.218 0.168 0.182 0.205 
350 COPE-0350    (0)   :  0.191 0.006 0.188 0.197 0.222 0.196 
351 COPE-0351    (0)   :  0.202 0.006 0.186 0.194 0.224 0.189 
352 COPE-0352    (0)   :  0.201 0.026 0.198 0.180 0.185 0.210 
353 COPE-0353    (0)   :  0.198 0.006 0.217 0.196 0.181 0.201 
354 COPE-0354    (0)   :  0.194 0.017 0.185 0.206 0.210 0.187 
355 COPE-0355    (0)   :  0.187 0.007 0.222 0.211 0.168 0.206 
356 COPE-0356    (0)   :  0.197 0.008 0.169 0.205 0.223 0.198 
357 COPE-0357    (0)   :  0.213 0.009 0.212 0.179 0.188 0.199 
358 COPE-0358    (0)   :  0.008 0.963 0.007 0.007 0.007 0.007 
359 COPE-0359   (14)   :  0.192 0.009 0.196 0.198 0.176 0.230 
360 COPE-0360    (0)   :  0.201 0.007 0.216 0.196 0.184 0.195 
361 COPE-0361    (0)   :  0.186 0.008 0.187 0.202 0.180 0.237 
362 COPE-0362    (0)   :  0.227 0.007 0.222 0.163 0.187 0.195 
363 COPE-0363   (14)   :  0.188 0.014 0.193 0.197 0.176 0.231 
364 COPE-0364    (0)   :  0.195 0.006 0.191 0.213 0.220 0.176 
365 COPE-0365    (0)   :  0.187 0.028 0.205 0.215 0.204 0.162 
366 COPE-0366    (0)   :  0.219 0.023 0.208 0.168 0.194 0.188 
367 COPE-0367   (14)   :  0.010 0.949 0.010 0.011 0.010 0.010 
368 COPE-0368    (0)   :  0.190 0.009 0.207 0.222 0.202 0.171 
369 COPE-0369    (0)   :  0.198 0.009 0.196 0.201 0.208 0.188 
370 COPE-0370   (28)   :  0.008 0.959 0.008 0.008 0.008 0.008 
371 COPE-0371    (0)   :  0.193 0.012 0.206 0.214 0.211 0.164 
372 COPE-0372    (0)   :  0.193 0.046 0.210 0.183 0.183 0.185 
373 COPE-0373   (14)   :  0.191 0.007 0.174 0.219 0.226 0.182 
374 COPE-0374    (0)   :  0.181 0.008 0.202 0.222 0.174 0.212 
375 COPE-0375   (14)   :  0.193 0.013 0.213 0.207 0.173 0.201 
376 COPE-0376   (14)   :  0.199 0.006 0.171 0.201 0.222 0.200 
377 COPE-0377    (0)   :  0.065 0.672 0.063 0.065 0.065 0.069 
378 COPE-0378    (0)   :  0.194 0.007 0.221 0.201 0.178 0.200 
379 COPE-0379    (0)   :  0.224 0.007 0.221 0.160 0.192 0.196 
380 COPE-0380   (28)   :  0.033 0.832 0.031 0.033 0.036 0.034 
381 COPE-0381    (0)   :  0.198 0.014 0.201 0.197 0.176 0.214 
382 COPE-0382    (0)   :  0.227 0.006 0.219 0.158 0.193 0.198 
383 COPE-0383    (0)   :  0.167 0.161 0.180 0.177 0.159 0.156 
384 COPE-0384    (0)   :  0.196 0.008 0.218 0.206 0.182 0.190 


Estimated Allele Frequencies in each cluster
First column gives estimated ancestral frequencies


Locus 1 : COPE5 
78 alleles
0.5% missing data
   1   (0.007) 0.001 0.642 0.001 0.001 0.001 0.001 
   2   (0.023) 0.023 0.022 0.023 0.023 0.021 0.026 
   3   (0.013) 0.014 0.002 0.014 0.014 0.012 0.017 
   4   (0.023) 0.026 0.002 0.027 0.024 0.024 0.026 
   5   (0.011) 0.011 0.001 0.011 0.009 0.010 0.010 
   6   (0.018) 0.018 0.007 0.018 0.017 0.017 0.020 
   7   (0.007) 0.003 0.001 0.004 0.003 0.003 0.004 
   8   (0.036) 0.085 0.002 0.089 0.093 0.087 0.088 
   9   (0.019) 0.022 0.001 0.022 0.022 0.020 0.025 
  10   (0.019) 0.020 0.001 0.020 0.021 0.021 0.019 
  11   (0.016) 0.014 0.018 0.015 0.016 0.016 0.013 
  12   (0.017) 0.024 0.001 0.021 0.025 0.029 0.020 
  13   (0.010) 0.011 0.001 0.009 0.012 0.013 0.009 
  14   (0.022) 0.027 0.002 0.026 0.028 0.031 0.026 
  15   (0.017) 0.031 0.001 0.037 0.033 0.027 0.033 
  16   (0.009) 0.006 0.001 0.006 0.006 0.007 0.006 
  17   (0.018) 0.015 0.001 0.015 0.014 0.015 0.015 
  18   (0.017) 0.015 0.008 0.015 0.012 0.013 0.014 
  19   (0.011) 0.011 0.001 0.011 0.009 0.010 0.010 
  20   (0.028) 0.052 0.002 0.052 0.057 0.057 0.046 
  21   (0.022) 0.023 0.002 0.022 0.021 0.022 0.022 
  22   (0.019) 0.016 0.009 0.016 0.014 0.015 0.016 
  23   (0.013) 0.013 0.001 0.012 0.011 0.013 0.011 
  24   (0.016) 0.019 0.001 0.018 0.019 0.019 0.019 
  25   (0.010) 0.008 0.001 0.007 0.008 0.008 0.008 
  26   (0.013) 0.009 0.001 0.009 0.009 0.009 0.010 
  27   (0.012) 0.010 0.001 0.010 0.010 0.010 0.011 
  28   (0.008) 0.002 0.021 0.002 0.002 0.002 0.002 
  29   (0.013) 0.011 0.001 0.011 0.012 0.013 0.011 
  30   (0.020) 0.020 0.005 0.020 0.020 0.020 0.020 
  31   (0.019) 0.020 0.001 0.020 0.018 0.019 0.018 
  32   (0.026) 0.041 0.002 0.040 0.038 0.042 0.036 
  33   (0.006) 0.002 0.000 0.002 0.002 0.002 0.002 
  34   (0.017) 0.019 0.001 0.019 0.021 0.021 0.017 
  35   (0.006) 0.001 0.052 0.001 0.001 0.001 0.001 
  36   (0.006) 0.002 0.000 0.002 0.002 0.002 0.002 
  37   (0.021) 0.024 0.023 0.025 0.025 0.023 0.023 
  38   (0.015) 0.012 0.009 0.012 0.012 0.012 0.013 
  39   (0.015) 0.018 0.001 0.017 0.019 0.019 0.020 
  40   (0.010) 0.011 0.001 0.011 0.008 0.010 0.010 
  41   (0.008) 0.005 0.001 0.005 0.005 0.005 0.005 
  42   (0.006) 0.002 0.000 0.002 0.002 0.002 0.002 
  43   (0.009) 0.005 0.001 0.005 0.005 0.005 0.005 
  44   (0.023) 0.026 0.002 0.026 0.027 0.025 0.030 
  45   (0.006) 0.002 0.000 0.002 0.002 0.002 0.002 
  46   (0.015) 0.018 0.001 0.017 0.019 0.020 0.017 
  47   (0.009) 0.006 0.001 0.006 0.007 0.006 0.007 
  48   (0.006) 0.002 0.000 0.002 0.002 0.002 0.002 
  49   (0.015) 0.015 0.001 0.016 0.016 0.013 0.018 
  50   (0.014) 0.012 0.002 0.012 0.011 0.010 0.013 
  51   (0.014) 0.013 0.019 0.014 0.013 0.012 0.013 
  52   (0.013) 0.012 0.001 0.011 0.013 0.015 0.011 
  53   (0.007) 0.001 0.031 0.001 0.001 0.001 0.001 
  54   (0.006) 0.001 0.073 0.001 0.001 0.001 0.001 
  55   (0.010) 0.008 0.001 0.007 0.008 0.008 0.007 
  56   (0.010) 0.011 0.001 0.011 0.011 0.010 0.011 
  57   (0.013) 0.013 0.001 0.013 0.010 0.011 0.012 
  58   (0.008) 0.006 0.001 0.006 0.006 0.006 0.006 
  59   (0.011) 0.011 0.001 0.011 0.012 0.009 0.014 
  60   (0.010) 0.008 0.001 0.009 0.008 0.007 0.008 
  61   (0.006) 0.002 0.000 0.002 0.002 0.002 0.002 
  62   (0.013) 0.012 0.001 0.012 0.012 0.011 0.012 
  63   (0.011) 0.015 0.001 0.013 0.016 0.018 0.016 
  64   (0.009) 0.005 0.001 0.005 0.005 0.005 0.005 
  65   (0.019) 0.021 0.001 0.021 0.019 0.020 0.021 
  66   (0.010) 0.009 0.001 0.008 0.009 0.010 0.009 
  67   (0.010) 0.006 0.001 0.006 0.006 0.007 0.006 
  68   (0.012) 0.012 0.001 0.012 0.010 0.011 0.011 
  69   (0.006) 0.002 0.000 0.002 0.002 0.002 0.002 
  70   (0.006) 0.002 0.000 0.002 0.002 0.002 0.002 
  71   (0.010) 0.006 0.001 0.006 0.006 0.006 0.007 
  72   (0.006) 0.002 0.000 0.002 0.002 0.002 0.002 
  73   (0.006) 0.002 0.001 0.002 0.002 0.002 0.002 
  74   (0.006) 0.002 0.000 0.002 0.002 0.002 0.002 
  75   (0.009) 0.005 0.001 0.005 0.005 0.005 0.005 
  76   (0.006) 0.002 0.000 0.002 0.002 0.002 0.002 
  77   (0.008) 0.004 0.001 0.004 0.003 0.003 0.004 
  78   (0.006) 0.002 0.000 0.002 0.002 0.002 0.002 

Locus 2 : COPE9 
12 alleles
8.3% missing data
   1   (0.412) 0.470 0.408 0.464 0.474 0.483 0.457 
   2   (0.142) 0.133 0.259 0.135 0.138 0.129 0.148 
   3   (0.050) 0.049 0.029 0.051 0.049 0.049 0.050 
   4   (0.074) 0.079 0.027 0.080 0.071 0.073 0.075 
   5   (0.037) 0.026 0.024 0.025 0.025 0.028 0.025 
   6   (0.130) 0.133 0.055 0.134 0.138 0.137 0.131 
   7   (0.039) 0.027 0.066 0.027 0.025 0.024 0.030 
   8   (0.081) 0.072 0.082 0.073 0.069 0.068 0.073 
   9   (0.011) 0.004 0.001 0.004 0.004 0.004 0.004 
  10   (0.009) 0.001 0.048 0.001 0.001 0.001 0.001 
  11   (0.008) 0.003 0.001 0.003 0.003 0.003 0.002 
  12   (0.008) 0.003 0.001 0.003 0.003 0.002 0.003 

Locus 3 : CPER26 
12 alleles
2.6% missing data
   1   (0.231) 0.234 0.137 0.233 0.236 0.237 0.231 
   2   (0.034) 0.026 0.148 0.025 0.021 0.024 0.023 
   3   (0.083) 0.082 0.008 0.082 0.076 0.076 0.086 
   4   (0.499) 0.578 0.061 0.578 0.584 0.581 0.581 
   5   (0.056) 0.043 0.298 0.044 0.044 0.044 0.040 
   6   (0.030) 0.015 0.308 0.015 0.016 0.015 0.015 
   7   (0.013) 0.006 0.001 0.005 0.006 0.005 0.006 
   8   (0.018) 0.007 0.023 0.007 0.007 0.008 0.007 
   9   (0.008) 0.002 0.004 0.002 0.002 0.002 0.002 
  10   (0.012) 0.003 0.010 0.003 0.003 0.003 0.003 
  11   (0.008) 0.002 0.001 0.002 0.002 0.002 0.002 
  12   (0.008) 0.002 0.001 0.002 0.002 0.003 0.002 

Locus 4 : CPER92 
12 alleles
6.8% missing data
   1   (0.618) 0.687 0.513 0.694 0.671 0.675 0.680 
   2   (0.115) 0.130 0.276 0.122 0.139 0.139 0.136 
   3   (0.088) 0.086 0.045 0.087 0.091 0.086 0.086 
   4   (0.015) 0.007 0.019 0.008 0.007 0.007 0.007 
   5   (0.039) 0.024 0.034 0.024 0.026 0.025 0.026 
   6   (0.035) 0.027 0.008 0.025 0.028 0.030 0.025 
   7   (0.019) 0.008 0.035 0.008 0.008 0.008 0.008 
   8   (0.012) 0.003 0.035 0.003 0.003 0.003 0.003 
   9   (0.021) 0.013 0.018 0.012 0.010 0.011 0.012 
  10   (0.017) 0.008 0.016 0.008 0.008 0.008 0.008 
  11   (0.013) 0.006 0.001 0.006 0.006 0.006 0.006 
  12   (0.008) 0.002 0.001 0.002 0.002 0.003 0.002 

Locus 5 : CPER99 
5 alleles
1.0% missing data
   1   (0.013) 0.003 0.342 0.003 0.003 0.003 0.003 
   2   (0.870) 0.931 0.089 0.930 0.931 0.934 0.928 
   3   (0.080) 0.054 0.476 0.056 0.054 0.050 0.057 
   4   (0.013) 0.003 0.030 0.003 0.003 0.003 0.003 
   5   (0.024) 0.009 0.064 0.009 0.009 0.009 0.009 

Locus 6 : CPER119 
22 alleles
5.5% missing data
   1   (0.009) 0.001 0.106 0.001 0.001 0.001 0.001 
   2   (0.080) 0.089 0.045 0.088 0.095 0.098 0.084 
   3   (0.036) 0.030 0.052 0.034 0.033 0.027 0.034 
   4   (0.008) 0.003 0.001 0.003 0.002 0.002 0.002 
   5   (0.160) 0.179 0.094 0.174 0.170 0.178 0.179 
   6   (0.070) 0.080 0.080 0.080 0.066 0.069 0.078 
   7   (0.069) 0.086 0.079 0.086 0.095 0.088 0.087 
   8   (0.083) 0.078 0.101 0.077 0.075 0.076 0.078 
   9   (0.115) 0.132 0.067 0.140 0.132 0.122 0.139 
  10   (0.061) 0.061 0.033 0.059 0.063 0.067 0.064 
  11   (0.021) 0.013 0.023 0.013 0.014 0.012 0.016 
  12   (0.085) 0.103 0.010 0.100 0.108 0.113 0.100 
  13   (0.015) 0.006 0.011 0.007 0.006 0.006 0.007 
  14   (0.028) 0.036 0.010 0.039 0.040 0.035 0.036 
  15   (0.026) 0.020 0.064 0.020 0.021 0.022 0.017 
  16   (0.022) 0.010 0.029 0.010 0.010 0.010 0.011 
  17   (0.024) 0.013 0.096 0.013 0.012 0.013 0.012 
  18   (0.017) 0.010 0.008 0.009 0.010 0.011 0.009 
  19   (0.011) 0.003 0.025 0.003 0.003 0.003 0.003 
  20   (0.037) 0.033 0.060 0.032 0.032 0.035 0.032 
  21   (0.012) 0.007 0.005 0.006 0.007 0.007 0.007 
  22   (0.010) 0.005 0.001 0.006 0.005 0.005 0.006 

Locus 7 : CPER188 
15 alleles
1.6% missing data
   1   (0.598) 0.676 0.820 0.673 0.673 0.676 0.669 
   2   (0.112) 0.102 0.091 0.103 0.101 0.101 0.103 
   3   (0.032) 0.024 0.002 0.025 0.026 0.023 0.028 
   4   (0.040) 0.031 0.003 0.031 0.032 0.033 0.032 
   5   (0.089) 0.109 0.006 0.111 0.111 0.112 0.107 
   6   (0.016) 0.006 0.008 0.006 0.006 0.007 0.006 
   7   (0.017) 0.010 0.006 0.010 0.010 0.009 0.012 
   8   (0.023) 0.013 0.008 0.013 0.012 0.012 0.014 
   9   (0.009) 0.001 0.040 0.001 0.001 0.001 0.001 
  10   (0.008) 0.001 0.010 0.001 0.001 0.001 0.001 
  11   (0.018) 0.011 0.001 0.011 0.011 0.010 0.013 
  12   (0.015) 0.007 0.001 0.007 0.007 0.008 0.007 
  13   (0.008) 0.002 0.003 0.002 0.002 0.002 0.002 
  14   (0.008) 0.002 0.001 0.003 0.002 0.002 0.003 
  15   (0.008) 0.002 0.001 0.003 0.002 0.002 0.002 

Values of parameters used in structure:
DATAFILE=../Data/microsats.structure,	OUTFILE=../Structure_Results/04_K_06.out,	NUMINDS=384,	NUMLOCI=7,	MISSING=-9,	LABEL=1,	POPDATA=0,	POPFLAG=0,	PHENOTYPE=0,	EXTRACOLS=0,	MAXPOPS=6,	BURNIN=1000000,	NUMREPS=10000000,	USEPOPINFO=0,	INFERALPHA=1,	INFERLAMBDA=0,	POPSPECIFICLAMBDA=0,	POPALPHAS=0,	COMPUTEPROB=1,	NOADMIX=0,	ADMBURNIN=500,	UPDATEFREQ=100,	PRINTLIKES=0,	INTERMEDSAVE=0,	PRINTKLD=0,	PRINTNET=1,	PRINTLAMBDA=1,	ANCESTDIST=0,	NUMBOXES=1000,	ANCESTPINT=0.90000,	GENSBACK=2,	MIGRPRIOR=0.01000,	PRINTQHAT=0,	PRINTQSUM=1,	ALPHA=1.0000,	FREQSCORR=1,	FPRIORMEAN=0.0100,	FPRIORSD=0.0500,	ONEFST=0,	LAMBDA=1.0000,	UNIFPRIORALPHA=1,	ALPHAMAX=10.0000,	ALPHAPRIORA=1.0000,	ALPHAPRIORB=2.0000,	ALPHAPROPSD=0.0250,	STARTATPOPINFO=0,	RANDOMIZE=0,	LINKAGE=0,	METROFREQ=10,	REPORTHITRATE=0,	MARKOVPHASE=-1,	PHASED=0,	PLOIDY=2,	PHASEINFO=0	LOCPRIOR=0, 	LOCPRIORINIT=1.000000, 	LOCDATA=0, 	LOCISPOP=0, 	LOCPRIORSTEP=0.100000, 	MAXLOCPRIOR=20.000000, 	SEED=15290405,	
[STRAT parameters]:    NUMSIMSTATS=1000,	PHENOTYPECOL=-9,	POOLFREQ=10,	LOCUSxONLY=0,	EMERROR=0.00100,	MISSINGPHENO=-9,	