

----------------------------------------------------
STRUCTURE by Pritchard, Stephens and Donnelly (2000)
     and Falush, Stephens and Pritchard (2003)
       Code by Pritchard, Falush and Hubisz
             Version 2.3.4 (Jul 2012)
----------------------------------------------------



Command line arguments:   /home/jason/Programs/structure -K 12 -i ../Data/microsats.structure -m Structure_Run/mainparams -e Structure_Run/extraparams -D 6836203 -o ../Structure_Results/04_K_12.out 
Input File:    ../Data/microsats.structure

Run parameters:
   384 individuals
   7 loci
   12 populations assumed
   1000000 Burn-in period
   10000000 Reps
RANDOMIZE turned off


--------------------------------------------
Overall proportion of membership of the
sample in each of the 12 clusters

Inferred Clusters
  1      2      3      4      5      6      7      8      9     10     11     12    
0.081  0.081  0.081  0.081  0.081  0.081  0.081  0.081  0.081  0.081  0.108  0.081  

--------------------------------------------

Allele-freq. divergence among pops (Net nucleotide distance),
computed using point estimates of P.

      1       2       3       4       5       6       7       8       9      10      11      12      
 1      -    0.0001  0.0002  0.0001  0.0000  0.0001  0.0003  0.0003  0.0001  0.0001  0.1702  0.0001  
 2   0.0001     -    0.0001  0.0001  0.0000  0.0001  0.0001  0.0001  0.0001  0.0000  0.1703  0.0000  
 3   0.0002  0.0001     -    0.0000  0.0002  0.0001  0.0000  0.0001  0.0001  0.0001  0.1690  0.0002  
 4   0.0001  0.0001  0.0000     -    0.0001  0.0001  0.0000  0.0001  0.0001  0.0001  0.1694  0.0001  
 5   0.0000  0.0000  0.0002  0.0001     -    0.0001  0.0002  0.0002  0.0001  0.0000  0.1704  0.0000  
 6   0.0001  0.0001  0.0001  0.0001  0.0001     -    0.0002  0.0002  0.0001  0.0001  0.1706  0.0001  
 7   0.0003  0.0001  0.0000  0.0000  0.0002  0.0002     -    0.0000  0.0001  0.0001  0.1689  0.0001  
 8   0.0003  0.0001  0.0001  0.0001  0.0002  0.0002  0.0000     -    0.0002  0.0001  0.1698  0.0001  
 9   0.0001  0.0001  0.0001  0.0001  0.0001  0.0001  0.0001  0.0002     -    0.0001  0.1698  0.0001  
10   0.0001  0.0000  0.0001  0.0001  0.0000  0.0001  0.0001  0.0001  0.0001     -    0.1705  0.0000  
11   0.1702  0.1703  0.1690  0.1694  0.1704  0.1706  0.1689  0.1698  0.1698  0.1705     -    0.1708  
12   0.0001  0.0000  0.0002  0.0001  0.0000  0.0001  0.0001  0.0001  0.0001  0.0000  0.1708     -    

Average distances (expected heterozygosity) between individuals in same cluster:
cluster  1  : 0.6236 
cluster  2  : 0.6244 
cluster  3  : 0.6280 
cluster  4  : 0.6277 
cluster  5  : 0.6237 
cluster  6  : 0.6247 
cluster  7  : 0.6296 
cluster  8  : 0.6255 
cluster  9  : 0.6257 
cluster 10  : 0.6245 
cluster 11  : 0.6305 
cluster 12  : 0.6226 

--------------------------------------------
Estimated Ln Prob of Data   = -9300.0
Mean value of ln likelihood = -7630.3
Variance of ln likelihood   = 3339.5
Mean value of alpha         = 0.0491

Mean value of Fst_1         = 0.1122
Mean value of Fst_2         = 0.1108
Mean value of Fst_3         = 0.1063
Mean value of Fst_4         = 0.1064
Mean value of Fst_5         = 0.1116
Mean value of Fst_6         = 0.1099
Mean value of Fst_7         = 0.1031
Mean value of Fst_8         = 0.1105
Mean value of Fst_9         = 0.1115
Mean value of Fst_10         = 0.1138
Mean value of Fst_11         = 0.2133
Mean value of Fst_12         = 0.1125


Inferred ancestry of individuals:
        Label (%Miss) :  Inferred clusters
  1 COPE-0001    (0)   :  0.009 0.009 0.009 0.009 0.009 0.009 0.009 0.009 0.009 0.009 0.905 0.009 
  2 COPE-0002    (0)   :  0.090 0.085 0.098 0.096 0.086 0.090 0.093 0.088 0.092 0.086 0.011 0.086 
  3 COPE-0003    (0)   :  0.087 0.087 0.100 0.096 0.090 0.090 0.093 0.092 0.085 0.085 0.007 0.089 
  4 COPE-0004    (0)   :  0.090 0.080 0.103 0.093 0.082 0.079 0.098 0.092 0.106 0.087 0.011 0.079 
  5 COPE-0005    (0)   :  0.091 0.085 0.092 0.088 0.083 0.087 0.088 0.088 0.099 0.091 0.022 0.086 
  6 COPE-0006    (0)   :  0.085 0.088 0.094 0.093 0.086 0.093 0.089 0.089 0.088 0.084 0.018 0.092 
  7 COPE-0007    (0)   :  0.093 0.085 0.087 0.086 0.086 0.091 0.091 0.089 0.101 0.094 0.006 0.091 
  8 COPE-0008    (0)   :  0.092 0.095 0.079 0.086 0.097 0.082 0.087 0.096 0.081 0.100 0.008 0.098 
  9 COPE-0009    (0)   :  0.085 0.084 0.097 0.095 0.088 0.092 0.095 0.090 0.079 0.091 0.016 0.088 
 10 COPE-0010    (0)   :  0.082 0.092 0.091 0.091 0.085 0.090 0.102 0.090 0.090 0.089 0.007 0.090 
 11 COPE-0011   (14)   :  0.013 0.013 0.014 0.013 0.012 0.013 0.014 0.013 0.014 0.013 0.856 0.013 
 12 COPE-0012   (14)   :  0.084 0.095 0.089 0.088 0.099 0.079 0.089 0.102 0.075 0.094 0.006 0.098 
 13 COPE-0013    (0)   :  0.088 0.087 0.101 0.093 0.092 0.093 0.086 0.097 0.084 0.084 0.006 0.091 
 14 COPE-0014    (0)   :  0.118 0.089 0.074 0.085 0.107 0.094 0.064 0.063 0.099 0.099 0.008 0.100 
 15 COPE-0015    (0)   :  0.107 0.092 0.078 0.086 0.100 0.092 0.075 0.076 0.095 0.095 0.007 0.098 
 16 COPE-0016    (0)   :  0.090 0.085 0.095 0.090 0.090 0.105 0.084 0.086 0.084 0.097 0.009 0.085 
 17 COPE-0017    (0)   :  0.047 0.039 0.036 0.039 0.044 0.042 0.033 0.033 0.042 0.043 0.559 0.042 
 18 COPE-0018    (0)   :  0.084 0.089 0.096 0.093 0.084 0.091 0.093 0.092 0.088 0.085 0.007 0.097 
 19 COPE-0019    (0)   :  0.089 0.086 0.100 0.090 0.090 0.088 0.093 0.096 0.083 0.088 0.006 0.091 
 20 COPE-0020    (0)   :  0.085 0.087 0.095 0.096 0.086 0.093 0.099 0.091 0.085 0.088 0.007 0.088 
 21 COPE-0021    (0)   :  0.091 0.090 0.090 0.091 0.091 0.091 0.087 0.085 0.095 0.092 0.006 0.092 
 22 COPE-0022    (0)   :  0.084 0.100 0.081 0.088 0.094 0.082 0.088 0.101 0.078 0.098 0.006 0.099 
 23 COPE-0023    (0)   :  0.084 0.087 0.097 0.101 0.084 0.093 0.097 0.087 0.088 0.083 0.008 0.090 
 24 COPE-0024   (14)   :  0.084 0.088 0.094 0.089 0.084 0.095 0.090 0.094 0.094 0.091 0.006 0.091 
 25 COPE-0025    (0)   :  0.082 0.085 0.090 0.092 0.083 0.086 0.106 0.085 0.083 0.080 0.046 0.080 
 26 COPE-0026    (0)   :  0.093 0.092 0.082 0.084 0.095 0.090 0.090 0.089 0.096 0.093 0.005 0.090 
 27 COPE-0027    (0)   :  0.087 0.090 0.097 0.090 0.090 0.087 0.091 0.101 0.083 0.088 0.006 0.090 
 28 COPE-0028    (0)   :  0.087 0.095 0.087 0.091 0.092 0.092 0.097 0.088 0.090 0.089 0.005 0.088 
 29 COPE-0029    (0)   :  0.090 0.087 0.092 0.088 0.090 0.105 0.086 0.088 0.086 0.097 0.005 0.088 
 30 COPE-0030   (14)   :  0.026 0.026 0.027 0.027 0.025 0.027 0.027 0.026 0.027 0.026 0.710 0.027 
 31 COPE-0031    (0)   :  0.097 0.091 0.076 0.085 0.096 0.090 0.089 0.086 0.089 0.094 0.010 0.097 
 32 COPE-0032    (0)   :  0.085 0.090 0.093 0.098 0.087 0.093 0.100 0.086 0.088 0.085 0.009 0.087 
 33 COPE-0033    (0)   :  0.087 0.089 0.092 0.093 0.089 0.095 0.097 0.087 0.084 0.087 0.011 0.088 
 34 COPE-0034    (0)   :  0.094 0.087 0.091 0.088 0.090 0.087 0.088 0.089 0.097 0.094 0.009 0.088 
 35 COPE-0035   (14)   :  0.086 0.093 0.091 0.091 0.091 0.090 0.101 0.089 0.088 0.087 0.007 0.085 
 36 COPE-0036   (14)   :  0.087 0.091 0.090 0.094 0.082 0.095 0.091 0.089 0.096 0.090 0.006 0.090 
 37 COPE-0037    (0)   :  0.087 0.089 0.092 0.090 0.084 0.092 0.091 0.091 0.089 0.087 0.023 0.086 
 38 COPE-0038    (0)   :  0.090 0.098 0.080 0.083 0.093 0.089 0.089 0.095 0.090 0.094 0.006 0.093 
 39 COPE-0039    (0)   :  0.084 0.084 0.096 0.093 0.084 0.085 0.093 0.087 0.086 0.081 0.046 0.082 
 40 COPE-0040   (14)   :  0.085 0.082 0.087 0.085 0.082 0.083 0.086 0.085 0.082 0.081 0.077 0.084 
 41 COPE-0041    (0)   :  0.083 0.089 0.093 0.095 0.089 0.088 0.090 0.089 0.083 0.085 0.026 0.091 
 42 COPE-0042    (0)   :  0.088 0.093 0.089 0.090 0.092 0.095 0.096 0.087 0.088 0.087 0.010 0.085 
 43 COPE-0043    (0)   :  0.089 0.084 0.095 0.097 0.088 0.096 0.091 0.089 0.090 0.092 0.005 0.083 
 44 COPE-0044    (0)   :  0.089 0.085 0.101 0.091 0.088 0.081 0.096 0.093 0.094 0.084 0.011 0.085 
 45 COPE-0045    (0)   :  0.084 0.088 0.092 0.089 0.088 0.081 0.092 0.092 0.088 0.088 0.033 0.085 
 46 COPE-0046    (0)   :  0.025 0.024 0.026 0.025 0.024 0.025 0.025 0.025 0.025 0.023 0.729 0.024 
 47 COPE-0047    (0)   :  0.007 0.007 0.008 0.007 0.007 0.007 0.007 0.007 0.007 0.007 0.918 0.007 
 48 COPE-0048    (0)   :  0.087 0.096 0.088 0.088 0.095 0.099 0.096 0.084 0.082 0.092 0.007 0.085 
 49 COPE-0049    (0)   :  0.086 0.088 0.096 0.093 0.086 0.084 0.099 0.091 0.090 0.085 0.016 0.085 
 50 COPE-0050    (0)   :  0.091 0.086 0.101 0.091 0.088 0.089 0.089 0.096 0.095 0.082 0.007 0.084 
 51 COPE-0051    (0)   :  0.075 0.088 0.075 0.080 0.083 0.080 0.087 0.081 0.090 0.083 0.101 0.077 
 52 COPE-0052    (0)   :  0.116 0.091 0.071 0.084 0.107 0.094 0.064 0.065 0.099 0.098 0.011 0.100 
 53 COPE-0053    (0)   :  0.091 0.084 0.096 0.088 0.094 0.110 0.076 0.088 0.081 0.095 0.008 0.089 
 54 COPE-0054    (0)   :  0.084 0.090 0.090 0.090 0.085 0.088 0.092 0.098 0.090 0.093 0.005 0.095 
 55 COPE-0055    (0)   :  0.082 0.101 0.079 0.089 0.096 0.083 0.089 0.102 0.076 0.100 0.005 0.100 
 56 COPE-0056    (0)   :  0.079 0.095 0.090 0.093 0.094 0.082 0.091 0.099 0.080 0.090 0.015 0.093 
 57 COPE-0057    (0)   :  0.084 0.088 0.097 0.095 0.088 0.089 0.098 0.096 0.077 0.088 0.010 0.090 
 58 COPE-0058    (0)   :  0.083 0.090 0.094 0.095 0.083 0.093 0.100 0.092 0.092 0.086 0.009 0.083 
 59 COPE-0059    (0)   :  0.095 0.085 0.100 0.089 0.081 0.087 0.097 0.100 0.089 0.077 0.017 0.082 
 60 COPE-0060    (0)   :  0.091 0.083 0.095 0.100 0.090 0.099 0.088 0.089 0.084 0.089 0.006 0.087 
 61 COPE-0061    (0)   :  0.089 0.086 0.098 0.088 0.093 0.105 0.078 0.090 0.081 0.094 0.010 0.090 
 62 COPE-0062    (0)   :  0.107 0.094 0.076 0.085 0.101 0.087 0.073 0.073 0.100 0.096 0.008 0.101 
 63 COPE-0063    (0)   :  0.077 0.101 0.081 0.088 0.099 0.077 0.086 0.104 0.070 0.097 0.022 0.099 
 64 COPE-0064    (0)   :  0.096 0.088 0.091 0.089 0.093 0.090 0.087 0.091 0.092 0.088 0.008 0.086 
 65 COPE-0065    (0)   :  0.006 0.006 0.006 0.006 0.006 0.006 0.006 0.006 0.006 0.006 0.934 0.006 
 66 COPE-0066    (0)   :  0.084 0.095 0.087 0.090 0.089 0.093 0.100 0.086 0.086 0.087 0.017 0.087 
 67 COPE-0067   (14)   :  0.027 0.028 0.029 0.030 0.028 0.030 0.032 0.028 0.027 0.028 0.687 0.027 
 68 COPE-0068    (0)   :  0.091 0.085 0.102 0.092 0.087 0.089 0.089 0.098 0.089 0.081 0.012 0.086 
 69 COPE-0069   (14)   :  0.099 0.091 0.088 0.085 0.092 0.092 0.083 0.088 0.093 0.088 0.010 0.090 
 70 COPE-0070    (0)   :  0.088 0.089 0.090 0.088 0.086 0.081 0.096 0.094 0.099 0.091 0.011 0.087 
 71 COPE-0071    (0)   :  0.084 0.095 0.086 0.091 0.086 0.088 0.106 0.088 0.092 0.090 0.004 0.089 
 72 COPE-0072    (0)   :  0.097 0.085 0.094 0.095 0.093 0.091 0.085 0.090 0.092 0.085 0.006 0.086 
 73 COPE-0073   (14)   :  0.034 0.033 0.036 0.034 0.033 0.038 0.033 0.035 0.035 0.037 0.617 0.034 
 74 COPE-0074    (0)   :  0.087 0.095 0.089 0.089 0.089 0.096 0.098 0.087 0.086 0.089 0.009 0.086 
 75 COPE-0075    (0)   :  0.083 0.096 0.083 0.087 0.091 0.090 0.095 0.088 0.098 0.092 0.011 0.083 
 76 COPE-0076    (0)   :  0.090 0.093 0.086 0.088 0.096 0.088 0.086 0.094 0.081 0.095 0.006 0.097 
 77 COPE-0077   (14)   :  0.089 0.090 0.094 0.090 0.089 0.091 0.090 0.097 0.090 0.086 0.008 0.086 
 78 COPE-0078   (14)   :  0.090 0.088 0.091 0.088 0.084 0.084 0.093 0.092 0.098 0.094 0.008 0.090 
 79 COPE-0079    (0)   :  0.093 0.079 0.104 0.091 0.079 0.074 0.102 0.092 0.111 0.092 0.008 0.076 
 80 COPE-0080   (42)   :  0.019 0.018 0.019 0.019 0.019 0.019 0.018 0.018 0.019 0.018 0.794 0.019 
 81 COPE-0081   (14)   :  0.051 0.054 0.050 0.052 0.053 0.051 0.053 0.053 0.049 0.052 0.428 0.053 
 82 COPE-0082   (14)   :  0.079 0.094 0.084 0.085 0.091 0.080 0.092 0.093 0.084 0.087 0.043 0.088 
 83 COPE-0083   (14)   :  0.135 0.094 0.061 0.079 0.119 0.090 0.048 0.051 0.104 0.106 0.005 0.107 
 84 COPE-0084    (0)   :  0.073 0.067 0.079 0.072 0.075 0.090 0.064 0.072 0.066 0.077 0.196 0.070 
 85 COPE-0085    (0)   :  0.088 0.085 0.097 0.091 0.086 0.086 0.099 0.090 0.095 0.090 0.009 0.084 
 86 COPE-0086    (0)   :  0.082 0.087 0.095 0.093 0.087 0.091 0.095 0.091 0.090 0.084 0.018 0.088 
 87 COPE-0087   (14)   :  0.089 0.084 0.096 0.096 0.089 0.105 0.086 0.088 0.082 0.091 0.008 0.087 
 88 COPE-0088   (14)   :  0.090 0.086 0.094 0.088 0.084 0.092 0.090 0.087 0.092 0.087 0.023 0.086 
 89 COPE-0089   (14)   :  0.007 0.008 0.008 0.008 0.008 0.007 0.008 0.008 0.007 0.008 0.917 0.008 
 90 COPE-0090    (0)   :  0.084 0.097 0.080 0.088 0.094 0.085 0.093 0.098 0.082 0.094 0.008 0.098 
 91 COPE-0091   (14)   :  0.101 0.084 0.090 0.095 0.096 0.102 0.078 0.079 0.086 0.093 0.005 0.090 
 92 COPE-0092   (28)   :  0.021 0.020 0.023 0.022 0.020 0.020 0.023 0.022 0.022 0.020 0.768 0.019 
 93 COPE-0093    (0)   :  0.079 0.103 0.082 0.089 0.101 0.075 0.086 0.108 0.068 0.101 0.006 0.103 
 94 COPE-0094    (0)   :  0.090 0.077 0.103 0.092 0.078 0.074 0.098 0.090 0.109 0.088 0.027 0.074 
 95 COPE-0095    (0)   :  0.093 0.089 0.092 0.088 0.092 0.106 0.082 0.087 0.081 0.096 0.005 0.090 
 96 COPE-0096    (0)   :  0.097 0.089 0.085 0.089 0.093 0.097 0.082 0.079 0.093 0.094 0.009 0.092 
 97 COPE-0097    (0)   :  0.092 0.095 0.079 0.083 0.098 0.088 0.087 0.084 0.097 0.095 0.007 0.094 
 98 COPE-0098    (0)   :  0.098 0.091 0.075 0.085 0.097 0.088 0.087 0.087 0.091 0.097 0.009 0.096 
 99 COPE-0099    (0)   :  0.087 0.084 0.098 0.095 0.082 0.086 0.104 0.096 0.083 0.080 0.020 0.083 
100 COPE-0100    (0)   :  0.086 0.090 0.093 0.091 0.092 0.092 0.093 0.092 0.084 0.087 0.007 0.092 
101 COPE-0101    (0)   :  0.082 0.090 0.085 0.092 0.086 0.085 0.095 0.088 0.081 0.084 0.045 0.085 
102 COPE-0102    (0)   :  0.086 0.090 0.092 0.090 0.092 0.090 0.094 0.091 0.089 0.089 0.006 0.089 
103 COPE-0103    (0)   :  0.100 0.086 0.086 0.085 0.091 0.083 0.087 0.079 0.105 0.095 0.015 0.089 
104 COPE-0104   (14)   :  0.086 0.095 0.087 0.087 0.094 0.090 0.097 0.091 0.085 0.092 0.006 0.089 
105 COPE-0105    (0)   :  0.079 0.099 0.078 0.086 0.092 0.078 0.096 0.092 0.095 0.087 0.034 0.086 
106 COPE-0106    (0)   :  0.079 0.086 0.095 0.093 0.074 0.093 0.094 0.096 0.099 0.092 0.004 0.094 
107 COPE-0107    (0)   :  0.018 0.022 0.019 0.020 0.020 0.019 0.020 0.022 0.018 0.021 0.782 0.020 
108 COPE-0108    (0)   :  0.098 0.092 0.078 0.087 0.096 0.090 0.087 0.082 0.095 0.092 0.006 0.098 
109 COPE-0109    (0)   :  0.090 0.084 0.099 0.092 0.086 0.083 0.094 0.094 0.099 0.086 0.011 0.081 
110 COPE-0110   (14)   :  0.086 0.086 0.095 0.094 0.086 0.092 0.091 0.089 0.089 0.092 0.013 0.087 
111 COPE-0111    (0)   :  0.090 0.085 0.094 0.093 0.087 0.094 0.086 0.088 0.093 0.091 0.009 0.091 
112 COPE-0112   (14)   :  0.089 0.095 0.085 0.086 0.099 0.097 0.092 0.084 0.082 0.095 0.009 0.088 
113 COPE-0113    (0)   :  0.090 0.087 0.094 0.090 0.092 0.086 0.095 0.092 0.082 0.088 0.016 0.089 
114 COPE-0114    (0)   :  0.083 0.089 0.092 0.092 0.082 0.092 0.093 0.095 0.092 0.090 0.009 0.093 
115 COPE-0115    (0)   :  0.029 0.025 0.024 0.025 0.029 0.028 0.023 0.023 0.027 0.028 0.713 0.027 
116 COPE-0116   (28)   :  0.011 0.011 0.011 0.011 0.011 0.011 0.012 0.011 0.011 0.010 0.878 0.011 
117 COPE-0117    (0)   :  0.092 0.084 0.095 0.089 0.094 0.108 0.077 0.088 0.079 0.094 0.010 0.090 
118 COPE-0118    (0)   :  0.093 0.087 0.087 0.089 0.081 0.094 0.084 0.088 0.099 0.095 0.009 0.094 
119 COPE-0119    (0)   :  0.094 0.092 0.083 0.085 0.095 0.089 0.082 0.082 0.096 0.092 0.011 0.099 
120 COPE-0120    (0)   :  0.089 0.087 0.097 0.091 0.088 0.089 0.093 0.097 0.093 0.086 0.010 0.081 
121 COPE-0121    (0)   :  0.093 0.086 0.086 0.087 0.086 0.089 0.086 0.078 0.086 0.086 0.049 0.087 
122 COPE-0122    (0)   :  0.085 0.088 0.098 0.098 0.086 0.091 0.093 0.090 0.089 0.086 0.008 0.090 
123 COPE-0123    (0)   :  0.083 0.089 0.094 0.093 0.087 0.089 0.096 0.090 0.086 0.086 0.016 0.090 
124 COPE-0124    (0)   :  0.082 0.088 0.097 0.101 0.082 0.091 0.098 0.089 0.086 0.082 0.012 0.092 
125 COPE-0125    (0)   :  0.086 0.096 0.086 0.086 0.090 0.089 0.096 0.099 0.085 0.091 0.006 0.092 
126 COPE-0126    (0)   :  0.091 0.086 0.094 0.087 0.093 0.107 0.078 0.088 0.080 0.094 0.012 0.092 
127 COPE-0127   (14)   :  0.082 0.093 0.091 0.090 0.093 0.085 0.092 0.093 0.092 0.090 0.006 0.091 
128 COPE-0128    (0)   :  0.082 0.086 0.095 0.096 0.082 0.092 0.104 0.090 0.087 0.085 0.016 0.086 
129 COPE-0129    (0)   :  0.091 0.085 0.100 0.093 0.081 0.079 0.099 0.093 0.102 0.090 0.006 0.080 
130 COPE-0130    (0)   :  0.091 0.086 0.098 0.091 0.087 0.088 0.089 0.095 0.091 0.083 0.013 0.087 
131 COPE-0131   (14)   :  0.117 0.092 0.074 0.084 0.107 0.087 0.066 0.067 0.098 0.097 0.007 0.102 
132 COPE-0132   (14)   :  0.083 0.092 0.089 0.085 0.083 0.092 0.084 0.093 0.087 0.088 0.034 0.090 
133 COPE-0133    (0)   :  0.090 0.083 0.098 0.090 0.091 0.108 0.080 0.088 0.083 0.095 0.008 0.085 
134 COPE-0134    (0)   :  0.085 0.089 0.096 0.101 0.085 0.089 0.094 0.096 0.087 0.088 0.007 0.087 
135 COPE-0135    (0)   :  0.081 0.098 0.089 0.094 0.088 0.086 0.096 0.096 0.084 0.089 0.007 0.091 
136 COPE-0136    (0)   :  0.013 0.013 0.014 0.013 0.013 0.013 0.014 0.014 0.013 0.013 0.854 0.013 
137 COPE-0137    (0)   :  0.085 0.090 0.096 0.095 0.090 0.094 0.090 0.093 0.079 0.085 0.011 0.091 
138 COPE-0138   (14)   :  0.009 0.009 0.009 0.009 0.009 0.009 0.009 0.009 0.009 0.009 0.899 0.009 
139 COPE-0139    (0)   :  0.084 0.086 0.098 0.098 0.089 0.089 0.100 0.093 0.082 0.084 0.007 0.089 
140 COPE-0140   (14)   :  0.023 0.024 0.025 0.025 0.023 0.024 0.026 0.024 0.023 0.023 0.736 0.024 
141 COPE-0141    (0)   :  0.080 0.098 0.086 0.091 0.096 0.079 0.090 0.102 0.080 0.093 0.008 0.097 
142 COPE-0142    (0)   :  0.084 0.094 0.088 0.090 0.093 0.086 0.090 0.099 0.079 0.093 0.009 0.096 
143 COPE-0143    (0)   :  0.088 0.089 0.094 0.089 0.091 0.099 0.085 0.092 0.085 0.093 0.009 0.087 
144 COPE-0144   (14)   :  0.080 0.076 0.093 0.084 0.078 0.079 0.089 0.081 0.079 0.076 0.110 0.076 
145 COPE-0145   (14)   :  0.065 0.065 0.074 0.083 0.063 0.065 0.088 0.066 0.066 0.062 0.238 0.064 
146 COPE-0146   (14)   :  0.086 0.088 0.087 0.089 0.091 0.090 0.089 0.090 0.081 0.088 0.027 0.093 
147 COPE-0147    (0)   :  0.080 0.087 0.088 0.086 0.082 0.079 0.086 0.092 0.084 0.084 0.071 0.082 
148 COPE-0148    (0)   :  0.092 0.085 0.096 0.089 0.090 0.105 0.081 0.089 0.083 0.094 0.008 0.088 
149 COPE-0149    (0)   :  0.088 0.085 0.099 0.094 0.091 0.096 0.087 0.094 0.079 0.089 0.006 0.091 
150 COPE-0150    (0)   :  0.086 0.097 0.088 0.087 0.094 0.102 0.101 0.082 0.081 0.093 0.007 0.083 
151 COPE-0151    (0)   :  0.085 0.089 0.096 0.093 0.089 0.091 0.097 0.094 0.082 0.089 0.007 0.089 
152 COPE-0152   (14)   :  0.073 0.084 0.073 0.080 0.083 0.075 0.083 0.086 0.075 0.080 0.124 0.083 
153 COPE-0153    (0)   :  0.094 0.087 0.087 0.089 0.091 0.089 0.092 0.088 0.094 0.092 0.006 0.091 
154 COPE-0154    (0)   :  0.087 0.089 0.093 0.090 0.091 0.090 0.090 0.097 0.082 0.091 0.007 0.094 
155 COPE-0155    (0)   :  0.084 0.090 0.097 0.093 0.086 0.093 0.100 0.095 0.084 0.087 0.005 0.086 
156 COPE-0156   (14)   :  0.009 0.009 0.009 0.009 0.009 0.009 0.009 0.009 0.009 0.009 0.900 0.009 
157 COPE-0157   (14)   :  0.070 0.070 0.070 0.069 0.071 0.061 0.073 0.074 0.065 0.069 0.234 0.074 
158 COPE-0158    (0)   :  0.093 0.084 0.095 0.091 0.090 0.103 0.083 0.088 0.084 0.095 0.009 0.085 
159 COPE-0159    (0)   :  0.091 0.096 0.086 0.086 0.089 0.088 0.087 0.096 0.091 0.093 0.008 0.088 
160 COPE-0160    (0)   :  0.086 0.091 0.093 0.095 0.084 0.085 0.099 0.093 0.097 0.088 0.007 0.084 
161 COPE-0161    (0)   :  0.089 0.091 0.092 0.091 0.093 0.086 0.092 0.088 0.090 0.089 0.013 0.088 
162 COPE-0162   (14)   :  0.007 0.007 0.007 0.007 0.007 0.007 0.007 0.007 0.007 0.007 0.921 0.007 
163 COPE-0163   (28)   :  0.013 0.013 0.013 0.013 0.013 0.013 0.013 0.013 0.013 0.013 0.860 0.013 
164 COPE-0164    (0)   :  0.084 0.087 0.091 0.091 0.085 0.089 0.097 0.089 0.087 0.081 0.025 0.093 
165 COPE-0165    (0)   :  0.092 0.089 0.096 0.091 0.088 0.089 0.092 0.095 0.089 0.085 0.008 0.086 
166 COPE-0166   (14)   :  0.085 0.085 0.097 0.101 0.083 0.089 0.094 0.094 0.090 0.088 0.008 0.085 
167 COPE-0167    (0)   :  0.086 0.084 0.097 0.091 0.082 0.085 0.097 0.092 0.101 0.090 0.008 0.087 
168 COPE-0168    (0)   :  0.092 0.090 0.088 0.089 0.092 0.097 0.086 0.087 0.088 0.097 0.006 0.086 
169 COPE-0169    (0)   :  0.093 0.083 0.097 0.091 0.087 0.090 0.092 0.098 0.091 0.078 0.011 0.089 
170 COPE-0170    (0)   :  0.088 0.097 0.083 0.090 0.094 0.081 0.087 0.089 0.085 0.091 0.023 0.093 
171 COPE-0171    (0)   :  0.090 0.093 0.085 0.092 0.090 0.090 0.093 0.089 0.087 0.093 0.007 0.090 
172 COPE-0172    (0)   :  0.088 0.090 0.087 0.090 0.092 0.091 0.093 0.090 0.092 0.088 0.007 0.092 
173 COPE-0173   (14)   :  0.090 0.082 0.096 0.086 0.081 0.086 0.090 0.097 0.085 0.075 0.054 0.077 
174 COPE-0174   (28)   :  0.089 0.089 0.093 0.090 0.091 0.087 0.089 0.091 0.083 0.090 0.014 0.093 
175 COPE-0175    (0)   :  0.087 0.082 0.090 0.087 0.084 0.091 0.095 0.084 0.092 0.087 0.039 0.083 
176 COPE-0176    (0)   :  0.086 0.090 0.091 0.089 0.087 0.082 0.091 0.096 0.090 0.095 0.008 0.095 
177 COPE-0177    (0)   :  0.086 0.085 0.099 0.094 0.089 0.087 0.094 0.097 0.080 0.087 0.007 0.095 
178 COPE-0178    (0)   :  0.079 0.087 0.094 0.093 0.074 0.093 0.095 0.097 0.098 0.092 0.007 0.092 
179 COPE-0179    (0)   :  0.085 0.088 0.096 0.094 0.089 0.088 0.096 0.092 0.086 0.087 0.009 0.091 
180 COPE-0180   (14)   :  0.094 0.086 0.100 0.093 0.084 0.090 0.094 0.098 0.089 0.081 0.006 0.086 
181 COPE-0181   (14)   :  0.085 0.087 0.101 0.095 0.091 0.088 0.090 0.095 0.084 0.086 0.009 0.091 
182 COPE-0182    (0)   :  0.086 0.097 0.081 0.085 0.095 0.089 0.093 0.094 0.097 0.088 0.005 0.091 
183 COPE-0183    (0)   :  0.086 0.089 0.091 0.093 0.087 0.090 0.093 0.090 0.087 0.087 0.011 0.095 
184 COPE-0184    (0)   :  0.090 0.087 0.094 0.091 0.083 0.087 0.091 0.090 0.099 0.092 0.009 0.085 
185 COPE-0185    (0)   :  0.092 0.096 0.080 0.086 0.093 0.088 0.089 0.095 0.086 0.096 0.006 0.095 
186 COPE-0186    (0)   :  0.128 0.095 0.065 0.081 0.112 0.089 0.056 0.058 0.101 0.102 0.005 0.106 
187 COPE-0187    (0)   :  0.082 0.101 0.082 0.090 0.094 0.082 0.092 0.092 0.092 0.094 0.009 0.088 
188 COPE-0188    (0)   :  0.026 0.028 0.028 0.027 0.028 0.030 0.029 0.026 0.026 0.027 0.699 0.026 
189 COPE-0189    (0)   :  0.089 0.090 0.095 0.089 0.096 0.093 0.086 0.091 0.084 0.089 0.007 0.092 
190 COPE-0190    (0)   :  0.087 0.083 0.099 0.095 0.086 0.082 0.097 0.090 0.100 0.085 0.013 0.082 
191 COPE-0191    (0)   :  0.099 0.088 0.086 0.089 0.097 0.088 0.081 0.082 0.092 0.094 0.010 0.093 
192 COPE-0192   (14)   :  0.013 0.011 0.009 0.010 0.012 0.011 0.009 0.009 0.011 0.011 0.882 0.012 
193 COPE-0193    (0)   :  0.087 0.089 0.094 0.089 0.088 0.097 0.089 0.090 0.088 0.090 0.006 0.092 
194 COPE-0194    (0)   :  0.086 0.095 0.085 0.094 0.089 0.094 0.102 0.084 0.087 0.088 0.009 0.087 
195 COPE-0195    (0)   :  0.086 0.092 0.091 0.091 0.089 0.097 0.102 0.088 0.086 0.086 0.006 0.086 
196 COPE-0196    (0)   :  0.088 0.091 0.090 0.092 0.089 0.088 0.093 0.091 0.092 0.090 0.010 0.087 
197 COPE-0197    (0)   :  0.089 0.086 0.099 0.093 0.086 0.093 0.096 0.099 0.085 0.084 0.007 0.083 
198 COPE-0198    (0)   :  0.095 0.094 0.094 0.083 0.086 0.092 0.086 0.099 0.090 0.083 0.012 0.086 
199 COPE-0199    (0)   :  0.087 0.086 0.101 0.092 0.087 0.087 0.094 0.098 0.081 0.084 0.012 0.090 
200 COPE-0200   (42)   :  0.088 0.085 0.103 0.094 0.088 0.089 0.089 0.096 0.088 0.083 0.009 0.089 
201 COPE-0201    (0)   :  0.094 0.094 0.083 0.087 0.098 0.085 0.084 0.089 0.087 0.093 0.008 0.098 
202 COPE-0202    (0)   :  0.091 0.086 0.091 0.090 0.085 0.080 0.094 0.094 0.100 0.093 0.012 0.081 
203 COPE-0203    (0)   :  0.088 0.095 0.090 0.090 0.089 0.091 0.088 0.095 0.085 0.091 0.006 0.093 
204 COPE-0204    (0)   :  0.080 0.092 0.086 0.087 0.080 0.087 0.097 0.091 0.095 0.088 0.028 0.089 
205 COPE-0205    (0)   :  0.086 0.088 0.092 0.087 0.089 0.098 0.088 0.088 0.087 0.089 0.020 0.089 
206 COPE-0206    (0)   :  0.086 0.090 0.094 0.095 0.082 0.091 0.098 0.087 0.091 0.091 0.005 0.091 
207 COPE-0207    (0)   :  0.087 0.093 0.089 0.089 0.084 0.090 0.089 0.090 0.093 0.092 0.011 0.092 
208 COPE-0208    (0)   :  0.030 0.029 0.030 0.031 0.029 0.029 0.033 0.030 0.030 0.029 0.671 0.029 
209 COPE-0209    (0)   :  0.098 0.093 0.090 0.091 0.092 0.092 0.088 0.090 0.088 0.085 0.006 0.088 
210 COPE-0210    (0)   :  0.093 0.087 0.091 0.088 0.093 0.104 0.085 0.082 0.086 0.096 0.009 0.086 
211 COPE-0211    (0)   :  0.087 0.097 0.088 0.087 0.094 0.101 0.100 0.085 0.083 0.091 0.005 0.083 
212 COPE-0212    (0)   :  0.087 0.093 0.090 0.088 0.084 0.094 0.087 0.092 0.091 0.092 0.011 0.091 
213 COPE-0213    (0)   :  0.085 0.092 0.091 0.092 0.084 0.092 0.099 0.092 0.092 0.085 0.008 0.087 
214 COPE-0214    (0)   :  0.099 0.085 0.102 0.085 0.084 0.091 0.091 0.104 0.093 0.075 0.008 0.081 
215 COPE-0215    (0)   :  0.088 0.081 0.096 0.089 0.079 0.086 0.093 0.092 0.083 0.075 0.055 0.084 
216 COPE-0216   (14)   :  0.059 0.055 0.060 0.061 0.058 0.063 0.058 0.057 0.058 0.059 0.355 0.057 
217 COPE-0217    (0)   :  0.082 0.086 0.094 0.090 0.080 0.089 0.091 0.091 0.094 0.086 0.028 0.089 
218 COPE-0218    (0)   :  0.091 0.091 0.094 0.088 0.087 0.091 0.091 0.094 0.088 0.087 0.009 0.090 
219 COPE-0219   (14)   :  0.092 0.087 0.095 0.089 0.088 0.092 0.090 0.097 0.090 0.085 0.008 0.086 
220 COPE-0220    (0)   :  0.080 0.087 0.096 0.092 0.079 0.090 0.094 0.093 0.095 0.088 0.013 0.092 
221 COPE-0221    (0)   :  0.082 0.106 0.082 0.084 0.092 0.081 0.085 0.104 0.080 0.097 0.017 0.091 
222 COPE-0222    (0)   :  0.093 0.092 0.086 0.086 0.094 0.097 0.083 0.090 0.081 0.097 0.007 0.095 
223 COPE-0223    (0)   :  0.085 0.085 0.100 0.102 0.085 0.092 0.098 0.093 0.081 0.081 0.007 0.091 
224 COPE-0224    (0)   :  0.092 0.080 0.099 0.088 0.080 0.076 0.099 0.089 0.109 0.093 0.019 0.077 
225 COPE-0225    (0)   :  0.099 0.084 0.102 0.086 0.083 0.090 0.091 0.103 0.093 0.075 0.013 0.080 
226 COPE-0226    (0)   :  0.090 0.091 0.092 0.089 0.092 0.089 0.089 0.095 0.084 0.091 0.006 0.092 
227 COPE-0227    (0)   :  0.103 0.089 0.087 0.088 0.092 0.090 0.086 0.090 0.094 0.087 0.006 0.088 
228 COPE-0228    (0)   :  0.081 0.085 0.099 0.093 0.082 0.091 0.094 0.092 0.090 0.086 0.017 0.089 
229 COPE-0229    (0)   :  0.088 0.093 0.094 0.090 0.090 0.089 0.089 0.098 0.088 0.088 0.007 0.087 
230 COPE-0230    (0)   :  0.084 0.094 0.090 0.088 0.090 0.088 0.092 0.100 0.083 0.091 0.010 0.091 
231 COPE-0231    (0)   :  0.086 0.090 0.096 0.091 0.087 0.093 0.094 0.095 0.085 0.089 0.006 0.089 
232 COPE-0232    (0)   :  0.087 0.087 0.098 0.092 0.083 0.087 0.097 0.092 0.098 0.084 0.015 0.081 
233 COPE-0233    (0)   :  0.094 0.090 0.080 0.084 0.092 0.094 0.094 0.090 0.091 0.093 0.005 0.094 
234 COPE-0234    (0)   :  0.086 0.085 0.097 0.094 0.083 0.086 0.102 0.090 0.096 0.085 0.008 0.087 
235 COPE-0235    (0)   :  0.083 0.089 0.099 0.101 0.084 0.091 0.093 0.091 0.087 0.084 0.006 0.094 
236 COPE-0236    (0)   :  0.086 0.095 0.085 0.087 0.088 0.092 0.092 0.099 0.087 0.092 0.005 0.093 
237 COPE-0237    (0)   :  0.101 0.095 0.078 0.081 0.095 0.092 0.084 0.090 0.094 0.094 0.006 0.091 
238 COPE-0238    (0)   :  0.086 0.084 0.101 0.093 0.088 0.090 0.094 0.097 0.079 0.088 0.009 0.091 
239 COPE-0239    (0)   :  0.088 0.084 0.094 0.089 0.083 0.083 0.090 0.087 0.094 0.088 0.035 0.085 
240 COPE-0240    (0)   :  0.092 0.085 0.091 0.087 0.091 0.102 0.084 0.085 0.089 0.097 0.008 0.087 
241 COPE-0241    (0)   :  0.088 0.088 0.100 0.093 0.092 0.092 0.086 0.097 0.084 0.082 0.007 0.092 
242 COPE-0242    (0)   :  0.092 0.089 0.090 0.088 0.093 0.090 0.084 0.084 0.093 0.093 0.006 0.098 
243 COPE-0243    (0)   :  0.085 0.094 0.087 0.092 0.091 0.088 0.093 0.089 0.096 0.090 0.007 0.088 
244 COPE-0244    (0)   :  0.089 0.089 0.093 0.092 0.086 0.089 0.098 0.094 0.092 0.082 0.009 0.088 
245 COPE-0245    (0)   :  0.082 0.096 0.083 0.090 0.092 0.092 0.096 0.090 0.094 0.089 0.011 0.085 
246 COPE-0246    (0)   :  0.090 0.087 0.092 0.091 0.089 0.086 0.087 0.089 0.093 0.091 0.012 0.091 
247 COPE-0247    (0)   :  0.087 0.098 0.087 0.085 0.092 0.087 0.083 0.099 0.085 0.091 0.015 0.088 
248 COPE-0248    (0)   :  0.087 0.095 0.084 0.087 0.093 0.091 0.098 0.090 0.094 0.087 0.005 0.090 
249 COPE-0249    (0)   :  0.088 0.080 0.100 0.090 0.082 0.083 0.100 0.090 0.098 0.082 0.027 0.079 
250 COPE-0250    (0)   :  0.089 0.085 0.096 0.091 0.081 0.083 0.093 0.094 0.098 0.090 0.017 0.083 
251 COPE-0251   (14)   :  0.031 0.032 0.027 0.029 0.031 0.030 0.030 0.032 0.029 0.032 0.666 0.031 
252 COPE-0252    (0)   :  0.087 0.083 0.100 0.095 0.082 0.084 0.096 0.091 0.102 0.088 0.011 0.081 
253 COPE-0253    (0)   :  0.084 0.097 0.082 0.090 0.101 0.080 0.087 0.100 0.072 0.101 0.008 0.100 
254 COPE-0254    (0)   :  0.079 0.100 0.082 0.087 0.093 0.078 0.095 0.095 0.098 0.090 0.014 0.088 
255 COPE-0255    (0)   :  0.083 0.098 0.087 0.089 0.089 0.085 0.092 0.098 0.086 0.086 0.022 0.086 
256 COPE-0256    (0)   :  0.090 0.085 0.094 0.088 0.089 0.104 0.084 0.088 0.086 0.096 0.010 0.087 
257 COPE-0257    (0)   :  0.129 0.093 0.065 0.081 0.116 0.089 0.054 0.054 0.103 0.103 0.007 0.105 
258 COPE-0258    (0)   :  0.100 0.090 0.081 0.088 0.098 0.090 0.086 0.077 0.094 0.089 0.016 0.089 
259 COPE-0259    (0)   :  0.087 0.093 0.088 0.090 0.089 0.090 0.097 0.091 0.092 0.090 0.006 0.088 
260 COPE-0260    (0)   :  0.086 0.085 0.097 0.093 0.084 0.089 0.093 0.094 0.083 0.084 0.023 0.091 
261 COPE-0261    (0)   :  0.082 0.101 0.081 0.085 0.092 0.082 0.096 0.094 0.099 0.092 0.006 0.089 
262 COPE-0262    (0)   :  0.082 0.086 0.093 0.091 0.092 0.096 0.088 0.090 0.088 0.088 0.017 0.088 
263 COPE-0263    (0)   :  0.103 0.089 0.078 0.085 0.095 0.093 0.084 0.084 0.095 0.093 0.007 0.094 
264 COPE-0264    (0)   :  0.110 0.092 0.073 0.085 0.104 0.088 0.071 0.067 0.098 0.095 0.017 0.099 
265 COPE-0265    (0)   :  0.085 0.093 0.090 0.087 0.094 0.090 0.091 0.095 0.083 0.088 0.011 0.093 
266 COPE-0266    (0)   :  0.080 0.088 0.094 0.096 0.082 0.090 0.098 0.091 0.091 0.087 0.018 0.088 
267 COPE-0267    (0)   :  0.090 0.089 0.086 0.083 0.088 0.092 0.094 0.092 0.096 0.092 0.006 0.091 
268 COPE-0268    (0)   :  0.097 0.089 0.076 0.079 0.093 0.095 0.089 0.086 0.097 0.092 0.013 0.093 
269 COPE-0269    (0)   :  0.099 0.085 0.092 0.096 0.094 0.094 0.084 0.080 0.090 0.090 0.006 0.090 
270 COPE-0270    (0)   :  0.086 0.097 0.089 0.085 0.095 0.102 0.095 0.085 0.082 0.093 0.007 0.084 
271 COPE-0271    (0)   :  0.092 0.084 0.095 0.101 0.090 0.096 0.088 0.088 0.084 0.086 0.007 0.089 
272 COPE-0272    (0)   :  0.082 0.095 0.092 0.093 0.091 0.083 0.093 0.096 0.088 0.089 0.007 0.091 
273 COPE-0273    (0)   :  0.082 0.094 0.090 0.087 0.083 0.091 0.089 0.095 0.091 0.090 0.016 0.092 
274 COPE-0274   (14)   :  0.023 0.025 0.024 0.024 0.025 0.027 0.027 0.023 0.023 0.025 0.730 0.023 
275 COPE-0275    (0)   :  0.090 0.091 0.094 0.091 0.088 0.091 0.091 0.090 0.090 0.088 0.009 0.087 
276 COPE-0276   (14)   :  0.006 0.006 0.007 0.007 0.006 0.006 0.006 0.006 0.006 0.006 0.929 0.006 
277 COPE-0277   (14)   :  0.094 0.085 0.088 0.089 0.089 0.105 0.081 0.085 0.086 0.097 0.013 0.088 
278 COPE-0278    (0)   :  0.079 0.085 0.096 0.093 0.076 0.092 0.093 0.096 0.099 0.091 0.007 0.094 
279 COPE-0279    (0)   :  0.083 0.091 0.092 0.093 0.082 0.094 0.096 0.093 0.092 0.087 0.009 0.088 
280 COPE-0280    (0)   :  0.012 0.012 0.013 0.013 0.012 0.012 0.013 0.013 0.013 0.012 0.863 0.012 
281 COPE-0281    (0)   :  0.031 0.030 0.035 0.032 0.030 0.031 0.037 0.033 0.031 0.029 0.649 0.029 
282 COPE-0282   (14)   :  0.094 0.079 0.103 0.090 0.079 0.074 0.102 0.092 0.112 0.093 0.006 0.077 
283 COPE-0283    (0)   :  0.085 0.085 0.096 0.094 0.081 0.091 0.092 0.091 0.094 0.090 0.007 0.092 
284 COPE-0284   (14)   :  0.084 0.084 0.095 0.099 0.085 0.086 0.095 0.091 0.081 0.080 0.032 0.088 
285 COPE-0285    (0)   :  0.029 0.029 0.030 0.029 0.031 0.030 0.027 0.029 0.028 0.029 0.678 0.031 
286 COPE-0286    (0)   :  0.087 0.090 0.090 0.096 0.087 0.096 0.108 0.085 0.086 0.082 0.009 0.085 
287 COPE-0287    (0)   :  0.097 0.085 0.073 0.078 0.092 0.094 0.087 0.084 0.098 0.093 0.028 0.091 
288 COPE-0288    (0)   :  0.083 0.105 0.084 0.086 0.090 0.082 0.086 0.104 0.082 0.098 0.010 0.091 
289 COPE-0289    (0)   :  0.092 0.091 0.089 0.086 0.098 0.095 0.081 0.090 0.083 0.092 0.007 0.097 
290 COPE-0290    (0)   :  0.086 0.095 0.091 0.088 0.095 0.097 0.092 0.090 0.083 0.090 0.007 0.085 
291 COPE-0291    (0)   :  0.104 0.089 0.084 0.091 0.097 0.092 0.084 0.078 0.094 0.090 0.005 0.092 
292 COPE-0292   (42)   :  0.014 0.015 0.015 0.015 0.015 0.015 0.015 0.015 0.014 0.015 0.837 0.015 
293 COPE-0293    (0)   :  0.084 0.099 0.083 0.088 0.098 0.081 0.091 0.100 0.076 0.095 0.008 0.097 
294 COPE-0294    (0)   :  0.083 0.087 0.098 0.096 0.084 0.087 0.097 0.091 0.091 0.084 0.011 0.090 
295 COPE-0295    (0)   :  0.089 0.088 0.096 0.092 0.085 0.086 0.090 0.094 0.095 0.094 0.007 0.085 
296 COPE-0296   (14)   :  0.087 0.099 0.088 0.087 0.089 0.093 0.090 0.095 0.084 0.092 0.007 0.089 
297 COPE-0297   (14)   :  0.092 0.085 0.097 0.090 0.083 0.087 0.089 0.094 0.088 0.077 0.036 0.081 
298 COPE-0298    (0)   :  0.083 0.094 0.092 0.089 0.094 0.081 0.092 0.098 0.084 0.091 0.009 0.095 
299 COPE-0299    (0)   :  0.082 0.102 0.079 0.090 0.093 0.087 0.095 0.092 0.092 0.090 0.006 0.090 
300 COPE-0300   (14)   :  0.095 0.086 0.087 0.086 0.092 0.098 0.087 0.086 0.092 0.095 0.008 0.090 
301 COPE-0301   (14)   :  0.080 0.102 0.080 0.089 0.101 0.076 0.086 0.105 0.070 0.102 0.009 0.101 
302 COPE-0302    (0)   :  0.078 0.077 0.077 0.072 0.080 0.082 0.065 0.073 0.074 0.077 0.165 0.079 
303 COPE-0303    (0)   :  0.082 0.091 0.092 0.091 0.079 0.094 0.094 0.096 0.094 0.089 0.006 0.091 
304 COPE-0304    (0)   :  0.085 0.091 0.089 0.089 0.089 0.091 0.095 0.093 0.092 0.087 0.007 0.092 
305 COPE-0305   (14)   :  0.094 0.082 0.091 0.090 0.087 0.086 0.088 0.079 0.094 0.088 0.034 0.087 
306 COPE-0306    (0)   :  0.083 0.089 0.090 0.091 0.081 0.091 0.092 0.091 0.097 0.092 0.009 0.094 
307 COPE-0307   (28)   :  0.008 0.008 0.008 0.008 0.008 0.008 0.008 0.008 0.008 0.008 0.911 0.008 
308 COPE-0308    (0)   :  0.091 0.085 0.098 0.092 0.080 0.075 0.100 0.093 0.105 0.095 0.006 0.081 
309 COPE-0309   (14)   :  0.036 0.037 0.040 0.040 0.037 0.036 0.041 0.038 0.037 0.037 0.585 0.036 
310 COPE-0310   (28)   :  0.057 0.042 0.030 0.037 0.052 0.040 0.025 0.026 0.046 0.046 0.552 0.048 
311 COPE-0311    (0)   :  0.099 0.089 0.084 0.090 0.091 0.090 0.088 0.079 0.094 0.088 0.020 0.089 
312 COPE-0312   (28)   :  0.012 0.013 0.013 0.013 0.012 0.013 0.013 0.013 0.013 0.013 0.857 0.013 
313 COPE-0313    (0)   :  0.097 0.091 0.082 0.087 0.094 0.088 0.083 0.078 0.096 0.094 0.009 0.101 
314 COPE-0314    (0)   :  0.091 0.092 0.077 0.085 0.093 0.093 0.093 0.089 0.096 0.090 0.007 0.094 
315 COPE-0315    (0)   :  0.096 0.088 0.089 0.090 0.091 0.088 0.087 0.087 0.090 0.090 0.008 0.096 
316 COPE-0316    (0)   :  0.082 0.089 0.093 0.093 0.083 0.089 0.102 0.090 0.088 0.086 0.019 0.087 
317 COPE-0317   (14)   :  0.009 0.009 0.009 0.009 0.009 0.009 0.008 0.008 0.009 0.009 0.904 0.009 
318 COPE-0318    (0)   :  0.089 0.093 0.091 0.094 0.091 0.090 0.089 0.086 0.089 0.088 0.005 0.095 
319 COPE-0319    (0)   :  0.092 0.083 0.097 0.089 0.085 0.086 0.099 0.090 0.098 0.089 0.006 0.086 
320 COPE-0320   (14)   :  0.085 0.094 0.087 0.088 0.091 0.080 0.088 0.097 0.082 0.095 0.015 0.098 
321 COPE-0321   (14)   :  0.104 0.095 0.077 0.084 0.098 0.090 0.078 0.079 0.095 0.095 0.011 0.095 
322 COPE-0322   (14)   :  0.087 0.090 0.096 0.099 0.086 0.092 0.092 0.090 0.086 0.083 0.006 0.093 
323 COPE-0323    (0)   :  0.134 0.094 0.060 0.079 0.118 0.089 0.050 0.052 0.104 0.106 0.008 0.107 
324 COPE-0324    (0)   :  0.097 0.087 0.098 0.089 0.087 0.091 0.089 0.099 0.094 0.079 0.006 0.086 
325 COPE-0325   (14)   :  0.095 0.083 0.091 0.089 0.092 0.111 0.076 0.082 0.084 0.101 0.011 0.085 
326 COPE-0326    (0)   :  0.083 0.096 0.089 0.090 0.087 0.080 0.091 0.101 0.086 0.096 0.007 0.092 
327 COPE-0327   (14)   :  0.078 0.097 0.087 0.093 0.096 0.081 0.092 0.101 0.077 0.096 0.008 0.093 
328 COPE-0328    (0)   :  0.085 0.091 0.093 0.093 0.086 0.092 0.095 0.094 0.088 0.086 0.006 0.090 
329 COPE-0329   (28)   :  0.092 0.086 0.096 0.090 0.084 0.089 0.094 0.095 0.090 0.083 0.013 0.089 
330 COPE-0330    (0)   :  0.090 0.091 0.080 0.085 0.092 0.092 0.089 0.086 0.094 0.087 0.020 0.092 
331 COPE-0331    (0)   :  0.084 0.101 0.080 0.088 0.098 0.079 0.086 0.104 0.072 0.100 0.006 0.101 
332 COPE-0332   (14)   :  0.087 0.089 0.089 0.095 0.083 0.093 0.099 0.088 0.094 0.087 0.006 0.088 
333 COPE-0333    (0)   :  0.070 0.084 0.073 0.080 0.081 0.071 0.079 0.086 0.068 0.081 0.145 0.082 
334 COPE-0334   (28)   :  0.055 0.045 0.034 0.040 0.052 0.041 0.031 0.033 0.047 0.047 0.525 0.050 
335 COPE-0335    (0)   :  0.100 0.087 0.100 0.085 0.087 0.091 0.088 0.104 0.094 0.076 0.006 0.081 
336 COPE-0336    (0)   :  0.085 0.096 0.093 0.097 0.089 0.083 0.095 0.095 0.089 0.087 0.006 0.086 
337 COPE-0337   (28)   :  0.017 0.016 0.018 0.017 0.017 0.017 0.017 0.017 0.017 0.016 0.811 0.017 
338 COPE-0338    (0)   :  0.100 0.090 0.078 0.083 0.097 0.090 0.080 0.080 0.095 0.091 0.020 0.096 
339 COPE-0339    (0)   :  0.092 0.086 0.094 0.086 0.097 0.110 0.074 0.086 0.081 0.096 0.006 0.093 
340 COPE-0340   (14)   :  0.012 0.013 0.013 0.012 0.013 0.012 0.012 0.013 0.012 0.012 0.864 0.013 
341 COPE-0341    (0)   :  0.088 0.084 0.092 0.092 0.086 0.086 0.098 0.090 0.098 0.090 0.007 0.088 
342 COPE-0342    (0)   :  0.093 0.082 0.101 0.093 0.087 0.090 0.089 0.098 0.091 0.078 0.008 0.091 
343 COPE-0343    (0)   :  0.084 0.094 0.087 0.091 0.089 0.087 0.095 0.093 0.092 0.092 0.006 0.090 
344 COPE-0344   (14)   :  0.012 0.011 0.011 0.011 0.012 0.011 0.011 0.011 0.012 0.012 0.875 0.011 
345 COPE-0345    (0)   :  0.090 0.084 0.097 0.091 0.088 0.087 0.095 0.089 0.095 0.089 0.006 0.087 
346 COPE-0346    (0)   :  0.085 0.085 0.093 0.094 0.083 0.089 0.096 0.090 0.088 0.080 0.030 0.087 
347 COPE-0347    (0)   :  0.087 0.091 0.089 0.094 0.093 0.089 0.096 0.090 0.088 0.089 0.006 0.088 
348 COPE-0348    (0)   :  0.085 0.092 0.085 0.085 0.088 0.088 0.094 0.090 0.095 0.093 0.015 0.090 
349 COPE-0349    (0)   :  0.092 0.081 0.098 0.101 0.087 0.092 0.092 0.093 0.086 0.081 0.006 0.091 
350 COPE-0350    (0)   :  0.083 0.091 0.094 0.094 0.088 0.092 0.102 0.090 0.084 0.090 0.006 0.087 
351 COPE-0351    (0)   :  0.084 0.098 0.083 0.092 0.092 0.088 0.096 0.092 0.091 0.088 0.006 0.090 
352 COPE-0352    (0)   :  0.085 0.086 0.094 0.094 0.083 0.088 0.103 0.086 0.088 0.082 0.025 0.085 
353 COPE-0353    (0)   :  0.119 0.091 0.072 0.084 0.110 0.090 0.064 0.061 0.101 0.099 0.005 0.103 
354 COPE-0354    (0)   :  0.100 0.093 0.080 0.087 0.100 0.085 0.077 0.079 0.093 0.095 0.014 0.097 
355 COPE-0355    (0)   :  0.091 0.084 0.096 0.089 0.092 0.113 0.078 0.087 0.079 0.098 0.007 0.086 
356 COPE-0356    (0)   :  0.081 0.103 0.081 0.088 0.093 0.078 0.095 0.095 0.098 0.091 0.008 0.088 
357 COPE-0357    (0)   :  0.098 0.089 0.094 0.088 0.092 0.090 0.087 0.097 0.093 0.082 0.008 0.083 
358 COPE-0358    (0)   :  0.007 0.007 0.008 0.008 0.007 0.007 0.008 0.008 0.007 0.007 0.918 0.007 
359 COPE-0359   (14)   :  0.087 0.090 0.095 0.094 0.083 0.093 0.095 0.090 0.089 0.083 0.009 0.091 
360 COPE-0360    (0)   :  0.118 0.092 0.074 0.085 0.106 0.090 0.067 0.066 0.097 0.098 0.006 0.101 
361 COPE-0361    (0)   :  0.081 0.091 0.098 0.096 0.083 0.088 0.097 0.093 0.090 0.084 0.009 0.090 
362 COPE-0362    (0)   :  0.099 0.088 0.095 0.089 0.090 0.092 0.087 0.096 0.091 0.079 0.007 0.086 
363 COPE-0363   (14)   :  0.082 0.088 0.094 0.096 0.083 0.094 0.094 0.090 0.089 0.083 0.013 0.093 
364 COPE-0364    (0)   :  0.104 0.090 0.074 0.084 0.103 0.090 0.079 0.077 0.099 0.094 0.006 0.100 
365 COPE-0365    (0)   :  0.119 0.092 0.062 0.078 0.107 0.090 0.066 0.067 0.101 0.099 0.018 0.101 
366 COPE-0366    (0)   :  0.086 0.087 0.094 0.096 0.084 0.088 0.097 0.092 0.081 0.079 0.025 0.090 
367 COPE-0367   (14)   :  0.013 0.013 0.013 0.013 0.013 0.012 0.013 0.013 0.014 0.013 0.858 0.012 
368 COPE-0368    (0)   :  0.089 0.089 0.094 0.087 0.091 0.105 0.079 0.090 0.082 0.093 0.009 0.092 
