

----------------------------------------------------
STRUCTURE by Pritchard, Stephens and Donnelly (2000)
     and Falush, Stephens and Pritchard (2003)
       Code by Pritchard, Falush and Hubisz
             Version 2.3.4 (Jul 2012)
----------------------------------------------------



Command line arguments:   /home/jason/Programs/structure -K 5 -i ../Data/microsats.structure -m Structure_Run/mainparams -e Structure_Run/extraparams -D 92205672 -o ../Structure_Results/04_K_05.out 
Input File:    ../Data/microsats.structure

Run parameters:
   384 individuals
   7 loci
   5 populations assumed
   1000000 Burn-in period
   10000000 Reps
RANDOMIZE turned off


--------------------------------------------
Overall proportion of membership of the
sample in each of the 5 clusters

Inferred Clusters
  1      2      3      4      5    
0.218  0.129  0.218  0.218  0.218  

--------------------------------------------

Allele-freq. divergence among pops (Net nucleotide distance),
computed using point estimates of P.

      1       2       3       4       5      
 1      -    0.1424  0.0000  0.0000  0.0000  
 2   0.1424     -    0.1422  0.1424  0.1428  
 3   0.0000  0.1422     -    0.0000  0.0001  
 4   0.0000  0.1424  0.0000     -    0.0000  
 5   0.0000  0.1428  0.0001  0.0000     -    

Average distances (expected heterozygosity) between individuals in same cluster:
cluster  1  : 0.6233 
cluster  2  : 0.6683 
cluster  3  : 0.6247 
cluster  4  : 0.6236 
cluster  5  : 0.6226 

--------------------------------------------
Estimated Ln Prob of Data   = -8817.0
Mean value of ln likelihood = -8219.9
Variance of ln likelihood   = 1194.2
Mean value of alpha         = 0.0429

Mean value of Fst_1         = 0.0403
Mean value of Fst_2         = 0.1352
Mean value of Fst_3         = 0.0392
Mean value of Fst_4         = 0.0393
Mean value of Fst_5         = 0.0392


Inferred ancestry of individuals:
        Label (%Miss) :  Inferred clusters
  1 COPE-0001    (0)   :  0.007 0.970 0.007 0.007 0.007 
  2 COPE-0002    (0)   :  0.263 0.011 0.262 0.245 0.219 
  3 COPE-0003    (0)   :  0.236 0.006 0.222 0.260 0.275 
  4 COPE-0004    (0)   :  0.254 0.017 0.263 0.249 0.217 
  5 COPE-0005    (0)   :  0.265 0.018 0.259 0.217 0.240 
  6 COPE-0006    (0)   :  0.248 0.019 0.252 0.242 0.239 
  7 COPE-0007    (0)   :  0.272 0.007 0.251 0.224 0.246 
  8 COPE-0008    (0)   :  0.246 0.008 0.242 0.268 0.236 
  9 COPE-0009    (0)   :  0.242 0.017 0.226 0.257 0.258 
 10 COPE-0010    (0)   :  0.228 0.007 0.249 0.253 0.263 
 11 COPE-0011   (14)   :  0.012 0.954 0.012 0.012 0.011 
 12 COPE-0012   (14)   :  0.235 0.007 0.242 0.270 0.246 
 13 COPE-0013    (0)   :  0.238 0.006 0.218 0.259 0.279 
 14 COPE-0014    (0)   :  0.263 0.012 0.251 0.216 0.258 
 15 COPE-0015    (0)   :  0.251 0.007 0.254 0.234 0.255 
 16 COPE-0016    (0)   :  0.258 0.010 0.249 0.240 0.244 
 17 COPE-0017    (0)   :  0.038 0.851 0.037 0.036 0.038 
 18 COPE-0018    (0)   :  0.250 0.008 0.245 0.254 0.243 
 19 COPE-0019    (0)   :  0.246 0.006 0.225 0.263 0.260 
 20 COPE-0020    (0)   :  0.239 0.008 0.245 0.247 0.261 
 21 COPE-0021    (0)   :  0.256 0.006 0.261 0.217 0.260 
 22 COPE-0022    (0)   :  0.244 0.007 0.247 0.270 0.233 
 23 COPE-0023    (0)   :  0.249 0.008 0.256 0.257 0.230 
 24 COPE-0024   (14)   :  0.259 0.006 0.251 0.240 0.245 
 25 COPE-0025    (0)   :  0.221 0.087 0.232 0.230 0.230 
 26 COPE-0026    (0)   :  0.263 0.005 0.246 0.245 0.241 
 27 COPE-0027    (0)   :  0.245 0.006 0.224 0.265 0.260 
 28 COPE-0028    (0)   :  0.241 0.006 0.256 0.242 0.256 
 29 COPE-0029    (0)   :  0.261 0.005 0.252 0.235 0.247 
 30 COPE-0030   (14)   :  0.040 0.847 0.039 0.039 0.036 
 31 COPE-0031    (0)   :  0.254 0.010 0.248 0.254 0.235 
 32 COPE-0032    (0)   :  0.241 0.009 0.257 0.252 0.241 
 33 COPE-0033    (0)   :  0.242 0.010 0.244 0.260 0.243 
 34 COPE-0034    (0)   :  0.262 0.010 0.247 0.239 0.242 
 35 COPE-0035   (14)   :  0.234 0.008 0.252 0.253 0.252 
 36 COPE-0036   (14)   :  0.241 0.006 0.268 0.240 0.244 
 37 COPE-0037    (0)   :  0.244 0.022 0.244 0.238 0.252 
 38 COPE-0038    (0)   :  0.259 0.006 0.242 0.251 0.242 
 39 COPE-0039    (0)   :  0.201 0.161 0.204 0.218 0.217 
 40 COPE-0040   (14)   :  0.224 0.103 0.207 0.233 0.233 
 41 COPE-0041    (0)   :  0.239 0.032 0.238 0.250 0.242 
 42 COPE-0042    (0)   :  0.228 0.010 0.241 0.252 0.269 
 43 COPE-0043    (0)   :  0.257 0.006 0.261 0.249 0.228 
 44 COPE-0044    (0)   :  0.247 0.018 0.255 0.253 0.227 
 45 COPE-0045    (0)   :  0.238 0.032 0.251 0.248 0.231 
 46 COPE-0046    (0)   :  0.028 0.887 0.027 0.028 0.029 
 47 COPE-0047    (0)   :  0.007 0.972 0.007 0.007 0.007 
 48 COPE-0048    (0)   :  0.222 0.007 0.238 0.261 0.272 
 49 COPE-0049    (0)   :  0.253 0.015 0.268 0.240 0.224 
 50 COPE-0050    (0)   :  0.239 0.007 0.228 0.261 0.265 
 51 COPE-0051    (0)   :  0.211 0.131 0.240 0.205 0.214 
 52 COPE-0052    (0)   :  0.268 0.011 0.257 0.212 0.253 
 53 COPE-0053    (0)   :  0.258 0.013 0.246 0.237 0.246 
 54 COPE-0054    (0)   :  0.240 0.005 0.250 0.254 0.251 
 55 COPE-0055    (0)   :  0.247 0.005 0.241 0.273 0.234 
 56 COPE-0056    (0)   :  0.238 0.017 0.243 0.262 0.239 
 57 COPE-0057    (0)   :  0.233 0.010 0.229 0.265 0.262 
 58 COPE-0058    (0)   :  0.246 0.009 0.271 0.244 0.229 
 59 COPE-0059    (0)   :  0.237 0.029 0.218 0.249 0.267 
 60 COPE-0060    (0)   :  0.262 0.007 0.247 0.251 0.233 
 61 COPE-0061    (0)   :  0.249 0.016 0.228 0.256 0.252 
 62 COPE-0062    (0)   :  0.258 0.011 0.257 0.214 0.260 
 63 COPE-0063    (0)   :  0.229 0.025 0.241 0.273 0.232 
 64 COPE-0064    (0)   :  0.251 0.010 0.244 0.252 0.242 
 65 COPE-0065    (0)   :  0.005 0.978 0.005 0.005 0.005 
 66 COPE-0066    (0)   :  0.221 0.014 0.233 0.252 0.279 
 67 COPE-0067   (14)   :  0.022 0.908 0.023 0.023 0.023 
 68 COPE-0068    (0)   :  0.237 0.010 0.219 0.257 0.276 
 69 COPE-0069   (14)   :  0.253 0.014 0.237 0.233 0.262 
 70 COPE-0070    (0)   :  0.255 0.013 0.264 0.241 0.227 
 71 COPE-0071    (0)   :  0.232 0.004 0.246 0.243 0.275 
 72 COPE-0072    (0)   :  0.245 0.007 0.239 0.258 0.251 
 73 COPE-0073   (14)   :  0.044 0.828 0.043 0.041 0.044 
 74 COPE-0074    (0)   :  0.229 0.008 0.251 0.257 0.254 
 75 COPE-0075    (0)   :  0.237 0.021 0.266 0.234 0.240 
 76 COPE-0076    (0)   :  0.239 0.006 0.235 0.266 0.255 
 77 COPE-0077   (14)   :  0.246 0.008 0.242 0.255 0.250 
 78 COPE-0078   (14)   :  0.259 0.008 0.250 0.243 0.239 
 79 COPE-0079    (0)   :  0.261 0.012 0.273 0.243 0.210 
 80 COPE-0080   (42)   :  0.021 0.914 0.021 0.022 0.022 
 81 COPE-0081   (14)   :  0.113 0.539 0.114 0.120 0.114 
 82 COPE-0082   (14)   :  0.223 0.040 0.252 0.250 0.236 
 83 COPE-0083   (14)   :  0.271 0.008 0.255 0.206 0.260 
 84 COPE-0084    (0)   :  0.174 0.332 0.170 0.163 0.161 
 85 COPE-0085    (0)   :  0.251 0.010 0.257 0.246 0.237 
 86 COPE-0086    (0)   :  0.245 0.023 0.260 0.238 0.235 
 87 COPE-0087   (14)   :  0.257 0.007 0.250 0.250 0.236 
 88 COPE-0088   (14)   :  0.262 0.025 0.258 0.228 0.226 
 89 COPE-0089   (14)   :  0.007 0.972 0.007 0.007 0.007 
 90 COPE-0090    (0)   :  0.248 0.007 0.243 0.269 0.233 
 91 COPE-0091   (14)   :  0.257 0.006 0.247 0.245 0.245 
 92 COPE-0092   (28)   :  0.026 0.895 0.026 0.026 0.026 
 93 COPE-0093    (0)   :  0.231 0.007 0.244 0.281 0.238 
 94 COPE-0094    (0)   :  0.251 0.050 0.262 0.236 0.201 
 95 COPE-0095    (0)   :  0.258 0.005 0.244 0.253 0.241 
 96 COPE-0096    (0)   :  0.265 0.008 0.260 0.214 0.253 
 97 COPE-0097    (0)   :  0.241 0.008 0.258 0.226 0.267 
 98 COPE-0098    (0)   :  0.255 0.008 0.248 0.257 0.232 
 99 COPE-0099    (0)   :  0.237 0.020 0.217 0.256 0.270 
100 COPE-0100    (0)   :  0.242 0.007 0.234 0.256 0.261 
101 COPE-0101    (0)   :  0.222 0.044 0.240 0.245 0.248 
102 COPE-0102    (0)   :  0.249 0.006 0.250 0.249 0.246 
103 COPE-0103    (0)   :  0.259 0.017 0.262 0.233 0.229 
104 COPE-0104   (14)   :  0.226 0.007 0.239 0.265 0.263 
105 COPE-0105    (0)   :  0.223 0.036 0.264 0.233 0.245 
106 COPE-0106    (0)   :  0.250 0.005 0.255 0.221 0.268 
107 COPE-0107    (0)   :  0.015 0.941 0.015 0.015 0.014 
108 COPE-0108    (0)   :  0.239 0.006 0.258 0.247 0.249 
109 COPE-0109    (0)   :  0.247 0.014 0.253 0.256 0.230 
110 COPE-0110   (14)   :  0.249 0.015 0.252 0.235 0.250 
111 COPE-0111    (0)   :  0.262 0.010 0.251 0.223 0.255 
112 COPE-0112   (14)   :  0.228 0.011 0.234 0.258 0.269 
113 COPE-0113    (0)   :  0.236 0.025 0.230 0.256 0.253 
114 COPE-0114    (0)   :  0.241 0.011 0.248 0.244 0.256 
115 COPE-0115    (0)   :  0.023 0.914 0.022 0.020 0.022 
116 COPE-0116   (28)   :  0.009 0.964 0.009 0.009 0.009 
117 COPE-0117    (0)   :  0.258 0.014 0.247 0.243 0.239 
118 COPE-0118    (0)   :  0.260 0.011 0.244 0.219 0.266 
119 COPE-0119    (0)   :  0.252 0.011 0.252 0.244 0.242 
120 COPE-0120    (0)   :  0.241 0.011 0.241 0.259 0.248 
121 COPE-0121    (0)   :  0.243 0.061 0.238 0.209 0.248 
122 COPE-0122    (0)   :  0.254 0.007 0.257 0.252 0.230 
123 COPE-0123    (0)   :  0.246 0.014 0.256 0.256 0.228 
124 COPE-0124    (0)   :  0.254 0.013 0.252 0.255 0.226 
125 COPE-0125    (0)   :  0.225 0.007 0.247 0.261 0.261 
126 COPE-0126    (0)   :  0.256 0.015 0.247 0.240 0.242 
127 COPE-0127   (14)   :  0.237 0.007 0.267 0.237 0.251 
128 COPE-0128    (0)   :  0.237 0.021 0.249 0.246 0.247 
129 COPE-0129    (0)   :  0.254 0.007 0.264 0.247 0.228 
130 COPE-0130    (0)   :  0.239 0.012 0.230 0.260 0.259 
131 COPE-0131   (14)   :  0.261 0.011 0.241 0.228 0.259 
132 COPE-0132   (14)   :  0.259 0.032 0.235 0.228 0.247 
133 COPE-0133    (0)   :  0.262 0.013 0.252 0.239 0.234 
134 COPE-0134    (0)   :  0.246 0.007 0.251 0.258 0.238 
135 COPE-0135    (0)   :  0.232 0.009 0.251 0.256 0.252 
136 COPE-0136    (0)   :  0.011 0.955 0.011 0.011 0.011 
137 COPE-0137    (0)   :  0.239 0.012 0.228 0.256 0.265 
138 COPE-0138   (14)   :  0.007 0.971 0.007 0.007 0.007 
139 COPE-0139    (0)   :  0.242 0.008 0.228 0.253 0.268 
140 COPE-0140   (14)   :  0.020 0.920 0.019 0.020 0.021 
141 COPE-0141    (0)   :  0.237 0.009 0.254 0.265 0.234 
142 COPE-0142    (0)   :  0.237 0.008 0.241 0.274 0.240 
143 COPE-0143    (0)   :  0.249 0.008 0.258 0.257 0.227 
144 COPE-0144   (14)   :  0.123 0.517 0.122 0.123 0.114 
145 COPE-0145   (14)   :  0.145 0.420 0.144 0.150 0.141 
146 COPE-0146   (14)   :  0.235 0.029 0.247 0.250 0.239 
147 COPE-0147    (0)   :  0.239 0.070 0.242 0.245 0.204 
148 COPE-0148    (0)   :  0.260 0.011 0.251 0.241 0.236 
149 COPE-0149    (0)   :  0.242 0.007 0.225 0.261 0.266 
150 COPE-0150    (0)   :  0.221 0.012 0.243 0.257 0.268 
151 COPE-0151    (0)   :  0.242 0.007 0.236 0.267 0.247 
152 COPE-0152   (14)   :  0.216 0.120 0.220 0.241 0.204 
153 COPE-0153    (0)   :  0.257 0.006 0.251 0.250 0.236 
154 COPE-0154    (0)   :  0.239 0.006 0.231 0.267 0.256 
155 COPE-0155    (0)   :  0.235 0.006 0.230 0.265 0.264 
156 COPE-0156   (14)   :  0.008 0.968 0.008 0.008 0.008 
157 COPE-0157   (14)   :  0.156 0.370 0.158 0.166 0.151 
158 COPE-0158    (0)   :  0.253 0.009 0.238 0.243 0.256 
159 COPE-0159    (0)   :  0.259 0.007 0.245 0.252 0.236 
160 COPE-0160    (0)   :  0.246 0.006 0.272 0.248 0.228 
161 COPE-0161    (0)   :  0.247 0.011 0.249 0.251 0.242 
162 COPE-0162   (14)   :  0.007 0.974 0.006 0.006 0.006 
163 COPE-0163   (28)   :  0.012 0.951 0.012 0.012 0.012 
164 COPE-0164    (0)   :  0.238 0.039 0.239 0.248 0.236 
165 COPE-0165    (0)   :  0.245 0.008 0.234 0.255 0.258 
166 COPE-0166   (14)   :  0.256 0.008 0.259 0.252 0.225 
167 COPE-0167    (0)   :  0.257 0.007 0.266 0.239 0.230 
168 COPE-0168    (0)   :  0.260 0.006 0.250 0.238 0.246 
169 COPE-0169    (0)   :  0.240 0.015 0.221 0.255 0.269 
170 COPE-0170    (0)   :  0.247 0.044 0.241 0.240 0.228 
171 COPE-0171    (0)   :  0.260 0.009 0.250 0.230 0.252 
172 COPE-0172    (0)   :  0.245 0.006 0.260 0.247 0.241 
173 COPE-0173   (14)   :  0.228 0.067 0.210 0.246 0.248 
174 COPE-0174   (28)   :  0.243 0.024 0.248 0.256 0.229 
175 COPE-0175    (0)   :  0.260 0.037 0.257 0.229 0.217 
176 COPE-0176    (0)   :  0.243 0.010 0.252 0.248 0.248 
177 COPE-0177    (0)   :  0.244 0.007 0.223 0.263 0.263 
178 COPE-0178    (0)   :  0.239 0.008 0.260 0.233 0.261 
179 COPE-0179    (0)   :  0.240 0.008 0.242 0.255 0.255 
180 COPE-0180   (14)   :  0.240 0.006 0.223 0.259 0.272 
181 COPE-0181   (14)   :  0.237 0.010 0.226 0.259 0.268 
182 COPE-0182    (0)   :  0.253 0.005 0.250 0.253 0.240 
183 COPE-0183    (0)   :  0.242 0.011 0.251 0.254 0.242 
184 COPE-0184    (0)   :  0.263 0.009 0.266 0.218 0.244 
185 COPE-0185    (0)   :  0.260 0.007 0.236 0.255 0.242 
186 COPE-0186    (0)   :  0.259 0.006 0.256 0.215 0.264 
187 COPE-0187    (0)   :  0.235 0.011 0.271 0.241 0.243 
188 COPE-0188    (0)   :  0.016 0.935 0.016 0.016 0.016 
189 COPE-0189    (0)   :  0.232 0.010 0.230 0.254 0.274 
190 COPE-0190    (0)   :  0.249 0.015 0.261 0.250 0.226 
191 COPE-0191    (0)   :  0.249 0.012 0.239 0.249 0.250 
192 COPE-0192   (14)   :  0.009 0.964 0.009 0.009 0.009 
193 COPE-0193    (0)   :  0.251 0.007 0.250 0.252 0.241 
194 COPE-0194    (0)   :  0.228 0.011 0.250 0.242 0.269 
195 COPE-0195    (0)   :  0.239 0.008 0.262 0.252 0.240 
196 COPE-0196    (0)   :  0.251 0.010 0.257 0.242 0.241 
197 COPE-0197    (0)   :  0.241 0.007 0.220 0.262 0.270 
198 COPE-0198    (0)   :  0.261 0.012 0.234 0.245 0.247 
199 COPE-0199    (0)   :  0.238 0.012 0.219 0.261 0.269 
200 COPE-0200   (42)   :  0.240 0.010 0.223 0.259 0.268 
201 COPE-0201    (0)   :  0.248 0.008 0.247 0.248 0.249 
202 COPE-0202    (0)   :  0.252 0.017 0.250 0.259 0.222 
203 COPE-0203    (0)   :  0.253 0.006 0.245 0.254 0.242 
204 COPE-0204    (0)   :  0.225 0.043 0.257 0.227 0.248 
205 COPE-0205    (0)   :  0.250 0.021 0.247 0.257 0.226 
206 COPE-0206    (0)   :  0.250 0.005 0.254 0.226 0.265 
207 COPE-0207    (0)   :  0.264 0.011 0.248 0.222 0.255 
208 COPE-0208    (0)   :  0.022 0.912 0.022 0.022 0.022 
209 COPE-0209    (0)   :  0.241 0.007 0.227 0.253 0.273 
210 COPE-0210    (0)   :  0.246 0.010 0.241 0.240 0.262 
211 COPE-0211    (0)   :  0.222 0.005 0.238 0.257 0.277 
212 COPE-0212    (0)   :  0.265 0.011 0.245 0.229 0.251 
213 COPE-0213    (0)   :  0.239 0.007 0.259 0.244 0.252 
214 COPE-0214    (0)   :  0.239 0.009 0.224 0.258 0.270 
215 COPE-0215    (0)   :  0.232 0.034 0.214 0.252 0.268 
216 COPE-0216   (14)   :  0.105 0.595 0.104 0.099 0.098 
217 COPE-0217    (0)   :  0.251 0.028 0.248 0.219 0.254 
218 COPE-0218    (0)   :  0.259 0.009 0.243 0.246 0.243 
219 COPE-0219   (14)   :  0.242 0.009 0.224 0.262 0.263 
220 COPE-0220    (0)   :  0.244 0.014 0.254 0.230 0.257 
221 COPE-0221    (0)   :  0.247 0.018 0.242 0.257 0.236 
222 COPE-0222    (0)   :  0.257 0.006 0.244 0.254 0.238 
223 COPE-0223    (0)   :  0.248 0.008 0.235 0.258 0.251 
224 COPE-0224    (0)   :  0.257 0.024 0.267 0.239 0.213 
225 COPE-0225    (0)   :  0.239 0.017 0.221 0.254 0.269 
226 COPE-0226    (0)   :  0.249 0.009 0.249 0.253 0.240 
227 COPE-0227    (0)   :  0.256 0.006 0.244 0.237 0.256 
228 COPE-0228    (0)   :  0.239 0.033 0.244 0.237 0.248 
229 COPE-0229    (0)   :  0.240 0.008 0.238 0.263 0.251 
230 COPE-0230    (0)   :  0.230 0.009 0.248 0.261 0.251 
231 COPE-0231    (0)   :  0.237 0.006 0.224 0.262 0.271 
232 COPE-0232    (0)   :  0.248 0.014 0.269 0.242 0.227 
233 COPE-0233    (0)   :  0.253 0.005 0.248 0.260 0.233 
234 COPE-0234    (0)   :  0.260 0.008 0.268 0.249 0.215 
235 COPE-0235    (0)   :  0.256 0.005 0.256 0.253 0.229 
236 COPE-0236    (0)   :  0.232 0.005 0.250 0.253 0.261 
237 COPE-0237    (0)   :  0.262 0.006 0.243 0.248 0.241 
238 COPE-0238    (0)   :  0.241 0.007 0.217 0.262 0.273 
239 COPE-0239    (0)   :  0.254 0.035 0.261 0.236 0.213 
240 COPE-0240    (0)   :  0.270 0.008 0.257 0.220 0.245 
241 COPE-0241    (0)   :  0.237 0.007 0.216 0.261 0.279 
242 COPE-0242    (0)   :  0.255 0.007 0.255 0.238 0.245 
243 COPE-0243    (0)   :  0.243 0.008 0.268 0.240 0.242 
244 COPE-0244    (0)   :  0.251 0.009 0.253 0.245 0.242 
245 COPE-0245    (0)   :  0.237 0.015 0.254 0.251 0.243 
246 COPE-0246    (0)   :  0.252 0.013 0.260 0.249 0.226 
247 COPE-0247    (0)   :  0.244 0.017 0.228 0.257 0.254 
248 COPE-0248    (0)   :  0.248 0.005 0.248 0.253 0.246 
249 COPE-0249    (0)   :  0.248 0.039 0.251 0.241 0.220 
250 COPE-0250    (0)   :  0.254 0.018 0.263 0.245 0.221 
251 COPE-0251   (14)   :  0.028 0.893 0.026 0.027 0.026 
252 COPE-0252    (0)   :  0.257 0.012 0.269 0.245 0.216 
253 COPE-0253    (0)   :  0.233 0.008 0.237 0.280 0.243 
254 COPE-0254    (0)   :  0.234 0.011 0.273 0.235 0.247 
255 COPE-0255    (0)   :  0.235 0.025 0.245 0.249 0.247 
256 COPE-0256    (0)   :  0.262 0.011 0.255 0.223 0.249 
257 COPE-0257    (0)   :  0.263 0.009 0.256 0.218 0.254 
258 COPE-0258    (0)   :  0.249 0.028 0.247 0.224 0.252 
259 COPE-0259    (0)   :  0.239 0.007 0.249 0.251 0.254 
260 COPE-0260    (0)   :  0.238 0.028 0.221 0.251 0.262 
261 COPE-0261    (0)   :  0.232 0.006 0.271 0.234 0.257 
262 COPE-0262    (0)   :  0.241 0.032 0.256 0.235 0.236 
263 COPE-0263    (0)   :  0.268 0.009 0.244 0.233 0.246 
264 COPE-0264    (0)   :  0.251 0.025 0.248 0.223 0.253 
265 COPE-0265    (0)   :  0.242 0.010 0.241 0.265 0.241 
266 COPE-0266    (0)   :  0.238 0.018 0.258 0.241 0.245 
267 COPE-0267    (0)   :  0.259 0.006 0.249 0.252 0.235 
268 COPE-0268    (0)   :  0.263 0.012 0.244 0.246 0.235 
269 COPE-0269    (0)   :  0.262 0.007 0.256 0.245 0.230 
270 COPE-0270    (0)   :  0.221 0.008 0.233 0.260 0.278 
271 COPE-0271    (0)   :  0.250 0.008 0.238 0.257 0.247 
272 COPE-0272    (0)   :  0.242 0.007 0.257 0.257 0.238 
273 COPE-0273    (0)   :  0.257 0.013 0.241 0.241 0.248 
274 COPE-0274   (14)   :  0.015 0.938 0.015 0.015 0.016 
275 COPE-0275    (0)   :  0.236 0.011 0.244 0.254 0.255 
276 COPE-0276   (14)   :  0.006 0.977 0.006 0.006 0.006 
277 COPE-0277   (14)   :  0.253 0.016 0.248 0.228 0.254 
278 COPE-0278    (0)   :  0.252 0.007 0.256 0.226 0.260 
279 COPE-0279    (0)   :  0.248 0.008 0.268 0.241 0.235 
280 COPE-0280    (0)   :  0.012 0.951 0.012 0.012 0.012 
281 COPE-0281    (0)   :  0.023 0.905 0.023 0.024 0.024 
282 COPE-0282   (14)   :  0.260 0.007 0.272 0.249 0.213 
283 COPE-0283    (0)   :  0.257 0.008 0.253 0.224 0.258 
284 COPE-0284   (14)   :  0.233 0.034 0.220 0.254 0.259 
285 COPE-0285    (0)   :  0.031 0.876 0.030 0.031 0.032 
286 COPE-0286    (0)   :  0.235 0.012 0.240 0.252 0.260 
287 COPE-0287    (0)   :  0.254 0.050 0.235 0.235 0.226 
288 COPE-0288    (0)   :  0.247 0.010 0.246 0.260 0.237 
289 COPE-0289    (0)   :  0.246 0.008 0.241 0.256 0.249 
290 COPE-0290    (0)   :  0.225 0.008 0.226 0.258 0.282 
291 COPE-0291    (0)   :  0.248 0.006 0.238 0.243 0.266 
292 COPE-0292   (42)   :  0.013 0.947 0.013 0.014 0.013 
293 COPE-0293    (0)   :  0.225 0.008 0.250 0.273 0.244 
294 COPE-0294    (0)   :  0.249 0.011 0.253 0.254 0.233 
295 COPE-0295    (0)   :  0.249 0.008 0.258 0.244 0.242 
296 COPE-0296   (14)   :  0.247 0.007 0.242 0.256 0.248 
297 COPE-0297   (14)   :  0.230 0.040 0.213 0.249 0.267 
298 COPE-0298    (0)   :  0.240 0.012 0.262 0.258 0.228 
299 COPE-0299    (0)   :  0.229 0.006 0.258 0.245 0.262 
300 COPE-0300   (14)   :  0.263 0.007 0.248 0.238 0.243 
301 COPE-0301   (14)   :  0.233 0.012 0.245 0.277 0.233 
302 COPE-0302    (0)   :  0.180 0.325 0.167 0.153 0.175 
303 COPE-0303    (0)   :  0.238 0.006 0.262 0.244 0.250 
304 COPE-0304    (0)   :  0.249 0.007 0.257 0.250 0.237 
305 COPE-0305   (14)   :  0.249 0.048 0.249 0.236 0.219 
306 COPE-0306    (0)   :  0.249 0.011 0.252 0.224 0.265 
307 COPE-0307   (28)   :  0.008 0.970 0.008 0.008 0.008 
308 COPE-0308    (0)   :  0.255 0.007 0.269 0.253 0.217 
309 COPE-0309   (14)   :  0.067 0.729 0.069 0.071 0.065 
310 COPE-0310   (28)   :  0.034 0.872 0.033 0.028 0.033 
311 COPE-0311    (0)   :  0.257 0.022 0.253 0.225 0.243 
312 COPE-0312   (28)   :  0.010 0.960 0.010 0.010 0.010 
313 COPE-0313    (0)   :  0.250 0.009 0.252 0.231 0.258 
314 COPE-0314    (0)   :  0.255 0.008 0.249 0.251 0.236 
315 COPE-0315    (0)   :  0.252 0.008 0.240 0.246 0.254 
316 COPE-0316    (0)   :  0.229 0.020 0.235 0.249 0.267 
317 COPE-0317   (14)   :  0.008 0.969 0.008 0.008 0.008 
318 COPE-0318    (0)   :  0.240 0.005 0.253 0.249 0.253 
319 COPE-0319    (0)   :  0.265 0.007 0.261 0.248 0.220 
320 COPE-0320   (14)   :  0.243 0.015 0.254 0.263 0.226 
321 COPE-0321   (14)   :  0.255 0.011 0.250 0.229 0.255 
322 COPE-0322   (14)   :  0.244 0.006 0.240 0.252 0.257 
323 COPE-0323    (0)   :  0.271 0.017 0.250 0.206 0.255 
324 COPE-0324    (0)   :  0.239 0.007 0.227 0.257 0.270 
325 COPE-0325   (14)   :  0.264 0.014 0.253 0.217 0.251 
326 COPE-0326    (0)   :  0.234 0.007 0.251 0.266 0.242 
327 COPE-0327   (14)   :  0.233 0.011 0.243 0.273 0.240 
328 COPE-0328    (0)   :  0.236 0.005 0.252 0.251 0.255 
329 COPE-0329   (28)   :  0.247 0.013 0.232 0.247 0.262 
330 COPE-0330    (0)   :  0.249 0.021 0.249 0.249 0.231 
331 COPE-0331    (0)   :  0.242 0.006 0.240 0.273 0.238 
332 COPE-0332   (14)   :  0.238 0.007 0.267 0.245 0.243 
333 COPE-0333    (0)   :  0.213 0.130 0.209 0.237 0.211 
334 COPE-0334   (28)   :  0.053 0.799 0.051 0.047 0.051 
335 COPE-0335    (0)   :  0.241 0.007 0.221 0.258 0.274 
336 COPE-0336    (0)   :  0.240 0.006 0.242 0.261 0.251 
337 COPE-0337   (28)   :  0.019 0.925 0.018 0.019 0.019 
338 COPE-0338    (0)   :  0.263 0.021 0.245 0.226 0.246 
339 COPE-0339    (0)   :  0.262 0.007 0.250 0.235 0.247 
340 COPE-0340   (14)   :  0.011 0.957 0.011 0.011 0.011 
341 COPE-0341    (0)   :  0.261 0.007 0.265 0.251 0.216 
342 COPE-0342    (0)   :  0.240 0.008 0.218 0.258 0.275 
343 COPE-0343    (0)   :  0.236 0.006 0.256 0.248 0.254 
344 COPE-0344   (14)   :  0.009 0.965 0.009 0.009 0.009 
345 COPE-0345    (0)   :  0.263 0.007 0.265 0.249 0.217 
346 COPE-0346    (0)   :  0.248 0.034 0.245 0.251 0.223 
347 COPE-0347    (0)   :  0.234 0.007 0.261 0.243 0.256 
348 COPE-0348    (0)   :  0.239 0.015 0.251 0.237 0.258 
349 COPE-0349    (0)   :  0.242 0.006 0.223 0.264 0.265 
350 COPE-0350    (0)   :  0.229 0.006 0.241 0.259 0.265 
351 COPE-0351    (0)   :  0.231 0.006 0.245 0.250 0.267 
352 COPE-0352    (0)   :  0.240 0.027 0.241 0.247 0.246 
353 COPE-0353    (0)   :  0.257 0.006 0.251 0.231 0.255 
354 COPE-0354    (0)   :  0.246 0.016 0.252 0.236 0.250 
355 COPE-0355    (0)   :  0.261 0.007 0.249 0.240 0.243 
356 COPE-0356    (0)   :  0.235 0.007 0.274 0.241 0.243 
357 COPE-0357    (0)   :  0.242 0.009 0.232 0.260 0.257 
358 COPE-0358    (0)   :  0.007 0.972 0.007 0.007 0.007 
359 COPE-0359   (14)   :  0.255 0.009 0.263 0.243 0.231 
360 COPE-0360    (0)   :  0.253 0.007 0.257 0.222 0.262 
361 COPE-0361    (0)   :  0.251 0.008 0.263 0.253 0.226 
362 COPE-0362    (0)   :  0.239 0.007 0.220 0.256 0.278 
363 COPE-0363   (14)   :  0.255 0.014 0.257 0.254 0.219 
364 COPE-0364    (0)   :  0.258 0.006 0.255 0.241 0.240 
365 COPE-0365    (0)   :  0.266 0.027 0.238 0.229 0.240 
366 COPE-0366    (0)   :  0.232 0.021 0.220 0.253 0.274 
367 COPE-0367   (14)   :  0.009 0.963 0.009 0.009 0.009 
368 COPE-0368    (0)   :  0.260 0.009 0.242 0.245 0.244 
369 COPE-0369    (0)   :  0.247 0.009 0.241 0.261 0.242 
370 COPE-0370   (28)   :  0.008 0.969 0.008 0.008 0.008 
371 COPE-0371    (0)   :  0.261 0.012 0.242 0.237 0.248 
372 COPE-0372    (0)   :  0.246 0.046 0.230 0.223 0.254 
373 COPE-0373   (14)   :  0.242 0.007 0.251 0.260 0.240 
374 COPE-0374    (0)   :  0.262 0.008 0.268 0.233 0.229 
375 COPE-0375   (14)   :  0.271 0.014 0.252 0.230 0.233 
376 COPE-0376   (14)   :  0.236 0.006 0.275 0.231 0.252 
377 COPE-0377    (0)   :  0.072 0.707 0.075 0.075 0.072 
378 COPE-0378    (0)   :  0.252 0.007 0.251 0.227 0.263 
379 COPE-0379    (0)   :  0.238 0.008 0.220 0.258 0.276 
380 COPE-0380   (28)   :  0.031 0.871 0.033 0.031 0.034 
381 COPE-0381    (0)   :  0.248 0.015 0.258 0.237 0.241 
382 COPE-0382    (0)   :  0.239 0.006 0.219 0.262 0.275 
383 COPE-0383    (0)   :  0.224 0.184 0.205 0.186 0.200 
384 COPE-0384    (0)   :  0.259 0.008 0.250 0.224 0.259 


Estimated Allele Frequencies in each cluster
First column gives estimated ancestral frequencies


Locus 1 : COPE5 
78 alleles
0.5% missing data
   1   (0.007) 0.001 0.625 0.001 0.001 0.001 
   2   (0.023) 0.023 0.026 0.023 0.023 0.022 
   3   (0.013) 0.015 0.002 0.015 0.014 0.013 
   4   (0.022) 0.025 0.002 0.024 0.026 0.026 
   5   (0.012) 0.010 0.001 0.010 0.011 0.011 
   6   (0.019) 0.017 0.008 0.018 0.018 0.018 
   7   (0.007) 0.004 0.001 0.004 0.004 0.003 
   8   (0.035) 0.091 0.003 0.091 0.085 0.088 
   9   (0.020) 0.023 0.002 0.023 0.023 0.021 
  10   (0.019) 0.021 0.001 0.021 0.020 0.020 
  11   (0.015) 0.015 0.020 0.014 0.014 0.014 
  12   (0.017) 0.022 0.001 0.022 0.026 0.023 
  13   (0.011) 0.011 0.002 0.011 0.011 0.011 
  14   (0.023) 0.027 0.002 0.027 0.029 0.026 
  15   (0.018) 0.034 0.001 0.033 0.030 0.033 
  16   (0.009) 0.006 0.001 0.006 0.006 0.006 
  17   (0.017) 0.014 0.001 0.015 0.015 0.015 
  18   (0.017) 0.014 0.009 0.013 0.014 0.015 
  19   (0.011) 0.010 0.001 0.009 0.010 0.011 
  20   (0.026) 0.053 0.002 0.053 0.054 0.052 
  21   (0.021) 0.021 0.002 0.021 0.023 0.022 
  22   (0.019) 0.015 0.010 0.015 0.016 0.015 
  23   (0.013) 0.012 0.001 0.011 0.013 0.012 
  24   (0.015) 0.019 0.001 0.020 0.018 0.020 
  25   (0.010) 0.008 0.001 0.008 0.008 0.007 
  26   (0.013) 0.009 0.001 0.009 0.009 0.009 
  27   (0.012) 0.010 0.001 0.010 0.010 0.010 
  28   (0.009) 0.002 0.021 0.002 0.002 0.002 
  29   (0.014) 0.011 0.001 0.012 0.012 0.012 
  30   (0.019) 0.020 0.005 0.020 0.021 0.020 
  31   (0.018) 0.019 0.001 0.018 0.019 0.020 
  32   (0.026) 0.039 0.002 0.038 0.040 0.040 
  33   (0.006) 0.002 0.000 0.002 0.002 0.002 
  34   (0.016) 0.020 0.001 0.020 0.020 0.019 
  35   (0.007) 0.001 0.050 0.001 0.001 0.001 
  36   (0.006) 0.002 0.000 0.002 0.002 0.002 
  37   (0.020) 0.025 0.025 0.024 0.022 0.025 
  38   (0.015) 0.012 0.010 0.013 0.012 0.012 
  39   (0.014) 0.018 0.001 0.020 0.018 0.018 
  40   (0.011) 0.010 0.001 0.009 0.010 0.011 
  41   (0.009) 0.005 0.001 0.005 0.005 0.005 
  42   (0.006) 0.002 0.000 0.002 0.002 0.002 
  43   (0.009) 0.005 0.001 0.005 0.005 0.005 
  44   (0.022) 0.028 0.002 0.029 0.027 0.026 
  45   (0.006) 0.002 0.000 0.002 0.002 0.002 
  46   (0.015) 0.018 0.001 0.018 0.018 0.017 
  47   (0.009) 0.007 0.001 0.007 0.006 0.006 
  48   (0.006) 0.002 0.001 0.002 0.002 0.002 
  49   (0.015) 0.017 0.001 0.016 0.016 0.015 
  50   (0.013) 0.011 0.002 0.011 0.012 0.011 
  51   (0.015) 0.014 0.022 0.013 0.012 0.013 
  52   (0.013) 0.012 0.001 0.012 0.013 0.012 
  53   (0.007) 0.001 0.030 0.001 0.001 0.001 
  54   (0.006) 0.001 0.071 0.001 0.001 0.001 
  55   (0.011) 0.007 0.001 0.008 0.008 0.008 
  56   (0.011) 0.011 0.001 0.011 0.010 0.011 
  57   (0.013) 0.011 0.001 0.011 0.012 0.012 
  58   (0.009) 0.006 0.001 0.006 0.006 0.006 
  59   (0.011) 0.012 0.001 0.013 0.012 0.011 
  60   (0.010) 0.008 0.001 0.008 0.007 0.008 
  61   (0.006) 0.002 0.000 0.002 0.002 0.002 
  62   (0.013) 0.012 0.001 0.012 0.011 0.012 
  63   (0.010) 0.015 0.001 0.017 0.015 0.016 
  64   (0.009) 0.005 0.001 0.005 0.005 0.005 
  65   (0.019) 0.021 0.001 0.020 0.020 0.021 
  66   (0.009) 0.009 0.001 0.009 0.009 0.009 
  67   (0.010) 0.006 0.001 0.006 0.006 0.007 
  68   (0.012) 0.011 0.001 0.010 0.012 0.012 
  69   (0.006) 0.002 0.000 0.002 0.002 0.002 
  70   (0.006) 0.002 0.000 0.002 0.002 0.002 
  71   (0.010) 0.007 0.001 0.007 0.006 0.006 
  72   (0.006) 0.002 0.000 0.002 0.002 0.002 
  73   (0.006) 0.002 0.001 0.002 0.002 0.002 
  74   (0.006) 0.002 0.000 0.002 0.002 0.002 
  75   (0.008) 0.005 0.001 0.005 0.005 0.005 
  76   (0.006) 0.002 0.000 0.002 0.002 0.002 
  77   (0.008) 0.004 0.001 0.004 0.004 0.004 
  78   (0.006) 0.002 0.001 0.002 0.002 0.002 

Locus 2 : COPE9 
12 alleles
8.3% missing data
   1   (0.413) 0.469 0.406 0.468 0.471 0.471 
   2   (0.140) 0.138 0.254 0.142 0.135 0.133 
   3   (0.050) 0.049 0.032 0.050 0.047 0.051 
   4   (0.076) 0.076 0.029 0.072 0.076 0.078 
   5   (0.036) 0.024 0.025 0.025 0.026 0.027 
   6   (0.129) 0.135 0.057 0.135 0.136 0.133 
   7   (0.039) 0.027 0.064 0.027 0.027 0.025 
   8   (0.081) 0.071 0.085 0.070 0.070 0.071 
   9   (0.010) 0.004 0.001 0.004 0.004 0.005 
  10   (0.009) 0.001 0.046 0.001 0.001 0.001 
  11   (0.008) 0.003 0.001 0.003 0.003 0.003 
  12   (0.008) 0.003 0.001 0.003 0.003 0.003 

Locus 3 : CPER26 
12 alleles
2.6% missing data
   1   (0.231) 0.233 0.146 0.232 0.234 0.233 
   2   (0.036) 0.023 0.145 0.022 0.024 0.025 
   3   (0.084) 0.079 0.009 0.079 0.081 0.081 
   4   (0.496) 0.582 0.067 0.585 0.580 0.580 
   5   (0.055) 0.044 0.291 0.043 0.042 0.043 
   6   (0.030) 0.015 0.301 0.015 0.015 0.014 
   7   (0.013) 0.006 0.001 0.006 0.006 0.006 
   8   (0.019) 0.007 0.023 0.008 0.008 0.008 
   9   (0.008) 0.002 0.006 0.002 0.002 0.002 
  10   (0.012) 0.003 0.011 0.003 0.003 0.003 
  11   (0.008) 0.002 0.001 0.002 0.002 0.002 
  12   (0.008) 0.002 0.001 0.002 0.003 0.002 

Locus 4 : CPER92 
12 alleles
6.8% missing data
   1   (0.616) 0.682 0.516 0.674 0.678 0.688 
   2   (0.122) 0.133 0.270 0.139 0.139 0.127 
   3   (0.083) 0.089 0.046 0.088 0.085 0.086 
   4   (0.015) 0.008 0.020 0.008 0.007 0.008 
   5   (0.038) 0.025 0.034 0.026 0.025 0.024 
   6   (0.035) 0.026 0.009 0.027 0.028 0.027 
   7   (0.019) 0.008 0.034 0.008 0.008 0.008 
   8   (0.012) 0.003 0.033 0.003 0.003 0.003 
   9   (0.022) 0.012 0.019 0.011 0.012 0.012 
  10   (0.017) 0.008 0.016 0.008 0.008 0.008 
  11   (0.013) 0.006 0.001 0.006 0.006 0.006 
  12   (0.008) 0.002 0.001 0.002 0.002 0.003 

Locus 5 : CPER99 
5 alleles
1.0% missing data
   1   (0.013) 0.003 0.336 0.003 0.003 0.003 
   2   (0.872) 0.931 0.100 0.931 0.933 0.932 
   3   (0.079) 0.054 0.473 0.054 0.052 0.053 
   4   (0.013) 0.003 0.029 0.003 0.003 0.003 
   5   (0.023) 0.009 0.063 0.009 0.009 0.009 

Locus 6 : CPER119 
22 alleles
5.5% missing data
   1   (0.009) 0.001 0.101 0.001 0.001 0.001 
   2   (0.080) 0.091 0.048 0.089 0.092 0.088 
   3   (0.036) 0.034 0.050 0.033 0.030 0.031 
   4   (0.008) 0.002 0.001 0.002 0.003 0.003 
   5   (0.160) 0.171 0.096 0.172 0.182 0.177 
   6   (0.073) 0.073 0.081 0.071 0.076 0.076 
   7   (0.069) 0.092 0.079 0.090 0.088 0.083 
   8   (0.080) 0.076 0.098 0.077 0.077 0.076 
   9   (0.117) 0.136 0.073 0.135 0.127 0.134 
  10   (0.061) 0.061 0.035 0.065 0.063 0.065 
  11   (0.022) 0.014 0.023 0.014 0.014 0.013 
  12   (0.081) 0.105 0.011 0.108 0.103 0.106 
  13   (0.015) 0.006 0.011 0.006 0.006 0.006 
  14   (0.029) 0.039 0.012 0.037 0.037 0.036 
  15   (0.025) 0.021 0.061 0.019 0.020 0.020 
  16   (0.022) 0.010 0.028 0.011 0.011 0.010 
  17   (0.023) 0.012 0.090 0.012 0.013 0.013 
  18   (0.016) 0.009 0.008 0.009 0.010 0.010 
  19   (0.011) 0.003 0.025 0.003 0.003 0.003 
  20   (0.040) 0.031 0.062 0.033 0.034 0.035 
  21   (0.012) 0.007 0.006 0.007 0.007 0.006 
  22   (0.010) 0.006 0.001 0.006 0.005 0.006 

Locus 7 : CPER188 
15 alleles
1.6% missing data
   1   (0.602) 0.674 0.819 0.672 0.674 0.672 
   2   (0.111) 0.101 0.091 0.101 0.103 0.104 
   3   (0.031) 0.026 0.002 0.026 0.025 0.024 
   4   (0.039) 0.031 0.003 0.032 0.032 0.031 
   5   (0.088) 0.111 0.006 0.110 0.108 0.112 
   6   (0.016) 0.006 0.009 0.006 0.006 0.007 
   7   (0.017) 0.011 0.007 0.011 0.011 0.010 
   8   (0.023) 0.012 0.008 0.013 0.012 0.012 
   9   (0.009) 0.001 0.039 0.001 0.001 0.001 
  10   (0.008) 0.001 0.009 0.001 0.001 0.001 
  11   (0.018) 0.011 0.001 0.012 0.012 0.011 
  12   (0.015) 0.007 0.001 0.007 0.007 0.007 
  13   (0.008) 0.002 0.003 0.002 0.002 0.002 
  14   (0.008) 0.003 0.001 0.003 0.002 0.003 
  15   (0.008) 0.003 0.001 0.003 0.002 0.002 

Values of parameters used in structure:
DATAFILE=../Data/microsats.structure,	OUTFILE=../Structure_Results/04_K_05.out,	NUMINDS=384,	NUMLOCI=7,	MISSING=-9,	LABEL=1,	POPDATA=0,	POPFLAG=0,	PHENOTYPE=0,	EXTRACOLS=0,	MAXPOPS=5,	BURNIN=1000000,	NUMREPS=10000000,	USEPOPINFO=0,	INFERALPHA=1,	INFERLAMBDA=0,	POPSPECIFICLAMBDA=0,	POPALPHAS=0,	COMPUTEPROB=1,	NOADMIX=0,	ADMBURNIN=500,	UPDATEFREQ=100,	PRINTLIKES=0,	INTERMEDSAVE=0,	PRINTKLD=0,	PRINTNET=1,	PRINTLAMBDA=1,	ANCESTDIST=0,	NUMBOXES=1000,	ANCESTPINT=0.90000,	GENSBACK=2,	MIGRPRIOR=0.01000,	PRINTQHAT=0,	PRINTQSUM=1,	ALPHA=1.0000,	FREQSCORR=1,	FPRIORMEAN=0.0100,	FPRIORSD=0.0500,	ONEFST=0,	LAMBDA=1.0000,	UNIFPRIORALPHA=1,	ALPHAMAX=10.0000,	ALPHAPRIORA=1.0000,	ALPHAPRIORB=2.0000,	ALPHAPROPSD=0.0250,	STARTATPOPINFO=0,	RANDOMIZE=0,	LINKAGE=0,	METROFREQ=10,	REPORTHITRATE=0,	MARKOVPHASE=-1,	PHASED=0,	PLOIDY=2,	PHASEINFO=0	LOCPRIOR=0, 	LOCPRIORINIT=1.000000, 	LOCDATA=0, 	LOCISPOP=0, 	LOCPRIORSTEP=0.100000, 	MAXLOCPRIOR=20.000000, 	SEED=92205672,	
[STRAT parameters]:    NUMSIMSTATS=1000,	PHENOTYPECOL=-9,	POOLFREQ=10,	LOCUSxONLY=0,	EMERROR=0.00100,	MISSINGPHENO=-9,	