

----------------------------------------------------
STRUCTURE by Pritchard, Stephens and Donnelly (2000)
     and Falush, Stephens and Pritchard (2003)
       Code by Pritchard, Falush and Hubisz
             Version 2.3.4 (Jul 2012)
----------------------------------------------------



Command line arguments:   /home/jason/Programs/structure -K 9 -i ../Data/microsats.structure -m Structure_Run/mainparams -e Structure_Run/extraparams -D 87086905 -o ../Structure_Results/05_K_09.out 
Input File:    ../Data/microsats.structure

Run parameters:
   384 individuals
   7 loci
   9 populations assumed
   1000000 Burn-in period
   10000000 Reps
RANDOMIZE turned off


--------------------------------------------
Overall proportion of membership of the
sample in each of the 9 clusters

Inferred Clusters
  1      2      3      4      5      6      7      8      9    
0.110  0.111  0.110  0.110  0.111  0.111  0.115  0.110  0.111  

--------------------------------------------

Allele-freq. divergence among pops (Net nucleotide distance),
computed using point estimates of P.

      1       2       3       4       5       6       7       8       9      
 1      -    0.0002  0.0003  0.0002  0.0005  0.0001  0.1609  0.0002  0.0001  
 2   0.0002     -    0.0000  0.0001  0.0003  0.0003  0.1616  0.0000  0.0002  
 3   0.0003  0.0000     -    0.0001  0.0004  0.0004  0.1622  0.0001  0.0003  
 4   0.0002  0.0001  0.0001     -    0.0004  0.0001  0.1619  0.0001  0.0001  
 5   0.0005  0.0003  0.0004  0.0004     -    0.0004  0.1556  0.0003  0.0003  
 6   0.0001  0.0003  0.0004  0.0001  0.0004     -    0.1607  0.0002  0.0000  
 7   0.1609  0.1616  0.1622  0.1619  0.1556  0.1607     -    0.1621  0.1608  
 8   0.0002  0.0000  0.0001  0.0001  0.0003  0.0002  0.1621     -    0.0001  
 9   0.0001  0.0002  0.0003  0.0001  0.0003  0.0000  0.1608  0.0001     -    

Average distances (expected heterozygosity) between individuals in same cluster:
cluster  1  : 0.6240 
cluster  2  : 0.6222 
cluster  3  : 0.6208 
cluster  4  : 0.6208 
cluster  5  : 0.6400 
cluster  6  : 0.6241 
cluster  7  : 0.6442 
cluster  8  : 0.6213 
cluster  9  : 0.6243 

--------------------------------------------
Estimated Ln Prob of Data   = -9485.3
Mean value of ln likelihood = -7829.0
Variance of ln likelihood   = 3312.7
Mean value of alpha         = 0.0476

Mean value of Fst_1         = 0.0842
Mean value of Fst_2         = 0.0812
Mean value of Fst_3         = 0.0827
Mean value of Fst_4         = 0.0834
Mean value of Fst_5         = 0.0574
Mean value of Fst_6         = 0.0817
Mean value of Fst_7         = 0.1820
Mean value of Fst_8         = 0.0817
Mean value of Fst_9         = 0.0810


Inferred ancestry of individuals:
        Label (%Miss) :  Inferred clusters
  1 COPE-0001    (0)   :  0.008 0.008 0.008 0.008 0.008 0.008 0.933 0.008 0.008 
  2 COPE-0002    (0)   :  0.133 0.124 0.117 0.119 0.130 0.128 0.011 0.112 0.128 
  3 COPE-0003    (0)   :  0.099 0.130 0.118 0.111 0.186 0.110 0.007 0.121 0.118 
  4 COPE-0004    (0)   :  0.129 0.116 0.109 0.116 0.142 0.146 0.013 0.103 0.127 
  5 COPE-0005    (0)   :  0.131 0.121 0.125 0.127 0.098 0.144 0.021 0.114 0.119 
  6 COPE-0006    (0)   :  0.123 0.129 0.134 0.119 0.116 0.114 0.019 0.127 0.119 
  7 COPE-0007    (0)   :  0.131 0.120 0.134 0.136 0.103 0.134 0.007 0.119 0.117 
  8 COPE-0008    (0)   :  0.148 0.106 0.111 0.142 0.088 0.142 0.008 0.113 0.141 
  9 COPE-0009    (0)   :  0.121 0.131 0.124 0.106 0.170 0.099 0.017 0.118 0.114 
 10 COPE-0010    (0)   :  0.113 0.126 0.105 0.123 0.114 0.130 0.007 0.138 0.144 
 11 COPE-0011   (14)   :  0.015 0.013 0.013 0.014 0.013 0.016 0.890 0.013 0.015 
 12 COPE-0012   (14)   :  0.139 0.112 0.107 0.127 0.119 0.134 0.007 0.124 0.132 
 13 COPE-0013    (0)   :  0.098 0.143 0.125 0.118 0.141 0.116 0.006 0.132 0.122 
 14 COPE-0014    (0)   :  0.122 0.138 0.143 0.132 0.132 0.097 0.009 0.121 0.107 
 15 COPE-0015    (0)   :  0.129 0.133 0.137 0.133 0.101 0.113 0.007 0.128 0.119 
 16 COPE-0016    (0)   :  0.158 0.146 0.150 0.106 0.098 0.096 0.010 0.120 0.116 
 17 COPE-0017    (0)   :  0.046 0.048 0.049 0.046 0.039 0.039 0.648 0.044 0.041 
 18 COPE-0018    (0)   :  0.124 0.132 0.134 0.121 0.113 0.120 0.008 0.131 0.118 
 19 COPE-0019    (0)   :  0.114 0.134 0.129 0.115 0.132 0.117 0.006 0.132 0.121 
 20 COPE-0020    (0)   :  0.113 0.123 0.121 0.117 0.165 0.115 0.007 0.121 0.119 
 21 COPE-0021    (0)   :  0.111 0.132 0.140 0.140 0.094 0.126 0.006 0.136 0.115 
 22 COPE-0022    (0)   :  0.149 0.109 0.111 0.137 0.089 0.138 0.007 0.115 0.146 
 23 COPE-0023    (0)   :  0.118 0.114 0.114 0.121 0.149 0.129 0.008 0.118 0.129 
 24 COPE-0024   (14)   :  0.125 0.125 0.138 0.133 0.085 0.136 0.006 0.130 0.120 
 25 COPE-0025    (0)   :  0.094 0.098 0.102 0.096 0.254 0.103 0.057 0.093 0.104 
 26 COPE-0026    (0)   :  0.139 0.118 0.132 0.130 0.103 0.126 0.005 0.122 0.125 
 27 COPE-0027    (0)   :  0.112 0.131 0.122 0.122 0.127 0.124 0.006 0.131 0.125 
 28 COPE-0028    (0)   :  0.118 0.121 0.108 0.113 0.154 0.120 0.005 0.127 0.134 
 29 COPE-0029    (0)   :  0.155 0.142 0.150 0.112 0.097 0.101 0.005 0.124 0.114 
 30 COPE-0030   (14)   :  0.031 0.029 0.031 0.031 0.032 0.032 0.754 0.030 0.031 
 31 COPE-0031    (0)   :  0.144 0.113 0.128 0.139 0.089 0.131 0.010 0.116 0.130 
 32 COPE-0032    (0)   :  0.113 0.114 0.105 0.118 0.162 0.124 0.009 0.121 0.135 
 33 COPE-0033    (0)   :  0.118 0.118 0.114 0.117 0.149 0.122 0.011 0.119 0.132 
 34 COPE-0034    (0)   :  0.146 0.122 0.125 0.126 0.102 0.134 0.010 0.113 0.122 
 35 COPE-0035   (14)   :  0.116 0.115 0.105 0.114 0.159 0.125 0.007 0.124 0.134 
 36 COPE-0036   (14)   :  0.104 0.127 0.136 0.140 0.104 0.127 0.006 0.138 0.118 
 37 COPE-0037    (0)   :  0.114 0.123 0.128 0.126 0.117 0.126 0.023 0.124 0.120 
 38 COPE-0038    (0)   :  0.140 0.109 0.125 0.141 0.092 0.133 0.007 0.119 0.134 
 39 COPE-0039    (0)   :  0.096 0.107 0.104 0.098 0.222 0.105 0.065 0.099 0.104 
 40 COPE-0040   (14)   :  0.102 0.113 0.114 0.107 0.153 0.105 0.091 0.110 0.105 
 41 COPE-0041    (0)   :  0.117 0.120 0.117 0.114 0.154 0.116 0.029 0.117 0.117 
 42 COPE-0042    (0)   :  0.115 0.124 0.112 0.120 0.134 0.124 0.011 0.127 0.133 
 43 COPE-0043    (0)   :  0.140 0.128 0.128 0.117 0.118 0.118 0.005 0.120 0.126 
 44 COPE-0044    (0)   :  0.129 0.114 0.106 0.114 0.155 0.135 0.014 0.108 0.126 
 45 COPE-0045    (0)   :  0.129 0.116 0.105 0.113 0.139 0.130 0.032 0.111 0.126 
 46 COPE-0046    (0)   :  0.026 0.030 0.029 0.027 0.030 0.026 0.777 0.028 0.027 
 47 COPE-0047    (0)   :  0.007 0.008 0.008 0.007 0.008 0.007 0.941 0.007 0.007 
 48 COPE-0048    (0)   :  0.119 0.125 0.105 0.121 0.122 0.128 0.007 0.131 0.143 
 49 COPE-0049    (0)   :  0.116 0.114 0.105 0.105 0.197 0.119 0.016 0.108 0.120 
 50 COPE-0050    (0)   :  0.107 0.131 0.123 0.118 0.144 0.125 0.007 0.124 0.120 
 51 COPE-0051    (0)   :  0.108 0.112 0.090 0.109 0.088 0.123 0.104 0.130 0.135 
 52 COPE-0052    (0)   :  0.135 0.139 0.142 0.136 0.099 0.104 0.011 0.124 0.109 
 53 COPE-0053    (0)   :  0.162 0.151 0.154 0.103 0.093 0.094 0.008 0.121 0.114 
 54 COPE-0054    (0)   :  0.108 0.124 0.136 0.139 0.091 0.134 0.005 0.139 0.123 
 55 COPE-0055    (0)   :  0.149 0.106 0.107 0.141 0.083 0.142 0.005 0.116 0.150 
 56 COPE-0056    (0)   :  0.128 0.115 0.104 0.118 0.149 0.123 0.017 0.117 0.129 
 57 COPE-0057    (0)   :  0.109 0.121 0.113 0.113 0.180 0.112 0.010 0.122 0.119 
 58 COPE-0058    (0)   :  0.118 0.116 0.120 0.122 0.136 0.130 0.009 0.122 0.125 
 59 COPE-0059    (0)   :  0.089 0.130 0.122 0.114 0.176 0.115 0.019 0.123 0.111 
 60 COPE-0060    (0)   :  0.142 0.136 0.136 0.119 0.112 0.106 0.007 0.116 0.125 
 61 COPE-0061    (0)   :  0.150 0.149 0.147 0.103 0.104 0.097 0.011 0.124 0.115 
 62 COPE-0062    (0)   :  0.113 0.130 0.143 0.144 0.103 0.114 0.009 0.134 0.110 
 63 COPE-0063    (0)   :  0.147 0.105 0.100 0.133 0.090 0.140 0.025 0.119 0.142 
 64 COPE-0064    (0)   :  0.134 0.124 0.129 0.125 0.120 0.121 0.009 0.117 0.120 
 65 COPE-0065    (0)   :  0.006 0.006 0.006 0.006 0.006 0.006 0.953 0.006 0.006 
 66 COPE-0066    (0)   :  0.112 0.124 0.099 0.117 0.135 0.124 0.017 0.130 0.142 
 67 COPE-0067   (14)   :  0.026 0.027 0.025 0.025 0.037 0.027 0.777 0.028 0.028 
 68 COPE-0068    (0)   :  0.094 0.138 0.125 0.117 0.154 0.117 0.010 0.128 0.116 
 69 COPE-0069   (14)   :  0.117 0.128 0.132 0.125 0.131 0.110 0.012 0.129 0.115 
 70 COPE-0070    (0)   :  0.131 0.116 0.111 0.119 0.121 0.146 0.012 0.116 0.129 
 71 COPE-0071    (0)   :  0.105 0.119 0.103 0.117 0.159 0.125 0.004 0.128 0.139 
 72 COPE-0072    (0)   :  0.120 0.129 0.126 0.124 0.131 0.117 0.007 0.123 0.124 
 73 COPE-0073   (14)   :  0.045 0.046 0.048 0.039 0.032 0.035 0.676 0.042 0.038 
 74 COPE-0074    (0)   :  0.117 0.120 0.111 0.123 0.128 0.129 0.009 0.126 0.138 
 75 COPE-0075    (0)   :  0.122 0.123 0.099 0.119 0.096 0.137 0.012 0.141 0.151 
 76 COPE-0076    (0)   :  0.128 0.126 0.123 0.131 0.104 0.125 0.006 0.129 0.128 
 77 COPE-0077   (14)   :  0.122 0.127 0.129 0.120 0.128 0.119 0.009 0.124 0.123 
 78 COPE-0078   (14)   :  0.135 0.113 0.122 0.132 0.100 0.151 0.008 0.116 0.123 
 79 COPE-0079    (0)   :  0.138 0.110 0.105 0.121 0.111 0.166 0.008 0.103 0.138 
 80 COPE-0080   (42)   :  0.020 0.021 0.021 0.020 0.022 0.019 0.838 0.021 0.019 
 81 COPE-0081   (14)   :  0.070 0.063 0.064 0.070 0.070 0.071 0.455 0.066 0.070 
 82 COPE-0082   (14)   :  0.121 0.112 0.099 0.114 0.117 0.129 0.045 0.129 0.134 
 83 COPE-0083   (14)   :  0.128 0.142 0.154 0.149 0.094 0.094 0.006 0.127 0.105 
 84 COPE-0084    (0)   :  0.127 0.119 0.120 0.081 0.075 0.074 0.217 0.096 0.091 
 85 COPE-0085    (0)   :  0.122 0.118 0.112 0.110 0.167 0.131 0.010 0.109 0.121 
 86 COPE-0086    (0)   :  0.119 0.123 0.123 0.113 0.135 0.118 0.020 0.127 0.122 
 87 COPE-0087   (14)   :  0.146 0.141 0.140 0.112 0.102 0.106 0.007 0.118 0.127 
 88 COPE-0088   (14)   :  0.131 0.128 0.123 0.113 0.115 0.127 0.025 0.116 0.122 
 89 COPE-0089   (14)   :  0.008 0.007 0.007 0.007 0.007 0.008 0.940 0.007 0.008 
 90 COPE-0090    (0)   :  0.147 0.106 0.111 0.137 0.090 0.140 0.008 0.116 0.144 
 91 COPE-0091   (14)   :  0.143 0.144 0.145 0.119 0.100 0.099 0.006 0.120 0.125 
 92 COPE-0092   (28)   :  0.021 0.023 0.022 0.022 0.034 0.024 0.810 0.022 0.023 
 93 COPE-0093    (0)   :  0.153 0.108 0.101 0.137 0.084 0.143 0.006 0.123 0.145 
 94 COPE-0094    (0)   :  0.135 0.110 0.104 0.119 0.108 0.160 0.029 0.101 0.134 
 95 COPE-0095    (0)   :  0.164 0.146 0.150 0.108 0.088 0.099 0.005 0.121 0.119 
 96 COPE-0096    (0)   :  0.130 0.137 0.142 0.125 0.113 0.108 0.009 0.122 0.113 
 97 COPE-0097    (0)   :  0.120 0.127 0.112 0.126 0.101 0.126 0.008 0.143 0.137 
 98 COPE-0098    (0)   :  0.144 0.108 0.124 0.145 0.087 0.134 0.009 0.115 0.135 
 99 COPE-0099    (0)   :  0.091 0.117 0.112 0.106 0.231 0.103 0.021 0.110 0.109 
100 COPE-0100    (0)   :  0.115 0.126 0.118 0.117 0.154 0.118 0.007 0.122 0.122 
101 COPE-0101    (0)   :  0.117 0.113 0.098 0.114 0.150 0.120 0.046 0.116 0.126 
102 COPE-0102    (0)   :  0.128 0.127 0.122 0.120 0.120 0.130 0.006 0.122 0.125 
103 COPE-0103    (0)   :  0.127 0.119 0.120 0.127 0.119 0.137 0.017 0.114 0.120 
104 COPE-0104   (14)   :  0.121 0.117 0.104 0.121 0.135 0.127 0.007 0.129 0.139 
105 COPE-0105    (0)   :  0.112 0.118 0.097 0.117 0.105 0.131 0.037 0.145 0.138 
106 COPE-0106    (0)   :  0.093 0.130 0.150 0.149 0.079 0.136 0.005 0.146 0.113 
107 COPE-0107    (0)   :  0.022 0.018 0.018 0.021 0.017 0.021 0.843 0.019 0.022 
108 COPE-0108    (0)   :  0.126 0.121 0.130 0.139 0.104 0.122 0.006 0.128 0.124 
109 COPE-0109    (0)   :  0.132 0.114 0.111 0.117 0.136 0.145 0.011 0.106 0.129 
110 COPE-0110   (14)   :  0.122 0.127 0.131 0.122 0.118 0.125 0.014 0.124 0.116 
111 COPE-0111    (0)   :  0.114 0.135 0.143 0.134 0.104 0.118 0.009 0.127 0.115 
112 COPE-0112   (14)   :  0.122 0.124 0.109 0.123 0.119 0.126 0.010 0.128 0.138 
113 COPE-0113    (0)   :  0.113 0.117 0.112 0.116 0.177 0.113 0.020 0.115 0.118 
114 COPE-0114    (0)   :  0.108 0.126 0.132 0.130 0.118 0.125 0.009 0.136 0.115 
115 COPE-0115    (0)   :  0.030 0.030 0.030 0.027 0.024 0.024 0.781 0.027 0.026 
116 COPE-0116   (28)   :  0.010 0.010 0.010 0.010 0.016 0.010 0.914 0.010 0.010 
117 COPE-0117    (0)   :  0.164 0.151 0.153 0.102 0.091 0.095 0.010 0.120 0.114 
118 COPE-0118    (0)   :  0.101 0.135 0.150 0.142 0.087 0.122 0.009 0.143 0.110 
119 COPE-0119    (0)   :  0.116 0.121 0.145 0.143 0.090 0.125 0.010 0.131 0.119 
120 COPE-0120    (0)   :  0.122 0.120 0.116 0.118 0.142 0.130 0.011 0.118 0.123 
121 COPE-0121    (0)   :  0.102 0.122 0.127 0.118 0.155 0.105 0.057 0.112 0.101 
122 COPE-0122    (0)   :  0.125 0.115 0.118 0.125 0.119 0.137 0.008 0.117 0.135 
123 COPE-0123    (0)   :  0.123 0.113 0.111 0.121 0.133 0.133 0.016 0.118 0.135 
124 COPE-0124    (0)   :  0.112 0.109 0.118 0.117 0.172 0.126 0.013 0.115 0.119 
125 COPE-0125    (0)   :  0.119 0.121 0.113 0.130 0.110 0.132 0.007 0.138 0.131 
126 COPE-0126    (0)   :  0.166 0.147 0.150 0.103 0.084 0.098 0.012 0.123 0.115 
127 COPE-0127   (14)   :  0.126 0.122 0.114 0.116 0.123 0.129 0.007 0.132 0.130 
128 COPE-0128    (0)   :  0.100 0.117 0.121 0.114 0.186 0.117 0.018 0.118 0.109 
129 COPE-0129    (0)   :  0.129 0.113 0.112 0.120 0.122 0.153 0.006 0.112 0.134 
130 COPE-0130    (0)   :  0.108 0.131 0.124 0.117 0.143 0.121 0.013 0.124 0.119 
131 COPE-0131   (14)   :  0.114 0.134 0.142 0.139 0.117 0.107 0.009 0.129 0.108 
132 COPE-0132   (14)   :  0.117 0.123 0.132 0.134 0.085 0.125 0.039 0.130 0.115 
133 COPE-0133    (0)   :  0.160 0.149 0.150 0.106 0.093 0.094 0.009 0.121 0.118 
134 COPE-0134    (0)   :  0.124 0.118 0.118 0.125 0.123 0.134 0.007 0.122 0.128 
135 COPE-0135    (0)   :  0.122 0.115 0.097 0.119 0.153 0.125 0.008 0.124 0.137 
136 COPE-0136    (0)   :  0.013 0.013 0.013 0.013 0.014 0.013 0.895 0.013 0.013 
137 COPE-0137    (0)   :  0.110 0.127 0.122 0.113 0.169 0.111 0.012 0.118 0.119 
138 COPE-0138   (14)   :  0.009 0.009 0.009 0.009 0.009 0.009 0.929 0.009 0.009 
139 COPE-0139    (0)   :  0.097 0.123 0.112 0.101 0.246 0.100 0.008 0.106 0.107 
140 COPE-0140   (14)   :  0.022 0.024 0.023 0.022 0.035 0.022 0.807 0.023 0.023 
141 COPE-0141    (0)   :  0.141 0.110 0.104 0.125 0.126 0.137 0.008 0.119 0.132 
142 COPE-0142    (0)   :  0.129 0.119 0.117 0.128 0.106 0.133 0.009 0.126 0.132 
143 COPE-0143    (0)   :  0.150 0.131 0.133 0.109 0.114 0.114 0.009 0.117 0.123 
144 COPE-0144   (14)   :  0.096 0.095 0.091 0.085 0.167 0.089 0.200 0.085 0.091 
145 COPE-0145   (14)   :  0.066 0.072 0.072 0.070 0.226 0.066 0.288 0.067 0.074 
146 COPE-0146   (14)   :  0.140 0.127 0.125 0.115 0.108 0.114 0.029 0.124 0.119 
147 COPE-0147    (0)   :  0.130 0.106 0.103 0.115 0.117 0.131 0.070 0.103 0.127 
148 COPE-0148    (0)   :  0.161 0.147 0.149 0.108 0.090 0.101 0.009 0.119 0.116 
149 COPE-0149    (0)   :  0.124 0.141 0.130 0.113 0.123 0.111 0.007 0.128 0.123 
150 COPE-0150    (0)   :  0.119 0.123 0.101 0.119 0.118 0.131 0.008 0.132 0.149 
151 COPE-0151    (0)   :  0.126 0.118 0.118 0.104 0.200 0.105 0.007 0.112 0.110 
152 COPE-0152   (14)   :  0.122 0.094 0.098 0.112 0.108 0.118 0.126 0.101 0.121 
153 COPE-0153    (0)   :  0.129 0.115 0.127 0.129 0.123 0.130 0.006 0.118 0.124 
154 COPE-0154    (0)   :  0.124 0.131 0.129 0.123 0.118 0.119 0.007 0.129 0.122 
155 COPE-0155    (0)   :  0.111 0.122 0.120 0.113 0.176 0.112 0.006 0.124 0.116 
156 COPE-0156   (14)   :  0.009 0.009 0.009 0.009 0.009 0.009 0.929 0.009 0.009 
157 COPE-0157   (14)   :  0.098 0.079 0.079 0.087 0.135 0.095 0.257 0.080 0.090 
158 COPE-0158    (0)   :  0.147 0.148 0.148 0.110 0.102 0.097 0.009 0.122 0.117 
159 COPE-0159    (0)   :  0.144 0.114 0.121 0.130 0.098 0.138 0.008 0.114 0.133 
160 COPE-0160    (0)   :  0.125 0.111 0.114 0.122 0.133 0.144 0.006 0.116 0.129 
161 COPE-0161    (0)   :  0.127 0.121 0.114 0.122 0.126 0.132 0.012 0.117 0.129 
162 COPE-0162   (14)   :  0.007 0.007 0.007 0.007 0.007 0.007 0.944 0.007 0.007 
163 COPE-0163   (28)   :  0.013 0.013 0.013 0.013 0.013 0.013 0.894 0.013 0.013 
164 COPE-0164    (0)   :  0.118 0.120 0.121 0.108 0.170 0.110 0.029 0.115 0.109 
165 COPE-0165    (0)   :  0.115 0.129 0.121 0.118 0.143 0.123 0.008 0.123 0.120 
166 COPE-0166   (14)   :  0.128 0.117 0.121 0.127 0.112 0.140 0.008 0.119 0.128 
167 COPE-0167    (0)   :  0.124 0.120 0.124 0.125 0.114 0.146 0.008 0.119 0.121 
168 COPE-0168    (0)   :  0.148 0.133 0.139 0.119 0.106 0.110 0.006 0.119 0.122 
169 COPE-0169    (0)   :  0.097 0.136 0.126 0.119 0.149 0.116 0.011 0.128 0.117 
170 COPE-0170    (0)   :  0.124 0.104 0.107 0.119 0.185 0.112 0.028 0.107 0.115 
171 COPE-0171    (0)   :  0.123 0.116 0.126 0.120 0.171 0.110 0.008 0.113 0.112 
172 COPE-0172    (0)   :  0.129 0.123 0.128 0.124 0.110 0.124 0.007 0.129 0.125 
173 COPE-0173   (14)   :  0.092 0.121 0.118 0.111 0.158 0.110 0.063 0.118 0.109 
174 COPE-0174   (28)   :  0.135 0.122 0.118 0.116 0.137 0.117 0.017 0.113 0.124 
175 COPE-0175    (0)   :  0.131 0.115 0.126 0.108 0.136 0.123 0.041 0.108 0.112 
176 COPE-0176    (0)   :  0.130 0.120 0.122 0.134 0.098 0.136 0.009 0.127 0.125 
177 COPE-0177    (0)   :  0.111 0.135 0.125 0.117 0.142 0.115 0.007 0.128 0.121 
178 COPE-0178    (0)   :  0.092 0.129 0.145 0.147 0.082 0.136 0.007 0.147 0.114 
179 COPE-0179    (0)   :  0.115 0.123 0.114 0.114 0.161 0.120 0.009 0.122 0.124 
180 COPE-0180   (14)   :  0.098 0.137 0.124 0.119 0.144 0.119 0.006 0.130 0.123 
181 COPE-0181   (14)   :  0.105 0.133 0.122 0.118 0.141 0.120 0.009 0.130 0.122 
182 COPE-0182    (0)   :  0.134 0.114 0.121 0.131 0.090 0.135 0.005 0.133 0.135 
183 COPE-0183    (0)   :  0.128 0.125 0.127 0.123 0.115 0.122 0.011 0.126 0.123 
184 COPE-0184    (0)   :  0.136 0.120 0.125 0.126 0.093 0.147 0.009 0.117 0.126 
185 COPE-0185    (0)   :  0.139 0.111 0.125 0.140 0.101 0.126 0.006 0.119 0.133 
186 COPE-0186    (0)   :  0.125 0.137 0.145 0.149 0.094 0.105 0.005 0.130 0.109 
187 COPE-0187    (0)   :  0.126 0.121 0.096 0.121 0.097 0.138 0.010 0.143 0.149 
188 COPE-0188    (0)   :  0.025 0.025 0.023 0.024 0.025 0.025 0.803 0.025 0.026 
189 COPE-0189    (0)   :  0.111 0.129 0.119 0.118 0.150 0.114 0.008 0.126 0.125 
190 COPE-0190    (0)   :  0.126 0.118 0.106 0.113 0.141 0.134 0.015 0.116 0.132 
191 COPE-0191    (0)   :  0.128 0.130 0.130 0.122 0.128 0.110 0.012 0.122 0.119 
192 COPE-0192   (14)   :  0.010 0.011 0.012 0.011 0.011 0.010 0.915 0.011 0.010 
193 COPE-0193    (0)   :  0.142 0.134 0.145 0.113 0.109 0.109 0.006 0.126 0.116 
194 COPE-0194    (0)   :  0.114 0.123 0.101 0.117 0.139 0.126 0.009 0.129 0.143 
195 COPE-0195    (0)   :  0.122 0.118 0.114 0.116 0.147 0.126 0.007 0.121 0.130 
196 COPE-0196    (0)   :  0.121 0.116 0.116 0.124 0.148 0.123 0.011 0.118 0.123 
197 COPE-0197    (0)   :  0.111 0.129 0.127 0.118 0.146 0.114 0.007 0.127 0.120 
198 COPE-0198    (0)   :  0.113 0.126 0.127 0.128 0.117 0.124 0.014 0.131 0.120 
199 COPE-0199    (0)   :  0.100 0.134 0.124 0.118 0.143 0.119 0.011 0.134 0.118 
200 COPE-0200   (42)   :  0.100 0.137 0.126 0.116 0.147 0.118 0.009 0.128 0.118 
201 COPE-0201    (0)   :  0.131 0.120 0.121 0.133 0.106 0.124 0.009 0.130 0.126 
202 COPE-0202    (0)   :  0.145 0.108 0.111 0.127 0.101 0.152 0.013 0.102 0.140 
203 COPE-0203    (0)   :  0.134 0.120 0.125 0.128 0.106 0.128 0.006 0.124 0.127 
204 COPE-0204    (0)   :  0.100 0.119 0.118 0.131 0.102 0.132 0.031 0.140 0.127 
205 COPE-0205    (0)   :  0.146 0.128 0.141 0.109 0.109 0.107 0.023 0.120 0.118 
206 COPE-0206    (0)   :  0.097 0.123 0.137 0.129 0.145 0.126 0.005 0.128 0.109 
207 COPE-0207    (0)   :  0.108 0.126 0.143 0.146 0.086 0.132 0.011 0.134 0.114 
208 COPE-0208    (0)   :  0.028 0.028 0.028 0.029 0.055 0.029 0.749 0.027 0.028 
209 COPE-0209    (0)   :  0.110 0.126 0.127 0.124 0.152 0.115 0.007 0.122 0.116 
210 COPE-0210    (0)   :  0.140 0.142 0.141 0.115 0.106 0.101 0.011 0.123 0.120 
211 COPE-0211    (0)   :  0.115 0.120 0.104 0.116 0.144 0.126 0.005 0.128 0.143 
212 COPE-0212    (0)   :  0.121 0.126 0.138 0.138 0.087 0.128 0.012 0.131 0.118 
213 COPE-0213    (0)   :  0.105 0.119 0.128 0.130 0.131 0.128 0.008 0.130 0.121 
214 COPE-0214    (0)   :  0.093 0.138 0.127 0.119 0.144 0.122 0.008 0.131 0.116 
215 COPE-0215    (0)   :  0.091 0.131 0.120 0.114 0.148 0.113 0.043 0.125 0.115 
216 COPE-0216   (14)   :  0.078 0.078 0.080 0.070 0.074 0.065 0.411 0.072 0.071 
217 COPE-0217    (0)   :  0.100 0.125 0.137 0.134 0.095 0.134 0.028 0.133 0.113 
218 COPE-0218    (0)   :  0.125 0.128 0.132 0.118 0.130 0.115 0.009 0.126 0.118 
219 COPE-0219   (14)   :  0.112 0.132 0.127 0.119 0.134 0.119 0.009 0.128 0.122 
220 COPE-0220    (0)   :  0.097 0.128 0.143 0.138 0.093 0.134 0.014 0.138 0.113 
221 COPE-0221    (0)   :  0.146 0.104 0.109 0.139 0.087 0.142 0.016 0.115 0.143 
222 COPE-0222    (0)   :  0.158 0.130 0.135 0.123 0.083 0.115 0.007 0.119 0.130 
223 COPE-0223    (0)   :  0.102 0.126 0.118 0.115 0.169 0.115 0.008 0.125 0.121 
224 COPE-0224    (0)   :  0.137 0.111 0.107 0.119 0.109 0.162 0.020 0.102 0.131 
225 COPE-0225    (0)   :  0.091 0.139 0.127 0.118 0.141 0.120 0.015 0.132 0.116 
226 COPE-0226    (0)   :  0.139 0.125 0.124 0.123 0.119 0.120 0.007 0.119 0.124 
227 COPE-0227    (0)   :  0.120 0.126 0.134 0.132 0.126 0.116 0.006 0.125 0.115 
228 COPE-0228    (0)   :  0.100 0.124 0.131 0.125 0.131 0.129 0.020 0.128 0.112 
229 COPE-0229    (0)   :  0.126 0.126 0.124 0.121 0.124 0.126 0.007 0.125 0.122 
230 COPE-0230    (0)   :  0.128 0.123 0.118 0.126 0.110 0.126 0.010 0.133 0.125 
231 COPE-0231    (0)   :  0.118 0.130 0.127 0.117 0.132 0.116 0.006 0.132 0.123 
232 COPE-0232    (0)   :  0.123 0.115 0.113 0.124 0.123 0.140 0.015 0.118 0.130 
233 COPE-0233    (0)   :  0.145 0.111 0.127 0.137 0.094 0.134 0.005 0.115 0.132 
234 COPE-0234    (0)   :  0.124 0.106 0.112 0.119 0.152 0.146 0.008 0.104 0.127 
235 COPE-0235    (0)   :  0.120 0.115 0.121 0.126 0.123 0.136 0.006 0.123 0.130 
236 COPE-0236    (0)   :  0.119 0.125 0.124 0.134 0.090 0.133 0.005 0.143 0.128 
237 COPE-0237    (0)   :  0.136 0.112 0.131 0.145 0.093 0.129 0.006 0.117 0.131 
238 COPE-0238    (0)   :  0.102 0.139 0.127 0.117 0.141 0.112 0.008 0.133 0.121 
239 COPE-0239    (0)   :  0.131 0.115 0.113 0.116 0.116 0.142 0.034 0.108 0.126 
240 COPE-0240    (0)   :  0.151 0.138 0.150 0.117 0.093 0.106 0.008 0.121 0.115 
241 COPE-0241    (0)   :  0.098 0.142 0.125 0.119 0.139 0.117 0.007 0.132 0.122 
242 COPE-0242    (0)   :  0.112 0.129 0.147 0.140 0.096 0.123 0.006 0.132 0.115 
243 COPE-0243    (0)   :  0.119 0.125 0.101 0.123 0.099 0.133 0.008 0.144 0.148 
244 COPE-0244    (0)   :  0.111 0.124 0.119 0.116 0.148 0.125 0.009 0.127 0.122 
245 COPE-0245    (0)   :  0.123 0.121 0.105 0.120 0.106 0.133 0.012 0.136 0.143 
246 COPE-0246    (0)   :  0.132 0.124 0.122 0.122 0.124 0.120 0.013 0.118 0.124 
247 COPE-0247    (0)   :  0.126 0.117 0.119 0.128 0.115 0.129 0.017 0.119 0.130 
248 COPE-0248    (0)   :  0.121 0.116 0.119 0.121 0.135 0.126 0.005 0.129 0.129 
249 COPE-0249    (0)   :  0.118 0.115 0.108 0.108 0.158 0.134 0.032 0.106 0.121 
250 COPE-0250    (0)   :  0.132 0.110 0.117 0.124 0.106 0.155 0.016 0.110 0.131 
251 COPE-0251   (14)   :  0.036 0.028 0.032 0.036 0.026 0.033 0.743 0.030 0.035 
252 COPE-0252    (0)   :  0.133 0.115 0.111 0.125 0.110 0.143 0.012 0.114 0.136 
253 COPE-0253    (0)   :  0.147 0.111 0.103 0.136 0.093 0.139 0.008 0.119 0.143 
254 COPE-0254    (0)   :  0.122 0.120 0.103 0.121 0.093 0.138 0.014 0.146 0.142 
255 COPE-0255    (0)   :  0.119 0.111 0.109 0.125 0.126 0.130 0.026 0.123 0.131 
256 COPE-0256    (0)   :  0.153 0.144 0.153 0.111 0.091 0.100 0.011 0.124 0.113 
257 COPE-0257    (0)   :  0.124 0.137 0.148 0.147 0.098 0.102 0.008 0.129 0.107 
258 COPE-0258    (0)   :  0.109 0.120 0.124 0.121 0.176 0.105 0.020 0.118 0.105 
259 COPE-0259    (0)   :  0.117 0.122 0.121 0.124 0.128 0.122 0.006 0.130 0.130 
260 COPE-0260    (0)   :  0.102 0.131 0.125 0.117 0.144 0.114 0.024 0.127 0.117 
261 COPE-0261    (0)   :  0.113 0.122 0.105 0.128 0.089 0.141 0.006 0.152 0.144 
262 COPE-0262    (0)   :  0.130 0.130 0.123 0.109 0.108 0.118 0.020 0.132 0.129 
263 COPE-0263    (0)   :  0.133 0.120 0.136 0.137 0.114 0.115 0.008 0.121 0.116 
264 COPE-0264    (0)   :  0.116 0.127 0.135 0.135 0.124 0.108 0.020 0.126 0.109 
265 COPE-0265    (0)   :  0.132 0.117 0.113 0.123 0.121 0.127 0.011 0.128 0.127 
266 COPE-0266    (0)   :  0.103 0.120 0.128 0.124 0.130 0.131 0.017 0.129 0.117 
267 COPE-0267    (0)   :  0.145 0.109 0.124 0.134 0.090 0.145 0.006 0.115 0.130 
268 COPE-0268    (0)   :  0.143 0.109 0.134 0.141 0.087 0.133 0.012 0.115 0.126 
269 COPE-0269    (0)   :  0.133 0.131 0.134 0.122 0.138 0.106 0.007 0.112 0.117 
270 COPE-0270    (0)   :  0.119 0.127 0.102 0.121 0.106 0.131 0.007 0.136 0.150 
271 COPE-0271    (0)   :  0.128 0.133 0.131 0.122 0.115 0.112 0.008 0.123 0.129 
272 COPE-0272    (0)   :  0.126 0.115 0.110 0.120 0.143 0.128 0.007 0.123 0.128 
273 COPE-0273    (0)   :  0.117 0.119 0.133 0.141 0.085 0.137 0.015 0.133 0.120 
274 COPE-0274   (14)   :  0.022 0.022 0.020 0.021 0.025 0.022 0.822 0.023 0.023 
275 COPE-0275    (0)   :  0.115 0.115 0.117 0.121 0.151 0.127 0.010 0.115 0.128 
276 COPE-0276   (14)   :  0.006 0.006 0.006 0.006 0.006 0.006 0.950 0.006 0.006 
277 COPE-0277   (14)   :  0.142 0.144 0.148 0.119 0.097 0.100 0.013 0.123 0.113 
278 COPE-0278    (0)   :  0.097 0.130 0.150 0.145 0.081 0.134 0.007 0.143 0.113 
279 COPE-0279    (0)   :  0.113 0.123 0.131 0.128 0.119 0.126 0.009 0.131 0.120 
280 COPE-0280    (0)   :  0.013 0.013 0.013 0.013 0.014 0.013 0.896 0.013 0.013 
281 COPE-0281    (0)   :  0.024 0.029 0.028 0.028 0.060 0.028 0.749 0.027 0.027 
282 COPE-0282   (14)   :  0.139 0.110 0.106 0.122 0.109 0.170 0.006 0.102 0.136 
283 COPE-0283    (0)   :  0.103 0.128 0.144 0.139 0.105 0.128 0.007 0.133 0.112 
284 COPE-0284   (14)   :  0.096 0.121 0.116 0.108 0.194 0.105 0.033 0.114 0.113 
285 COPE-0285    (0)   :  0.032 0.033 0.032 0.031 0.032 0.029 0.747 0.033 0.030 
286 COPE-0286    (0)   :  0.095 0.105 0.109 0.099 0.278 0.102 0.011 0.095 0.107 
287 COPE-0287    (0)   :  0.139 0.107 0.135 0.139 0.089 0.125 0.033 0.112 0.122 
288 COPE-0288    (0)   :  0.146 0.105 0.110 0.138 0.088 0.147 0.010 0.115 0.141 
289 COPE-0289    (0)   :  0.142 0.134 0.129 0.121 0.102 0.117 0.008 0.126 0.121 
290 COPE-0290    (0)   :  0.110 0.127 0.108 0.119 0.133 0.123 0.008 0.132 0.139 
291 COPE-0291    (0)   :  0.112 0.130 0.131 0.126 0.155 0.108 0.006 0.121 0.111 
292 COPE-0292   (42)   :  0.014 0.015 0.014 0.014 0.017 0.015 0.882 0.015 0.015 
293 COPE-0293    (0)   :  0.142 0.113 0.103 0.133 0.096 0.139 0.008 0.128 0.138 
294 COPE-0294    (0)   :  0.117 0.118 0.119 0.115 0.154 0.126 0.011 0.117 0.122 
295 COPE-0295    (0)   :  0.142 0.121 0.123 0.122 0.096 0.146 0.008 0.117 0.125 
296 COPE-0296   (14)   :  0.134 0.118 0.117 0.128 0.108 0.131 0.007 0.125 0.133 
297 COPE-0297   (14)   :  0.092 0.132 0.119 0.113 0.158 0.114 0.035 0.123 0.114 
298 COPE-0298    (0)   :  0.139 0.115 0.106 0.122 0.114 0.138 0.010 0.123 0.134 
299 COPE-0299    (0)   :  0.119 0.125 0.098 0.120 0.113 0.133 0.006 0.141 0.146 
300 COPE-0300   (14)   :  0.148 0.128 0.145 0.122 0.099 0.114 0.008 0.119 0.117 
301 COPE-0301   (14)   :  0.153 0.104 0.102 0.140 0.081 0.145 0.009 0.118 0.148 
302 COPE-0302    (0)   :  0.106 0.106 0.103 0.091 0.089 0.080 0.235 0.099 0.090 
303 COPE-0303    (0)   :  0.102 0.128 0.136 0.141 0.092 0.132 0.006 0.144 0.118 
304 COPE-0304    (0)   :  0.131 0.126 0.123 0.120 0.112 0.131 0.007 0.126 0.124 
305 COPE-0305   (14)   :  0.121 0.123 0.121 0.115 0.155 0.109 0.037 0.107 0.112 
306 COPE-0306    (0)   :  0.095 0.130 0.146 0.144 0.086 0.135 0.009 0.143 0.112 
307 COPE-0307   (28)   :  0.008 0.008 0.008 0.008 0.008 0.008 0.935 0.008 0.008 
308 COPE-0308    (0)   :  0.140 0.108 0.106 0.125 0.109 0.167 0.006 0.105 0.134 
309 COPE-0309   (14)   :  0.046 0.042 0.042 0.042 0.068 0.046 0.624 0.043 0.046 
310 COPE-0310   (28)   :  0.044 0.048 0.052 0.051 0.039 0.036 0.647 0.045 0.038 
311 COPE-0311    (0)   :  0.109 0.114 0.127 0.120 0.184 0.108 0.022 0.111 0.103 
312 COPE-0312   (28)   :  0.012 0.013 0.013 0.013 0.012 0.013 0.898 0.013 0.013 
313 COPE-0313    (0)   :  0.108 0.128 0.142 0.141 0.096 0.126 0.008 0.136 0.115 
314 COPE-0314    (0)   :  0.134 0.110 0.130 0.138 0.097 0.128 0.007 0.123 0.132 
315 COPE-0315    (0)   :  0.111 0.127 0.132 0.131 0.117 0.126 0.008 0.130 0.118 
316 COPE-0316    (0)   :  0.101 0.117 0.108 0.115 0.169 0.118 0.021 0.124 0.126 
317 COPE-0317   (14)   :  0.009 0.009 0.009 0.009 0.008 0.008 0.932 0.008 0.008 
318 COPE-0318    (0)   :  0.116 0.124 0.120 0.126 0.124 0.127 0.005 0.129 0.128 
319 COPE-0319    (0)   :  0.130 0.114 0.116 0.120 0.126 0.147 0.007 0.111 0.129 
320 COPE-0320   (14)   :  0.142 0.119 0.111 0.128 0.102 0.133 0.014 0.116 0.135 
321 COPE-0321   (14)   :  0.121 0.125 0.133 0.141 0.104 0.118 0.011 0.129 0.118 
322 COPE-0322   (14)   :  0.110 0.129 0.126 0.125 0.127 0.122 0.006 0.131 0.123 
323 COPE-0323    (0)   :  0.124 0.137 0.153 0.152 0.097 0.096 0.010 0.126 0.104 
324 COPE-0324    (0)   :  0.101 0.137 0.128 0.121 0.136 0.120 0.006 0.133 0.117 
325 COPE-0325   (14)   :  0.158 0.153 0.156 0.111 0.087 0.089 0.011 0.119 0.115 
326 COPE-0326    (0)   :  0.138 0.112 0.113 0.134 0.092 0.150 0.007 0.125 0.130 
327 COPE-0327   (14)   :  0.139 0.107 0.100 0.125 0.135 0.132 0.008 0.117 0.136 
328 COPE-0328    (0)   :  0.111 0.127 0.124 0.128 0.123 0.121 0.006 0.134 0.125 
329 COPE-0329   (28)   :  0.100 0.131 0.131 0.124 0.128 0.123 0.012 0.132 0.118 
330 COPE-0330    (0)   :  0.129 0.116 0.132 0.132 0.097 0.120 0.021 0.124 0.127 
331 COPE-0331    (0)   :  0.151 0.105 0.105 0.141 0.083 0.143 0.006 0.117 0.149 
332 COPE-0332   (14)   :  0.108 0.119 0.128 0.131 0.139 0.123 0.007 0.129 0.117 
333 COPE-0333    (0)   :  0.116 0.091 0.088 0.110 0.113 0.113 0.152 0.101 0.116 
334 COPE-0334   (28)   :  0.051 0.052 0.056 0.056 0.046 0.045 0.598 0.051 0.046 
335 COPE-0335    (0)   :  0.096 0.139 0.128 0.120 0.139 0.122 0.007 0.132 0.116 
336 COPE-0336    (0)   :  0.109 0.104 0.106 0.111 0.219 0.120 0.006 0.107 0.118 
337 COPE-0337   (28)   :  0.016 0.020 0.019 0.018 0.021 0.017 0.852 0.018 0.018 
338 COPE-0338    (0)   :  0.127 0.122 0.139 0.133 0.113 0.111 0.021 0.122 0.112 
339 COPE-0339    (0)   :  0.167 0.153 0.154 0.105 0.084 0.094 0.006 0.123 0.113 
340 COPE-0340   (14)   :  0.012 0.012 0.012 0.012 0.012 0.012 0.904 0.012 0.012 
341 COPE-0341    (0)   :  0.133 0.110 0.117 0.125 0.114 0.149 0.007 0.113 0.133 
342 COPE-0342    (0)   :  0.094 0.143 0.127 0.120 0.141 0.117 0.007 0.133 0.119 
343 COPE-0343    (0)   :  0.120 0.120 0.121 0.132 0.097 0.139 0.006 0.136 0.129 
344 COPE-0344   (14)   :  0.011 0.010 0.011 0.011 0.010 0.011 0.915 0.010 0.011 
345 COPE-0345    (0)   :  0.136 0.115 0.119 0.121 0.125 0.146 0.006 0.105 0.126 
346 COPE-0346    (0)   :  0.112 0.111 0.117 0.112 0.172 0.115 0.032 0.112 0.117 
347 COPE-0347    (0)   :  0.121 0.123 0.111 0.114 0.149 0.119 0.007 0.127 0.129 
348 COPE-0348    (0)   :  0.111 0.123 0.117 0.125 0.107 0.132 0.015 0.138 0.132 
349 COPE-0349    (0)   :  0.102 0.136 0.126 0.122 0.135 0.116 0.006 0.133 0.123 
350 COPE-0350    (0)   :  0.115 0.122 0.106 0.119 0.142 0.122 0.006 0.129 0.140 
351 COPE-0351    (0)   :  0.114 0.128 0.104 0.120 0.117 0.128 0.006 0.143 0.141 
352 COPE-0352    (0)   :  0.101 0.114 0.113 0.108 0.212 0.109 0.026 0.110 0.108 
353 COPE-0353    (0)   :  0.124 0.137 0.142 0.141 0.107 0.106 0.005 0.128 0.110 
354 COPE-0354    (0)   :  0.126 0.123 0.122 0.131 0.117 0.118 0.016 0.126 0.122 
355 COPE-0355    (0)   :  0.169 0.155 0.159 0.102 0.085 0.088 0.006 0.121 0.114 
356 COPE-0356    (0)   :  0.125 0.120 0.100 0.122 0.092 0.142 0.008 0.144 0.146 
357 COPE-0357    (0)   :  0.118 0.126 0.124 0.123 0.134 0.126 0.009 0.121 0.119 
358 COPE-0358    (0)   :  0.007 0.008 0.007 0.007 0.008 0.007 0.939 0.008 0.007 
359 COPE-0359   (14)   :  0.122 0.123 0.127 0.121 0.129 0.127 0.009 0.123 0.120 
360 COPE-0360    (0)   :  0.123 0.136 0.138 0.140 0.104 0.109 0.006 0.132 0.111 
361 COPE-0361    (0)   :  0.124 0.114 0.112 0.127 0.110 0.140 0.008 0.127 0.139 
362 COPE-0362    (0)   :  0.100 0.140 0.130 0.122 0.135 0.119 0.007 0.132 0.116 
363 COPE-0363   (14)   :  0.124 0.115 0.124 0.118 0.130 0.130 0.013 0.120 0.124 
364 COPE-0364    (0)   :  0.129 0.120 0.142 0.142 0.102 0.114 0.006 0.125 0.121 
365 COPE-0365    (0)   :  0.133 0.119 0.141 0.150 0.089 0.111 0.019 0.121 0.117 
366 COPE-0366    (0)   :  0.096 0.131 0.115 0.113 0.167 0.113 0.023 0.124 0.119 
367 COPE-0367   (14)   :  0.013 0.011 0.011 0.012 0.011 0.013 0.904 0.011 0.012 
368 COPE-0368    (0)   :  0.155 0.141 0.145 0.109 0.099 0.104 0.010 0.122 0.116 
369 COPE-0369    (0)   :  0.139 0.119 0.122 0.125 0.106 0.132 0.009 0.116 0.133 
370 COPE-0370   (28)   :  0.009 0.009 0.009 0.009 0.009 0.009 0.929 0.009 0.009 
371 COPE-0371    (0)   :  0.137 0.119 0.128 0.141 0.096 0.123 0.013 0.114 0.128 
372 COPE-0372    (0)   :  0.103 0.126 0.132 0.123 0.112 0.114 0.048 0.132 0.110 
373 COPE-0373   (14)   :  0.141 0.109 0.113 0.135 0.094 0.151 0.007 0.118 0.132 
374 COPE-0374    (0)   :  0.133 0.118 0.127 0.120 0.124 0.134 0.008 0.116 0.120 
375 COPE-0375   (14)   :  0.130 0.125 0.144 0.142 0.108 0.110 0.010 0.119 0.112 
376 COPE-0376   (14)   :  0.117 0.122 0.102 0.122 0.097 0.138 0.006 0.150 0.146 
377 COPE-0377    (0)   :  0.052 0.049 0.046 0.050 0.060 0.056 0.586 0.048 0.053 
378 COPE-0378    (0)   :  0.138 0.143 0.141 0.121 0.106 0.102 0.006 0.120 0.123 
379 COPE-0379    (0)   :  0.097 0.140 0.123 0.118 0.145 0.117 0.007 0.131 0.122 
380 COPE-0380   (28)   :  0.030 0.036 0.038 0.039 0.028 0.038 0.717 0.040 0.035 
381 COPE-0381    (0)   :  0.126 0.124 0.117 0.120 0.154 0.115 0.011 0.113 0.120 
382 COPE-0382    (0)   :  0.101 0.142 0.125 0.120 0.137 0.117 0.006 0.132 0.121 
383 COPE-0383    (0)   :  0.123 0.121 0.140 0.143 0.094 0.100 0.061 0.114 0.105 
384 COPE-0384    (0)   :  0.136 0.137 0.136 0.126 0.099 0.111 0.008 0.126 0.121 


Estimated Allele Frequencies in each cluster
First column gives estimated ancestral frequencies


Locus 1 : COPE5 
78 alleles
0.5% missing data
   1   (0.007) 0.001 0.001 0.001 0.001 0.002 0.001 0.689 0.001 0.001 
   2   (0.024) 0.026 0.024 0.023 0.023 0.025 0.024 0.013 0.022 0.024 
   3   (0.014) 0.016 0.014 0.014 0.014 0.015 0.015 0.001 0.013 0.015 
   4   (0.022) 0.025 0.027 0.026 0.023 0.026 0.023 0.001 0.025 0.025 
   5   (0.012) 0.009 0.010 0.010 0.009 0.012 0.010 0.001 0.010 0.010 
   6   (0.019) 0.017 0.018 0.017 0.017 0.021 0.019 0.004 0.017 0.018 
   7   (0.008) 0.004 0.003 0.003 0.003 0.005 0.004 0.001 0.003 0.003 
   8   (0.033) 0.088 0.089 0.097 0.097 0.068 0.101 0.002 0.092 0.087 
   9   (0.020) 0.021 0.021 0.022 0.022 0.021 0.023 0.001 0.022 0.022 
  10   (0.019) 0.020 0.020 0.021 0.020 0.019 0.019 0.001 0.020 0.020 
  11   (0.014) 0.016 0.014 0.016 0.017 0.014 0.015 0.013 0.014 0.015 
  12   (0.016) 0.026 0.021 0.020 0.025 0.020 0.026 0.001 0.023 0.026 
  13   (0.010) 0.012 0.010 0.009 0.011 0.010 0.012 0.001 0.010 0.012 
  14   (0.024) 0.030 0.026 0.026 0.028 0.025 0.028 0.002 0.027 0.029 
  15   (0.016) 0.040 0.038 0.040 0.029 0.026 0.025 0.001 0.032 0.030 
  16   (0.010) 0.006 0.006 0.005 0.006 0.007 0.006 0.001 0.006 0.007 
  17   (0.018) 0.013 0.015 0.014 0.015 0.016 0.015 0.001 0.015 0.015 
  18   (0.016) 0.011 0.015 0.014 0.013 0.017 0.012 0.006 0.014 0.013 
  19   (0.011) 0.008 0.011 0.010 0.009 0.012 0.009 0.001 0.010 0.010 
  20   (0.029) 0.061 0.053 0.055 0.055 0.043 0.051 0.002 0.052 0.053 
  21   (0.023) 0.022 0.023 0.022 0.021 0.023 0.021 0.001 0.022 0.022 
  22   (0.019) 0.015 0.016 0.016 0.015 0.017 0.014 0.008 0.015 0.014 
  23   (0.013) 0.011 0.012 0.011 0.011 0.013 0.011 0.001 0.012 0.012 
  24   (0.015) 0.018 0.019 0.018 0.020 0.017 0.019 0.001 0.021 0.020 
  25   (0.009) 0.009 0.007 0.007 0.008 0.008 0.008 0.001 0.007 0.008 
  26   (0.013) 0.009 0.009 0.008 0.009 0.010 0.009 0.001 0.009 0.009 
  27   (0.012) 0.009 0.009 0.008 0.009 0.010 0.010 0.001 0.010 0.011 
  28   (0.008) 0.002 0.003 0.003 0.003 0.004 0.003 0.017 0.003 0.003 
  29   (0.014) 0.011 0.011 0.010 0.011 0.012 0.012 0.001 0.012 0.013 
  30   (0.019) 0.022 0.019 0.019 0.020 0.020 0.021 0.003 0.019 0.021 
  31   (0.019) 0.019 0.020 0.020 0.018 0.019 0.017 0.001 0.019 0.019 
  32   (0.025) 0.036 0.038 0.038 0.040 0.040 0.039 0.002 0.039 0.039 
  33   (0.006) 0.002 0.002 0.002 0.002 0.003 0.002 0.000 0.002 0.002 
  34   (0.018) 0.021 0.018 0.020 0.020 0.018 0.020 0.001 0.019 0.019 
  35   (0.006) 0.001 0.001 0.001 0.001 0.002 0.001 0.055 0.001 0.001 
  36   (0.006) 0.002 0.002 0.002 0.002 0.003 0.002 0.000 0.002 0.002 
  37   (0.020) 0.027 0.027 0.027 0.026 0.023 0.021 0.016 0.026 0.023 
  38   (0.016) 0.013 0.013 0.012 0.011 0.013 0.012 0.006 0.013 0.013 
  39   (0.015) 0.016 0.019 0.020 0.021 0.016 0.020 0.001 0.021 0.018 
  40   (0.012) 0.008 0.010 0.010 0.009 0.012 0.009 0.001 0.010 0.009 
  41   (0.008) 0.004 0.005 0.004 0.004 0.006 0.005 0.001 0.005 0.005 
  42   (0.006) 0.002 0.002 0.002 0.002 0.003 0.002 0.000 0.002 0.002 
  43   (0.009) 0.005 0.005 0.004 0.004 0.006 0.005 0.001 0.005 0.005 
  44   (0.022) 0.027 0.026 0.024 0.026 0.026 0.030 0.001 0.026 0.028 
  45   (0.006) 0.002 0.002 0.002 0.002 0.003 0.002 0.000 0.002 0.002 
  46   (0.016) 0.018 0.017 0.019 0.019 0.017 0.019 0.001 0.018 0.018 
  47   (0.009) 0.006 0.006 0.006 0.006 0.007 0.007 0.001 0.006 0.006 
  48   (0.006) 0.002 0.002 0.002 0.002 0.003 0.002 0.000 0.002 0.002 
  49   (0.015) 0.018 0.017 0.017 0.015 0.016 0.015 0.001 0.015 0.016 
  50   (0.014) 0.011 0.011 0.011 0.011 0.013 0.011 0.001 0.011 0.011 
  51   (0.012) 0.014 0.015 0.017 0.017 0.014 0.012 0.008 0.014 0.012 
  52   (0.014) 0.013 0.011 0.011 0.012 0.012 0.013 0.001 0.012 0.013 
  53   (0.006) 0.001 0.001 0.001 0.001 0.002 0.001 0.032 0.001 0.001 
  54   (0.006) 0.001 0.001 0.001 0.001 0.002 0.001 0.078 0.001 0.001 
  55   (0.010) 0.007 0.008 0.006 0.007 0.008 0.007 0.001 0.008 0.008 
  56   (0.011) 0.010 0.012 0.012 0.012 0.010 0.011 0.001 0.012 0.010 
  57   (0.014) 0.010 0.012 0.011 0.011 0.014 0.011 0.001 0.012 0.011 
  58   (0.009) 0.006 0.006 0.005 0.006 0.006 0.006 0.000 0.006 0.007 
  59   (0.010) 0.013 0.011 0.010 0.011 0.012 0.015 0.001 0.010 0.012 
  60   (0.010) 0.008 0.008 0.008 0.008 0.008 0.007 0.001 0.007 0.007 
  61   (0.006) 0.002 0.002 0.002 0.002 0.003 0.002 0.000 0.002 0.002 
  62   (0.012) 0.012 0.012 0.012 0.013 0.011 0.011 0.001 0.012 0.011 
  63   (0.011) 0.015 0.015 0.013 0.015 0.013 0.017 0.001 0.018 0.018 
  64   (0.009) 0.005 0.005 0.005 0.005 0.006 0.005 0.001 0.005 0.005 
  65   (0.019) 0.017 0.021 0.022 0.021 0.021 0.020 0.001 0.022 0.019 
  66   (0.009) 0.009 0.009 0.009 0.010 0.009 0.010 0.001 0.010 0.009 
  67   (0.010) 0.006 0.006 0.005 0.006 0.007 0.006 0.001 0.007 0.007 
  68   (0.014) 0.009 0.012 0.011 0.010 0.014 0.010 0.001 0.011 0.011 
  69   (0.006) 0.002 0.002 0.002 0.002 0.003 0.002 0.000 0.002 0.002 
  70   (0.006) 0.002 0.002 0.002 0.002 0.003 0.002 0.000 0.002 0.002 
  71   (0.010) 0.006 0.006 0.006 0.006 0.007 0.006 0.001 0.006 0.006 
  72   (0.006) 0.002 0.002 0.002 0.002 0.003 0.002 0.000 0.002 0.002 
  73   (0.006) 0.002 0.002 0.002 0.002 0.003 0.002 0.000 0.002 0.002 
  74   (0.006) 0.002 0.002 0.002 0.002 0.003 0.002 0.000 0.002 0.002 
  75   (0.009) 0.004 0.005 0.004 0.005 0.006 0.005 0.001 0.005 0.005 
  76   (0.006) 0.002 0.002 0.002 0.002 0.003 0.002 0.000 0.002 0.002 
  77   (0.008) 0.003 0.003 0.003 0.003 0.005 0.003 0.000 0.003 0.003 
  78   (0.006) 0.002 0.002 0.002 0.002 0.003 0.002 0.000 0.002 0.002 

Locus 2 : COPE9 
12 alleles
8.3% missing data
   1   (0.409) 0.472 0.462 0.463 0.479 0.451 0.473 0.410 0.469 0.473 
   2   (0.141) 0.140 0.135 0.133 0.133 0.135 0.142 0.277 0.135 0.141 
   3   (0.044) 0.044 0.053 0.057 0.054 0.046 0.051 0.019 0.055 0.047 
   4   (0.073) 0.073 0.081 0.079 0.072 0.081 0.067 0.021 0.076 0.072 
   5   (0.036) 0.024 0.025 0.023 0.025 0.030 0.026 0.020 0.027 0.027 
   6   (0.137) 0.141 0.134 0.136 0.131 0.133 0.134 0.047 0.132 0.135 
   7   (0.038) 0.026 0.025 0.025 0.025 0.031 0.029 0.072 0.024 0.027 
