

----------------------------------------------------
STRUCTURE by Pritchard, Stephens and Donnelly (2000)
     and Falush, Stephens and Pritchard (2003)
       Code by Pritchard, Falush and Hubisz
             Version 2.3.4 (Jul 2012)
----------------------------------------------------



Command line arguments:   /home/jason/Programs/structure -K 5 -i ../Data/microsats.structure -m Structure_Run/mainparams -e Structure_Run/extraparams -D 68063511 -o ../Structure_Results/05_K_05.out 
Input File:    ../Data/microsats.structure

Run parameters:
   384 individuals
   7 loci
   5 populations assumed
   1000000 Burn-in period
   10000000 Reps
RANDOMIZE turned off


--------------------------------------------
Overall proportion of membership of the
sample in each of the 5 clusters

Inferred Clusters
  1      2      3      4      5    
0.218  0.129  0.218  0.218  0.217  

--------------------------------------------

Allele-freq. divergence among pops (Net nucleotide distance),
computed using point estimates of P.

      1       2       3       4       5      
 1      -    0.1414  0.0002  0.0001  0.0001  
 2   0.1414     -    0.1427  0.1426  0.1430  
 3   0.0002  0.1427     -    0.0000  0.0000  
 4   0.0001  0.1426  0.0000     -    0.0000  
 5   0.0001  0.1430  0.0000  0.0000     -    

Average distances (expected heterozygosity) between individuals in same cluster:
cluster  1  : 0.6263 
cluster  2  : 0.6683 
cluster  3  : 0.6229 
cluster  4  : 0.6228 
cluster  5  : 0.6219 

--------------------------------------------
Estimated Ln Prob of Data   = -8811.3
Mean value of ln likelihood = -8219.0
Variance of ln likelihood   = 1184.6
Mean value of alpha         = 0.0428

Mean value of Fst_1         = 0.0370
Mean value of Fst_2         = 0.1351
Mean value of Fst_3         = 0.0405
Mean value of Fst_4         = 0.0403
Mean value of Fst_5         = 0.0398


Inferred ancestry of individuals:
        Label (%Miss) :  Inferred clusters
  1 COPE-0001    (0)   :  0.007 0.970 0.007 0.007 0.007 
  2 COPE-0002    (0)   :  0.288 0.011 0.247 0.240 0.214 
  3 COPE-0003    (0)   :  0.278 0.006 0.221 0.239 0.255 
  4 COPE-0004    (0)   :  0.291 0.017 0.240 0.238 0.214 
  5 COPE-0005    (0)   :  0.219 0.018 0.278 0.255 0.231 
  6 COPE-0006    (0)   :  0.265 0.019 0.244 0.238 0.234 
  7 COPE-0007    (0)   :  0.200 0.007 0.288 0.263 0.243 
  8 COPE-0008    (0)   :  0.210 0.008 0.257 0.265 0.260 
  9 COPE-0009    (0)   :  0.269 0.017 0.222 0.242 0.251 
 10 COPE-0010    (0)   :  0.266 0.007 0.240 0.232 0.255 
 11 COPE-0011   (14)   :  0.013 0.954 0.011 0.011 0.011 
 12 COPE-0012   (14)   :  0.233 0.007 0.234 0.260 0.266 
 13 COPE-0013    (0)   :  0.281 0.006 0.217 0.238 0.257 
 14 COPE-0014    (0)   :  0.217 0.012 0.273 0.251 0.247 
 15 COPE-0015    (0)   :  0.214 0.007 0.266 0.256 0.257 
 16 COPE-0016    (0)   :  0.239 0.009 0.255 0.257 0.240 
 17 COPE-0017    (0)   :  0.036 0.850 0.039 0.038 0.037 
 18 COPE-0018    (0)   :  0.272 0.008 0.232 0.247 0.241 
 19 COPE-0019    (0)   :  0.259 0.006 0.229 0.248 0.258 
 20 COPE-0020    (0)   :  0.257 0.008 0.241 0.239 0.255 
 21 COPE-0021    (0)   :  0.217 0.006 0.274 0.248 0.255 
 22 COPE-0022    (0)   :  0.243 0.007 0.246 0.260 0.244 
 23 COPE-0023    (0)   :  0.293 0.008 0.241 0.236 0.223 
 24 COPE-0024   (14)   :  0.209 0.006 0.277 0.260 0.248 
 25 COPE-0025    (0)   :  0.249 0.092 0.217 0.219 0.224 
 26 COPE-0026    (0)   :  0.195 0.005 0.284 0.264 0.252 
 27 COPE-0027    (0)   :  0.262 0.006 0.228 0.244 0.260 
 28 COPE-0028    (0)   :  0.242 0.006 0.254 0.247 0.252 
 29 COPE-0029    (0)   :  0.205 0.005 0.279 0.270 0.240 
 30 COPE-0030   (14)   :  0.041 0.847 0.039 0.038 0.036 
 31 COPE-0031    (0)   :  0.194 0.009 0.275 0.269 0.252 
 32 COPE-0032    (0)   :  0.278 0.009 0.240 0.235 0.237 
 33 COPE-0033    (0)   :  0.281 0.010 0.241 0.233 0.234 
 34 COPE-0034    (0)   :  0.197 0.010 0.283 0.263 0.248 
 35 COPE-0035   (14)   :  0.272 0.008 0.239 0.235 0.245 
 36 COPE-0036   (14)   :  0.260 0.006 0.245 0.240 0.248 
 37 COPE-0037    (0)   :  0.236 0.022 0.254 0.239 0.250 
 38 COPE-0038    (0)   :  0.196 0.006 0.274 0.262 0.261 
 39 COPE-0039    (0)   :  0.236 0.161 0.193 0.205 0.205 
 40 COPE-0040   (14)   :  0.242 0.103 0.209 0.220 0.227 
 41 COPE-0041    (0)   :  0.262 0.032 0.226 0.241 0.239 
 42 COPE-0042    (0)   :  0.266 0.010 0.235 0.232 0.257 
 43 COPE-0043    (0)   :  0.282 0.005 0.249 0.242 0.222 
 44 COPE-0044    (0)   :  0.284 0.019 0.232 0.243 0.222 
 45 COPE-0045    (0)   :  0.270 0.032 0.229 0.239 0.230 
 46 COPE-0046    (0)   :  0.029 0.887 0.028 0.028 0.028 
 47 COPE-0047    (0)   :  0.007 0.972 0.007 0.007 0.007 
 48 COPE-0048    (0)   :  0.269 0.007 0.235 0.231 0.258 
 49 COPE-0049    (0)   :  0.280 0.015 0.243 0.242 0.220 
 50 COPE-0050    (0)   :  0.283 0.007 0.223 0.237 0.249 
 51 COPE-0051    (0)   :  0.228 0.130 0.218 0.208 0.216 
 52 COPE-0052    (0)   :  0.194 0.011 0.288 0.262 0.246 
 53 COPE-0053    (0)   :  0.217 0.013 0.269 0.264 0.237 
 54 COPE-0054    (0)   :  0.224 0.005 0.245 0.256 0.270 
 55 COPE-0055    (0)   :  0.219 0.005 0.247 0.268 0.261 
 56 COPE-0056    (0)   :  0.274 0.017 0.225 0.246 0.237 
 57 COPE-0057    (0)   :  0.268 0.010 0.222 0.247 0.253 
 58 COPE-0058    (0)   :  0.278 0.009 0.242 0.239 0.233 
 59 COPE-0059    (0)   :  0.263 0.028 0.221 0.232 0.256 
 60 COPE-0060    (0)   :  0.271 0.007 0.246 0.246 0.230 
 61 COPE-0061    (0)   :  0.245 0.015 0.239 0.253 0.248 
 62 COPE-0062    (0)   :  0.212 0.010 0.270 0.250 0.258 
 63 COPE-0063    (0)   :  0.219 0.025 0.232 0.261 0.262 
 64 COPE-0064    (0)   :  0.232 0.010 0.263 0.251 0.245 
 65 COPE-0065    (0)   :  0.006 0.978 0.005 0.005 0.005 
 66 COPE-0066    (0)   :  0.268 0.014 0.230 0.227 0.260 
 67 COPE-0067   (14)   :  0.024 0.908 0.023 0.022 0.023 
 68 COPE-0068    (0)   :  0.279 0.010 0.217 0.236 0.258 
 69 COPE-0069   (14)   :  0.221 0.014 0.256 0.255 0.253 
 70 COPE-0070    (0)   :  0.261 0.013 0.251 0.247 0.228 
 71 COPE-0071    (0)   :  0.255 0.004 0.235 0.239 0.267 
 72 COPE-0072    (0)   :  0.280 0.007 0.238 0.236 0.239 
 73 COPE-0073   (14)   :  0.040 0.828 0.045 0.045 0.042 
 74 COPE-0074    (0)   :  0.266 0.008 0.238 0.237 0.250 
 75 COPE-0075    (0)   :  0.259 0.021 0.244 0.233 0.242 
 76 COPE-0076    (0)   :  0.243 0.006 0.230 0.258 0.264 
 77 COPE-0077   (14)   :  0.261 0.008 0.238 0.245 0.247 
 78 COPE-0078   (14)   :  0.217 0.008 0.274 0.254 0.247 
 79 COPE-0079    (0)   :  0.298 0.012 0.248 0.237 0.205 
 80 COPE-0080   (42)   :  0.022 0.914 0.021 0.022 0.021 
 81 COPE-0081   (14)   :  0.111 0.539 0.114 0.118 0.119 
 82 COPE-0082   (14)   :  0.243 0.040 0.230 0.238 0.249 
 83 COPE-0083   (14)   :  0.193 0.007 0.289 0.259 0.251 
 84 COPE-0084    (0)   :  0.169 0.333 0.173 0.172 0.153 
 85 COPE-0085    (0)   :  0.275 0.010 0.236 0.246 0.233 
 86 COPE-0086    (0)   :  0.273 0.023 0.243 0.234 0.227 
 87 COPE-0087   (14)   :  0.272 0.007 0.246 0.245 0.229 
 88 COPE-0088   (14)   :  0.255 0.025 0.255 0.245 0.220 
 89 COPE-0089   (14)   :  0.007 0.972 0.007 0.007 0.007 
 90 COPE-0090    (0)   :  0.215 0.007 0.251 0.268 0.258 
 91 COPE-0091   (14)   :  0.257 0.006 0.253 0.250 0.234 
 92 COPE-0092   (28)   :  0.029 0.895 0.025 0.025 0.025 
 93 COPE-0093    (0)   :  0.228 0.007 0.232 0.267 0.267 
 94 COPE-0094    (0)   :  0.289 0.049 0.238 0.227 0.196 
 95 COPE-0095    (0)   :  0.209 0.005 0.273 0.269 0.244 
 96 COPE-0096    (0)   :  0.211 0.008 0.278 0.257 0.245 
 97 COPE-0097    (0)   :  0.227 0.008 0.250 0.247 0.268 
 98 COPE-0098    (0)   :  0.191 0.008 0.279 0.267 0.254 
 99 COPE-0099    (0)   :  0.277 0.020 0.218 0.232 0.252 
100 COPE-0100    (0)   :  0.254 0.007 0.241 0.242 0.256 
101 COPE-0101    (0)   :  0.249 0.044 0.227 0.232 0.248 
102 COPE-0102    (0)   :  0.270 0.006 0.234 0.247 0.243 
103 COPE-0103    (0)   :  0.255 0.017 0.258 0.246 0.224 
104 COPE-0104   (14)   :  0.253 0.007 0.236 0.244 0.259 
105 COPE-0105    (0)   :  0.238 0.036 0.226 0.238 0.262 
106 COPE-0106    (0)   :  0.222 0.005 0.263 0.249 0.261 
107 COPE-0107    (0)   :  0.014 0.941 0.015 0.015 0.015 
108 COPE-0108    (0)   :  0.219 0.006 0.255 0.254 0.266 
109 COPE-0109    (0)   :  0.288 0.014 0.239 0.237 0.222 
110 COPE-0110   (14)   :  0.239 0.015 0.252 0.247 0.247 
111 COPE-0111    (0)   :  0.238 0.010 0.265 0.246 0.242 
112 COPE-0112   (14)   :  0.264 0.011 0.231 0.237 0.256 
113 COPE-0113    (0)   :  0.261 0.025 0.227 0.242 0.246 
114 COPE-0114    (0)   :  0.235 0.011 0.238 0.256 0.260 
115 COPE-0115    (0)   :  0.019 0.914 0.024 0.022 0.021 
116 COPE-0116   (28)   :  0.009 0.964 0.009 0.009 0.009 
117 COPE-0117    (0)   :  0.221 0.014 0.262 0.266 0.237 
118 COPE-0118    (0)   :  0.211 0.011 0.263 0.257 0.259 
119 COPE-0119    (0)   :  0.205 0.011 0.267 0.252 0.267 
120 COPE-0120    (0)   :  0.280 0.011 0.240 0.234 0.235 
121 COPE-0121    (0)   :  0.215 0.062 0.246 0.235 0.242 
122 COPE-0122    (0)   :  0.290 0.007 0.241 0.237 0.224 
123 COPE-0123    (0)   :  0.289 0.014 0.243 0.233 0.221 
124 COPE-0124    (0)   :  0.284 0.013 0.240 0.238 0.225 
125 COPE-0125    (0)   :  0.250 0.007 0.226 0.250 0.268 
126 COPE-0126    (0)   :  0.200 0.015 0.272 0.272 0.242 
127 COPE-0127   (14)   :  0.244 0.007 0.237 0.252 0.260 
128 COPE-0128    (0)   :  0.261 0.021 0.244 0.235 0.240 
129 COPE-0129    (0)   :  0.292 0.007 0.241 0.238 0.222 
130 COPE-0130    (0)   :  0.270 0.012 0.224 0.243 0.251 
131 COPE-0131   (14)   :  0.220 0.011 0.263 0.249 0.256 
132 COPE-0132   (14)   :  0.185 0.032 0.279 0.255 0.250 
133 COPE-0133    (0)   :  0.257 0.013 0.258 0.251 0.221 
134 COPE-0134    (0)   :  0.282 0.007 0.243 0.236 0.232 
135 COPE-0135    (0)   :  0.264 0.009 0.238 0.243 0.247 
136 COPE-0136    (0)   :  0.012 0.955 0.011 0.011 0.011 
137 COPE-0137    (0)   :  0.275 0.012 0.225 0.237 0.251 
138 COPE-0138   (14)   :  0.007 0.971 0.007 0.007 0.007 
139 COPE-0139    (0)   :  0.272 0.008 0.228 0.238 0.253 
140 COPE-0140   (14)   :  0.021 0.920 0.019 0.020 0.020 
141 COPE-0141    (0)   :  0.244 0.009 0.234 0.259 0.254 
142 COPE-0142    (0)   :  0.239 0.008 0.236 0.258 0.260 
143 COPE-0143    (0)   :  0.243 0.008 0.258 0.257 0.235 
144 COPE-0144   (14)   :  0.139 0.519 0.114 0.119 0.109 
145 COPE-0145   (14)   :  0.166 0.422 0.139 0.137 0.136 
146 COPE-0146   (14)   :  0.225 0.029 0.240 0.257 0.249 
147 COPE-0147    (0)   :  0.265 0.071 0.232 0.229 0.203 
148 COPE-0148    (0)   :  0.230 0.011 0.268 0.262 0.228 
149 COPE-0149    (0)   :  0.273 0.007 0.225 0.244 0.251 
150 COPE-0150    (0)   :  0.270 0.012 0.235 0.229 0.255 
151 COPE-0151    (0)   :  0.250 0.007 0.237 0.255 0.251 
152 COPE-0152   (14)   :  0.209 0.119 0.219 0.229 0.224 
153 COPE-0153    (0)   :  0.232 0.006 0.267 0.248 0.247 
154 COPE-0154    (0)   :  0.252 0.006 0.228 0.254 0.260 
155 COPE-0155    (0)   :  0.274 0.006 0.227 0.238 0.255 
156 COPE-0156   (14)   :  0.008 0.968 0.008 0.008 0.008 
157 COPE-0157   (14)   :  0.154 0.370 0.159 0.162 0.155 
158 COPE-0158    (0)   :  0.245 0.009 0.247 0.250 0.248 
159 COPE-0159    (0)   :  0.207 0.007 0.280 0.261 0.246 
160 COPE-0160    (0)   :  0.269 0.006 0.245 0.244 0.237 
161 COPE-0161    (0)   :  0.275 0.011 0.233 0.245 0.237 
162 COPE-0162   (14)   :  0.006 0.974 0.006 0.007 0.006 
163 COPE-0163   (28)   :  0.012 0.951 0.012 0.012 0.012 
164 COPE-0164    (0)   :  0.248 0.039 0.225 0.247 0.241 
165 COPE-0165    (0)   :  0.272 0.008 0.227 0.243 0.251 
166 COPE-0166   (14)   :  0.286 0.007 0.247 0.236 0.223 
167 COPE-0167    (0)   :  0.268 0.007 0.254 0.247 0.224 
168 COPE-0168    (0)   :  0.213 0.006 0.278 0.260 0.244 
169 COPE-0169    (0)   :  0.271 0.015 0.223 0.237 0.254 
170 COPE-0170    (0)   :  0.212 0.044 0.253 0.249 0.243 
171 COPE-0171    (0)   :  0.210 0.009 0.273 0.256 0.252 
172 COPE-0172    (0)   :  0.235 0.006 0.255 0.252 0.252 
173 COPE-0173   (14)   :  0.267 0.067 0.211 0.219 0.237 
174 COPE-0174   (28)   :  0.269 0.024 0.234 0.246 0.227 
175 COPE-0175    (0)   :  0.239 0.037 0.256 0.251 0.217 
176 COPE-0176    (0)   :  0.234 0.010 0.248 0.253 0.256 
177 COPE-0177    (0)   :  0.271 0.007 0.222 0.247 0.253 
178 COPE-0178    (0)   :  0.238 0.008 0.244 0.240 0.270 
179 COPE-0179    (0)   :  0.275 0.008 0.235 0.239 0.243 
180 COPE-0180   (14)   :  0.279 0.006 0.226 0.234 0.254 
181 COPE-0181   (14)   :  0.278 0.010 0.224 0.238 0.251 
182 COPE-0182    (0)   :  0.203 0.005 0.265 0.262 0.265 
183 COPE-0183    (0)   :  0.258 0.011 0.240 0.247 0.244 
184 COPE-0184    (0)   :  0.221 0.009 0.280 0.254 0.237 
185 COPE-0185    (0)   :  0.211 0.007 0.265 0.261 0.257 
186 COPE-0186    (0)   :  0.205 0.006 0.278 0.254 0.258 
187 COPE-0187    (0)   :  0.255 0.010 0.238 0.239 0.257 
188 COPE-0188    (0)   :  0.017 0.935 0.016 0.016 0.016 
189 COPE-0189    (0)   :  0.268 0.010 0.228 0.239 0.255 
190 COPE-0190    (0)   :  0.292 0.015 0.239 0.235 0.219 
191 COPE-0191    (0)   :  0.253 0.012 0.237 0.250 0.248 
192 COPE-0192   (14)   :  0.008 0.963 0.010 0.009 0.009 
193 COPE-0193    (0)   :  0.233 0.007 0.252 0.262 0.247 
194 COPE-0194    (0)   :  0.258 0.011 0.237 0.235 0.258 
195 COPE-0195    (0)   :  0.265 0.008 0.242 0.242 0.243 
196 COPE-0196    (0)   :  0.255 0.010 0.252 0.241 0.242 
197 COPE-0197    (0)   :  0.281 0.007 0.225 0.232 0.255 
198 COPE-0198    (0)   :  0.214 0.012 0.259 0.253 0.262 
199 COPE-0199    (0)   :  0.270 0.012 0.220 0.241 0.257 
200 COPE-0200   (42)   :  0.278 0.010 0.219 0.240 0.253 
201 COPE-0201    (0)   :  0.212 0.008 0.253 0.261 0.266 
202 COPE-0202    (0)   :  0.244 0.017 0.260 0.248 0.232 
203 COPE-0203    (0)   :  0.235 0.006 0.255 0.254 0.249 
204 COPE-0204    (0)   :  0.235 0.043 0.231 0.231 0.260 
205 COPE-0205    (0)   :  0.232 0.021 0.253 0.254 0.239 
206 COPE-0206    (0)   :  0.226 0.005 0.261 0.246 0.262 
207 COPE-0207    (0)   :  0.194 0.010 0.285 0.254 0.256 
208 COPE-0208    (0)   :  0.022 0.913 0.021 0.022 0.022 
209 COPE-0209    (0)   :  0.263 0.007 0.231 0.241 0.259 
210 COPE-0210    (0)   :  0.236 0.010 0.257 0.245 0.252 
211 COPE-0211    (0)   :  0.270 0.005 0.238 0.229 0.258 
212 COPE-0212    (0)   :  0.194 0.011 0.285 0.259 0.252 
213 COPE-0213    (0)   :  0.250 0.007 0.248 0.238 0.257 
214 COPE-0214    (0)   :  0.276 0.009 0.225 0.233 0.257 
215 COPE-0215    (0)   :  0.272 0.034 0.216 0.229 0.249 
216 COPE-0216   (14)   :  0.108 0.595 0.102 0.101 0.094 
217 COPE-0217    (0)   :  0.218 0.028 0.262 0.243 0.248 
218 COPE-0218    (0)   :  0.230 0.009 0.256 0.254 0.251 
219 COPE-0219   (14)   :  0.271 0.009 0.224 0.241 0.255 
220 COPE-0220    (0)   :  0.239 0.014 0.249 0.240 0.258 
221 COPE-0221    (0)   :  0.221 0.018 0.250 0.255 0.256 
222 COPE-0222    (0)   :  0.190 0.006 0.282 0.273 0.248 
223 COPE-0223    (0)   :  0.288 0.008 0.230 0.236 0.237 
224 COPE-0224    (0)   :  0.276 0.023 0.249 0.242 0.209 
225 COPE-0225    (0)   :  0.271 0.017 0.224 0.230 0.257 
226 COPE-0226    (0)   :  0.250 0.009 0.243 0.257 0.241 
227 COPE-0227    (0)   :  0.220 0.006 0.268 0.249 0.257 
228 COPE-0228    (0)   :  0.256 0.033 0.237 0.234 0.239 
229 COPE-0229    (0)   :  0.259 0.008 0.241 0.246 0.247 
230 COPE-0230    (0)   :  0.250 0.009 0.225 0.254 0.262 
231 COPE-0231    (0)   :  0.272 0.006 0.224 0.237 0.260 
232 COPE-0232    (0)   :  0.280 0.014 0.241 0.237 0.228 
233 COPE-0233    (0)   :  0.199 0.005 0.275 0.267 0.254 
234 COPE-0234    (0)   :  0.294 0.008 0.250 0.238 0.211 
235 COPE-0235    (0)   :  0.291 0.005 0.241 0.238 0.225 
236 COPE-0236    (0)   :  0.242 0.005 0.231 0.254 0.269 
237 COPE-0237    (0)   :  0.201 0.006 0.277 0.259 0.258 
238 COPE-0238    (0)   :  0.278 0.007 0.218 0.238 0.258 
239 COPE-0239    (0)   :  0.270 0.035 0.244 0.240 0.210 
240 COPE-0240    (0)   :  0.212 0.008 0.281 0.262 0.238 
241 COPE-0241    (0)   :  0.281 0.007 0.217 0.239 0.257 
242 COPE-0242    (0)   :  0.223 0.007 0.267 0.248 0.255 
243 COPE-0243    (0)   :  0.274 0.008 0.247 0.234 0.238 
244 COPE-0244    (0)   :  0.274 0.009 0.239 0.240 0.239 
245 COPE-0245    (0)   :  0.245 0.015 0.249 0.238 0.253 
246 COPE-0246    (0)   :  0.279 0.013 0.242 0.243 0.223 
247 COPE-0247    (0)   :  0.244 0.018 0.234 0.251 0.253 
248 COPE-0248    (0)   :  0.218 0.005 0.263 0.252 0.262 
249 COPE-0249    (0)   :  0.284 0.039 0.226 0.237 0.214 
250 COPE-0250    (0)   :  0.282 0.018 0.251 0.234 0.215 
251 COPE-0251   (14)   :  0.023 0.895 0.027 0.028 0.027 
252 COPE-0252    (0)   :  0.293 0.012 0.249 0.235 0.211 
253 COPE-0253    (0)   :  0.234 0.008 0.232 0.264 0.262 
254 COPE-0254    (0)   :  0.247 0.011 0.233 0.244 0.264 
255 COPE-0255    (0)   :  0.235 0.025 0.238 0.241 0.262 
256 COPE-0256    (0)   :  0.221 0.011 0.269 0.260 0.240 
257 COPE-0257    (0)   :  0.220 0.009 0.268 0.253 0.249 
258 COPE-0258    (0)   :  0.227 0.028 0.254 0.243 0.247 
259 COPE-0259    (0)   :  0.247 0.007 0.252 0.243 0.252 
260 COPE-0260    (0)   :  0.266 0.028 0.222 0.234 0.251 
261 COPE-0261    (0)   :  0.241 0.006 0.239 0.242 0.271 
262 COPE-0262    (0)   :  0.268 0.032 0.239 0.233 0.228 
263 COPE-0263    (0)   :  0.196 0.008 0.283 0.263 0.249 
264 COPE-0264    (0)   :  0.233 0.025 0.250 0.245 0.247 
265 COPE-0265    (0)   :  0.222 0.010 0.247 0.258 0.263 
266 COPE-0266    (0)   :  0.254 0.018 0.249 0.235 0.244 
267 COPE-0267    (0)   :  0.198 0.006 0.282 0.266 0.248 
268 COPE-0268    (0)   :  0.185 0.012 0.287 0.267 0.249 
269 COPE-0269    (0)   :  0.270 0.007 0.252 0.249 0.222 
270 COPE-0270    (0)   :  0.274 0.008 0.234 0.229 0.256 
271 COPE-0271    (0)   :  0.281 0.008 0.238 0.240 0.233 
272 COPE-0272    (0)   :  0.255 0.007 0.239 0.255 0.245 
273 COPE-0273    (0)   :  0.192 0.013 0.277 0.258 0.259 
274 COPE-0274   (14)   :  0.016 0.939 0.015 0.015 0.016 
275 COPE-0275    (0)   :  0.275 0.011 0.239 0.232 0.242 
276 COPE-0276   (14)   :  0.006 0.977 0.006 0.006 0.006 
277 COPE-0277   (14)   :  0.225 0.016 0.256 0.257 0.245 
278 COPE-0278    (0)   :  0.225 0.007 0.260 0.252 0.256 
279 COPE-0279    (0)   :  0.268 0.008 0.246 0.240 0.238 
280 COPE-0280    (0)   :  0.013 0.951 0.012 0.012 0.012 
281 COPE-0281    (0)   :  0.026 0.906 0.022 0.023 0.024 
282 COPE-0282   (14)   :  0.287 0.007 0.251 0.244 0.211 
283 COPE-0283    (0)   :  0.225 0.008 0.269 0.250 0.248 
284 COPE-0284   (14)   :  0.274 0.035 0.219 0.231 0.242 
285 COPE-0285    (0)   :  0.030 0.876 0.031 0.031 0.031 
286 COPE-0286    (0)   :  0.273 0.012 0.232 0.233 0.249 
287 COPE-0287    (0)   :  0.179 0.051 0.277 0.257 0.237 
288 COPE-0288    (0)   :  0.224 0.010 0.258 0.254 0.254 
289 COPE-0289    (0)   :  0.223 0.008 0.246 0.264 0.258 
290 COPE-0290    (0)   :  0.275 0.008 0.225 0.231 0.261 
291 COPE-0291    (0)   :  0.254 0.006 0.239 0.244 0.257 
292 COPE-0292   (42)   :  0.014 0.947 0.013 0.013 0.013 
293 COPE-0293    (0)   :  0.232 0.008 0.231 0.257 0.271 
294 COPE-0294    (0)   :  0.286 0.011 0.238 0.237 0.228 
295 COPE-0295    (0)   :  0.239 0.008 0.255 0.253 0.246 
296 COPE-0296   (14)   :  0.231 0.007 0.258 0.251 0.253 
297 COPE-0297   (14)   :  0.271 0.039 0.213 0.228 0.249 
298 COPE-0298    (0)   :  0.274 0.012 0.233 0.248 0.234 
299 COPE-0299    (0)   :  0.245 0.006 0.240 0.245 0.264 
300 COPE-0300   (14)   :  0.205 0.007 0.282 0.263 0.244 
301 COPE-0301   (14)   :  0.219 0.012 0.236 0.267 0.266 
302 COPE-0302    (0)   :  0.137 0.326 0.191 0.177 0.170 
303 COPE-0303    (0)   :  0.257 0.006 0.236 0.242 0.259 
304 COPE-0304    (0)   :  0.247 0.007 0.244 0.256 0.247 
305 COPE-0305   (14)   :  0.268 0.048 0.236 0.235 0.212 
306 COPE-0306    (0)   :  0.221 0.011 0.260 0.244 0.265 
307 COPE-0307   (28)   :  0.007 0.970 0.008 0.008 0.008 
308 COPE-0308    (0)   :  0.283 0.006 0.246 0.245 0.220 
309 COPE-0309   (14)   :  0.074 0.731 0.066 0.066 0.063 
310 COPE-0310   (28)   :  0.029 0.869 0.036 0.033 0.033 
311 COPE-0311    (0)   :  0.212 0.022 0.271 0.247 0.248 
312 COPE-0312   (28)   :  0.010 0.960 0.010 0.010 0.010 
313 COPE-0313    (0)   :  0.218 0.009 0.260 0.244 0.269 
314 COPE-0314    (0)   :  0.203 0.008 0.270 0.261 0.257 
315 COPE-0315    (0)   :  0.241 0.008 0.249 0.246 0.257 
316 COPE-0316    (0)   :  0.266 0.020 0.231 0.231 0.252 
317 COPE-0317   (14)   :  0.008 0.969 0.008 0.008 0.008 
318 COPE-0318    (0)   :  0.265 0.005 0.238 0.241 0.250 
319 COPE-0319    (0)   :  0.274 0.007 0.253 0.247 0.219 
320 COPE-0320   (14)   :  0.267 0.015 0.236 0.250 0.232 
321 COPE-0321   (14)   :  0.207 0.011 0.272 0.249 0.261 
322 COPE-0322   (14)   :  0.279 0.006 0.233 0.236 0.246 
323 COPE-0323    (0)   :  0.188 0.017 0.289 0.257 0.249 
324 COPE-0324    (0)   :  0.269 0.007 0.225 0.240 0.258 
325 COPE-0325   (14)   :  0.217 0.014 0.272 0.258 0.238 
326 COPE-0326    (0)   :  0.241 0.007 0.242 0.252 0.258 
327 COPE-0327   (14)   :  0.249 0.011 0.235 0.256 0.249 
328 COPE-0328    (0)   :  0.265 0.005 0.236 0.239 0.254 
329 COPE-0329   (28)   :  0.251 0.013 0.237 0.240 0.258 
330 COPE-0330    (0)   :  0.218 0.022 0.257 0.251 0.252 
331 COPE-0331    (0)   :  0.215 0.006 0.246 0.267 0.265 
332 COPE-0332   (14)   :  0.254 0.007 0.246 0.243 0.249 
333 COPE-0333    (0)   :  0.204 0.130 0.208 0.229 0.229 
334 COPE-0334   (28)   :  0.045 0.796 0.055 0.052 0.052 
335 COPE-0335    (0)   :  0.275 0.007 0.224 0.235 0.259 
336 COPE-0336    (0)   :  0.263 0.006 0.233 0.250 0.248 
337 COPE-0337   (28)   :  0.019 0.925 0.018 0.018 0.019 
338 COPE-0338    (0)   :  0.193 0.021 0.279 0.257 0.250 
339 COPE-0339    (0)   :  0.198 0.007 0.280 0.272 0.243 
340 COPE-0340   (14)   :  0.011 0.957 0.010 0.011 0.011 
341 COPE-0341    (0)   :  0.279 0.007 0.253 0.244 0.217 
342 COPE-0342    (0)   :  0.280 0.008 0.220 0.237 0.255 
343 COPE-0343    (0)   :  0.230 0.006 0.248 0.249 0.267 
344 COPE-0344   (14)   :  0.008 0.965 0.009 0.009 0.009 
345 COPE-0345    (0)   :  0.278 0.007 0.254 0.249 0.212 
346 COPE-0346    (0)   :  0.270 0.034 0.241 0.233 0.223 
347 COPE-0347    (0)   :  0.246 0.007 0.236 0.246 0.264 
348 COPE-0348    (0)   :  0.242 0.015 0.247 0.238 0.258 
349 COPE-0349    (0)   :  0.282 0.006 0.228 0.237 0.246 
350 COPE-0350    (0)   :  0.271 0.006 0.235 0.234 0.255 
351 COPE-0351    (0)   :  0.258 0.006 0.235 0.241 0.260 
352 COPE-0352    (0)   :  0.265 0.026 0.224 0.241 0.243 
353 COPE-0353    (0)   :  0.244 0.006 0.252 0.249 0.249 
354 COPE-0354    (0)   :  0.224 0.016 0.250 0.250 0.261 
355 COPE-0355    (0)   :  0.227 0.007 0.268 0.264 0.234 
356 COPE-0356    (0)   :  0.248 0.007 0.234 0.245 0.266 
357 COPE-0357    (0)   :  0.263 0.009 0.239 0.241 0.249 
358 COPE-0358    (0)   :  0.007 0.972 0.007 0.007 0.007 
359 COPE-0359   (14)   :  0.280 0.009 0.244 0.241 0.227 
360 COPE-0360    (0)   :  0.221 0.007 0.268 0.249 0.255 
361 COPE-0361    (0)   :  0.290 0.007 0.245 0.233 0.224 
362 COPE-0362    (0)   :  0.275 0.007 0.223 0.237 0.258 
363 COPE-0363   (14)   :  0.287 0.014 0.242 0.237 0.219 
364 COPE-0364    (0)   :  0.218 0.006 0.271 0.252 0.253 
365 COPE-0365    (0)   :  0.175 0.026 0.290 0.259 0.249 
366 COPE-0366    (0)   :  0.272 0.021 0.220 0.233 0.255 
367 COPE-0367   (14)   :  0.009 0.963 0.009 0.009 0.009 
368 COPE-0368    (0)   :  0.195 0.009 0.282 0.269 0.245 
369 COPE-0369    (0)   :  0.241 0.009 0.251 0.253 0.246 
370 COPE-0370   (28)   :  0.008 0.969 0.008 0.008 0.008 
371 COPE-0371    (0)   :  0.192 0.012 0.278 0.261 0.257 
372 COPE-0372    (0)   :  0.214 0.046 0.247 0.246 0.247 
373 COPE-0373   (14)   :  0.232 0.007 0.252 0.254 0.255 
374 COPE-0374    (0)   :  0.228 0.008 0.271 0.260 0.233 
375 COPE-0375   (14)   :  0.214 0.014 0.279 0.256 0.237 
376 COPE-0376   (14)   :  0.248 0.006 0.242 0.239 0.265 
377 COPE-0377    (0)   :  0.080 0.707 0.069 0.073 0.071 
378 COPE-0378    (0)   :  0.228 0.007 0.263 0.252 0.250 
379 COPE-0379    (0)   :  0.280 0.008 0.219 0.239 0.255 
380 COPE-0380   (28)   :  0.031 0.873 0.031 0.031 0.034 
381 COPE-0381    (0)   :  0.256 0.015 0.244 0.247 0.237 
382 COPE-0382    (0)   :  0.280 0.006 0.216 0.242 0.256 
383 COPE-0383    (0)   :  0.156 0.178 0.241 0.217 0.207 
384 COPE-0384    (0)   :  0.206 0.008 0.279 0.256 0.251 


Estimated Allele Frequencies in each cluster
First column gives estimated ancestral frequencies


Locus 1 : COPE5 
78 alleles
0.5% missing data
   1   (0.007) 0.001 0.625 0.001 0.001 0.001 
   2   (0.023) 0.025 0.026 0.022 0.023 0.021 
   3   (0.013) 0.016 0.002 0.014 0.014 0.013 
   4   (0.022) 0.027 0.002 0.024 0.025 0.025 
   5   (0.011) 0.011 0.001 0.009 0.010 0.010 
   6   (0.019) 0.020 0.008 0.017 0.017 0.017 
   7   (0.007) 0.004 0.001 0.003 0.003 0.003 
   8   (0.035) 0.081 0.003 0.095 0.090 0.089 
   9   (0.020) 0.025 0.002 0.022 0.022 0.021 
  10   (0.019) 0.020 0.001 0.021 0.020 0.021 
  11   (0.016) 0.012 0.020 0.016 0.015 0.015 
  12   (0.016) 0.022 0.001 0.022 0.024 0.025 
  13   (0.011) 0.010 0.002 0.011 0.011 0.011 
  14   (0.022) 0.027 0.002 0.027 0.028 0.027 
  15   (0.018) 0.029 0.001 0.035 0.034 0.032 
  16   (0.010) 0.007 0.001 0.006 0.006 0.006 
  17   (0.017) 0.015 0.001 0.015 0.014 0.015 
  18   (0.017) 0.015 0.009 0.013 0.013 0.014 
  19   (0.011) 0.011 0.001 0.009 0.010 0.010 
  20   (0.027) 0.046 0.002 0.056 0.056 0.055 
  21   (0.022) 0.023 0.002 0.021 0.022 0.022 
  22   (0.019) 0.016 0.010 0.014 0.015 0.015 
  23   (0.013) 0.012 0.001 0.011 0.012 0.012 
  24   (0.015) 0.018 0.001 0.020 0.019 0.020 
  25   (0.010) 0.008 0.001 0.007 0.008 0.007 
  26   (0.013) 0.010 0.001 0.009 0.009 0.009 
  27   (0.012) 0.011 0.001 0.010 0.009 0.010 
  28   (0.008) 0.002 0.021 0.002 0.002 0.002 
  29   (0.014) 0.012 0.001 0.012 0.012 0.012 
  30   (0.019) 0.020 0.005 0.021 0.020 0.020 
  31   (0.018) 0.019 0.001 0.019 0.019 0.019 
  32   (0.025) 0.038 0.002 0.039 0.039 0.041 
  33   (0.006) 0.002 0.000 0.002 0.002 0.002 
  34   (0.016) 0.017 0.001 0.021 0.021 0.020 
  35   (0.006) 0.001 0.050 0.001 0.001 0.001 
  36   (0.006) 0.002 0.000 0.002 0.002 0.002 
  37   (0.021) 0.021 0.025 0.026 0.025 0.024 
  38   (0.015) 0.014 0.010 0.012 0.012 0.011 
  39   (0.015) 0.020 0.001 0.018 0.018 0.019 
  40   (0.011) 0.011 0.001 0.009 0.009 0.010 
  41   (0.009) 0.005 0.001 0.005 0.005 0.005 
  42   (0.006) 0.002 0.001 0.002 0.002 0.002 
  43   (0.009) 0.006 0.001 0.005 0.005 0.005 
  44   (0.022) 0.029 0.002 0.027 0.027 0.026 
  45   (0.006) 0.002 0.000 0.002 0.002 0.002 
  46   (0.015) 0.017 0.001 0.019 0.018 0.018 
  47   (0.009) 0.007 0.001 0.007 0.006 0.006 
  48   (0.006) 0.002 0.001 0.002 0.002 0.002 
  49   (0.015) 0.017 0.001 0.016 0.016 0.015 
  50   (0.013) 0.013 0.002 0.011 0.011 0.011 
  51   (0.014) 0.011 0.021 0.014 0.013 0.013 
  52   (0.013) 0.011 0.001 0.013 0.013 0.013 
  53   (0.007) 0.001 0.030 0.001 0.001 0.001 
  54   (0.007) 0.001 0.071 0.001 0.001 0.001 
  55   (0.011) 0.008 0.001 0.007 0.007 0.008 
  56   (0.011) 0.010 0.001 0.011 0.011 0.011 
  57   (0.013) 0.012 0.001 0.011 0.011 0.012 
  58   (0.009) 0.007 0.001 0.006 0.006 0.006 
  59   (0.011) 0.013 0.001 0.012 0.012 0.010 
  60   (0.010) 0.007 0.001 0.008 0.008 0.008 
  61   (0.006) 0.002 0.001 0.002 0.002 0.002 
  62   (0.013) 0.012 0.001 0.012 0.012 0.012 
  63   (0.010) 0.016 0.001 0.015 0.016 0.017 
  64   (0.009) 0.005 0.001 0.005 0.005 0.005 
  65   (0.019) 0.020 0.001 0.020 0.020 0.021 
  66   (0.010) 0.009 0.001 0.009 0.009 0.010 
  67   (0.010) 0.007 0.001 0.006 0.006 0.007 
  68   (0.012) 0.012 0.001 0.010 0.011 0.011 
  69   (0.006) 0.002 0.000 0.002 0.002 0.002 
  70   (0.006) 0.002 0.000 0.002 0.002 0.002 
  71   (0.010) 0.007 0.001 0.006 0.006 0.006 
  72   (0.006) 0.002 0.000 0.002 0.002 0.002 
  73   (0.006) 0.002 0.001 0.002 0.002 0.002 
  74   (0.006) 0.002 0.000 0.002 0.002 0.002 
  75   (0.009) 0.005 0.001 0.005 0.005 0.005 
  76   (0.006) 0.002 0.000 0.002 0.002 0.002 
  77   (0.007) 0.004 0.001 0.003 0.003 0.004 
  78   (0.006) 0.002 0.001 0.002 0.002 0.002 

Locus 2 : COPE9 
12 alleles
8.3% missing data
   1   (0.414) 0.459 0.406 0.472 0.473 0.475 
   2   (0.139) 0.145 0.254 0.137 0.134 0.131 
   3   (0.050) 0.047 0.032 0.049 0.049 0.051 
   4   (0.076) 0.077 0.029 0.074 0.076 0.077 
   5   (0.036) 0.027 0.025 0.024 0.025 0.027 
   6   (0.129) 0.133 0.057 0.136 0.136 0.134 
   7   (0.039) 0.030 0.064 0.025 0.026 0.025 
   8   (0.081) 0.072 0.085 0.071 0.070 0.070 
   9   (0.011) 0.004 0.001 0.004 0.004 0.004 
  10   (0.009) 0.001 0.046 0.001 0.001 0.001 
  11   (0.008) 0.003 0.001 0.003 0.003 0.003 
  12   (0.008) 0.003 0.001 0.003 0.003 0.002 

Locus 3 : CPER26 
12 alleles
2.6% missing data
   1   (0.231) 0.231 0.146 0.234 0.234 0.233 
   2   (0.036) 0.025 0.145 0.022 0.023 0.025 
   3   (0.083) 0.088 0.009 0.077 0.077 0.078 
   4   (0.496) 0.577 0.067 0.584 0.584 0.582 
   5   (0.055) 0.039 0.291 0.046 0.044 0.044 
   6   (0.030) 0.015 0.301 0.016 0.015 0.015 
   7   (0.013) 0.006 0.001 0.005 0.005 0.006 
   8   (0.019) 0.008 0.023 0.007 0.007 0.008 
   9   (0.008) 0.002 0.006 0.002 0.002 0.002 
  10   (0.012) 0.003 0.011 0.003 0.003 0.003 
  11   (0.008) 0.003 0.001 0.002 0.002 0.002 
  12   (0.008) 0.003 0.001 0.002 0.002 0.002 

Locus 4 : CPER92 
12 alleles
6.8% missing data
   1   (0.616) 0.680 0.516 0.681 0.679 0.683 
   2   (0.122) 0.140 0.270 0.131 0.135 0.132 
   3   (0.083) 0.082 0.046 0.090 0.089 0.087 
   4   (0.015) 0.006 0.020 0.008 0.008 0.007 
   5   (0.038) 0.025 0.034 0.025 0.025 0.024 
   6   (0.035) 0.027 0.009 0.027 0.027 0.028 
   7   (0.019) 0.008 0.034 0.008 0.008 0.008 
   8   (0.012) 0.003 0.034 0.003 0.003 0.003 
   9   (0.022) 0.013 0.019 0.011 0.011 0.012 
  10   (0.017) 0.008 0.017 0.008 0.008 0.008 
  11   (0.013) 0.006 0.001 0.006 0.006 0.006 
  12   (0.008) 0.003 0.001 0.002 0.002 0.002 

Locus 5 : CPER99 
5 alleles
1.0% missing data
   1   (0.013) 0.003 0.336 0.003 0.003 0.003 
   2   (0.872) 0.930 0.100 0.932 0.932 0.933 
   3   (0.079) 0.054 0.473 0.054 0.053 0.052 
   4   (0.013) 0.003 0.029 0.003 0.003 0.003 
   5   (0.023) 0.009 0.063 0.009 0.009 0.009 

Locus 6 : CPER119 
22 alleles
5.5% missing data
   1   (0.009) 0.001 0.101 0.001 0.001 0.001 
   2   (0.080) 0.086 0.048 0.092 0.092 0.091 
   3   (0.035) 0.031 0.050 0.034 0.032 0.030 
   4   (0.008) 0.003 0.001 0.002 0.002 0.002 
   5   (0.160) 0.185 0.096 0.165 0.175 0.177 
   6   (0.073) 0.081 0.081 0.070 0.071 0.074 
   7   (0.070) 0.083 0.079 0.095 0.091 0.085 
   8   (0.081) 0.078 0.098 0.075 0.077 0.077 
   9   (0.116) 0.131 0.073 0.137 0.133 0.131 
  10   (0.061) 0.064 0.035 0.062 0.062 0.066 
  11   (0.022) 0.016 0.023 0.013 0.013 0.012 
  12   (0.081) 0.100 0.011 0.108 0.106 0.109 
  13   (0.015) 0.007 0.011 0.006 0.006 0.006 
  14   (0.029) 0.034 0.012 0.040 0.040 0.036 
  15   (0.025) 0.017 0.062 0.021 0.021 0.021 
  16   (0.021) 0.011 0.028 0.010 0.010 0.010 
  17   (0.023) 0.013 0.090 0.012 0.012 0.013 
  18   (0.016) 0.010 0.008 0.009 0.010 0.010 
  19   (0.011) 0.003 0.025 0.003 0.003 0.003 
  20   (0.041) 0.035 0.062 0.032 0.032 0.034 
  21   (0.013) 0.007 0.006 0.007 0.007 0.007 
  22   (0.010) 0.005 0.001 0.006 0.005 0.006 

Locus 7 : CPER188 
15 alleles
1.6% missing data
   1   (0.603) 0.671 0.819 0.673 0.675 0.674 
   2   (0.110) 0.104 0.091 0.101 0.101 0.101 
   3   (0.031) 0.026 0.002 0.025 0.025 0.024 
   4   (0.039) 0.032 0.003 0.031 0.032 0.032 
   5   (0.088) 0.103 0.006 0.114 0.111 0.113 
   6   (0.016) 0.006 0.009 0.006 0.006 0.007 
   7   (0.017) 0.012 0.007 0.010 0.010 0.010 
   8   (0.023) 0.014 0.008 0.012 0.012 0.012 
   9   (0.009) 0.001 0.039 0.001 0.001 0.001 
  10   (0.008) 0.001 0.009 0.001 0.001 0.001 
  11   (0.018) 0.013 0.001 0.011 0.011 0.011 
  12   (0.015) 0.007 0.001 0.007 0.007 0.007 
  13   (0.008) 0.002 0.003 0.002 0.002 0.002 
  14   (0.008) 0.002 0.001 0.003 0.003 0.003 
  15   (0.008) 0.002 0.001 0.003 0.002 0.002 

Values of parameters used in structure:
DATAFILE=../Data/microsats.structure,	OUTFILE=../Structure_Results/05_K_05.out,	NUMINDS=384,	NUMLOCI=7,	MISSING=-9,	LABEL=1,	POPDATA=0,	POPFLAG=0,	PHENOTYPE=0,	EXTRACOLS=0,	MAXPOPS=5,	BURNIN=1000000,	NUMREPS=10000000,	USEPOPINFO=0,	INFERALPHA=1,	INFERLAMBDA=0,	POPSPECIFICLAMBDA=0,	POPALPHAS=0,	COMPUTEPROB=1,	NOADMIX=0,	ADMBURNIN=500,	UPDATEFREQ=100,	PRINTLIKES=0,	INTERMEDSAVE=0,	PRINTKLD=0,	PRINTNET=1,	PRINTLAMBDA=1,	ANCESTDIST=0,	NUMBOXES=1000,	ANCESTPINT=0.90000,	GENSBACK=2,	MIGRPRIOR=0.01000,	PRINTQHAT=0,	PRINTQSUM=1,	ALPHA=1.0000,	FREQSCORR=1,	FPRIORMEAN=0.0100,	FPRIORSD=0.0500,	ONEFST=0,	LAMBDA=1.0000,	UNIFPRIORALPHA=1,	ALPHAMAX=10.0000,	ALPHAPRIORA=1.0000,	ALPHAPRIORB=2.0000,	ALPHAPROPSD=0.0250,	STARTATPOPINFO=0,	RANDOMIZE=0,	LINKAGE=0,	METROFREQ=10,	REPORTHITRATE=0,	MARKOVPHASE=-1,	PHASED=0,	PLOIDY=2,	PHASEINFO=0	LOCPRIOR=0, 	LOCPRIORINIT=1.000000, 	LOCDATA=0, 	LOCISPOP=0, 	LOCPRIORSTEP=0.100000, 	MAXLOCPRIOR=20.000000, 	SEED=68063511,	
[STRAT parameters]:    NUMSIMSTATS=1000,	PHENOTYPECOL=-9,	POOLFREQ=10,	LOCUSxONLY=0,	EMERROR=0.00100,	MISSINGPHENO=-9,	