

----------------------------------------------------
STRUCTURE by Pritchard, Stephens and Donnelly (2000)
     and Falush, Stephens and Pritchard (2003)
       Code by Pritchard, Falush and Hubisz
             Version 2.3.4 (Jul 2012)
----------------------------------------------------



Command line arguments:   /home/jason/Programs/structure -K 6 -i ../Data/microsats.structure -m Structure_Run/mainparams -e Structure_Run/extraparams -D 70170304 -o ../Structure_Results/05_K_06.out 
Input File:    ../Data/microsats.structure

Run parameters:
   384 individuals
   7 loci
   6 populations assumed
   1000000 Burn-in period
   10000000 Reps
RANDOMIZE turned off


--------------------------------------------
Overall proportion of membership of the
sample in each of the 6 clusters

Inferred Clusters
  1      2      3      4      5      6    
0.174  0.175  0.175  0.176  0.125  0.175  

--------------------------------------------

Allele-freq. divergence among pops (Net nucleotide distance),
computed using point estimates of P.

      1       2       3       4       5       6      
 1      -    0.0001  0.0001  0.0002  0.1469  0.0001  
 2   0.0001     -    0.0001  0.0000  0.1474  0.0000  
 3   0.0001  0.0001     -    0.0002  0.1481  0.0002  
 4   0.0002  0.0000  0.0002     -    0.1471  0.0000  
 5   0.1469  0.1474  0.1481  0.1471     -    0.1472  
 6   0.0001  0.0000  0.0002  0.0000  0.1472     -    

Average distances (expected heterozygosity) between individuals in same cluster:
cluster  1  : 0.6251 
cluster  2  : 0.6238 
cluster  3  : 0.6228 
cluster  4  : 0.6233 
cluster  5  : 0.6627 
cluster  6  : 0.6233 

--------------------------------------------
Estimated Ln Prob of Data   = -8841.9
Mean value of ln likelihood = -8089.7
Variance of ln likelihood   = 1504.5
Mean value of alpha         = 0.0445

Mean value of Fst_1         = 0.0502
Mean value of Fst_2         = 0.0488
Mean value of Fst_3         = 0.0520
Mean value of Fst_4         = 0.0484
Mean value of Fst_5         = 0.1459
Mean value of Fst_6         = 0.0487


Inferred ancestry of individuals:
        Label (%Miss) :  Inferred clusters
  1 COPE-0001    (0)   :  0.008 0.008 0.008 0.008 0.961 0.008 
  2 COPE-0002    (0)   :  0.217 0.189 0.194 0.202 0.010 0.187 
  3 COPE-0003    (0)   :  0.165 0.210 0.149 0.238 0.006 0.231 
  4 COPE-0004    (0)   :  0.223 0.190 0.182 0.200 0.015 0.190 
  5 COPE-0005    (0)   :  0.191 0.184 0.227 0.198 0.018 0.182 
  6 COPE-0006    (0)   :  0.195 0.196 0.190 0.206 0.019 0.194 
  7 COPE-0007    (0)   :  0.196 0.184 0.230 0.196 0.007 0.187 
  8 COPE-0008    (0)   :  0.223 0.187 0.218 0.174 0.008 0.190 
  9 COPE-0009    (0)   :  0.175 0.206 0.164 0.227 0.017 0.212 
 10 COPE-0010    (0)   :  0.196 0.211 0.197 0.189 0.007 0.200 
 11 COPE-0011   (14)   :  0.013 0.012 0.012 0.013 0.937 0.012 
 12 COPE-0012   (14)   :  0.214 0.201 0.209 0.178 0.007 0.191 
 13 COPE-0013    (0)   :  0.158 0.213 0.138 0.247 0.006 0.239 
 14 COPE-0014    (0)   :  0.181 0.192 0.221 0.203 0.011 0.192 
 15 COPE-0015    (0)   :  0.194 0.198 0.223 0.192 0.007 0.187 
 16 COPE-0016    (0)   :  0.195 0.194 0.207 0.203 0.010 0.190 
 17 COPE-0017    (0)   :  0.040 0.040 0.043 0.041 0.797 0.039 
 18 COPE-0018    (0)   :  0.188 0.204 0.179 0.218 0.008 0.204 
 19 COPE-0019    (0)   :  0.175 0.210 0.161 0.224 0.006 0.224 
 20 COPE-0020    (0)   :  0.189 0.205 0.205 0.198 0.008 0.195 
 21 COPE-0021    (0)   :  0.191 0.197 0.233 0.187 0.006 0.186 
 22 COPE-0022    (0)   :  0.220 0.192 0.209 0.181 0.007 0.192 
 23 COPE-0023    (0)   :  0.210 0.198 0.180 0.208 0.008 0.197 
 24 COPE-0024   (14)   :  0.198 0.193 0.231 0.185 0.006 0.187 
 25 COPE-0025    (0)   :  0.186 0.189 0.170 0.180 0.085 0.190 
 26 COPE-0026    (0)   :  0.209 0.186 0.223 0.187 0.005 0.191 
 27 COPE-0027    (0)   :  0.178 0.208 0.161 0.223 0.006 0.224 
 28 COPE-0028    (0)   :  0.203 0.207 0.201 0.183 0.006 0.199 
 29 COPE-0029    (0)   :  0.200 0.191 0.231 0.189 0.005 0.183 
 30 COPE-0030   (14)   :  0.039 0.035 0.035 0.037 0.817 0.036 
 31 COPE-0031    (0)   :  0.215 0.183 0.223 0.176 0.010 0.193 
 32 COPE-0032    (0)   :  0.204 0.203 0.188 0.193 0.009 0.203 
 33 COPE-0033    (0)   :  0.200 0.199 0.180 0.206 0.011 0.204 
 34 COPE-0034    (0)   :  0.205 0.186 0.221 0.187 0.010 0.191 
 35 COPE-0035   (14)   :  0.204 0.206 0.187 0.189 0.008 0.206 
 36 COPE-0036   (14)   :  0.197 0.200 0.214 0.189 0.006 0.193 
 37 COPE-0037    (0)   :  0.187 0.194 0.200 0.198 0.022 0.198 
 38 COPE-0038    (0)   :  0.215 0.187 0.221 0.180 0.006 0.191 
 39 COPE-0039    (0)   :  0.172 0.180 0.153 0.183 0.131 0.180 
 40 COPE-0040   (14)   :  0.160 0.186 0.150 0.209 0.100 0.194 
 41 COPE-0041    (0)   :  0.186 0.200 0.174 0.209 0.032 0.199 
 42 COPE-0042    (0)   :  0.192 0.206 0.177 0.198 0.011 0.215 
 43 COPE-0043    (0)   :  0.217 0.190 0.199 0.199 0.005 0.188 
 44 COPE-0044    (0)   :  0.214 0.194 0.178 0.200 0.017 0.197 
 45 COPE-0045    (0)   :  0.209 0.196 0.184 0.186 0.032 0.193 
 46 COPE-0046    (0)   :  0.027 0.030 0.027 0.032 0.853 0.031 
 47 COPE-0047    (0)   :  0.007 0.007 0.007 0.007 0.964 0.007 
 48 COPE-0048    (0)   :  0.194 0.211 0.186 0.191 0.007 0.211 
 49 COPE-0049    (0)   :  0.217 0.195 0.192 0.190 0.015 0.190 
 50 COPE-0050    (0)   :  0.173 0.208 0.151 0.237 0.007 0.223 
 51 COPE-0051    (0)   :  0.186 0.185 0.180 0.157 0.113 0.178 
 52 COPE-0052    (0)   :  0.187 0.187 0.235 0.193 0.010 0.188 
 53 COPE-0053    (0)   :  0.191 0.192 0.221 0.198 0.012 0.186 
 54 COPE-0054    (0)   :  0.200 0.197 0.234 0.188 0.005 0.176 
 55 COPE-0055    (0)   :  0.224 0.191 0.218 0.172 0.005 0.189 
 56 COPE-0056    (0)   :  0.206 0.200 0.177 0.196 0.018 0.203 
 57 COPE-0057    (0)   :  0.176 0.209 0.176 0.217 0.010 0.211 
 58 COPE-0058    (0)   :  0.210 0.194 0.205 0.187 0.009 0.195 
 59 COPE-0059    (0)   :  0.161 0.208 0.146 0.239 0.022 0.225 
 60 COPE-0060    (0)   :  0.201 0.195 0.195 0.213 0.007 0.190 
 61 COPE-0061    (0)   :  0.177 0.202 0.184 0.218 0.014 0.204 
 62 COPE-0062    (0)   :  0.191 0.196 0.230 0.190 0.010 0.184 
 63 COPE-0063    (0)   :  0.219 0.191 0.215 0.164 0.028 0.182 
 64 COPE-0064    (0)   :  0.202 0.191 0.195 0.201 0.010 0.200 
 65 COPE-0065    (0)   :  0.006 0.006 0.005 0.006 0.972 0.006 
 66 COPE-0066    (0)   :  0.185 0.209 0.173 0.200 0.015 0.218 
 67 COPE-0067   (14)   :  0.025 0.026 0.025 0.024 0.874 0.026 
 68 COPE-0068    (0)   :  0.159 0.211 0.141 0.247 0.010 0.233 
 69 COPE-0069   (14)   :  0.187 0.196 0.211 0.198 0.014 0.194 
 70 COPE-0070    (0)   :  0.213 0.195 0.197 0.192 0.012 0.191 
 71 COPE-0071    (0)   :  0.191 0.212 0.197 0.192 0.004 0.203 
 72 COPE-0072    (0)   :  0.188 0.197 0.184 0.221 0.007 0.203 
 73 COPE-0073   (14)   :  0.044 0.044 0.051 0.043 0.779 0.041 
 74 COPE-0074    (0)   :  0.202 0.206 0.192 0.187 0.009 0.204 
 75 COPE-0075    (0)   :  0.207 0.206 0.196 0.175 0.016 0.200 
 76 COPE-0076    (0)   :  0.193 0.203 0.201 0.202 0.006 0.195 
 77 COPE-0077   (14)   :  0.194 0.199 0.182 0.212 0.008 0.205 
 78 COPE-0078   (14)   :  0.206 0.189 0.220 0.190 0.008 0.187 
 79 COPE-0079    (0)   :  0.230 0.188 0.184 0.199 0.010 0.189 
 80 COPE-0080   (42)   :  0.021 0.022 0.020 0.023 0.891 0.022 
 81 COPE-0081   (14)   :  0.102 0.098 0.103 0.093 0.509 0.096 
 82 COPE-0082   (14)   :  0.205 0.199 0.196 0.168 0.044 0.188 
 83 COPE-0083   (14)   :  0.182 0.191 0.237 0.193 0.007 0.190 
 84 COPE-0084    (0)   :  0.144 0.139 0.152 0.138 0.293 0.133 
 85 COPE-0085    (0)   :  0.205 0.200 0.180 0.205 0.010 0.200 
 86 COPE-0086    (0)   :  0.205 0.198 0.196 0.189 0.022 0.190 
 87 COPE-0087   (14)   :  0.202 0.195 0.193 0.209 0.007 0.193 
 88 COPE-0088   (14)   :  0.200 0.187 0.202 0.198 0.025 0.187 
 89 COPE-0089   (14)   :  0.007 0.007 0.007 0.007 0.964 0.007 
 90 COPE-0090    (0)   :  0.221 0.189 0.218 0.174 0.007 0.190 
 91 COPE-0091   (14)   :  0.195 0.195 0.204 0.207 0.006 0.192 
 92 COPE-0092   (28)   :  0.025 0.026 0.022 0.028 0.871 0.028 
 93 COPE-0093    (0)   :  0.224 0.197 0.220 0.169 0.006 0.184 
 94 COPE-0094    (0)   :  0.223 0.182 0.178 0.196 0.038 0.184 
 95 COPE-0095    (0)   :  0.202 0.191 0.223 0.188 0.005 0.192 
 96 COPE-0096    (0)   :  0.187 0.191 0.230 0.196 0.008 0.188 
 97 COPE-0097    (0)   :  0.201 0.205 0.216 0.181 0.008 0.187 
 98 COPE-0098    (0)   :  0.221 0.181 0.223 0.174 0.008 0.194 
 99 COPE-0099    (0)   :  0.163 0.209 0.144 0.238 0.020 0.226 
100 COPE-0100    (0)   :  0.188 0.204 0.184 0.203 0.007 0.213 
101 COPE-0101    (0)   :  0.196 0.196 0.177 0.179 0.045 0.206 
102 COPE-0102    (0)   :  0.200 0.206 0.185 0.200 0.006 0.203 
103 COPE-0103    (0)   :  0.210 0.190 0.198 0.199 0.017 0.186 
104 COPE-0104   (14)   :  0.204 0.213 0.195 0.184 0.007 0.197 
105 COPE-0105    (0)   :  0.201 0.203 0.203 0.169 0.036 0.188 
106 COPE-0106    (0)   :  0.184 0.199 0.247 0.191 0.005 0.174 
107 COPE-0107    (0)   :  0.018 0.016 0.018 0.016 0.915 0.017 
108 COPE-0108    (0)   :  0.199 0.195 0.222 0.184 0.006 0.193 
109 COPE-0109    (0)   :  0.213 0.194 0.176 0.205 0.013 0.198 
110 COPE-0110   (14)   :  0.193 0.194 0.220 0.196 0.015 0.182 
111 COPE-0111    (0)   :  0.185 0.195 0.220 0.202 0.009 0.189 
112 COPE-0112   (14)   :  0.193 0.210 0.185 0.193 0.011 0.209 
113 COPE-0113    (0)   :  0.185 0.205 0.168 0.206 0.025 0.211 
114 COPE-0114    (0)   :  0.191 0.205 0.219 0.188 0.011 0.187 
115 COPE-0115    (0)   :  0.023 0.023 0.025 0.023 0.883 0.023 
116 COPE-0116   (28)   :  0.009 0.009 0.009 0.010 0.953 0.010 
117 COPE-0117    (0)   :  0.197 0.189 0.215 0.198 0.013 0.189 
118 COPE-0118    (0)   :  0.185 0.196 0.237 0.194 0.010 0.179 
119 COPE-0119    (0)   :  0.207 0.186 0.230 0.183 0.010 0.184 
120 COPE-0120    (0)   :  0.199 0.198 0.176 0.210 0.012 0.205 
121 COPE-0121    (0)   :  0.172 0.189 0.201 0.193 0.061 0.184 
122 COPE-0122    (0)   :  0.210 0.196 0.182 0.209 0.008 0.195 
123 COPE-0123    (0)   :  0.210 0.198 0.181 0.201 0.014 0.196 
124 COPE-0124    (0)   :  0.210 0.192 0.181 0.210 0.013 0.195 
125 COPE-0125    (0)   :  0.199 0.214 0.210 0.188 0.007 0.184 
126 COPE-0126    (0)   :  0.199 0.188 0.225 0.186 0.015 0.187 
127 COPE-0127   (14)   :  0.204 0.204 0.210 0.181 0.007 0.193 
128 COPE-0128    (0)   :  0.190 0.198 0.199 0.198 0.020 0.195 
129 COPE-0129    (0)   :  0.213 0.197 0.179 0.207 0.007 0.197 
130 COPE-0130    (0)   :  0.175 0.205 0.157 0.231 0.012 0.222 
131 COPE-0131   (14)   :  0.181 0.196 0.204 0.207 0.011 0.200 
132 COPE-0132   (14)   :  0.189 0.186 0.226 0.182 0.033 0.184 
133 COPE-0133    (0)   :  0.205 0.186 0.218 0.196 0.011 0.183 
134 COPE-0134    (0)   :  0.203 0.195 0.197 0.207 0.007 0.191 
135 COPE-0135    (0)   :  0.206 0.207 0.191 0.186 0.009 0.202 
136 COPE-0136    (0)   :  0.012 0.012 0.011 0.012 0.941 0.012 
137 COPE-0137    (0)   :  0.173 0.206 0.159 0.224 0.013 0.225 
138 COPE-0138   (14)   :  0.008 0.008 0.008 0.008 0.961 0.008 
139 COPE-0139    (0)   :  0.171 0.210 0.158 0.227 0.009 0.227 
140 COPE-0140   (14)   :  0.020 0.021 0.019 0.022 0.897 0.022 
141 COPE-0141    (0)   :  0.221 0.195 0.212 0.172 0.009 0.190 
142 COPE-0142    (0)   :  0.211 0.194 0.211 0.186 0.009 0.189 
143 COPE-0143    (0)   :  0.218 0.187 0.213 0.182 0.008 0.192 
144 COPE-0144   (14)   :  0.125 0.120 0.110 0.123 0.402 0.119 
145 COPE-0145   (14)   :  0.118 0.114 0.111 0.125 0.412 0.119 
146 COPE-0146   (14)   :  0.200 0.191 0.206 0.182 0.030 0.190 
147 COPE-0147    (0)   :  0.215 0.178 0.176 0.185 0.066 0.180 
148 COPE-0148    (0)   :  0.202 0.191 0.223 0.190 0.010 0.184 
149 COPE-0149    (0)   :  0.170 0.209 0.159 0.233 0.007 0.222 
150 COPE-0150    (0)   :  0.195 0.208 0.185 0.187 0.010 0.215 
151 COPE-0151    (0)   :  0.197 0.201 0.192 0.198 0.007 0.205 
152 COPE-0152   (14)   :  0.202 0.166 0.188 0.155 0.117 0.171 
153 COPE-0153    (0)   :  0.215 0.186 0.206 0.194 0.006 0.194 
154 COPE-0154    (0)   :  0.184 0.207 0.189 0.212 0.006 0.202 
155 COPE-0155    (0)   :  0.184 0.209 0.177 0.214 0.006 0.210 
156 COPE-0156   (14)   :  0.008 0.008 0.008 0.008 0.958 0.008 
157 COPE-0157   (14)   :  0.144 0.134 0.139 0.127 0.327 0.129 
158 COPE-0158    (0)   :  0.182 0.198 0.195 0.216 0.009 0.199 
159 COPE-0159    (0)   :  0.213 0.185 0.216 0.188 0.007 0.191 
160 COPE-0160    (0)   :  0.218 0.190 0.209 0.184 0.006 0.192 
161 COPE-0161    (0)   :  0.203 0.206 0.181 0.200 0.011 0.199 
162 COPE-0162   (14)   :  0.007 0.007 0.007 0.007 0.967 0.007 
163 COPE-0163   (28)   :  0.013 0.013 0.013 0.013 0.936 0.013 
164 COPE-0164    (0)   :  0.184 0.195 0.180 0.204 0.036 0.201 
165 COPE-0165    (0)   :  0.182 0.207 0.163 0.224 0.008 0.216 
166 COPE-0166   (14)   :  0.211 0.190 0.195 0.206 0.008 0.190 
167 COPE-0167    (0)   :  0.211 0.192 0.202 0.200 0.008 0.187 
168 COPE-0168    (0)   :  0.202 0.190 0.218 0.197 0.006 0.187 
169 COPE-0169    (0)   :  0.160 0.207 0.144 0.243 0.013 0.232 
170 COPE-0170    (0)   :  0.207 0.186 0.205 0.176 0.041 0.185 
171 COPE-0171    (0)   :  0.192 0.194 0.224 0.195 0.009 0.187 
172 COPE-0172    (0)   :  0.207 0.195 0.211 0.187 0.006 0.194 
173 COPE-0173   (14)   :  0.157 0.195 0.137 0.229 0.068 0.215 
174 COPE-0174   (28)   :  0.207 0.198 0.190 0.194 0.022 0.188 
175 COPE-0175    (0)   :  0.203 0.179 0.205 0.193 0.039 0.182 
176 COPE-0176    (0)   :  0.210 0.194 0.222 0.183 0.010 0.181 
177 COPE-0177    (0)   :  0.170 0.211 0.158 0.234 0.007 0.219 
178 COPE-0178    (0)   :  0.188 0.203 0.239 0.186 0.008 0.177 
179 COPE-0179    (0)   :  0.195 0.206 0.180 0.204 0.008 0.207 
180 COPE-0180   (14)   :  0.163 0.210 0.144 0.244 0.006 0.233 
181 COPE-0181   (14)   :  0.171 0.210 0.155 0.232 0.009 0.222 
182 COPE-0182    (0)   :  0.213 0.189 0.226 0.174 0.005 0.193 
183 COPE-0183    (0)   :  0.199 0.197 0.193 0.202 0.011 0.198 
184 COPE-0184    (0)   :  0.194 0.186 0.235 0.192 0.009 0.184 
185 COPE-0185    (0)   :  0.208 0.190 0.210 0.188 0.006 0.197 
186 COPE-0186    (0)   :  0.190 0.196 0.231 0.190 0.006 0.188 
187 COPE-0187    (0)   :  0.209 0.209 0.201 0.173 0.010 0.197 
188 COPE-0188    (0)   :  0.020 0.020 0.019 0.019 0.902 0.020 
189 COPE-0189    (0)   :  0.178 0.213 0.167 0.214 0.010 0.218 
190 COPE-0190    (0)   :  0.217 0.196 0.181 0.194 0.015 0.197 
191 COPE-0191    (0)   :  0.190 0.204 0.187 0.211 0.013 0.195 
192 COPE-0192   (14)   :  0.009 0.009 0.010 0.010 0.953 0.009 
193 COPE-0193    (0)   :  0.199 0.198 0.209 0.195 0.007 0.192 
194 COPE-0194    (0)   :  0.196 0.208 0.192 0.187 0.010 0.207 
195 COPE-0195    (0)   :  0.209 0.202 0.196 0.183 0.007 0.202 
196 COPE-0196    (0)   :  0.210 0.195 0.200 0.191 0.011 0.194 
197 COPE-0197    (0)   :  0.168 0.209 0.151 0.241 0.007 0.224 
198 COPE-0198    (0)   :  0.190 0.196 0.196 0.202 0.013 0.203 
199 COPE-0199    (0)   :  0.162 0.212 0.149 0.238 0.010 0.229 
200 COPE-0200   (42)   :  0.165 0.210 0.146 0.241 0.010 0.228 
201 COPE-0201    (0)   :  0.211 0.191 0.221 0.178 0.009 0.191 
202 COPE-0202    (0)   :  0.229 0.181 0.199 0.184 0.015 0.193 
203 COPE-0203    (0)   :  0.198 0.196 0.207 0.201 0.006 0.192 
204 COPE-0204    (0)   :  0.193 0.201 0.212 0.174 0.037 0.183 
205 COPE-0205    (0)   :  0.209 0.186 0.205 0.187 0.021 0.192 
206 COPE-0206    (0)   :  0.184 0.199 0.226 0.195 0.005 0.190 
207 COPE-0207    (0)   :  0.188 0.189 0.238 0.190 0.011 0.183 
208 COPE-0208    (0)   :  0.025 0.025 0.024 0.025 0.874 0.026 
209 COPE-0209    (0)   :  0.173 0.206 0.174 0.220 0.007 0.220 
210 COPE-0210    (0)   :  0.184 0.199 0.206 0.204 0.011 0.197 
211 COPE-0211    (0)   :  0.194 0.211 0.182 0.192 0.005 0.215 
212 COPE-0212    (0)   :  0.190 0.189 0.232 0.190 0.011 0.188 
213 COPE-0213    (0)   :  0.195 0.200 0.208 0.192 0.008 0.197 
214 COPE-0214    (0)   :  0.163 0.207 0.143 0.246 0.008 0.233 
215 COPE-0215    (0)   :  0.154 0.205 0.135 0.241 0.036 0.228 
216 COPE-0216   (14)   :  0.094 0.092 0.094 0.094 0.538 0.089 
217 COPE-0217    (0)   :  0.185 0.192 0.229 0.189 0.027 0.177 
218 COPE-0218    (0)   :  0.195 0.198 0.192 0.205 0.009 0.201 
219 COPE-0219   (14)   :  0.173 0.208 0.155 0.233 0.009 0.221 
220 COPE-0220    (0)   :  0.185 0.198 0.223 0.197 0.014 0.184 
221 COPE-0221    (0)   :  0.222 0.188 0.211 0.176 0.016 0.187 
222 COPE-0222    (0)   :  0.211 0.186 0.226 0.177 0.006 0.193 
223 COPE-0223    (0)   :  0.178 0.203 0.157 0.233 0.008 0.221 
224 COPE-0224    (0)   :  0.224 0.187 0.186 0.197 0.022 0.185 
225 COPE-0225    (0)   :  0.160 0.207 0.142 0.246 0.016 0.231 
226 COPE-0226    (0)   :  0.207 0.200 0.208 0.190 0.008 0.186 
227 COPE-0227    (0)   :  0.186 0.196 0.204 0.207 0.006 0.200 
228 COPE-0228    (0)   :  0.192 0.198 0.208 0.194 0.028 0.180 
229 COPE-0229    (0)   :  0.194 0.202 0.184 0.209 0.007 0.203 
230 COPE-0230    (0)   :  0.202 0.211 0.208 0.187 0.010 0.183 
231 COPE-0231    (0)   :  0.175 0.212 0.165 0.227 0.006 0.216 
232 COPE-0232    (0)   :  0.213 0.193 0.196 0.188 0.014 0.196 
233 COPE-0233    (0)   :  0.218 0.183 0.224 0.175 0.005 0.195 
234 COPE-0234    (0)   :  0.222 0.191 0.185 0.202 0.008 0.192 
235 COPE-0235    (0)   :  0.207 0.196 0.177 0.214 0.006 0.201 
236 COPE-0236    (0)   :  0.196 0.213 0.220 0.187 0.005 0.179 
237 COPE-0237    (0)   :  0.211 0.184 0.216 0.187 0.006 0.196 
238 COPE-0238    (0)   :  0.158 0.215 0.143 0.247 0.007 0.230 
239 COPE-0239    (0)   :  0.212 0.187 0.189 0.194 0.034 0.183 
240 COPE-0240    (0)   :  0.195 0.189 0.229 0.196 0.008 0.184 
241 COPE-0241    (0)   :  0.157 0.212 0.138 0.248 0.007 0.239 
242 COPE-0242    (0)   :  0.199 0.190 0.226 0.194 0.007 0.184 
243 COPE-0243    (0)   :  0.207 0.206 0.196 0.182 0.008 0.201 
244 COPE-0244    (0)   :  0.192 0.200 0.177 0.211 0.009 0.211 
245 COPE-0245    (0)   :  0.206 0.202 0.200 0.177 0.014 0.201 
246 COPE-0246    (0)   :  0.212 0.197 0.192 0.201 0.013 0.184 
247 COPE-0247    (0)   :  0.193 0.196 0.182 0.208 0.017 0.203 
248 COPE-0248    (0)   :  0.203 0.202 0.211 0.182 0.005 0.196 
249 COPE-0249    (0)   :  0.203 0.191 0.167 0.208 0.035 0.196 
250 COPE-0250    (0)   :  0.215 0.191 0.193 0.198 0.016 0.186 
251 COPE-0251   (14)   :  0.032 0.029 0.032 0.029 0.849 0.030 
252 COPE-0252    (0)   :  0.222 0.187 0.195 0.196 0.012 0.188 
253 COPE-0253    (0)   :  0.219 0.199 0.210 0.173 0.008 0.190 
254 COPE-0254    (0)   :  0.210 0.204 0.210 0.173 0.012 0.191 
255 COPE-0255    (0)   :  0.204 0.193 0.198 0.181 0.028 0.196 
256 COPE-0256    (0)   :  0.190 0.192 0.227 0.198 0.011 0.183 
257 COPE-0257    (0)   :  0.191 0.197 0.219 0.195 0.009 0.189 
258 COPE-0258    (0)   :  0.188 0.197 0.203 0.193 0.026 0.193 
259 COPE-0259    (0)   :  0.201 0.204 0.202 0.190 0.006 0.196 
260 COPE-0260    (0)   :  0.166 0.207 0.152 0.234 0.025 0.216 
261 COPE-0261    (0)   :  0.207 0.208 0.215 0.175 0.006 0.188 
262 COPE-0262    (0)   :  0.204 0.200 0.195 0.185 0.027 0.190 
263 COPE-0263    (0)   :  0.193 0.186 0.220 0.198 0.009 0.194 
264 COPE-0264    (0)   :  0.188 0.198 0.209 0.195 0.025 0.186 
265 COPE-0265    (0)   :  0.208 0.196 0.212 0.177 0.010 0.196 
266 COPE-0266    (0)   :  0.197 0.198 0.214 0.187 0.018 0.185 
267 COPE-0267    (0)   :  0.214 0.183 0.224 0.178 0.006 0.194 
268 COPE-0268    (0)   :  0.213 0.179 0.227 0.177 0.012 0.193 
269 COPE-0269    (0)   :  0.207 0.192 0.200 0.205 0.007 0.188 
270 COPE-0270    (0)   :  0.191 0.211 0.175 0.197 0.007 0.218 
271 COPE-0271    (0)   :  0.189 0.199 0.179 0.222 0.008 0.202 
272 COPE-0272    (0)   :  0.219 0.196 0.205 0.183 0.007 0.190 
273 COPE-0273    (0)   :  0.201 0.186 0.233 0.180 0.013 0.186 
274 COPE-0274   (14)   :  0.018 0.019 0.017 0.017 0.911 0.018 
275 COPE-0275    (0)   :  0.192 0.205 0.178 0.209 0.011 0.205 
276 COPE-0276   (14)   :  0.006 0.006 0.006 0.006 0.971 0.006 
277 COPE-0277   (14)   :  0.185 0.199 0.224 0.197 0.015 0.180 
278 COPE-0278    (0)   :  0.187 0.199 0.241 0.189 0.007 0.178 
279 COPE-0279    (0)   :  0.201 0.195 0.212 0.190 0.008 0.195 
280 COPE-0280    (0)   :  0.013 0.013 0.012 0.013 0.936 0.013 
281 COPE-0281    (0)   :  0.024 0.026 0.022 0.027 0.874 0.027 
282 COPE-0282   (14)   :  0.230 0.188 0.185 0.201 0.007 0.189 
283 COPE-0283    (0)   :  0.189 0.193 0.232 0.195 0.007 0.183 
284 COPE-0284   (14)   :  0.163 0.201 0.148 0.232 0.035 0.221 
285 COPE-0285    (0)   :  0.031 0.033 0.032 0.032 0.840 0.032 
286 COPE-0286    (0)   :  0.183 0.202 0.172 0.205 0.014 0.225 
287 COPE-0287    (0)   :  0.204 0.172 0.216 0.177 0.045 0.186 
288 COPE-0288    (0)   :  0.221 0.188 0.215 0.178 0.010 0.188 
289 COPE-0289    (0)   :  0.202 0.198 0.212 0.184 0.008 0.196 
290 COPE-0290    (0)   :  0.178 0.215 0.161 0.211 0.009 0.225 
291 COPE-0291    (0)   :  0.176 0.208 0.187 0.215 0.006 0.208 
292 COPE-0292   (42)   :  0.014 0.014 0.013 0.014 0.932 0.014 
293 COPE-0293    (0)   :  0.217 0.203 0.218 0.171 0.008 0.184 
294 COPE-0294    (0)   :  0.204 0.198 0.178 0.210 0.011 0.198 
295 COPE-0295    (0)   :  0.205 0.194 0.227 0.185 0.008 0.180 
296 COPE-0296   (14)   :  0.207 0.198 0.210 0.185 0.007 0.193 
297 COPE-0297   (14)   :  0.156 0.205 0.136 0.238 0.036 0.229 
298 COPE-0298    (0)   :  0.218 0.202 0.194 0.187 0.011 0.188 
299 COPE-0299    (0)   :  0.202 0.212 0.198 0.180 0.006 0.202 
300 COPE-0300   (14)   :  0.200 0.187 0.218 0.197 0.008 0.191 
301 COPE-0301   (14)   :  0.226 0.193 0.220 0.166 0.011 0.185 
302 COPE-0302    (0)   :  0.134 0.136 0.158 0.135 0.301 0.135 
303 COPE-0303    (0)   :  0.194 0.205 0.217 0.189 0.006 0.188 
304 COPE-0304    (0)   :  0.206 0.197 0.202 0.190 0.007 0.198 
305 COPE-0305   (14)   :  0.204 0.187 0.185 0.197 0.044 0.184 
306 COPE-0306    (0)   :  0.186 0.198 0.240 0.190 0.010 0.176 
307 COPE-0307   (28)   :  0.008 0.008 0.008 0.008 0.961 0.008 
308 COPE-0308    (0)   :  0.229 0.189 0.188 0.196 0.006 0.191 
309 COPE-0309   (14)   :  0.065 0.059 0.057 0.057 0.703 0.059 
310 COPE-0310   (28)   :  0.037 0.037 0.042 0.038 0.811 0.036 
311 COPE-0311    (0)   :  0.191 0.184 0.218 0.195 0.023 0.188 
312 COPE-0312   (28)   :  0.011 0.011 0.011 0.010 0.947 0.010 
313 COPE-0313    (0)   :  0.193 0.198 0.224 0.188 0.009 0.188 
314 COPE-0314    (0)   :  0.214 0.185 0.219 0.178 0.008 0.197 
315 COPE-0315    (0)   :  0.188 0.198 0.189 0.212 0.008 0.205 
316 COPE-0316    (0)   :  0.183 0.206 0.181 0.207 0.022 0.201 
317 COPE-0317   (14)   :  0.008 0.008 0.008 0.008 0.960 0.008 
318 COPE-0318    (0)   :  0.195 0.203 0.187 0.204 0.006 0.205 
319 COPE-0319    (0)   :  0.213 0.191 0.189 0.205 0.007 0.195 
320 COPE-0320   (14)   :  0.218 0.195 0.197 0.188 0.015 0.187 
321 COPE-0321   (14)   :  0.192 0.199 0.215 0.189 0.012 0.193 
322 COPE-0322   (14)   :  0.180 0.206 0.165 0.224 0.006 0.219 
323 COPE-0323    (0)   :  0.183 0.188 0.232 0.193 0.015 0.190 
324 COPE-0324    (0)   :  0.167 0.207 0.154 0.237 0.007 0.228 
325 COPE-0325   (14)   :  0.186 0.193 0.226 0.201 0.013 0.182 
326 COPE-0326    (0)   :  0.217 0.195 0.226 0.175 0.007 0.180 
327 COPE-0327   (14)   :  0.223 0.200 0.199 0.173 0.010 0.194 
328 COPE-0328    (0)   :  0.193 0.208 0.193 0.198 0.005 0.203 
329 COPE-0329   (28)   :  0.173 0.204 0.170 0.227 0.012 0.214 
330 COPE-0330    (0)   :  0.212 0.186 0.208 0.178 0.022 0.193 
331 COPE-0331    (0)   :  0.224 0.193 0.219 0.171 0.006 0.187 
332 COPE-0332   (14)   :  0.200 0.199 0.216 0.186 0.007 0.191 
333 COPE-0333    (0)   :  0.187 0.170 0.179 0.155 0.139 0.170 
334 COPE-0334   (28)   :  0.052 0.051 0.056 0.051 0.739 0.050 
335 COPE-0335    (0)   :  0.162 0.208 0.145 0.246 0.007 0.232 
336 COPE-0336    (0)   :  0.205 0.199 0.184 0.199 0.006 0.207 
337 COPE-0337   (28)   :  0.017 0.020 0.017 0.021 0.904 0.021 
338 COPE-0338    (0)   :  0.194 0.187 0.218 0.188 0.024 0.189 
339 COPE-0339    (0)   :  0.198 0.191 0.229 0.186 0.006 0.190 
340 COPE-0340   (14)   :  0.011 0.011 0.011 0.011 0.944 0.011 
341 COPE-0341    (0)   :  0.228 0.186 0.190 0.197 0.007 0.192 
342 COPE-0342    (0)   :  0.157 0.210 0.137 0.252 0.007 0.236 
343 COPE-0343    (0)   :  0.209 0.198 0.230 0.177 0.006 0.180 
344 COPE-0344   (14)   :  0.010 0.009 0.009 0.009 0.954 0.009 
345 COPE-0345    (0)   :  0.219 0.191 0.193 0.203 0.006 0.189 
346 COPE-0346    (0)   :  0.208 0.184 0.178 0.200 0.035 0.195 
347 COPE-0347    (0)   :  0.201 0.206 0.203 0.185 0.007 0.198 
348 COPE-0348    (0)   :  0.198 0.205 0.204 0.189 0.015 0.189 
349 COPE-0349    (0)   :  0.166 0.208 0.149 0.245 0.006 0.225 
350 COPE-0350    (0)   :  0.194 0.211 0.188 0.196 0.006 0.205 
351 COPE-0351    (0)   :  0.191 0.211 0.184 0.196 0.006 0.212 
352 COPE-0352    (0)   :  0.181 0.205 0.177 0.209 0.026 0.202 
353 COPE-0353    (0)   :  0.192 0.203 0.204 0.201 0.006 0.194 
354 COPE-0354    (0)   :  0.205 0.194 0.213 0.183 0.017 0.188 
355 COPE-0355    (0)   :  0.196 0.190 0.221 0.199 0.007 0.187 
356 COPE-0356    (0)   :  0.216 0.203 0.205 0.172 0.008 0.196 
357 COPE-0357    (0)   :  0.184 0.199 0.168 0.223 0.009 0.217 
358 COPE-0358    (0)   :  0.007 0.007 0.007 0.008 0.963 0.008 
359 COPE-0359   (14)   :  0.203 0.195 0.193 0.204 0.009 0.196 
360 COPE-0360    (0)   :  0.190 0.199 0.220 0.192 0.007 0.192 
361 COPE-0361    (0)   :  0.214 0.197 0.189 0.198 0.008 0.195 
362 COPE-0362    (0)   :  0.160 0.210 0.148 0.242 0.007 0.234 
363 COPE-0363   (14)   :  0.217 0.189 0.182 0.204 0.014 0.194 
364 COPE-0364    (0)   :  0.209 0.191 0.216 0.186 0.006 0.192 
365 COPE-0365    (0)   :  0.197 0.176 0.225 0.187 0.028 0.187 
366 COPE-0366    (0)   :  0.161 0.208 0.144 0.232 0.022 0.233 
367 COPE-0367   (14)   :  0.011 0.010 0.010 0.010 0.949 0.010 
368 COPE-0368    (0)   :  0.197 0.192 0.226 0.186 0.009 0.190 
369 COPE-0369    (0)   :  0.209 0.192 0.198 0.197 0.009 0.194 
370 COPE-0370   (28)   :  0.008 0.008 0.008 0.008 0.959 0.008 
371 COPE-0371    (0)   :  0.200 0.185 0.223 0.189 0.012 0.190 
372 COPE-0372    (0)   :  0.179 0.191 0.208 0.190 0.047 0.184 
373 COPE-0373   (14)   :  0.217 0.191 0.221 0.179 0.007 0.185 
374 COPE-0374    (0)   :  0.206 0.182 0.225 0.190 0.008 0.189 
375 COPE-0375   (14)   :  0.202 0.186 0.212 0.199 0.013 0.188 
376 COPE-0376   (14)   :  0.208 0.208 0.207 0.176 0.006 0.195 
377 COPE-0377    (0)   :  0.069 0.065 0.062 0.064 0.675 0.064 
378 COPE-0378    (0)   :  0.185 0.200 0.216 0.197 0.007 0.196 
379 COPE-0379    (0)   :  0.161 0.212 0.140 0.244 0.007 0.236 
380 COPE-0380   (28)   :  0.033 0.034 0.037 0.032 0.833 0.031 
381 COPE-0381    (0)   :  0.203 0.200 0.194 0.197 0.014 0.192 
382 COPE-0382    (0)   :  0.161 0.214 0.142 0.244 0.006 0.234 
383 COPE-0383    (0)   :  0.169 0.155 0.191 0.165 0.159 0.162 
384 COPE-0384    (0)   :  0.190 0.194 0.228 0.190 0.008 0.190 


Estimated Allele Frequencies in each cluster
First column gives estimated ancestral frequencies


Locus 1 : COPE5 
78 alleles
0.5% missing data
   1   (0.007) 0.001 0.001 0.001 0.001 0.642 0.001 
   2   (0.023) 0.025 0.023 0.023 0.023 0.022 0.023 
   3   (0.013) 0.015 0.013 0.014 0.014 0.002 0.014 
   4   (0.023) 0.024 0.026 0.023 0.028 0.002 0.027 
   5   (0.011) 0.009 0.011 0.008 0.012 0.001 0.011 
   6   (0.019) 0.018 0.018 0.016 0.019 0.007 0.019 
   7   (0.007) 0.004 0.003 0.003 0.004 0.001 0.003 
   8   (0.035) 0.089 0.086 0.101 0.084 0.002 0.082 
   9   (0.020) 0.023 0.022 0.021 0.023 0.002 0.022 
  10   (0.019) 0.021 0.020 0.021 0.020 0.001 0.020 
  11   (0.016) 0.015 0.014 0.016 0.014 0.018 0.015 
  12   (0.017) 0.025 0.023 0.025 0.022 0.001 0.023 
  13   (0.010) 0.012 0.011 0.012 0.010 0.001 0.010 
  14   (0.023) 0.030 0.027 0.028 0.026 0.002 0.027 
  15   (0.017) 0.031 0.032 0.036 0.033 0.001 0.031 
  16   (0.009) 0.006 0.006 0.006 0.006 0.001 0.006 
  17   (0.017) 0.015 0.015 0.014 0.015 0.001 0.015 
  18   (0.017) 0.012 0.014 0.012 0.016 0.008 0.016 
  19   (0.011) 0.009 0.011 0.008 0.012 0.001 0.012 
  20   (0.028) 0.055 0.051 0.058 0.049 0.002 0.052 
  21   (0.022) 0.021 0.023 0.020 0.023 0.002 0.023 
  22   (0.019) 0.014 0.016 0.014 0.017 0.009 0.016 
  23   (0.013) 0.011 0.012 0.011 0.013 0.001 0.013 
  24   (0.015) 0.019 0.019 0.020 0.017 0.001 0.018 
  25   (0.010) 0.008 0.008 0.008 0.008 0.001 0.007 
  26   (0.013) 0.009 0.009 0.008 0.009 0.001 0.009 
  27   (0.012) 0.010 0.010 0.009 0.010 0.001 0.010 
  28   (0.008) 0.002 0.002 0.002 0.002 0.021 0.003 
  29   (0.013) 0.012 0.012 0.011 0.011 0.001 0.012 
  30   (0.020) 0.021 0.020 0.020 0.020 0.005 0.020 
  31   (0.019) 0.018 0.020 0.018 0.020 0.001 0.020 
  32   (0.026) 0.038 0.040 0.037 0.041 0.002 0.042 
  33   (0.006) 0.002 0.002 0.002 0.002 0.000 0.002 
  34   (0.017) 0.021 0.019 0.022 0.018 0.001 0.019 
  35   (0.006) 0.001 0.001 0.001 0.001 0.052 0.001 
  36   (0.006) 0.002 0.002 0.002 0.002 0.000 0.002 
  37   (0.021) 0.023 0.024 0.027 0.023 0.023 0.023 
  38   (0.016) 0.013 0.013 0.012 0.012 0.009 0.012 
  39   (0.015) 0.018 0.019 0.020 0.017 0.001 0.018 
  40   (0.010) 0.009 0.011 0.008 0.012 0.001 0.011 
  41   (0.008) 0.005 0.005 0.004 0.005 0.001 0.005 
  42   (0.006) 0.002 0.002 0.002 0.002 0.000 0.002 
  43   (0.009) 0.005 0.005 0.005 0.005 0.001 0.005 
  44   (0.023) 0.028 0.027 0.026 0.027 0.002 0.027 
  45   (0.006) 0.002 0.002 0.002 0.002 0.000 0.002 
  46   (0.014) 0.019 0.017 0.019 0.017 0.001 0.017 
  47   (0.010) 0.007 0.006 0.007 0.006 0.001 0.006 
  48   (0.006) 0.002 0.002 0.002 0.002 0.001 0.002 
  49   (0.015) 0.017 0.015 0.016 0.016 0.001 0.015 
  50   (0.013) 0.011 0.012 0.010 0.013 0.002 0.012 
  51   (0.014) 0.013 0.013 0.014 0.013 0.019 0.013 
  52   (0.013) 0.013 0.012 0.013 0.011 0.001 0.012 
  53   (0.006) 0.001 0.001 0.001 0.001 0.031 0.001 
  54   (0.006) 0.001 0.001 0.001 0.001 0.073 0.001 
  55   (0.010) 0.007 0.008 0.007 0.007 0.001 0.008 
  56   (0.011) 0.010 0.011 0.012 0.010 0.001 0.010 
  57   (0.013) 0.010 0.012 0.010 0.013 0.001 0.013 
  58   (0.009) 0.006 0.006 0.006 0.006 0.001 0.006 
  59   (0.011) 0.013 0.011 0.011 0.012 0.001 0.011 
  60   (0.010) 0.008 0.008 0.009 0.008 0.001 0.008 
  61   (0.006) 0.002 0.002 0.002 0.002 0.000 0.002 
  62   (0.013) 0.012 0.012 0.012 0.012 0.001 0.012 
  63   (0.011) 0.016 0.016 0.017 0.014 0.001 0.015 
  64   (0.009) 0.005 0.005 0.005 0.005 0.001 0.005 
  65   (0.019) 0.019 0.021 0.020 0.022 0.001 0.021 
  66   (0.010) 0.009 0.010 0.010 0.009 0.001 0.008 
  67   (0.010) 0.006 0.007 0.006 0.006 0.001 0.007 
  68   (0.012) 0.010 0.012 0.009 0.013 0.001 0.013 
  69   (0.006) 0.002 0.002 0.002 0.002 0.000 0.002 
  70   (0.006) 0.002 0.002 0.002 0.002 0.000 0.002 
  71   (0.010) 0.007 0.006 0.006 0.006 0.001 0.006 
  72   (0.006) 0.002 0.002 0.002 0.002 0.000 0.002 
  73   (0.006) 0.002 0.002 0.002 0.002 0.001 0.002 
  74   (0.006) 0.002 0.002 0.002 0.002 0.000 0.002 
  75   (0.009) 0.005 0.005 0.004 0.005 0.001 0.005 
  76   (0.006) 0.002 0.002 0.002 0.002 0.000 0.002 
  77   (0.008) 0.003 0.004 0.003 0.004 0.001 0.004 
  78   (0.006) 0.002 0.002 0.002 0.002 0.000 0.002 

Locus 2 : COPE9 
12 alleles
8.3% missing data
   1   (0.412) 0.472 0.468 0.474 0.464 0.408 0.468 
   2   (0.142) 0.141 0.136 0.137 0.135 0.259 0.134 
   3   (0.050) 0.047 0.050 0.054 0.049 0.029 0.047 
   4   (0.074) 0.070 0.077 0.069 0.082 0.027 0.079 
   5   (0.037) 0.025 0.027 0.024 0.026 0.024 0.027 
   6   (0.130) 0.137 0.134 0.135 0.132 0.055 0.136 
   7   (0.039) 0.027 0.027 0.024 0.028 0.066 0.027 
   8   (0.081) 0.070 0.071 0.071 0.072 0.082 0.071 
   9   (0.011) 0.004 0.004 0.004 0.004 0.001 0.004 
  10   (0.009) 0.001 0.001 0.001 0.001 0.048 0.001 
  11   (0.008) 0.003 0.003 0.003 0.003 0.001 0.003 
  12   (0.008) 0.003 0.003 0.003 0.003 0.001 0.003 

Locus 3 : CPER26 
12 alleles
2.6% missing data
   1   (0.230) 0.236 0.234 0.236 0.232 0.137 0.233 
   2   (0.034) 0.021 0.025 0.020 0.027 0.148 0.026 
   3   (0.083) 0.078 0.082 0.072 0.086 0.008 0.084 
   4   (0.499) 0.583 0.580 0.589 0.575 0.061 0.576 
   5   (0.056) 0.043 0.042 0.046 0.042 0.298 0.042 
   6   (0.030) 0.016 0.015 0.015 0.015 0.308 0.015 
   7   (0.013) 0.006 0.006 0.006 0.006 0.001 0.006 
   8   (0.018) 0.007 0.008 0.007 0.007 0.023 0.008 
   9   (0.008) 0.002 0.002 0.002 0.002 0.004 0.002 
  10   (0.012) 0.003 0.003 0.003 0.003 0.010 0.003 
  11   (0.008) 0.002 0.002 0.002 0.002 0.001 0.003 
  12   (0.008) 0.003 0.003 0.002 0.002 0.001 0.003 

Locus 4 : CPER92 
12 alleles
6.8% missing data
   1   (0.617) 0.667 0.684 0.675 0.693 0.513 0.687 
   2   (0.115) 0.147 0.132 0.134 0.125 0.276 0.129 
   3   (0.088) 0.088 0.086 0.091 0.085 0.045 0.085 
   4   (0.015) 0.007 0.007 0.008 0.007 0.019 0.007 
   5   (0.039) 0.026 0.025 0.026 0.024 0.034 0.025 
   6   (0.035) 0.028 0.027 0.028 0.026 0.008 0.027 
   7   (0.019) 0.008 0.008 0.008 0.008 0.035 0.008 
   8   (0.012) 0.003 0.003 0.003 0.003 0.035 0.003 
   9   (0.021) 0.011 0.012 0.010 0.013 0.018 0.013 
  10   (0.017) 0.008 0.008 0.009 0.008 0.016 0.008 
  11   (0.013) 0.006 0.006 0.006 0.006 0.001 0.006 
  12   (0.008) 0.002 0.003 0.002 0.002 0.001 0.003 

Locus 5 : CPER99 
5 alleles
1.0% missing data
   1   (0.013) 0.003 0.003 0.003 0.003 0.341 0.003 
   2   (0.870) 0.931 0.931 0.931 0.930 0.090 0.932 
   3   (0.080) 0.054 0.054 0.055 0.055 0.476 0.053 
   4   (0.013) 0.003 0.003 0.003 0.003 0.030 0.003 
   5   (0.024) 0.009 0.009 0.009 0.009 0.064 0.009 

Locus 6 : CPER119 
22 alleles
5.5% missing data
   1   (0.009) 0.001 0.001 0.001 0.001 0.106 0.001 
   2   (0.080) 0.095 0.089 0.094 0.088 0.045 0.089 
   3   (0.036) 0.032 0.030 0.034 0.032 0.052 0.030 
   4   (0.008) 0.002 0.003 0.002 0.003 0.001 0.003 
   5   (0.160) 0.172 0.181 0.165 0.181 0.094 0.181 
   6   (0.070) 0.068 0.076 0.063 0.084 0.080 0.081 
   7   (0.070) 0.095 0.083 0.092 0.086 0.079 0.087 
   8   (0.083) 0.076 0.077 0.076 0.078 0.101 0.077 
   9   (0.115) 0.130 0.132 0.139 0.135 0.067 0.129 
  10   (0.061) 0.063 0.065 0.066 0.060 0.033 0.060 
  11   (0.021) 0.014 0.014 0.013 0.014 0.023 0.013 
  12   (0.085) 0.107 0.104 0.111 0.099 0.010 0.103 
  13   (0.015) 0.006 0.006 0.006 0.007 0.011 0.007 
  14   (0.028) 0.038 0.036 0.041 0.035 0.010 0.035 
  15   (0.026) 0.020 0.020 0.022 0.019 0.064 0.020 
  16   (0.022) 0.011 0.011 0.010 0.011 0.029 0.011 
  17   (0.024) 0.012 0.013 0.011 0.013 0.095 0.014 
  18   (0.017) 0.010 0.010 0.010 0.009 0.008 0.010 
  19   (0.011) 0.003 0.003 0.003 0.003 0.025 0.003 
  20   (0.037) 0.032 0.035 0.031 0.032 0.060 0.035 
  21   (0.012) 0.007 0.007 0.007 0.007 0.005 0.007 
  22   (0.010) 0.005 0.005 0.006 0.005 0.001 0.005 

Locus 7 : CPER188 
15 alleles
1.6% missing data
   1   (0.599) 0.673 0.673 0.672 0.675 0.820 0.675 
   2   (0.112) 0.101 0.104 0.099 0.103 0.091 0.104 
   3   (0.032) 0.026 0.024 0.025 0.025 0.002 0.025 
   4   (0.040) 0.033 0.032 0.032 0.031 0.003 0.031 
   5   (0.089) 0.109 0.109 0.118 0.107 0.006 0.107 
   6   (0.016) 0.006 0.007 0.006 0.006 0.008 0.006 
   7   (0.017) 0.011 0.010 0.010 0.011 0.006 0.010 
   8   (0.023) 0.013 0.013 0.011 0.013 0.008 0.013 
   9   (0.009) 0.001 0.001 0.001 0.001 0.040 0.001 
  10   (0.008) 0.001 0.001 0.001 0.001 0.010 0.001 
  11   (0.018) 0.012 0.011 0.010 0.012 0.001 0.012 
  12   (0.015) 0.007 0.007 0.007 0.007 0.001 0.007 
  13   (0.008) 0.002 0.002 0.002 0.002 0.003 0.002 
  14   (0.008) 0.002 0.002 0.003 0.002 0.001 0.002 
  15   (0.008) 0.002 0.002 0.003 0.002 0.001 0.002 

Values of parameters used in structure:
DATAFILE=../Data/microsats.structure,	OUTFILE=../Structure_Results/05_K_06.out,	NUMINDS=384,	NUMLOCI=7,	MISSING=-9,	LABEL=1,	POPDATA=0,	POPFLAG=0,	PHENOTYPE=0,	EXTRACOLS=0,	MAXPOPS=6,	BURNIN=1000000,	NUMREPS=10000000,	USEPOPINFO=0,	INFERALPHA=1,	INFERLAMBDA=0,	POPSPECIFICLAMBDA=0,	POPALPHAS=0,	COMPUTEPROB=1,	NOADMIX=0,	ADMBURNIN=500,	UPDATEFREQ=100,	PRINTLIKES=0,	INTERMEDSAVE=0,	PRINTKLD=0,	PRINTNET=1,	PRINTLAMBDA=1,	ANCESTDIST=0,	NUMBOXES=1000,	ANCESTPINT=0.90000,	GENSBACK=2,	MIGRPRIOR=0.01000,	PRINTQHAT=0,	PRINTQSUM=1,	ALPHA=1.0000,	FREQSCORR=1,	FPRIORMEAN=0.0100,	FPRIORSD=0.0500,	ONEFST=0,	LAMBDA=1.0000,	UNIFPRIORALPHA=1,	ALPHAMAX=10.0000,	ALPHAPRIORA=1.0000,	ALPHAPRIORB=2.0000,	ALPHAPROPSD=0.0250,	STARTATPOPINFO=0,	RANDOMIZE=0,	LINKAGE=0,	METROFREQ=10,	REPORTHITRATE=0,	MARKOVPHASE=-1,	PHASED=0,	PLOIDY=2,	PHASEINFO=0	LOCPRIOR=0, 	LOCPRIORINIT=1.000000, 	LOCDATA=0, 	LOCISPOP=0, 	LOCPRIORSTEP=0.100000, 	MAXLOCPRIOR=20.000000, 	SEED=70170304,	
[STRAT parameters]:    NUMSIMSTATS=1000,	PHENOTYPECOL=-9,	POOLFREQ=10,	LOCUSxONLY=0,	EMERROR=0.00100,	MISSINGPHENO=-9,	