

----------------------------------------------------
STRUCTURE by Pritchard, Stephens and Donnelly (2000)
     and Falush, Stephens and Pritchard (2003)
       Code by Pritchard, Falush and Hubisz
             Version 2.3.4 (Jul 2012)
----------------------------------------------------



Command line arguments:   /home/jason/Programs/structure -K 8 -i ../Data/microsats.structure -m Structure_Run/mainparams -e Structure_Run/extraparams -D 54652854 -o ../Structure_Results/05_K_08.out 
Input File:    ../Data/microsats.structure

Run parameters:
   384 individuals
   7 loci
   8 populations assumed
   1000000 Burn-in period
   10000000 Reps
RANDOMIZE turned off


--------------------------------------------
Overall proportion of membership of the
sample in each of the 8 clusters

Inferred Clusters
  1      2      3      4      5      6      7      8    
0.126  0.126  0.126  0.126  0.126  0.126  0.118  0.126  

--------------------------------------------

Allele-freq. divergence among pops (Net nucleotide distance),
computed using point estimates of P.

      1       2       3       4       5       6       7       8      
 1      -    0.0000  0.0002  0.0001  0.0002  0.0003  0.1567  0.0001  
 2   0.0000     -    0.0001  0.0000  0.0001  0.0002  0.1570  0.0000  
 3   0.0002  0.0001     -    0.0001  0.0000  0.0001  0.1563  0.0001  
 4   0.0001  0.0000  0.0001     -    0.0001  0.0002  0.1560  0.0001  
 5   0.0002  0.0001  0.0000  0.0001     -    0.0001  0.1567  0.0001  
 6   0.0003  0.0002  0.0001  0.0002  0.0001     -    0.1572  0.0001  
 7   0.1567  0.1570  0.1563  0.1560  0.1567  0.1572     -    0.1567  
 8   0.0001  0.0000  0.0001  0.0001  0.0001  0.0001  0.1567     -    

Average distances (expected heterozygosity) between individuals in same cluster:
cluster  1  : 0.6236 
cluster  2  : 0.6230 
cluster  3  : 0.6258 
cluster  4  : 0.6248 
cluster  5  : 0.6247 
cluster  6  : 0.6232 
cluster  7  : 0.6507 
cluster  8  : 0.6244 

--------------------------------------------
Estimated Ln Prob of Data   = -9009.5
Mean value of ln likelihood = -7887.7
Variance of ln likelihood   = 2243.5
Mean value of alpha         = 0.0469

Mean value of Fst_1         = 0.0721
Mean value of Fst_2         = 0.0723
Mean value of Fst_3         = 0.0690
Mean value of Fst_4         = 0.0692
Mean value of Fst_5         = 0.0692
Mean value of Fst_6         = 0.0684
Mean value of Fst_7         = 0.1695
Mean value of Fst_8         = 0.0684


Inferred ancestry of individuals:
        Label (%Miss) :  Inferred clusters
  1 COPE-0001    (0)   :  0.008 0.008 0.008 0.008 0.008 0.008 0.942 0.008 
  2 COPE-0002    (0)   :  0.146 0.139 0.154 0.140 0.143 0.130 0.011 0.138 
  3 COPE-0003    (0)   :  0.119 0.129 0.146 0.150 0.144 0.165 0.007 0.139 
  4 COPE-0004    (0)   :  0.142 0.138 0.153 0.148 0.130 0.138 0.013 0.138 
  5 COPE-0005    (0)   :  0.140 0.139 0.153 0.134 0.138 0.140 0.020 0.136 
  6 COPE-0006    (0)   :  0.137 0.134 0.147 0.132 0.152 0.142 0.018 0.138 
  7 COPE-0007    (0)   :  0.150 0.145 0.140 0.133 0.139 0.145 0.007 0.141 
  8 COPE-0008    (0)   :  0.172 0.161 0.118 0.160 0.130 0.105 0.008 0.145 
  9 COPE-0009    (0)   :  0.128 0.132 0.158 0.143 0.152 0.144 0.018 0.126 
 10 COPE-0010    (0)   :  0.132 0.136 0.131 0.135 0.149 0.147 0.007 0.163 
 11 COPE-0011   (14)   :  0.014 0.013 0.015 0.014 0.013 0.013 0.905 0.014 
 12 COPE-0012   (14)   :  0.157 0.155 0.134 0.163 0.122 0.119 0.007 0.144 
 13 COPE-0013    (0)   :  0.111 0.127 0.146 0.155 0.144 0.175 0.006 0.136 
 14 COPE-0014    (0)   :  0.149 0.142 0.138 0.133 0.137 0.150 0.010 0.141 
 15 COPE-0015    (0)   :  0.149 0.146 0.137 0.133 0.140 0.143 0.007 0.145 
 16 COPE-0016    (0)   :  0.145 0.140 0.169 0.130 0.170 0.124 0.010 0.113 
 17 COPE-0017    (0)   :  0.045 0.045 0.044 0.042 0.045 0.045 0.689 0.043 
 18 COPE-0018    (0)   :  0.131 0.137 0.153 0.141 0.147 0.145 0.008 0.138 
 19 COPE-0019    (0)   :  0.125 0.133 0.151 0.149 0.143 0.159 0.006 0.134 
 20 COPE-0020    (0)   :  0.132 0.137 0.145 0.140 0.146 0.149 0.008 0.142 
 21 COPE-0021    (0)   :  0.143 0.152 0.128 0.125 0.136 0.160 0.006 0.151 
 22 COPE-0022    (0)   :  0.172 0.161 0.126 0.157 0.133 0.104 0.007 0.140 
 23 COPE-0023    (0)   :  0.135 0.135 0.141 0.141 0.145 0.137 0.008 0.158 
 24 COPE-0024   (14)   :  0.144 0.148 0.143 0.136 0.147 0.143 0.006 0.133 
 25 COPE-0025    (0)   :  0.123 0.123 0.127 0.136 0.139 0.137 0.073 0.141 
 26 COPE-0026    (0)   :  0.160 0.142 0.137 0.133 0.145 0.130 0.005 0.147 
 27 COPE-0027    (0)   :  0.128 0.136 0.145 0.158 0.137 0.154 0.006 0.136 
 28 COPE-0028    (0)   :  0.138 0.141 0.131 0.132 0.151 0.142 0.006 0.160 
 29 COPE-0029    (0)   :  0.148 0.141 0.166 0.128 0.169 0.125 0.005 0.117 
 30 COPE-0030   (14)   :  0.034 0.032 0.033 0.033 0.032 0.032 0.771 0.034 
 31 COPE-0031    (0)   :  0.165 0.151 0.129 0.145 0.141 0.113 0.010 0.145 
 32 COPE-0032    (0)   :  0.131 0.136 0.127 0.138 0.152 0.140 0.009 0.167 
 33 COPE-0033    (0)   :  0.134 0.134 0.136 0.138 0.150 0.140 0.012 0.155 
 34 COPE-0034    (0)   :  0.150 0.143 0.148 0.140 0.141 0.132 0.011 0.135 
 35 COPE-0035   (14)   :  0.138 0.136 0.129 0.139 0.150 0.142 0.008 0.159 
 36 COPE-0036   (14)   :  0.137 0.136 0.142 0.135 0.139 0.163 0.006 0.141 
 37 COPE-0037    (0)   :  0.136 0.140 0.136 0.137 0.143 0.147 0.023 0.139 
 38 COPE-0038    (0)   :  0.169 0.155 0.118 0.146 0.142 0.113 0.006 0.150 
 39 COPE-0039    (0)   :  0.123 0.121 0.134 0.139 0.130 0.138 0.088 0.126 
 40 COPE-0040   (14)   :  0.116 0.122 0.136 0.135 0.130 0.138 0.097 0.127 
 41 COPE-0041    (0)   :  0.128 0.132 0.143 0.145 0.140 0.140 0.031 0.142 
 42 COPE-0042    (0)   :  0.131 0.135 0.128 0.138 0.154 0.142 0.011 0.161 
 43 COPE-0043    (0)   :  0.149 0.139 0.158 0.138 0.151 0.130 0.005 0.130 
 44 COPE-0044    (0)   :  0.143 0.140 0.148 0.151 0.131 0.134 0.014 0.139 
 45 COPE-0045    (0)   :  0.142 0.137 0.143 0.151 0.127 0.127 0.031 0.141 
 46 COPE-0046    (0)   :  0.027 0.027 0.030 0.029 0.029 0.031 0.800 0.027 
 47 COPE-0047    (0)   :  0.007 0.007 0.008 0.007 0.008 0.007 0.948 0.007 
 48 COPE-0048    (0)   :  0.131 0.138 0.125 0.136 0.155 0.140 0.007 0.168 
 49 COPE-0049    (0)   :  0.143 0.138 0.148 0.146 0.138 0.132 0.016 0.138 
 50 COPE-0050    (0)   :  0.122 0.131 0.150 0.148 0.141 0.164 0.007 0.137 
 51 COPE-0051    (0)   :  0.123 0.125 0.112 0.120 0.132 0.127 0.105 0.155 
 52 COPE-0052    (0)   :  0.153 0.143 0.141 0.129 0.139 0.141 0.011 0.144 
 53 COPE-0053    (0)   :  0.143 0.142 0.173 0.126 0.175 0.123 0.009 0.109 
 54 COPE-0054    (0)   :  0.141 0.156 0.136 0.135 0.127 0.159 0.005 0.140 
 55 COPE-0055    (0)   :  0.176 0.166 0.122 0.160 0.131 0.098 0.005 0.143 
 56 COPE-0056    (0)   :  0.147 0.142 0.143 0.154 0.127 0.129 0.018 0.141 
 57 COPE-0057    (0)   :  0.130 0.132 0.148 0.149 0.142 0.150 0.011 0.139 
 58 COPE-0058    (0)   :  0.142 0.124 0.150 0.143 0.146 0.140 0.009 0.147 
 59 COPE-0059    (0)   :  0.112 0.131 0.145 0.149 0.138 0.175 0.019 0.131 
 60 COPE-0060    (0)   :  0.143 0.138 0.158 0.138 0.157 0.132 0.007 0.128 
 61 COPE-0061    (0)   :  0.135 0.138 0.170 0.132 0.168 0.133 0.011 0.113 
 62 COPE-0062    (0)   :  0.146 0.153 0.123 0.125 0.127 0.163 0.009 0.155 
 63 COPE-0063    (0)   :  0.168 0.162 0.124 0.164 0.119 0.098 0.027 0.139 
 64 COPE-0064    (0)   :  0.153 0.138 0.143 0.140 0.143 0.138 0.009 0.136 
 65 COPE-0065    (0)   :  0.006 0.006 0.006 0.006 0.006 0.006 0.959 0.006 
 66 COPE-0066    (0)   :  0.128 0.132 0.121 0.138 0.155 0.145 0.016 0.165 
 67 COPE-0067   (14)   :  0.026 0.026 0.027 0.027 0.029 0.027 0.809 0.029 
 68 COPE-0068    (0)   :  0.113 0.128 0.149 0.151 0.140 0.175 0.010 0.135 
 69 COPE-0069   (14)   :  0.139 0.146 0.135 0.139 0.137 0.154 0.013 0.138 
 70 COPE-0070    (0)   :  0.143 0.139 0.149 0.146 0.135 0.133 0.012 0.143 
 71 COPE-0071    (0)   :  0.130 0.139 0.128 0.138 0.149 0.149 0.004 0.163 
 72 COPE-0072    (0)   :  0.135 0.135 0.150 0.142 0.145 0.149 0.007 0.137 
 73 COPE-0073   (14)   :  0.041 0.043 0.047 0.038 0.047 0.042 0.708 0.035 
 74 COPE-0074    (0)   :  0.136 0.140 0.129 0.137 0.148 0.139 0.009 0.162 
 75 COPE-0075    (0)   :  0.135 0.137 0.123 0.136 0.147 0.138 0.013 0.172 
 76 COPE-0076    (0)   :  0.144 0.149 0.140 0.147 0.132 0.141 0.006 0.139 
 77 COPE-0077   (14)   :  0.138 0.138 0.144 0.139 0.147 0.144 0.009 0.141 
 78 COPE-0078   (14)   :  0.151 0.147 0.141 0.144 0.135 0.136 0.008 0.137 
 79 COPE-0079    (0)   :  0.145 0.138 0.161 0.151 0.124 0.134 0.009 0.139 
 80 COPE-0080   (42)   :  0.020 0.021 0.022 0.021 0.021 0.022 0.853 0.020 
 81 COPE-0081   (14)   :  0.080 0.079 0.071 0.079 0.072 0.070 0.471 0.076 
 82 COPE-0082   (14)   :  0.144 0.140 0.129 0.140 0.127 0.129 0.046 0.146 
 83 COPE-0083   (14)   :  0.151 0.152 0.127 0.126 0.127 0.158 0.006 0.154 
 84 COPE-0084    (0)   :  0.111 0.109 0.132 0.096 0.139 0.096 0.230 0.088 
 85 COPE-0085    (0)   :  0.136 0.135 0.152 0.148 0.140 0.140 0.010 0.139 
 86 COPE-0086    (0)   :  0.137 0.133 0.143 0.128 0.154 0.141 0.021 0.144 
 87 COPE-0087   (14)   :  0.140 0.140 0.160 0.133 0.165 0.128 0.007 0.127 
 88 COPE-0088   (14)   :  0.140 0.134 0.156 0.136 0.146 0.131 0.024 0.132 
 89 COPE-0089   (14)   :  0.008 0.008 0.007 0.008 0.007 0.007 0.948 0.007 
 90 COPE-0090    (0)   :  0.172 0.163 0.126 0.157 0.132 0.101 0.008 0.143 
 91 COPE-0091   (14)   :  0.141 0.141 0.158 0.135 0.161 0.132 0.006 0.126 
 92 COPE-0092   (28)   :  0.022 0.023 0.025 0.026 0.024 0.026 0.828 0.025 
 93 COPE-0093    (0)   :  0.170 0.167 0.127 0.168 0.118 0.102 0.006 0.142 
 94 COPE-0094    (0)   :  0.140 0.135 0.157 0.149 0.122 0.131 0.030 0.136 
 95 COPE-0095    (0)   :  0.148 0.146 0.165 0.130 0.169 0.120 0.005 0.117 
 96 COPE-0096    (0)   :  0.152 0.142 0.145 0.130 0.146 0.141 0.009 0.136 
 97 COPE-0097    (0)   :  0.136 0.149 0.126 0.128 0.138 0.151 0.008 0.163 
 98 COPE-0098    (0)   :  0.171 0.154 0.122 0.150 0.136 0.110 0.008 0.149 
 99 COPE-0099    (0)   :  0.113 0.128 0.143 0.151 0.140 0.165 0.022 0.139 
100 COPE-0100    (0)   :  0.134 0.138 0.140 0.149 0.141 0.148 0.007 0.142 
101 COPE-0101    (0)   :  0.138 0.137 0.122 0.149 0.138 0.124 0.045 0.146 
102 COPE-0102    (0)   :  0.138 0.139 0.145 0.146 0.144 0.135 0.006 0.148 
103 COPE-0103    (0)   :  0.146 0.138 0.147 0.141 0.131 0.138 0.017 0.142 
104 COPE-0104   (14)   :  0.144 0.143 0.129 0.139 0.142 0.138 0.007 0.157 
105 COPE-0105    (0)   :  0.133 0.141 0.128 0.130 0.130 0.142 0.037 0.159 
106 COPE-0106    (0)   :  0.130 0.154 0.137 0.126 0.133 0.180 0.005 0.135 
107 COPE-0107    (0)   :  0.022 0.021 0.018 0.021 0.019 0.016 0.863 0.019 
108 COPE-0108    (0)   :  0.153 0.147 0.129 0.135 0.138 0.139 0.006 0.153 
109 COPE-0109    (0)   :  0.142 0.137 0.150 0.150 0.131 0.137 0.012 0.141 
110 COPE-0110   (14)   :  0.138 0.138 0.155 0.139 0.142 0.147 0.014 0.128 
111 COPE-0111    (0)   :  0.137 0.145 0.142 0.132 0.144 0.156 0.009 0.135 
112 COPE-0112   (14)   :  0.133 0.141 0.127 0.140 0.150 0.135 0.011 0.165 
113 COPE-0113    (0)   :  0.135 0.137 0.137 0.151 0.134 0.143 0.022 0.142 
114 COPE-0114    (0)   :  0.136 0.143 0.144 0.141 0.134 0.161 0.010 0.131 
115 COPE-0115    (0)   :  0.027 0.026 0.028 0.025 0.027 0.026 0.814 0.025 
116 COPE-0116   (28)   :  0.010 0.010 0.010 0.010 0.010 0.011 0.929 0.010 
117 COPE-0117    (0)   :  0.143 0.142 0.173 0.127 0.173 0.122 0.011 0.110 
118 COPE-0118    (0)   :  0.136 0.158 0.129 0.126 0.130 0.176 0.009 0.136 
119 COPE-0119    (0)   :  0.159 0.152 0.121 0.126 0.133 0.147 0.010 0.152 
120 COPE-0120    (0)   :  0.138 0.133 0.144 0.146 0.140 0.146 0.012 0.142 
121 COPE-0121    (0)   :  0.137 0.136 0.131 0.127 0.130 0.151 0.061 0.127 
122 COPE-0122    (0)   :  0.138 0.135 0.148 0.143 0.141 0.134 0.008 0.153 
123 COPE-0123    (0)   :  0.136 0.137 0.139 0.144 0.139 0.135 0.015 0.155 
124 COPE-0124    (0)   :  0.137 0.131 0.146 0.144 0.138 0.142 0.013 0.149 
125 COPE-0125    (0)   :  0.136 0.146 0.140 0.142 0.132 0.150 0.007 0.147 
126 COPE-0126    (0)   :  0.145 0.143 0.170 0.127 0.171 0.119 0.013 0.113 
127 COPE-0127   (14)   :  0.137 0.144 0.148 0.138 0.138 0.144 0.007 0.145 
128 COPE-0128    (0)   :  0.137 0.125 0.146 0.138 0.144 0.154 0.019 0.137 
129 COPE-0129    (0)   :  0.136 0.134 0.159 0.150 0.131 0.142 0.006 0.142 
130 COPE-0130    (0)   :  0.126 0.132 0.146 0.147 0.140 0.159 0.012 0.137 
131 COPE-0131   (14)   :  0.143 0.145 0.128 0.132 0.133 0.163 0.009 0.147 
132 COPE-0132   (14)   :  0.141 0.151 0.127 0.131 0.137 0.140 0.038 0.133 
133 COPE-0133    (0)   :  0.146 0.141 0.172 0.126 0.174 0.121 0.009 0.110 
134 COPE-0134    (0)   :  0.137 0.131 0.153 0.144 0.143 0.141 0.007 0.144 
135 COPE-0135    (0)   :  0.145 0.145 0.131 0.145 0.137 0.130 0.008 0.157 
136 COPE-0136    (0)   :  0.012 0.012 0.013 0.013 0.013 0.013 0.911 0.013 
137 COPE-0137    (0)   :  0.122 0.128 0.140 0.150 0.151 0.153 0.013 0.144 
138 COPE-0138   (14)   :  0.008 0.009 0.009 0.008 0.008 0.009 0.940 0.009 
139 COPE-0139    (0)   :  0.118 0.131 0.145 0.153 0.148 0.163 0.008 0.136 
140 COPE-0140   (14)   :  0.021 0.021 0.022 0.023 0.024 0.023 0.843 0.023 
141 COPE-0141    (0)   :  0.161 0.155 0.137 0.162 0.122 0.115 0.008 0.141 
142 COPE-0142    (0)   :  0.149 0.151 0.137 0.153 0.131 0.130 0.009 0.140 
143 COPE-0143    (0)   :  0.149 0.146 0.154 0.142 0.150 0.122 0.009 0.128 
144 COPE-0144   (14)   :  0.106 0.104 0.114 0.107 0.113 0.102 0.255 0.099 
145 COPE-0145   (14)   :  0.085 0.082 0.092 0.095 0.096 0.093 0.364 0.092 
146 COPE-0146   (14)   :  0.145 0.145 0.146 0.136 0.145 0.125 0.028 0.130 
147 COPE-0147    (0)   :  0.144 0.136 0.135 0.143 0.121 0.120 0.066 0.135 
148 COPE-0148    (0)   :  0.144 0.143 0.169 0.127 0.171 0.124 0.009 0.112 
149 COPE-0149    (0)   :  0.123 0.132 0.156 0.144 0.152 0.154 0.007 0.130 
150 COPE-0150    (0)   :  0.131 0.136 0.118 0.134 0.158 0.140 0.008 0.175 
151 COPE-0151    (0)   :  0.142 0.139 0.152 0.149 0.147 0.134 0.007 0.131 
152 COPE-0152   (14)   :  0.146 0.139 0.116 0.139 0.112 0.100 0.123 0.125 
153 COPE-0153    (0)   :  0.155 0.141 0.137 0.138 0.139 0.140 0.006 0.144 
154 COPE-0154    (0)   :  0.136 0.145 0.149 0.142 0.141 0.147 0.007 0.134 
155 COPE-0155    (0)   :  0.131 0.130 0.153 0.143 0.150 0.148 0.006 0.140 
156 COPE-0156   (14)   :  0.009 0.009 0.009 0.009 0.009 0.009 0.939 0.009 
157 COPE-0157   (14)   :  0.115 0.107 0.099 0.113 0.092 0.091 0.280 0.102 
158 COPE-0158    (0)   :  0.138 0.137 0.167 0.134 0.166 0.134 0.009 0.113 
159 COPE-0159    (0)   :  0.164 0.151 0.130 0.145 0.140 0.123 0.008 0.141 
160 COPE-0160    (0)   :  0.145 0.134 0.148 0.151 0.133 0.137 0.006 0.146 
161 COPE-0161    (0)   :  0.139 0.140 0.142 0.147 0.138 0.131 0.012 0.152 
162 COPE-0162   (14)   :  0.007 0.007 0.007 0.007 0.007 0.007 0.952 0.007 
163 COPE-0163   (28)   :  0.013 0.013 0.013 0.013 0.013 0.013 0.907 0.013 
164 COPE-0164    (0)   :  0.130 0.134 0.145 0.145 0.143 0.138 0.031 0.134 
165 COPE-0165    (0)   :  0.126 0.135 0.149 0.148 0.144 0.151 0.008 0.139 
166 COPE-0166   (14)   :  0.139 0.131 0.157 0.143 0.142 0.138 0.008 0.142 
167 COPE-0167    (0)   :  0.139 0.139 0.155 0.142 0.139 0.143 0.008 0.136 
168 COPE-0168    (0)   :  0.157 0.143 0.152 0.136 0.154 0.126 0.006 0.125 
169 COPE-0169    (0)   :  0.116 0.129 0.145 0.152 0.140 0.173 0.011 0.135 
170 COPE-0170    (0)   :  0.158 0.148 0.123 0.149 0.125 0.126 0.031 0.140 
171 COPE-0171    (0)   :  0.154 0.146 0.140 0.138 0.144 0.136 0.009 0.134 
172 COPE-0172    (0)   :  0.148 0.140 0.142 0.134 0.145 0.137 0.007 0.148 
173 COPE-0173   (14)   :  0.109 0.122 0.140 0.142 0.132 0.159 0.067 0.129 
174 COPE-0174   (28)   :  0.148 0.143 0.145 0.141 0.143 0.127 0.018 0.136 
175 COPE-0175    (0)   :  0.145 0.127 0.153 0.136 0.143 0.126 0.040 0.130 
176 COPE-0176    (0)   :  0.148 0.155 0.137 0.149 0.125 0.141 0.009 0.136 
177 COPE-0177    (0)   :  0.121 0.133 0.151 0.148 0.143 0.159 0.007 0.137 
178 COPE-0178    (0)   :  0.128 0.148 0.142 0.130 0.133 0.178 0.007 0.134 
179 COPE-0179    (0)   :  0.135 0.133 0.144 0.148 0.139 0.148 0.009 0.145 
180 COPE-0180   (14)   :  0.113 0.128 0.148 0.151 0.142 0.174 0.006 0.137 
181 COPE-0181   (14)   :  0.122 0.128 0.148 0.150 0.142 0.163 0.009 0.139 
182 COPE-0182    (0)   :  0.157 0.151 0.132 0.139 0.136 0.124 0.005 0.157 
183 COPE-0183    (0)   :  0.142 0.140 0.146 0.140 0.141 0.140 0.011 0.141 
184 COPE-0184    (0)   :  0.140 0.137 0.158 0.139 0.142 0.138 0.009 0.136 
185 COPE-0185    (0)   :  0.167 0.155 0.123 0.146 0.137 0.120 0.006 0.145 
186 COPE-0186    (0)   :  0.152 0.152 0.124 0.127 0.130 0.155 0.006 0.156 
187 COPE-0187    (0)   :  0.142 0.145 0.127 0.140 0.138 0.134 0.010 0.163 
188 COPE-0188    (0)   :  0.024 0.023 0.023 0.023 0.026 0.023 0.832 0.026 
189 COPE-0189    (0)   :  0.123 0.135 0.141 0.147 0.145 0.157 0.009 0.144 
190 COPE-0190    (0)   :  0.139 0.136 0.145 0.147 0.134 0.137 0.015 0.147 
191 COPE-0191    (0)   :  0.139 0.141 0.146 0.142 0.142 0.141 0.012 0.136 
192 COPE-0192   (14)   :  0.011 0.011 0.010 0.010 0.010 0.011 0.928 0.011 
193 COPE-0193    (0)   :  0.141 0.143 0.157 0.133 0.160 0.133 0.006 0.127 
194 COPE-0194    (0)   :  0.133 0.136 0.121 0.133 0.155 0.140 0.009 0.172 
195 COPE-0195    (0)   :  0.142 0.136 0.135 0.141 0.148 0.136 0.007 0.155 
196 COPE-0196    (0)   :  0.147 0.142 0.135 0.140 0.140 0.138 0.011 0.148 
197 COPE-0197    (0)   :  0.119 0.132 0.153 0.147 0.148 0.156 0.007 0.137 
198 COPE-0198    (0)   :  0.140 0.142 0.132 0.147 0.142 0.147 0.014 0.137 
199 COPE-0199    (0)   :  0.116 0.129 0.149 0.154 0.139 0.170 0.011 0.132 
200 COPE-0200   (42)   :  0.118 0.128 0.149 0.150 0.142 0.169 0.009 0.135 
201 COPE-0201    (0)   :  0.151 0.154 0.131 0.146 0.128 0.134 0.009 0.147 
202 COPE-0202    (0)   :  0.162 0.149 0.134 0.151 0.129 0.123 0.013 0.139 
203 COPE-0203    (0)   :  0.149 0.149 0.137 0.144 0.143 0.133 0.006 0.139 
204 COPE-0204    (0)   :  0.128 0.138 0.135 0.127 0.134 0.157 0.034 0.147 
205 COPE-0205    (0)   :  0.144 0.141 0.151 0.132 0.159 0.122 0.022 0.128 
206 COPE-0206    (0)   :  0.136 0.148 0.138 0.131 0.136 0.168 0.005 0.138 
207 COPE-0207    (0)   :  0.141 0.157 0.125 0.127 0.135 0.162 0.011 0.143 
208 COPE-0208    (0)   :  0.030 0.029 0.027 0.031 0.029 0.029 0.795 0.029 
209 COPE-0209    (0)   :  0.131 0.136 0.137 0.143 0.144 0.158 0.007 0.145 
210 COPE-0210    (0)   :  0.141 0.137 0.157 0.134 0.163 0.132 0.012 0.125 
211 COPE-0211    (0)   :  0.131 0.138 0.121 0.136 0.157 0.142 0.005 0.171 
212 COPE-0212    (0)   :  0.145 0.154 0.132 0.131 0.142 0.147 0.012 0.138 
213 COPE-0213    (0)   :  0.140 0.137 0.139 0.136 0.143 0.153 0.008 0.144 
214 COPE-0214    (0)   :  0.112 0.129 0.150 0.150 0.141 0.176 0.008 0.134 
215 COPE-0215    (0)   :  0.107 0.123 0.144 0.148 0.138 0.170 0.039 0.130 
216 COPE-0216   (14)   :  0.080 0.079 0.085 0.076 0.088 0.077 0.440 0.075 
217 COPE-0217    (0)   :  0.132 0.147 0.138 0.129 0.133 0.162 0.028 0.132 
218 COPE-0218    (0)   :  0.138 0.141 0.146 0.136 0.150 0.142 0.009 0.137 
219 COPE-0219   (14)   :  0.126 0.132 0.152 0.147 0.143 0.157 0.009 0.134 
220 COPE-0220    (0)   :  0.129 0.145 0.140 0.130 0.133 0.171 0.014 0.137 
221 COPE-0221    (0)   :  0.171 0.163 0.116 0.156 0.134 0.103 0.015 0.140 
222 COPE-0222    (0)   :  0.159 0.154 0.147 0.142 0.153 0.111 0.007 0.128 
223 COPE-0223    (0)   :  0.119 0.129 0.146 0.150 0.143 0.160 0.008 0.145 
224 COPE-0224    (0)   :  0.143 0.137 0.158 0.148 0.126 0.132 0.021 0.136 
225 COPE-0225    (0)   :  0.110 0.128 0.149 0.150 0.139 0.177 0.015 0.132 
226 COPE-0226    (0)   :  0.148 0.147 0.148 0.143 0.141 0.132 0.007 0.133 
227 COPE-0227    (0)   :  0.145 0.141 0.135 0.136 0.140 0.152 0.006 0.145 
228 COPE-0228    (0)   :  0.131 0.134 0.150 0.135 0.141 0.157 0.022 0.130 
229 COPE-0229    (0)   :  0.143 0.136 0.149 0.147 0.141 0.143 0.007 0.135 
230 COPE-0230    (0)   :  0.138 0.143 0.151 0.145 0.133 0.145 0.010 0.134 
231 COPE-0231    (0)   :  0.125 0.134 0.153 0.145 0.149 0.148 0.006 0.139 
232 COPE-0232    (0)   :  0.141 0.131 0.148 0.147 0.136 0.136 0.015 0.144 
233 COPE-0233    (0)   :  0.166 0.151 0.129 0.147 0.145 0.113 0.005 0.143 
234 COPE-0234    (0)   :  0.142 0.134 0.151 0.146 0.134 0.138 0.008 0.147 
235 COPE-0235    (0)   :  0.135 0.132 0.150 0.145 0.139 0.142 0.006 0.152 
236 COPE-0236    (0)   :  0.136 0.148 0.146 0.138 0.131 0.157 0.005 0.137 
237 COPE-0237    (0)   :  0.169 0.152 0.115 0.144 0.144 0.121 0.006 0.148 
238 COPE-0238    (0)   :  0.112 0.129 0.154 0.153 0.145 0.167 0.007 0.133 
239 COPE-0239    (0)   :  0.143 0.135 0.154 0.141 0.133 0.125 0.035 0.134 
240 COPE-0240    (0)   :  0.150 0.138 0.164 0.127 0.162 0.129 0.008 0.121 
241 COPE-0241    (0)   :  0.110 0.127 0.146 0.155 0.142 0.177 0.007 0.137 
242 COPE-0242    (0)   :  0.151 0.148 0.130 0.126 0.134 0.159 0.006 0.148 
243 COPE-0243    (0)   :  0.137 0.137 0.126 0.134 0.148 0.140 0.008 0.171 
244 COPE-0244    (0)   :  0.130 0.134 0.145 0.146 0.139 0.152 0.009 0.145 
245 COPE-0245    (0)   :  0.141 0.139 0.126 0.135 0.146 0.136 0.012 0.165 
246 COPE-0246    (0)   :  0.145 0.140 0.147 0.140 0.143 0.134 0.013 0.138 
247 COPE-0247    (0)   :  0.153 0.147 0.128 0.145 0.137 0.130 0.017 0.142 
248 COPE-0248    (0)   :  0.147 0.141 0.131 0.133 0.142 0.141 0.005 0.160 
249 COPE-0249    (0)   :  0.133 0.132 0.150 0.145 0.133 0.138 0.033 0.135 
250 COPE-0250    (0)   :  0.140 0.136 0.154 0.143 0.133 0.138 0.016 0.141 
251 COPE-0251   (14)   :  0.038 0.037 0.028 0.034 0.033 0.027 0.770 0.033 
252 COPE-0252    (0)   :  0.144 0.134 0.157 0.144 0.135 0.132 0.012 0.142 
253 COPE-0253    (0)   :  0.169 0.162 0.126 0.166 0.123 0.104 0.008 0.143 
254 COPE-0254    (0)   :  0.137 0.147 0.137 0.136 0.130 0.142 0.014 0.157 
255 COPE-0255    (0)   :  0.148 0.149 0.123 0.144 0.136 0.127 0.028 0.145 
256 COPE-0256    (0)   :  0.143 0.141 0.168 0.127 0.170 0.128 0.011 0.112 
257 COPE-0257    (0)   :  0.152 0.153 0.125 0.127 0.130 0.153 0.008 0.152 
258 COPE-0258    (0)   :  0.143 0.138 0.128 0.134 0.136 0.151 0.022 0.149 
259 COPE-0259    (0)   :  0.142 0.137 0.135 0.135 0.147 0.144 0.006 0.154 
260 COPE-0260    (0)   :  0.116 0.129 0.148 0.147 0.140 0.162 0.024 0.135 
261 COPE-0261    (0)   :  0.132 0.145 0.133 0.131 0.136 0.151 0.006 0.165 
262 COPE-0262    (0)   :  0.137 0.135 0.142 0.125 0.160 0.135 0.022 0.143 
263 COPE-0263    (0)   :  0.160 0.142 0.133 0.134 0.141 0.134 0.008 0.147 
264 COPE-0264    (0)   :  0.144 0.148 0.126 0.131 0.132 0.147 0.022 0.150 
265 COPE-0265    (0)   :  0.152 0.152 0.133 0.154 0.134 0.125 0.011 0.140 
266 COPE-0266    (0)   :  0.135 0.134 0.141 0.134 0.140 0.157 0.018 0.141 
267 COPE-0267    (0)   :  0.161 0.150 0.131 0.147 0.143 0.119 0.006 0.143 
268 COPE-0268    (0)   :  0.168 0.147 0.122 0.141 0.143 0.117 0.013 0.150 
269 COPE-0269    (0)   :  0.146 0.142 0.152 0.135 0.151 0.134 0.007 0.132 
270 COPE-0270    (0)   :  0.128 0.135 0.122 0.135 0.159 0.143 0.007 0.171 
271 COPE-0271    (0)   :  0.134 0.133 0.153 0.141 0.152 0.142 0.008 0.137 
272 COPE-0272    (0)   :  0.151 0.146 0.144 0.150 0.127 0.133 0.007 0.141 
273 COPE-0273    (0)   :  0.148 0.156 0.125 0.138 0.137 0.142 0.015 0.139 
274 COPE-0274   (14)   :  0.020 0.021 0.020 0.021 0.023 0.021 0.850 0.024 
275 COPE-0275    (0)   :  0.132 0.137 0.140 0.142 0.143 0.146 0.011 0.150 
276 COPE-0276   (14)   :  0.006 0.006 0.006 0.006 0.006 0.006 0.957 0.006 
277 COPE-0277   (14)   :  0.139 0.144 0.160 0.131 0.156 0.140 0.014 0.116 
278 COPE-0278    (0)   :  0.131 0.151 0.142 0.128 0.138 0.171 0.007 0.131 
279 COPE-0279    (0)   :  0.138 0.135 0.146 0.136 0.147 0.146 0.009 0.143 
280 COPE-0280    (0)   :  0.013 0.013 0.013 0.013 0.013 0.013 0.908 0.013 
281 COPE-0281    (0)   :  0.026 0.027 0.029 0.031 0.029 0.032 0.797 0.028 
282 COPE-0282   (14)   :  0.147 0.139 0.159 0.152 0.125 0.134 0.006 0.138 
283 COPE-0283    (0)   :  0.134 0.151 0.138 0.130 0.139 0.165 0.007 0.134 
284 COPE-0284   (14)   :  0.116 0.124 0.141 0.149 0.141 0.160 0.036 0.134 
285 COPE-0285    (0)   :  0.031 0.032 0.033 0.032 0.032 0.033 0.776 0.031 
286 COPE-0286    (0)   :  0.125 0.126 0.130 0.151 0.151 0.153 0.013 0.150 
287 COPE-0287    (0)   :  0.164 0.142 0.121 0.133 0.140 0.119 0.037 0.144 
288 COPE-0288    (0)   :  0.168 0.163 0.121 0.156 0.135 0.108 0.010 0.140 
289 COPE-0289    (0)   :  0.145 0.145 0.148 0.147 0.144 0.129 0.008 0.133 
290 COPE-0290    (0)   :  0.123 0.133 0.129 0.141 0.153 0.153 0.008 0.160 
291 COPE-0291    (0)   :  0.134 0.139 0.141 0.140 0.143 0.155 0.006 0.142 
292 COPE-0292   (42)   :  0.014 0.014 0.014 0.014 0.014 0.014 0.902 0.014 
293 COPE-0293    (0)   :  0.160 0.159 0.130 0.160 0.122 0.117 0.008 0.145 
294 COPE-0294    (0)   :  0.134 0.132 0.149 0.144 0.140 0.145 0.012 0.144 
295 COPE-0295    (0)   :  0.140 0.139 0.161 0.147 0.141 0.135 0.008 0.130 
296 COPE-0296   (14)   :  0.152 0.150 0.131 0.142 0.145 0.127 0.007 0.145 
297 COPE-0297   (14)   :  0.108 0.125 0.144 0.148 0.138 0.171 0.035 0.131 
298 COPE-0298    (0)   :  0.149 0.146 0.146 0.151 0.126 0.127 0.010 0.145 
299 COPE-0299    (0)   :  0.140 0.146 0.122 0.134 0.144 0.139 0.006 0.169 
300 COPE-0300   (14)   :  0.154 0.137 0.156 0.130 0.155 0.131 0.008 0.129 
301 COPE-0301   (14)   :  0.173 0.167 0.122 0.168 0.122 0.096 0.009 0.142 
302 COPE-0302    (0)   :  0.105 0.110 0.112 0.102 0.109 0.107 0.256 0.100 
303 COPE-0303    (0)   :  0.131 0.136 0.150 0.138 0.139 0.165 0.006 0.135 
304 COPE-0304    (0)   :  0.144 0.142 0.149 0.146 0.141 0.132 0.007 0.139 
305 COPE-0305   (14)   :  0.139 0.138 0.141 0.135 0.139 0.134 0.040 0.134 
306 COPE-0306    (0)   :  0.133 0.154 0.131 0.127 0.130 0.177 0.009 0.139 
307 COPE-0307   (28)   :  0.008 0.008 0.008 0.008 0.008 0.008 0.944 0.008 
308 COPE-0308    (0)   :  0.150 0.142 0.154 0.155 0.125 0.129 0.006 0.138 
309 COPE-0309   (14)   :  0.052 0.049 0.049 0.052 0.049 0.047 0.652 0.051 
310 COPE-0310   (28)   :  0.047 0.047 0.039 0.041 0.042 0.050 0.687 0.047 
311 COPE-0311    (0)   :  0.150 0.140 0.131 0.133 0.135 0.144 0.023 0.144 
312 COPE-0312   (28)   :  0.012 0.012 0.012 0.012 0.012 0.013 0.915 0.012 
313 COPE-0313    (0)   :  0.147 0.149 0.124 0.126 0.133 0.163 0.008 0.150 
314 COPE-0314    (0)   :  0.163 0.148 0.125 0.138 0.141 0.122 0.008 0.155 
315 COPE-0315    (0)   :  0.135 0.138 0.140 0.143 0.136 0.159 0.008 0.141 
316 COPE-0316    (0)   :  0.126 0.133 0.134 0.138 0.144 0.151 0.022 0.152 
317 COPE-0317   (14)   :  0.009 0.008 0.008 0.008 0.008 0.008 0.941 0.008 
318 COPE-0318    (0)   :  0.136 0.138 0.136 0.138 0.142 0.149 0.006 0.155 
319 COPE-0319    (0)   :  0.143 0.133 0.153 0.147 0.137 0.138 0.007 0.141 
320 COPE-0320   (14)   :  0.156 0.150 0.140 0.151 0.132 0.118 0.015 0.138 
321 COPE-0321   (14)   :  0.152 0.150 0.119 0.128 0.137 0.147 0.011 0.156 
322 COPE-0322   (14)   :  0.126 0.131 0.140 0.143 0.146 0.158 0.006 0.149 
323 COPE-0323    (0)   :  0.153 0.151 0.121 0.123 0.126 0.157 0.011 0.156 
324 COPE-0324    (0)   :  0.119 0.132 0.147 0.149 0.141 0.171 0.006 0.135 
325 COPE-0325   (14)   :  0.144 0.142 0.169 0.128 0.172 0.125 0.012 0.108 
326 COPE-0326    (0)   :  0.154 0.152 0.140 0.156 0.127 0.129 0.007 0.135 
327 COPE-0327   (14)   :  0.166 0.154 0.132 0.164 0.123 0.110 0.009 0.142 
328 COPE-0328    (0)   :  0.133 0.132 0.142 0.140 0.146 0.153 0.006 0.147 
329 COPE-0329   (28)   :  0.122 0.136 0.143 0.145 0.137 0.169 0.012 0.136 
330 COPE-0330    (0)   :  0.155 0.141 0.130 0.131 0.140 0.128 0.022 0.152 
331 COPE-0331    (0)   :  0.174 0.167 0.120 0.165 0.126 0.098 0.006 0.143 
332 COPE-0332   (14)   :  0.140 0.133 0.143 0.138 0.142 0.154 0.007 0.143 
333 COPE-0333    (0)   :  0.140 0.136 0.109 0.140 0.110 0.093 0.151 0.122 
334 COPE-0334   (28)   :  0.057 0.054 0.047 0.050 0.050 0.056 0.631 0.056 
335 COPE-0335    (0)   :  0.115 0.129 0.148 0.151 0.140 0.176 0.007 0.134 
336 COPE-0336    (0)   :  0.149 0.144 0.133 0.151 0.136 0.137 0.006 0.144 
337 COPE-0337   (28)   :  0.017 0.018 0.019 0.020 0.019 0.021 0.868 0.018 
338 COPE-0338    (0)   :  0.154 0.140 0.128 0.126 0.141 0.139 0.023 0.149 
339 COPE-0339    (0)   :  0.144 0.143 0.172 0.127 0.172 0.123 0.006 0.114 
340 COPE-0340   (14)   :  0.012 0.012 0.012 0.012 0.012 0.012 0.917 0.012 
341 COPE-0341    (0)   :  0.152 0.139 0.149 0.146 0.133 0.131 0.007 0.144 
342 COPE-0342    (0)   :  0.109 0.127 0.149 0.153 0.142 0.179 0.007 0.134 
343 COPE-0343    (0)   :  0.145 0.148 0.135 0.141 0.136 0.145 0.006 0.144 
344 COPE-0344   (14)   :  0.011 0.010 0.010 0.010 0.010 0.010 0.929 0.010 
345 COPE-0345    (0)   :  0.149 0.138 0.156 0.143 0.138 0.131 0.006 0.139 
346 COPE-0346    (0)   :  0.138 0.132 0.136 0.137 0.139 0.138 0.034 0.146 
347 COPE-0347    (0)   :  0.138 0.142 0.138 0.139 0.146 0.140 0.007 0.152 
348 COPE-0348    (0)   :  0.134 0.141 0.132 0.131 0.142 0.149 0.015 0.157 
349 COPE-0349    (0)   :  0.118 0.128 0.151 0.149 0.143 0.168 0.006 0.136 
350 COPE-0350    (0)   :  0.129 0.137 0.132 0.139 0.150 0.144 0.006 0.163 
351 COPE-0351    (0)   :  0.134 0.138 0.127 0.138 0.146 0.147 0.006 0.164 
352 COPE-0352    (0)   :  0.128 0.129 0.144 0.145 0.142 0.151 0.027 0.136 
353 COPE-0353    (0)   :  0.150 0.147 0.132 0.133 0.135 0.146 0.006 0.151 
354 COPE-0354    (0)   :  0.149 0.149 0.130 0.142 0.128 0.140 0.016 0.146 
355 COPE-0355    (0)   :  0.144 0.141 0.177 0.125 0.181 0.121 0.006 0.106 
356 COPE-0356    (0)   :  0.142 0.149 0.135 0.142 0.129 0.137 0.008 0.159 
357 COPE-0357    (0)   :  0.137 0.136 0.143 0.147 0.140 0.152 0.009 0.137 
358 COPE-0358    (0)   :  0.007 0.007 0.008 0.008 0.007 0.008 0.947 0.008 
359 COPE-0359   (14)   :  0.137 0.132 0.151 0.143 0.143 0.140 0.009 0.144 
360 COPE-0360    (0)   :  0.148 0.148 0.128 0.130 0.135 0.151 0.006 0.154 
361 COPE-0361    (0)   :  0.138 0.133 0.145 0.142 0.138 0.137 0.008 0.158 
362 COPE-0362    (0)   :  0.117 0.129 0.146 0.150 0.142 0.173 0.007 0.136 
363 COPE-0363   (14)   :  0.142 0.132 0.149 0.139 0.141 0.136 0.014 0.147 
364 COPE-0364    (0)   :  0.161 0.145 0.126 0.129 0.142 0.136 0.006 0.156 
365 COPE-0365    (0)   :  0.165 0.149 0.113 0.128 0.137 0.131 0.022 0.154 
366 COPE-0366    (0)   :  0.111 0.125 0.138 0.151 0.145 0.165 0.022 0.143 
367 COPE-0367   (14)   :  0.012 0.012 0.011 0.012 0.011 0.011 0.920 0.011 
368 COPE-0368    (0)   :  0.146 0.145 0.161 0.131 0.165 0.123 0.010 0.119 
369 COPE-0369    (0)   :  0.157 0.148 0.137 0.145 0.140 0.125 0.009 0.139 
370 COPE-0370   (28)   :  0.009 0.009 0.009 0.009 0.009 0.008 0.939 0.009 
371 COPE-0371    (0)   :  0.169 0.154 0.120 0.140 0.139 0.121 0.012 0.145 
372 COPE-0372    (0)   :  0.129 0.141 0.133 0.132 0.132 0.158 0.048 0.127 
373 COPE-0373   (14)   :  0.158 0.154 0.135 0.157 0.130 0.122 0.007 0.137 
374 COPE-0374    (0)   :  0.151 0.130 0.153 0.143 0.143 0.128 0.008 0.145 
375 COPE-0375   (14)   :  0.156 0.142 0.132 0.131 0.135 0.143 0.011 0.149 
376 COPE-0376   (14)   :  0.136 0.144 0.129 0.132 0.138 0.146 0.006 0.168 
377 COPE-0377    (0)   :  0.056 0.055 0.056 0.059 0.052 0.053 0.613 0.056 
378 COPE-0378    (0)   :  0.145 0.141 0.150 0.135 0.157 0.134 0.007 0.131 
379 COPE-0379    (0)   :  0.112 0.127 0.146 0.156 0.142 0.174 0.007 0.136 
380 COPE-0380   (28)   :  0.032 0.036 0.035 0.033 0.033 0.040 0.756 0.034 
381 COPE-0381    (0)   :  0.149 0.143 0.139 0.143 0.138 0.137 0.012 0.140 
382 COPE-0382    (0)   :  0.113 0.128 0.150 0.153 0.141 0.173 0.006 0.135 
383 COPE-0383    (0)   :  0.149 0.136 0.110 0.119 0.124 0.135 0.085 0.143 
384 COPE-0384    (0)   :  0.144 0.147 0.142 0.131 0.149 0.139 0.008 0.140 


Estimated Allele Frequencies in each cluster
First column gives estimated ancestral frequencies


Locus 1 : COPE5 
78 alleles
0.5% missing data
   1   (0.007) 0.001 0.001 0.001 0.001 0.001 0.001 0.674 0.001 
   2   (0.023) 0.025 0.024 0.025 0.024 0.024 0.022 0.015 0.023 
   3   (0.014) 0.015 0.014 0.016 0.014 0.015 0.013 0.002 0.013 
   4   (0.023) 0.023 0.024 0.027 0.025 0.027 0.026 0.001 0.024 
   5   (0.011) 0.009 0.010 0.010 0.010 0.010 0.011 0.001 0.010 
   6   (0.019) 0.017 0.017 0.019 0.019 0.018 0.019 0.005 0.018 
   7   (0.007) 0.003 0.003 0.004 0.004 0.003 0.003 0.001 0.003 
   8   (0.034) 0.089 0.093 0.090 0.087 0.087 0.093 0.002 0.085 
   9   (0.020) 0.021 0.021 0.023 0.022 0.022 0.022 0.001 0.023 
  10   (0.019) 0.021 0.019 0.020 0.019 0.021 0.020 0.001 0.021 
  11   (0.015) 0.017 0.015 0.013 0.015 0.015 0.014 0.015 0.016 
  12   (0.017) 0.026 0.026 0.022 0.027 0.021 0.019 0.001 0.024 
  13   (0.010) 0.012 0.012 0.010 0.012 0.009 0.009 0.001 0.011 
  14   (0.024) 0.030 0.029 0.027 0.029 0.027 0.024 0.002 0.027 
  15   (0.016) 0.034 0.032 0.038 0.030 0.038 0.030 0.001 0.026 
  16   (0.010) 0.006 0.006 0.006 0.006 0.006 0.006 0.001 0.007 
  17   (0.018) 0.014 0.014 0.014 0.015 0.015 0.016 0.001 0.015 
  18   (0.017) 0.012 0.013 0.014 0.014 0.014 0.016 0.007 0.013 
  19   (0.011) 0.008 0.009 0.010 0.011 0.010 0.012 0.001 0.010 
  20   (0.029) 0.058 0.056 0.051 0.053 0.053 0.047 0.002 0.052 
  21   (0.023) 0.021 0.022 0.023 0.022 0.022 0.022 0.001 0.021 
  22   (0.019) 0.014 0.015 0.016 0.015 0.016 0.016 0.008 0.015 
  23   (0.013) 0.012 0.012 0.012 0.013 0.011 0.012 0.001 0.011 
  24   (0.015) 0.019 0.019 0.016 0.017 0.018 0.020 0.001 0.022 
  25   (0.010) 0.009 0.008 0.008 0.008 0.008 0.007 0.001 0.008 
  26   (0.013) 0.009 0.009 0.009 0.009 0.009 0.009 0.001 0.009 
  27   (0.012) 0.009 0.009 0.009 0.010 0.010 0.010 0.001 0.011 
  28   (0.008) 0.003 0.003 0.003 0.003 0.003 0.003 0.019 0.003 
  29   (0.013) 0.011 0.011 0.010 0.011 0.012 0.011 0.001 0.013 
  30   (0.019) 0.022 0.020 0.020 0.020 0.020 0.019 0.004 0.020 
  31   (0.019) 0.018 0.018 0.020 0.019 0.020 0.019 0.001 0.018 
  32   (0.024) 0.038 0.039 0.036 0.040 0.039 0.040 0.002 0.039 
  33   (0.006) 0.002 0.002 0.002 0.002 0.002 0.002 0.000 0.002 
  34   (0.018) 0.022 0.020 0.019 0.020 0.020 0.017 0.001 0.020 
  35   (0.006) 0.001 0.001 0.001 0.001 0.001 0.001 0.054 0.001 
  36   (0.006) 0.002 0.002 0.002 0.002 0.002 0.002 0.000 0.002 
  37   (0.021) 0.025 0.025 0.025 0.023 0.024 0.025 0.019 0.025 
  38   (0.015) 0.012 0.012 0.013 0.012 0.013 0.012 0.007 0.013 
  39   (0.014) 0.018 0.018 0.019 0.018 0.018 0.021 0.001 0.018 
  40   (0.011) 0.008 0.009 0.010 0.010 0.010 0.011 0.001 0.010 
  41   (0.009) 0.005 0.005 0.004 0.005 0.005 0.005 0.001 0.005 
  42   (0.006) 0.002 0.002 0.002 0.002 0.002 0.002 0.000 0.002 
  43   (0.009) 0.005 0.005 0.005 0.005 0.005 0.005 0.001 0.005 
  44   (0.023) 0.027 0.026 0.028 0.027 0.026 0.026 0.002 0.028 
  45   (0.006) 0.002 0.002 0.002 0.002 0.002 0.002 0.000 0.002 
  46   (0.016) 0.020 0.019 0.017 0.017 0.017 0.018 0.001 0.018 
  47   (0.009) 0.006 0.006 0.007 0.006 0.006 0.006 0.001 0.006 
  48   (0.006) 0.002 0.002 0.002 0.002 0.002 0.002 0.000 0.002 
  49   (0.015) 0.016 0.016 0.018 0.016 0.017 0.015 0.001 0.015 
  50   (0.013) 0.011 0.011 0.012 0.012 0.012 0.012 0.002 0.011 
  51   (0.012) 0.015 0.015 0.012 0.013 0.013 0.015 0.010 0.015 
  52   (0.013) 0.013 0.013 0.011 0.013 0.012 0.011 0.001 0.013 
  53   (0.006) 0.001 0.001 0.001 0.001 0.001 0.001 0.032 0.001 
  54   (0.007) 0.001 0.001 0.001 0.001 0.001 0.001 0.076 0.001 
  55   (0.010) 0.007 0.007 0.007 0.007 0.008 0.007 0.001 0.008 
  56   (0.011) 0.011 0.012 0.011 0.010 0.010 0.013 0.001 0.010 
  57   (0.013) 0.010 0.011 0.012 0.012 0.012 0.013 0.001 0.011 
  58   (0.009) 0.006 0.006 0.005 0.006 0.006 0.006 0.001 0.007 
  59   (0.010) 0.012 0.011 0.013 0.012 0.011 0.011 0.001 0.011 
  60   (0.010) 0.008 0.008 0.008 0.008 0.008 0.008 0.001 0.008 
  61   (0.006) 0.002 0.002 0.002 0.002 0.002 0.002 0.000 0.002 
  62   (0.012) 0.012 0.012 0.011 0.011 0.011 0.012 0.001 0.013 
  63   (0.011) 0.015 0.016 0.015 0.015 0.015 0.016 0.001 0.018 
  64   (0.009) 0.005 0.005 0.005 0.005 0.005 0.005 0.001 0.005 
  65   (0.019) 0.019 0.020 0.020 0.020 0.020 0.024 0.001 0.020 
  66   (0.010) 0.009 0.010 0.010 0.009 0.009 0.010 0.001 0.009 
  67   (0.010) 0.006 0.006 0.006 0.006 0.006 0.006 0.001 0.007 
  68   (0.012) 0.009 0.010 0.011 0.012 0.011 0.013 0.001 0.011 
  69   (0.006) 0.002 0.002 0.002 0.002 0.002 0.002 0.000 0.002 
  70   (0.006) 0.002 0.002 0.002 0.002 0.002 0.002 0.000 0.002 
  71   (0.010) 0.006 0.006 0.007 0.006 0.007 0.006 0.001 0.006 
  72   (0.006) 0.002 0.002 0.002 0.002 0.002 0.002 0.000 0.002 
  73   (0.006) 0.002 0.002 0.002 0.002 0.002 0.002 0.001 0.002 
  74   (0.006) 0.002 0.002 0.002 0.002 0.002 0.002 0.000 0.002 
  75   (0.009) 0.004 0.005 0.005 0.005 0.005 0.005 0.001 0.005 
  76   (0.006) 0.002 0.002 0.002 0.002 0.002 0.002 0.000 0.002 
  77   (0.008) 0.003 0.003 0.004 0.004 0.004 0.004 0.001 0.003 
  78   (0.006) 0.002 0.002 0.002 0.002 0.002 0.002 0.000 0.002 

Locus 2 : COPE9 
12 alleles
8.3% missing data
   1   (0.411) 0.479 0.476 0.456 0.472 0.459 0.462 0.409 0.474 
   2   (0.142) 0.136 0.133 0.141 0.135 0.139 0.135 0.270 0.138 
   3   (0.048) 0.047 0.052 0.051 0.048 0.049 0.058 0.023 0.047 
   4   (0.072) 0.070 0.072 0.079 0.075 0.078 0.080 0.023 0.072 
   5   (0.036) 0.024 0.025 0.025 0.027 0.025 0.026 0.022 0.027 
   6   (0.133) 0.137 0.134 0.136 0.135 0.140 0.128 0.050 0.133 
   7   (0.039) 0.025 0.025 0.028 0.027 0.026 0.027 0.070 0.027 
   8   (0.082) 0.071 0.071 0.073 0.070 0.073 0.074 0.079 0.070 
   9   (0.011) 0.004 0.004 0.004 0.004 0.004 0.005 0.001 0.004 
  10   (0.009) 0.001 0.001 0.001 0.001 0.001 0.001 0.052 0.001 
  11   (0.008) 0.003 0.003 0.002 0.003 0.003 0.003 0.001 0.003 
  12   (0.008) 0.003 0.003 0.003 0.003 0.003 0.003 0.001 0.003 

Locus 3 : CPER26 
12 alleles
2.6% missing data
   1   (0.232) 0.241 0.239 0.232 0.239 0.235 0.229 0.122 0.236 
   2   (0.032) 0.020 0.022 0.024 0.024 0.023 0.027 0.154 0.022 
   3   (0.083) 0.074 0.075 0.081 0.081 0.079 0.083 0.007 0.082 
   4   (0.500) 0.581 0.581 0.586 0.575 0.582 0.578 0.050 0.574 
   5   (0.054) 0.045 0.045 0.039 0.042 0.042 0.044 0.310 0.045 
   6   (0.030) 0.016 0.015 0.015 0.015 0.015 0.015 0.323 0.015 
   7   (0.014) 0.005 0.005 0.006 0.006 0.006 0.006 0.001 0.006 
   8   (0.018) 0.007 0.007 0.007 0.007 0.008 0.008 0.021 0.009 
   9   (0.008) 0.002 0.002 0.002 0.002 0.002 0.002 0.003 0.002 
  10   (0.012) 0.003 0.003 0.003 0.003 0.003 0.003 0.009 0.003 
  11   (0.008) 0.002 0.002 0.002 0.002 0.002 0.002 0.001 0.002 
  12   (0.008) 0.002 0.002 0.002 0.003 0.002 0.002 0.001 0.003 

Locus 4 : CPER92 
12 alleles
6.8% missing data
   1   (0.625) 0.670 0.676 0.682 0.672 0.691 0.699 0.509 0.680 
   2   (0.105) 0.143 0.139 0.131 0.143 0.121 0.117 0.288 0.133 
   3   (0.090) 0.088 0.087 0.091 0.085 0.091 0.083 0.043 0.086 
   4   (0.014) 0.008 0.008 0.007 0.007 0.007 0.008 0.017 0.008 
   5   (0.040) 0.026 0.024 0.025 0.025 0.026 0.024 0.032 0.026 
   6   (0.036) 0.028 0.028 0.026 0.028 0.026 0.025 0.007 0.027 
   7   (0.018) 0.008 0.008 0.008 0.008 0.008 0.009 0.035 0.008 
   8   (0.012) 0.003 0.003 0.003 0.003 0.003 0.003 0.036 0.003 
   9   (0.021) 0.010 0.011 0.012 0.012 0.012 0.013 0.018 0.012 
  10   (0.017) 0.008 0.008 0.008 0.008 0.008 0.009 0.014 0.008 
  11   (0.013) 0.006 0.006 0.005 0.005 0.006 0.006 0.001 0.006 
  12   (0.008) 0.002 0.002 0.002 0.002 0.003 0.002 0.001 0.003 

Locus 5 : CPER99 
5 alleles
1.0% missing data
   1   (0.013) 0.003 0.003 0.003 0.003 0.003 0.003 0.352 0.003 
   2   (0.870) 0.931 0.931 0.925 0.930 0.926 0.929 0.073 0.933 
   3   (0.080) 0.054 0.054 0.060 0.054 0.058 0.056 0.480 0.052 
   4   (0.013) 0.003 0.003 0.003 0.003 0.003 0.003 0.030 0.003 
   5   (0.024) 0.009 0.009 0.009 0.009 0.009 0.009 0.065 0.009 

Locus 6 : CPER119 
22 alleles
5.5% missing data
   1   (0.009) 0.001 0.001 0.001 0.001 0.001 0.001 0.116 0.001 
   2   (0.080) 0.101 0.097 0.085 0.095 0.090 0.080 0.040 0.091 
   3   (0.037) 0.033 0.031 0.033 0.031 0.031 0.031 0.056 0.032 
   4   (0.008) 0.002 0.002 0.003 0.003 0.003 0.003 0.001 0.002 
   5   (0.164) 0.168 0.171 0.182 0.184 0.173 0.178 0.092 0.171 
   6   (0.069) 0.066 0.069 0.077 0.076 0.073 0.083 0.080 0.071 
   7   (0.068) 0.097 0.089 0.086 0.090 0.086 0.081 0.079 0.089 
   8   (0.084) 0.074 0.076 0.079 0.076 0.077 0.078 0.108 0.075 
   9   (0.115) 0.135 0.136 0.136 0.129 0.136 0.142 0.053 0.133 
  10   (0.060) 0.060 0.064 0.061 0.060 0.062 0.068 0.030 0.067 
