

----------------------------------------------------
STRUCTURE by Pritchard, Stephens and Donnelly (2000)
     and Falush, Stephens and Pritchard (2003)
       Code by Pritchard, Falush and Hubisz
             Version 2.3.4 (Jul 2012)
----------------------------------------------------



Command line arguments:   /home/jason/Programs/structure -K 7 -i ../Data/microsats.structure -m Structure_Run/mainparams -e Structure_Run/extraparams -D 27790639 -o ../Structure_Results/05_K_07.out 
Input File:    ../Data/microsats.structure

Run parameters:
   384 individuals
   7 loci
   7 populations assumed
   1000000 Burn-in period
   10000000 Reps
RANDOMIZE turned off


--------------------------------------------
Overall proportion of membership of the
sample in each of the 7 clusters

Inferred Clusters
  1      2      3      4      5      6      7    
0.146  0.146  0.147  0.122  0.147  0.147  0.146  

--------------------------------------------

Allele-freq. divergence among pops (Net nucleotide distance),
computed using point estimates of P.

      1       2       3       4       5       6       7      
 1      -    0.0002  0.0004  0.1536  0.0004  0.0004  0.0001  
 2   0.0002     -    0.0002  0.1521  0.0005  0.0003  0.0001  
 3   0.0004  0.0002     -    0.1506  0.0003  0.0002  0.0002  
 4   0.1536  0.1521  0.1506     -    0.1525  0.1519  0.1526  
 5   0.0004  0.0005  0.0003  0.1525     -    0.0000  0.0003  
 6   0.0004  0.0003  0.0002  0.1519  0.0000     -    0.0002  
 7   0.0001  0.0001  0.0002  0.1526  0.0003  0.0002     -    

Average distances (expected heterozygosity) between individuals in same cluster:
cluster  1  : 0.6183 
cluster  2  : 0.6258 
cluster  3  : 0.6282 
cluster  4  : 0.6568 
cluster  5  : 0.6224 
cluster  6  : 0.6246 
cluster  7  : 0.6230 

--------------------------------------------
Estimated Ln Prob of Data   = -8855.5
Mean value of ln likelihood = -7975.3
Variance of ln likelihood   = 1760.4
Mean value of alpha         = 0.0458

Mean value of Fst_1         = 0.0658
Mean value of Fst_2         = 0.0615
Mean value of Fst_3         = 0.0576
Mean value of Fst_4         = 0.1573
Mean value of Fst_5         = 0.0573
Mean value of Fst_6         = 0.0576
Mean value of Fst_7         = 0.0621


Inferred ancestry of individuals:
        Label (%Miss) :  Inferred clusters
  1 COPE-0001    (0)   :  0.008 0.008 0.008 0.952 0.008 0.008 0.008 
  2 COPE-0002    (0)   :  0.145 0.175 0.196 0.010 0.141 0.162 0.171 
  3 COPE-0003    (0)   :  0.145 0.116 0.167 0.007 0.219 0.201 0.146 
  4 COPE-0004    (0)   :  0.124 0.174 0.214 0.014 0.143 0.172 0.159 
  5 COPE-0005    (0)   :  0.173 0.184 0.160 0.018 0.143 0.142 0.179 
  6 COPE-0006    (0)   :  0.158 0.159 0.161 0.019 0.170 0.165 0.168 
  7 COPE-0007    (0)   :  0.189 0.185 0.156 0.007 0.139 0.143 0.181 
  8 COPE-0008    (0)   :  0.210 0.185 0.165 0.007 0.131 0.135 0.167 
  9 COPE-0009    (0)   :  0.159 0.132 0.154 0.018 0.189 0.176 0.172 
 10 COPE-0010    (0)   :  0.128 0.174 0.177 0.007 0.188 0.181 0.144 
 11 COPE-0011   (14)   :  0.012 0.014 0.016 0.919 0.012 0.014 0.013 
 12 COPE-0012   (14)   :  0.176 0.178 0.164 0.007 0.151 0.168 0.156 
 13 COPE-0013    (0)   :  0.141 0.096 0.163 0.006 0.239 0.213 0.141 
 14 COPE-0014    (0)   :  0.204 0.171 0.139 0.010 0.147 0.142 0.187 
 15 COPE-0015    (0)   :  0.190 0.173 0.146 0.007 0.153 0.149 0.182 
 16 COPE-0016    (0)   :  0.187 0.170 0.149 0.010 0.146 0.140 0.198 
 17 COPE-0017    (0)   :  0.049 0.044 0.040 0.741 0.040 0.039 0.047 
 18 COPE-0018    (0)   :  0.157 0.142 0.160 0.008 0.191 0.181 0.161 
 19 COPE-0019    (0)   :  0.157 0.120 0.156 0.006 0.213 0.194 0.155 
 20 COPE-0020    (0)   :  0.155 0.163 0.166 0.008 0.172 0.168 0.167 
 21 COPE-0021    (0)   :  0.192 0.175 0.133 0.006 0.157 0.158 0.179 
 22 COPE-0022    (0)   :  0.201 0.177 0.169 0.007 0.136 0.139 0.171 
 23 COPE-0023    (0)   :  0.128 0.170 0.209 0.008 0.159 0.176 0.151 
 24 COPE-0024   (14)   :  0.192 0.181 0.152 0.006 0.146 0.145 0.177 
 25 COPE-0025    (0)   :  0.120 0.160 0.175 0.082 0.164 0.158 0.141 
 26 COPE-0026    (0)   :  0.194 0.184 0.159 0.005 0.142 0.140 0.176 
 27 COPE-0027    (0)   :  0.163 0.121 0.162 0.006 0.211 0.190 0.147 
 28 COPE-0028    (0)   :  0.139 0.186 0.171 0.006 0.172 0.175 0.151 
 29 COPE-0029    (0)   :  0.202 0.175 0.139 0.005 0.139 0.134 0.205 
 30 COPE-0030   (14)   :  0.032 0.035 0.039 0.791 0.032 0.034 0.035 
 31 COPE-0031    (0)   :  0.214 0.182 0.155 0.010 0.130 0.133 0.175 
 32 COPE-0032    (0)   :  0.127 0.180 0.194 0.009 0.172 0.178 0.140 
 33 COPE-0033    (0)   :  0.137 0.166 0.189 0.011 0.174 0.172 0.150 
 34 COPE-0034    (0)   :  0.188 0.186 0.164 0.011 0.133 0.137 0.181 
 35 COPE-0035   (14)   :  0.130 0.182 0.183 0.008 0.178 0.176 0.143 
 36 COPE-0036   (14)   :  0.159 0.171 0.152 0.006 0.169 0.171 0.172 
 37 COPE-0037    (0)   :  0.171 0.160 0.157 0.023 0.168 0.160 0.161 
 38 COPE-0038    (0)   :  0.221 0.182 0.160 0.006 0.134 0.128 0.170 
 39 COPE-0039    (0)   :  0.128 0.135 0.160 0.109 0.164 0.160 0.145 
 40 COPE-0040   (14)   :  0.142 0.116 0.149 0.101 0.182 0.168 0.143 
 41 COPE-0041    (0)   :  0.144 0.148 0.172 0.032 0.177 0.177 0.151 
 42 COPE-0042    (0)   :  0.136 0.169 0.180 0.011 0.187 0.178 0.139 
 43 COPE-0043    (0)   :  0.158 0.170 0.182 0.005 0.146 0.159 0.179 
 44 COPE-0044    (0)   :  0.130 0.168 0.205 0.015 0.150 0.173 0.158 
 45 COPE-0045    (0)   :  0.134 0.172 0.194 0.032 0.150 0.163 0.154 
 46 COPE-0046    (0)   :  0.028 0.026 0.029 0.824 0.033 0.031 0.029 
 47 COPE-0047    (0)   :  0.007 0.007 0.007 0.956 0.008 0.008 0.007 
 48 COPE-0048    (0)   :  0.127 0.181 0.184 0.007 0.187 0.175 0.138 
 49 COPE-0049    (0)   :  0.131 0.183 0.194 0.016 0.152 0.162 0.162 
 50 COPE-0050    (0)   :  0.142 0.119 0.173 0.007 0.212 0.198 0.148 
 51 COPE-0051    (0)   :  0.111 0.170 0.164 0.107 0.163 0.164 0.122 
 52 COPE-0052    (0)   :  0.211 0.181 0.137 0.010 0.137 0.131 0.193 
 53 COPE-0053    (0)   :  0.196 0.171 0.141 0.010 0.142 0.134 0.206 
 54 COPE-0054    (0)   :  0.183 0.174 0.138 0.005 0.161 0.164 0.176 
 55 COPE-0055    (0)   :  0.214 0.186 0.163 0.005 0.132 0.132 0.168 
 56 COPE-0056    (0)   :  0.145 0.164 0.183 0.019 0.166 0.169 0.155 
 57 COPE-0057    (0)   :  0.147 0.137 0.163 0.011 0.197 0.185 0.161 
 58 COPE-0058    (0)   :  0.136 0.180 0.184 0.009 0.162 0.166 0.162 
 59 COPE-0059    (0)   :  0.150 0.100 0.155 0.019 0.227 0.205 0.144 
 60 COPE-0060    (0)   :  0.168 0.165 0.170 0.007 0.149 0.158 0.183 
 61 COPE-0061    (0)   :  0.178 0.146 0.145 0.013 0.173 0.159 0.187 
 62 COPE-0062    (0)   :  0.199 0.173 0.126 0.010 0.154 0.157 0.182 
 63 COPE-0063    (0)   :  0.195 0.188 0.163 0.029 0.132 0.139 0.155 
 64 COPE-0064    (0)   :  0.182 0.159 0.160 0.010 0.158 0.155 0.176 
 65 COPE-0065    (0)   :  0.006 0.006 0.006 0.966 0.006 0.006 0.006 
 66 COPE-0066    (0)   :  0.122 0.169 0.181 0.016 0.196 0.185 0.131 
 67 COPE-0067   (14)   :  0.024 0.028 0.028 0.841 0.027 0.027 0.025 
 68 COPE-0068    (0)   :  0.145 0.099 0.161 0.010 0.233 0.211 0.142 
 69 COPE-0069   (14)   :  0.188 0.164 0.146 0.013 0.156 0.158 0.175 
 70 COPE-0070    (0)   :  0.138 0.184 0.190 0.012 0.152 0.164 0.161 
 71 COPE-0071    (0)   :  0.131 0.175 0.171 0.004 0.187 0.187 0.145 
 72 COPE-0072    (0)   :  0.156 0.144 0.175 0.007 0.172 0.179 0.167 
 73 COPE-0073   (14)   :  0.049 0.045 0.037 0.739 0.040 0.039 0.051 
 74 COPE-0074    (0)   :  0.135 0.179 0.181 0.009 0.181 0.172 0.144 
 75 COPE-0075    (0)   :  0.118 0.189 0.187 0.013 0.179 0.180 0.133 
 76 COPE-0076    (0)   :  0.170 0.159 0.153 0.006 0.172 0.169 0.171 
 77 COPE-0077   (14)   :  0.159 0.153 0.169 0.009 0.175 0.169 0.165 
 78 COPE-0078   (14)   :  0.182 0.183 0.171 0.008 0.138 0.145 0.172 
 79 COPE-0079    (0)   :  0.113 0.182 0.230 0.009 0.138 0.172 0.155 
 80 COPE-0080   (42)   :  0.021 0.019 0.021 0.871 0.024 0.023 0.021 
 81 COPE-0081   (14)   :  0.093 0.089 0.085 0.487 0.081 0.081 0.084 
 82 COPE-0082   (14)   :  0.134 0.184 0.168 0.047 0.160 0.169 0.139 
 83 COPE-0083   (14)   :  0.222 0.180 0.129 0.006 0.134 0.134 0.195 
 84 COPE-0084    (0)   :  0.144 0.129 0.110 0.250 0.110 0.105 0.153 
 85 COPE-0085    (0)   :  0.134 0.165 0.194 0.010 0.165 0.172 0.161 
 86 COPE-0086    (0)   :  0.144 0.174 0.165 0.021 0.166 0.167 0.163 
 87 COPE-0087   (14)   :  0.167 0.169 0.166 0.007 0.155 0.153 0.182 
 88 COPE-0088   (14)   :  0.154 0.176 0.170 0.024 0.150 0.151 0.174 
 89 COPE-0089   (14)   :  0.007 0.007 0.008 0.956 0.007 0.007 0.007 
 90 COPE-0090    (0)   :  0.212 0.185 0.162 0.008 0.133 0.134 0.167 
 91 COPE-0091   (14)   :  0.180 0.169 0.157 0.006 0.150 0.147 0.192 
 92 COPE-0092   (28)   :  0.021 0.023 0.028 0.849 0.028 0.028 0.023 
 93 COPE-0093    (0)   :  0.194 0.190 0.165 0.006 0.139 0.149 0.157 
 94 COPE-0094    (0)   :  0.112 0.176 0.225 0.032 0.135 0.168 0.152 
 95 COPE-0095    (0)   :  0.203 0.179 0.144 0.005 0.138 0.134 0.198 
 96 COPE-0096    (0)   :  0.200 0.178 0.143 0.009 0.142 0.139 0.188 
 97 COPE-0097    (0)   :  0.154 0.180 0.150 0.008 0.170 0.181 0.157 
 98 COPE-0098    (0)   :  0.217 0.187 0.161 0.008 0.126 0.128 0.173 
 99 COPE-0099    (0)   :  0.140 0.111 0.164 0.021 0.221 0.201 0.143 
100 COPE-0100    (0)   :  0.161 0.151 0.163 0.007 0.186 0.177 0.154 
101 COPE-0101    (0)   :  0.141 0.173 0.177 0.044 0.166 0.164 0.136 
102 COPE-0102    (0)   :  0.141 0.168 0.181 0.006 0.175 0.170 0.159 
103 COPE-0103    (0)   :  0.145 0.178 0.187 0.018 0.143 0.161 0.168 
104 COPE-0104   (14)   :  0.143 0.182 0.174 0.007 0.173 0.172 0.149 
105 COPE-0105    (0)   :  0.125 0.176 0.152 0.037 0.179 0.193 0.138 
106 COPE-0106    (0)   :  0.187 0.168 0.122 0.005 0.164 0.171 0.183 
107 COPE-0107    (0)   :  0.022 0.020 0.020 0.886 0.016 0.017 0.019 
108 COPE-0108    (0)   :  0.189 0.176 0.148 0.006 0.153 0.157 0.171 
109 COPE-0109    (0)   :  0.131 0.170 0.211 0.012 0.149 0.170 0.157 
110 COPE-0110   (14)   :  0.170 0.164 0.149 0.014 0.159 0.164 0.180 
111 COPE-0111    (0)   :  0.190 0.165 0.141 0.009 0.158 0.153 0.184 
112 COPE-0112   (14)   :  0.140 0.176 0.179 0.011 0.181 0.167 0.145 
113 COPE-0113    (0)   :  0.149 0.144 0.170 0.023 0.183 0.180 0.151 
114 COPE-0114    (0)   :  0.165 0.167 0.140 0.010 0.170 0.172 0.176 
115 COPE-0115    (0)   :  0.028 0.027 0.023 0.849 0.022 0.022 0.028 
116 COPE-0116   (28)   :  0.009 0.009 0.010 0.942 0.010 0.010 0.010 
117 COPE-0117    (0)   :  0.195 0.173 0.140 0.011 0.140 0.136 0.204 
118 COPE-0118    (0)   :  0.196 0.171 0.126 0.009 0.151 0.159 0.187 
119 COPE-0119    (0)   :  0.210 0.171 0.142 0.010 0.148 0.140 0.179 
120 COPE-0120    (0)   :  0.143 0.155 0.186 0.012 0.172 0.176 0.157 
121 COPE-0121    (0)   :  0.179 0.155 0.134 0.062 0.151 0.150 0.169 
122 COPE-0122    (0)   :  0.131 0.173 0.207 0.008 0.153 0.171 0.156 
123 COPE-0123    (0)   :  0.128 0.174 0.207 0.014 0.156 0.172 0.148 
124 COPE-0124    (0)   :  0.135 0.162 0.200 0.013 0.160 0.173 0.156 
125 COPE-0125    (0)   :  0.140 0.172 0.155 0.007 0.179 0.186 0.162 
126 COPE-0126    (0)   :  0.201 0.178 0.138 0.013 0.135 0.133 0.202 
127 COPE-0127   (14)   :  0.145 0.179 0.157 0.007 0.170 0.182 0.160 
128 COPE-0128    (0)   :  0.153 0.157 0.157 0.020 0.176 0.168 0.168 
129 COPE-0129    (0)   :  0.120 0.169 0.210 0.007 0.161 0.180 0.154 
130 COPE-0130    (0)   :  0.155 0.117 0.163 0.012 0.207 0.195 0.150 
131 COPE-0131   (14)   :  0.195 0.153 0.137 0.010 0.167 0.159 0.179 
132 COPE-0132   (14)   :  0.207 0.176 0.139 0.035 0.135 0.132 0.176 
133 COPE-0133    (0)   :  0.190 0.172 0.149 0.010 0.139 0.138 0.204 
134 COPE-0134    (0)   :  0.144 0.163 0.183 0.007 0.164 0.175 0.163 
135 COPE-0135    (0)   :  0.138 0.180 0.188 0.009 0.169 0.171 0.145 
136 COPE-0136    (0)   :  0.012 0.012 0.013 0.925 0.013 0.013 0.012 
137 COPE-0137    (0)   :  0.142 0.135 0.173 0.013 0.207 0.189 0.142 
138 COPE-0138   (14)   :  0.008 0.008 0.008 0.951 0.008 0.009 0.008 
139 COPE-0139    (0)   :  0.146 0.126 0.165 0.008 0.211 0.191 0.151 
140 COPE-0140   (14)   :  0.020 0.020 0.021 0.873 0.023 0.022 0.021 
141 COPE-0141    (0)   :  0.172 0.189 0.175 0.008 0.144 0.156 0.155 
142 COPE-0142    (0)   :  0.175 0.173 0.161 0.009 0.157 0.158 0.166 
143 COPE-0143    (0)   :  0.182 0.180 0.163 0.009 0.141 0.142 0.184 
144 COPE-0144   (14)   :  0.101 0.111 0.127 0.316 0.111 0.115 0.118 
145 COPE-0145   (14)   :  0.083 0.096 0.112 0.401 0.104 0.107 0.097 
146 COPE-0146   (14)   :  0.180 0.164 0.142 0.030 0.153 0.156 0.175 
147 COPE-0147    (0)   :  0.138 0.168 0.197 0.063 0.132 0.149 0.153 
148 COPE-0148    (0)   :  0.191 0.174 0.149 0.009 0.138 0.136 0.203 
149 COPE-0149    (0)   :  0.154 0.126 0.160 0.007 0.203 0.188 0.162 
150 COPE-0150    (0)   :  0.119 0.186 0.189 0.009 0.190 0.178 0.130 
151 COPE-0151    (0)   :  0.175 0.154 0.156 0.007 0.174 0.163 0.172 
152 COPE-0152   (14)   :  0.170 0.162 0.151 0.121 0.121 0.127 0.147 
153 COPE-0153    (0)   :  0.184 0.170 0.170 0.006 0.148 0.148 0.174 
154 COPE-0154    (0)   :  0.166 0.142 0.149 0.006 0.188 0.176 0.173 
155 COPE-0155    (0)   :  0.153 0.146 0.161 0.006 0.194 0.175 0.165 
156 COPE-0156   (14)   :  0.009 0.009 0.009 0.948 0.009 0.009 0.009 
157 COPE-0157   (14)   :  0.118 0.127 0.126 0.303 0.101 0.111 0.114 
158 COPE-0158    (0)   :  0.186 0.154 0.144 0.009 0.161 0.152 0.194 
159 COPE-0159    (0)   :  0.199 0.182 0.171 0.007 0.132 0.134 0.176 
160 COPE-0160    (0)   :  0.139 0.185 0.198 0.006 0.152 0.165 0.154 
161 COPE-0161    (0)   :  0.138 0.171 0.195 0.011 0.163 0.167 0.155 
162 COPE-0162   (14)   :  0.007 0.007 0.007 0.959 0.007 0.007 0.007 
163 COPE-0163   (28)   :  0.013 0.013 0.013 0.921 0.013 0.013 0.013 
164 COPE-0164    (0)   :  0.159 0.143 0.155 0.034 0.178 0.172 0.160 
165 COPE-0165    (0)   :  0.143 0.141 0.172 0.008 0.198 0.186 0.151 
166 COPE-0166   (14)   :  0.142 0.168 0.192 0.008 0.156 0.171 0.164 
167 COPE-0167    (0)   :  0.145 0.176 0.183 0.008 0.152 0.166 0.170 
168 COPE-0168    (0)   :  0.196 0.176 0.151 0.006 0.140 0.138 0.192 
169 COPE-0169    (0)   :  0.148 0.102 0.162 0.012 0.227 0.206 0.143 
170 COPE-0170    (0)   :  0.188 0.175 0.162 0.036 0.136 0.137 0.166 
171 COPE-0171    (0)   :  0.203 0.174 0.145 0.009 0.145 0.140 0.185 
172 COPE-0172    (0)   :  0.167 0.175 0.161 0.006 0.160 0.162 0.168 
173 COPE-0173   (14)   :  0.138 0.098 0.156 0.068 0.210 0.193 0.137 
174 COPE-0174   (28)   :  0.161 0.166 0.171 0.020 0.151 0.158 0.173 
175 COPE-0175    (0)   :  0.157 0.175 0.174 0.040 0.139 0.144 0.172 
176 COPE-0176    (0)   :  0.173 0.177 0.159 0.010 0.148 0.165 0.168 
177 COPE-0177    (0)   :  0.150 0.116 0.156 0.007 0.215 0.200 0.156 
178 COPE-0178    (0)   :  0.172 0.167 0.126 0.007 0.171 0.178 0.178 
179 COPE-0179    (0)   :  0.140 0.156 0.177 0.009 0.184 0.179 0.155 
180 COPE-0180   (14)   :  0.143 0.104 0.167 0.006 0.230 0.208 0.142 
181 COPE-0181   (14)   :  0.143 0.119 0.166 0.009 0.215 0.196 0.152 
182 COPE-0182    (0)   :  0.191 0.192 0.158 0.005 0.145 0.147 0.161 
183 COPE-0183    (0)   :  0.163 0.159 0.160 0.011 0.171 0.169 0.165 
184 COPE-0184    (0)   :  0.170 0.185 0.164 0.009 0.144 0.149 0.178 
185 COPE-0185    (0)   :  0.211 0.172 0.159 0.006 0.145 0.137 0.169 
186 COPE-0186    (0)   :  0.208 0.178 0.130 0.006 0.146 0.146 0.187 
187 COPE-0187    (0)   :  0.128 0.190 0.177 0.010 0.176 0.184 0.136 
188 COPE-0188    (0)   :  0.020 0.024 0.025 0.866 0.023 0.023 0.021 
189 COPE-0189    (0)   :  0.144 0.143 0.172 0.009 0.199 0.185 0.147 
190 COPE-0190    (0)   :  0.121 0.176 0.210 0.015 0.151 0.175 0.152 
191 COPE-0191    (0)   :  0.165 0.156 0.160 0.013 0.168 0.165 0.174 
192 COPE-0192   (14)   :  0.011 0.010 0.009 0.941 0.009 0.009 0.010 
193 COPE-0193    (0)   :  0.186 0.164 0.146 0.006 0.159 0.152 0.187 
194 COPE-0194    (0)   :  0.123 0.183 0.181 0.009 0.185 0.182 0.137 
195 COPE-0195    (0)   :  0.138 0.180 0.183 0.007 0.174 0.169 0.149 
196 COPE-0196    (0)   :  0.161 0.173 0.179 0.011 0.157 0.158 0.161 
197 COPE-0197    (0)   :  0.150 0.118 0.161 0.007 0.213 0.194 0.157 
198 COPE-0198    (0)   :  0.196 0.148 0.154 0.013 0.167 0.157 0.165 
199 COPE-0199    (0)   :  0.148 0.103 0.157 0.010 0.230 0.205 0.146 
200 COPE-0200   (42)   :  0.145 0.106 0.162 0.009 0.225 0.206 0.147 
201 COPE-0201    (0)   :  0.189 0.179 0.146 0.009 0.149 0.158 0.169 
202 COPE-0202    (0)   :  0.176 0.181 0.193 0.014 0.129 0.142 0.165 
203 COPE-0203    (0)   :  0.184 0.169 0.164 0.006 0.154 0.154 0.169 
204 COPE-0204    (0)   :  0.137 0.166 0.143 0.037 0.179 0.186 0.154 
205 COPE-0205    (0)   :  0.188 0.168 0.153 0.022 0.145 0.142 0.182 
206 COPE-0206    (0)   :  0.186 0.168 0.137 0.005 0.164 0.164 0.177 
207 COPE-0207    (0)   :  0.208 0.173 0.131 0.011 0.149 0.144 0.184 
208 COPE-0208    (0)   :  0.027 0.028 0.029 0.833 0.028 0.028 0.027 
209 COPE-0209    (0)   :  0.162 0.142 0.161 0.007 0.196 0.180 0.152 
210 COPE-0210    (0)   :  0.186 0.166 0.147 0.012 0.155 0.145 0.189 
211 COPE-0211    (0)   :  0.129 0.182 0.186 0.005 0.189 0.175 0.134 
212 COPE-0212    (0)   :  0.206 0.178 0.142 0.012 0.143 0.137 0.183 
213 COPE-0213    (0)   :  0.163 0.164 0.154 0.008 0.178 0.169 0.165 
214 COPE-0214    (0)   :  0.149 0.097 0.161 0.008 0.233 0.211 0.142 
215 COPE-0215    (0)   :  0.138 0.095 0.159 0.037 0.228 0.205 0.137 
216 COPE-0216   (14)   :  0.088 0.087 0.085 0.479 0.083 0.082 0.094 
217 COPE-0217    (0)   :  0.180 0.165 0.134 0.027 0.157 0.160 0.175 
218 COPE-0218    (0)   :  0.173 0.160 0.159 0.009 0.168 0.160 0.172 
219 COPE-0219   (14)   :  0.155 0.117 0.161 0.009 0.209 0.194 0.156 
220 COPE-0220    (0)   :  0.173 0.158 0.134 0.015 0.174 0.176 0.171 
221 COPE-0221    (0)   :  0.215 0.177 0.168 0.014 0.131 0.131 0.164 
222 COPE-0222    (0)   :  0.216 0.184 0.150 0.007 0.128 0.128 0.188 
223 COPE-0223    (0)   :  0.136 0.124 0.180 0.008 0.206 0.198 0.147 
224 COPE-0224    (0)   :  0.121 0.181 0.217 0.021 0.135 0.166 0.159 
225 COPE-0225    (0)   :  0.148 0.093 0.158 0.015 0.234 0.210 0.142 
226 COPE-0226    (0)   :  0.167 0.172 0.168 0.008 0.147 0.160 0.177 
227 COPE-0227    (0)   :  0.190 0.154 0.148 0.006 0.167 0.160 0.175 
228 COPE-0228    (0)   :  0.156 0.160 0.149 0.025 0.167 0.169 0.173 
229 COPE-0229    (0)   :  0.157 0.153 0.166 0.007 0.177 0.172 0.168 
230 COPE-0230    (0)   :  0.147 0.173 0.153 0.010 0.167 0.177 0.174 
231 COPE-0231    (0)   :  0.151 0.134 0.159 0.006 0.206 0.186 0.157 
232 COPE-0232    (0)   :  0.131 0.178 0.198 0.014 0.153 0.168 0.158 
233 COPE-0233    (0)   :  0.216 0.185 0.159 0.005 0.130 0.131 0.174 
234 COPE-0234    (0)   :  0.124 0.177 0.220 0.008 0.145 0.169 0.156 
235 COPE-0235    (0)   :  0.132 0.162 0.202 0.006 0.166 0.180 0.152 
236 COPE-0236    (0)   :  0.152 0.172 0.145 0.005 0.172 0.182 0.172 
237 COPE-0237    (0)   :  0.221 0.176 0.159 0.006 0.136 0.129 0.173 
238 COPE-0238    (0)   :  0.146 0.100 0.158 0.007 0.230 0.208 0.151 
239 COPE-0239    (0)   :  0.132 0.177 0.194 0.034 0.140 0.158 0.164 
240 COPE-0240    (0)   :  0.200 0.178 0.143 0.008 0.138 0.133 0.199 
241 COPE-0241    (0)   :  0.142 0.096 0.164 0.007 0.239 0.214 0.139 
242 COPE-0242    (0)   :  0.196 0.170 0.139 0.006 0.156 0.149 0.183 
243 COPE-0243    (0)   :  0.124 0.185 0.183 0.008 0.179 0.185 0.137 
244 COPE-0244    (0)   :  0.142 0.152 0.174 0.009 0.187 0.183 0.153 
245 COPE-0245    (0)   :  0.145 0.186 0.177 0.013 0.168 0.168 0.143 
246 COPE-0246    (0)   :  0.153 0.169 0.179 0.013 0.151 0.164 0.170 
247 COPE-0247    (0)   :  0.185 0.151 0.164 0.017 0.166 0.157 0.161 
248 COPE-0248    (0)   :  0.168 0.183 0.163 0.005 0.164 0.161 0.156 
249 COPE-0249    (0)   :  0.124 0.156 0.201 0.033 0.157 0.176 0.153 
250 COPE-0250    (0)   :  0.133 0.175 0.208 0.015 0.145 0.164 0.159 
251 COPE-0251   (14)   :  0.041 0.036 0.033 0.800 0.029 0.027 0.034 
252 COPE-0252    (0)   :  0.130 0.179 0.205 0.012 0.143 0.171 0.160 
253 COPE-0253    (0)   :  0.198 0.184 0.163 0.008 0.139 0.147 0.161 
254 COPE-0254    (0)   :  0.131 0.184 0.159 0.013 0.175 0.191 0.146 
255 COPE-0255    (0)   :  0.176 0.172 0.166 0.028 0.157 0.154 0.147 
256 COPE-0256    (0)   :  0.197 0.169 0.137 0.011 0.143 0.141 0.202 
257 COPE-0257    (0)   :  0.204 0.178 0.136 0.008 0.148 0.142 0.186 
258 COPE-0258    (0)   :  0.176 0.164 0.149 0.024 0.162 0.157 0.169 
259 COPE-0259    (0)   :  0.148 0.176 0.168 0.006 0.172 0.167 0.163 
260 COPE-0260    (0)   :  0.145 0.111 0.157 0.024 0.215 0.199 0.149 
261 COPE-0261    (0)   :  0.132 0.179 0.152 0.006 0.184 0.200 0.147 
262 COPE-0262    (0)   :  0.141 0.178 0.164 0.024 0.165 0.169 0.159 
263 COPE-0263    (0)   :  0.199 0.178 0.153 0.009 0.144 0.136 0.181 
264 COPE-0264    (0)   :  0.177 0.170 0.146 0.023 0.161 0.151 0.171 
265 COPE-0265    (0)   :  0.190 0.180 0.159 0.010 0.150 0.152 0.158 
266 COPE-0266    (0)   :  0.153 0.169 0.157 0.019 0.168 0.169 0.164 
267 COPE-0267    (0)   :  0.208 0.190 0.169 0.006 0.127 0.131 0.170 
268 COPE-0268    (0)   :  0.219 0.186 0.161 0.013 0.125 0.123 0.173 
269 COPE-0269    (0)   :  0.167 0.170 0.175 0.007 0.142 0.155 0.184 
270 COPE-0270    (0)   :  0.125 0.178 0.187 0.007 0.193 0.178 0.132 
271 COPE-0271    (0)   :  0.156 0.150 0.174 0.008 0.172 0.172 0.168 
272 COPE-0272    (0)   :  0.147 0.185 0.180 0.007 0.152 0.166 0.162 
273 COPE-0273    (0)   :  0.211 0.181 0.146 0.013 0.139 0.138 0.172 
274 COPE-0274   (14)   :  0.018 0.022 0.021 0.879 0.021 0.020 0.018 
275 COPE-0275    (0)   :  0.143 0.161 0.190 0.011 0.173 0.174 0.148 
276 COPE-0276   (14)   :  0.006 0.006 0.006 0.964 0.006 0.006 0.006 
277 COPE-0277   (14)   :  0.192 0.169 0.135 0.014 0.147 0.143 0.200 
278 COPE-0278    (0)   :  0.184 0.169 0.126 0.007 0.164 0.167 0.183 
279 COPE-0279    (0)   :  0.157 0.172 0.161 0.008 0.165 0.165 0.171 
280 COPE-0280    (0)   :  0.013 0.013 0.013 0.922 0.014 0.013 0.013 
281 COPE-0281    (0)   :  0.023 0.024 0.028 0.839 0.031 0.031 0.025 
282 COPE-0282   (14)   :  0.118 0.183 0.230 0.007 0.136 0.171 0.157 
283 COPE-0283    (0)   :  0.187 0.170 0.137 0.007 0.158 0.156 0.184 
284 COPE-0284   (14)   :  0.139 0.113 0.163 0.035 0.211 0.198 0.141 
285 COPE-0285    (0)   :  0.033 0.031 0.030 0.807 0.033 0.033 0.033 
286 COPE-0286    (0)   :  0.135 0.159 0.184 0.014 0.190 0.179 0.140 
287 COPE-0287    (0)   :  0.206 0.181 0.156 0.041 0.123 0.121 0.172 
288 COPE-0288    (0)   :  0.210 0.180 0.171 0.010 0.131 0.134 0.164 
289 COPE-0289    (0)   :  0.189 0.172 0.151 0.008 0.153 0.154 0.174 
290 COPE-0290    (0)   :  0.131 0.151 0.180 0.009 0.208 0.190 0.132 
291 COPE-0291    (0)   :  0.168 0.154 0.154 0.006 0.182 0.170 0.167 
292 COPE-0292   (42)   :  0.013 0.013 0.014 0.917 0.014 0.014 0.014 
293 COPE-0293    (0)   :  0.180 0.187 0.158 0.008 0.150 0.164 0.154 
294 COPE-0294    (0)   :  0.135 0.159 0.190 0.011 0.169 0.179 0.157 
295 COPE-0295    (0)   :  0.162 0.180 0.168 0.008 0.148 0.161 0.174 
296 COPE-0296   (14)   :  0.177 0.179 0.168 0.007 0.152 0.151 0.166 
297 COPE-0297   (14)   :  0.139 0.098 0.159 0.035 0.227 0.205 0.137 
298 COPE-0298    (0)   :  0.137 0.179 0.195 0.011 0.150 0.174 0.154 
299 COPE-0299    (0)   :  0.130 0.185 0.174 0.006 0.182 0.185 0.138 
300 COPE-0300   (14)   :  0.198 0.177 0.150 0.008 0.142 0.136 0.189 
301 COPE-0301   (14)   :  0.207 0.190 0.164 0.010 0.130 0.139 0.161 
302 COPE-0302    (0)   :  0.143 0.130 0.104 0.279 0.102 0.104 0.137 
303 COPE-0303    (0)   :  0.156 0.164 0.142 0.006 0.177 0.180 0.174 
304 COPE-0304    (0)   :  0.160 0.172 0.165 0.007 0.162 0.166 0.167 
305 COPE-0305   (14)   :  0.146 0.164 0.182 0.042 0.141 0.158 0.167 
306 COPE-0306    (0)   :  0.187 0.166 0.124 0.009 0.166 0.169 0.178 
307 COPE-0307   (28)   :  0.008 0.008 0.008 0.952 0.008 0.008 0.008 
308 COPE-0308    (0)   :  0.129 0.185 0.222 0.006 0.136 0.166 0.156 
309 COPE-0309   (14)   :  0.048 0.057 0.061 0.677 0.051 0.054 0.052 
310 COPE-0310   (28)   :  0.052 0.045 0.034 0.749 0.037 0.036 0.047 
311 COPE-0311    (0)   :  0.195 0.172 0.148 0.023 0.148 0.137 0.176 
312 COPE-0312   (28)   :  0.011 0.011 0.011 0.932 0.012 0.012 0.012 
313 COPE-0313    (0)   :  0.189 0.166 0.135 0.009 0.167 0.162 0.173 
314 COPE-0314    (0)   :  0.202 0.184 0.160 0.008 0.140 0.139 0.168 
315 COPE-0315    (0)   :  0.167 0.142 0.156 0.008 0.187 0.177 0.164 
316 COPE-0316    (0)   :  0.135 0.156 0.167 0.023 0.191 0.182 0.147 
317 COPE-0317   (14)   :  0.008 0.008 0.008 0.951 0.008 0.008 0.008 
318 COPE-0318    (0)   :  0.147 0.162 0.174 0.006 0.182 0.180 0.149 
319 COPE-0319    (0)   :  0.134 0.174 0.204 0.007 0.150 0.168 0.161 
320 COPE-0320   (14)   :  0.169 0.172 0.174 0.015 0.146 0.157 0.167 
321 COPE-0321   (14)   :  0.198 0.173 0.142 0.011 0.157 0.148 0.171 
322 COPE-0322   (14)   :  0.143 0.138 0.174 0.006 0.200 0.193 0.145 
323 COPE-0323    (0)   :  0.219 0.178 0.127 0.014 0.136 0.133 0.192 
324 COPE-0324    (0)   :  0.154 0.108 0.157 0.006 0.223 0.203 0.149 
325 COPE-0325   (14)   :  0.205 0.171 0.135 0.012 0.138 0.131 0.208 
326 COPE-0326    (0)   :  0.175 0.183 0.169 0.007 0.146 0.161 0.159 
327 COPE-0327   (14)   :  0.178 0.185 0.176 0.010 0.143 0.150 0.159 
328 COPE-0328    (0)   :  0.145 0.160 0.166 0.006 0.186 0.176 0.162 
329 COPE-0329   (28)   :  0.162 0.117 0.152 0.012 0.213 0.193 0.152 
330 COPE-0330    (0)   :  0.185 0.173 0.159 0.022 0.148 0.144 0.168 
331 COPE-0331    (0)   :  0.210 0.187 0.162 0.006 0.132 0.137 0.166 
332 COPE-0332   (14)   :  0.156 0.171 0.155 0.007 0.168 0.169 0.173 
333 COPE-0333    (0)   :  0.171 0.156 0.144 0.145 0.123 0.123 0.138 
334 COPE-0334   (28)   :  0.063 0.055 0.046 0.684 0.048 0.046 0.057 
335 COPE-0335    (0)   :  0.151 0.098 0.159 0.007 0.232 0.211 0.142 
336 COPE-0336    (0)   :  0.164 0.166 0.183 0.006 0.162 0.163 0.155 
337 COPE-0337   (28)   :  0.018 0.016 0.019 0.884 0.023 0.021 0.018 
338 COPE-0338    (0)   :  0.191 0.172 0.146 0.025 0.147 0.139 0.180 
339 COPE-0339    (0)   :  0.204 0.181 0.139 0.006 0.132 0.131 0.207 
340 COPE-0340   (14)   :  0.011 0.011 0.012 0.931 0.012 0.012 0.011 
341 COPE-0341    (0)   :  0.142 0.179 0.209 0.007 0.139 0.160 0.164 
342 COPE-0342    (0)   :  0.144 0.092 0.162 0.007 0.239 0.216 0.140 
343 COPE-0343    (0)   :  0.171 0.176 0.150 0.006 0.160 0.172 0.164 
344 COPE-0344   (14)   :  0.010 0.010 0.010 0.942 0.009 0.009 0.010 
345 COPE-0345    (0)   :  0.136 0.180 0.209 0.006 0.141 0.161 0.166 
346 COPE-0346    (0)   :  0.146 0.160 0.187 0.035 0.153 0.161 0.158 
347 COPE-0347    (0)   :  0.144 0.176 0.163 0.007 0.175 0.181 0.155 
348 COPE-0348    (0)   :  0.143 0.174 0.159 0.015 0.177 0.176 0.155 
349 COPE-0349    (0)   :  0.147 0.106 0.167 0.006 0.220 0.207 0.148 
350 COPE-0350    (0)   :  0.127 0.171 0.183 0.006 0.189 0.180 0.144 
351 COPE-0351    (0)   :  0.134 0.168 0.172 0.006 0.193 0.189 0.139 
352 COPE-0352    (0)   :  0.142 0.145 0.165 0.027 0.186 0.179 0.157 
353 COPE-0353    (0)   :  0.180 0.174 0.152 0.006 0.161 0.150 0.177 
354 COPE-0354    (0)   :  0.175 0.177 0.155 0.017 0.149 0.160 0.167 
355 COPE-0355    (0)   :  0.201 0.173 0.139 0.006 0.139 0.131 0.211 
356 COPE-0356    (0)   :  0.130 0.191 0.169 0.008 0.174 0.187 0.141 
357 COPE-0357    (0)   :  0.157 0.137 0.169 0.009 0.190 0.181 0.157 
358 COPE-0358    (0)   :  0.007 0.007 0.008 0.955 0.008 0.008 0.007 
359 COPE-0359   (14)   :  0.146 0.167 0.178 0.009 0.167 0.167 0.167 
360 COPE-0360    (0)   :  0.195 0.173 0.140 0.006 0.153 0.152 0.180 
361 COPE-0361    (0)   :  0.124 0.175 0.211 0.008 0.156 0.177 0.149 
362 COPE-0362    (0)   :  0.150 0.106 0.161 0.007 0.227 0.207 0.142 
363 COPE-0363   (14)   :  0.139 0.167 0.200 0.014 0.152 0.166 0.163 
364 COPE-0364    (0)   :  0.190 0.176 0.159 0.006 0.150 0.142 0.177 
365 COPE-0365    (0)   :  0.223 0.179 0.140 0.026 0.130 0.119 0.182 
366 COPE-0366    (0)   :  0.134 0.117 0.170 0.023 0.221 0.201 0.135 
367 COPE-0367   (14)   :  0.011 0.012 0.012 0.934 0.010 0.010 0.011 
368 COPE-0368    (0)   :  0.202 0.180 0.146 0.010 0.136 0.133 0.193 
369 COPE-0369    (0)   :  0.181 0.169 0.173 0.009 0.149 0.148 0.172 
370 COPE-0370   (28)   :  0.008 0.009 0.009 0.949 0.008 0.008 0.008 
371 COPE-0371    (0)   :  0.223 0.177 0.148 0.012 0.133 0.129 0.178 
372 COPE-0372    (0)   :  0.176 0.157 0.136 0.049 0.156 0.159 0.168 
373 COPE-0373   (14)   :  0.183 0.183 0.178 0.007 0.137 0.150 0.162 
374 COPE-0374    (0)   :  0.161 0.187 0.176 0.008 0.144 0.148 0.175 
375 COPE-0375   (14)   :  0.197 0.179 0.153 0.013 0.137 0.135 0.187 
376 COPE-0376   (14)   :  0.130 0.183 0.162 0.006 0.183 0.196 0.141 
377 COPE-0377    (0)   :  0.053 0.062 0.066 0.643 0.058 0.062 0.056 
378 COPE-0378    (0)   :  0.186 0.173 0.147 0.007 0.152 0.149 0.186 
379 COPE-0379    (0)   :  0.141 0.100 0.165 0.007 0.234 0.212 0.140 
380 COPE-0380   (28)   :  0.033 0.035 0.030 0.793 0.036 0.038 0.035 
381 COPE-0381    (0)   :  0.154 0.173 0.179 0.013 0.150 0.166 0.166 
382 COPE-0382    (0)   :  0.144 0.099 0.161 0.006 0.234 0.211 0.146 
383 COPE-0383    (0)   :  0.189 0.160 0.125 0.125 0.120 0.112 0.168 
384 COPE-0384    (0)   :  0.192 0.179 0.143 0.008 0.148 0.145 0.186 


Estimated Allele Frequencies in each cluster
First column gives estimated ancestral frequencies


Locus 1 : COPE5 
78 alleles
0.5% missing data
   1   (0.007) 0.001 0.001 0.001 0.658 0.001 0.001 0.001 
   2   (0.022) 0.021 0.024 0.026 0.018 0.022 0.024 0.024 
   3   (0.013) 0.013 0.015 0.016 0.002 0.013 0.014 0.015 
   4   (0.023) 0.024 0.023 0.026 0.002 0.028 0.027 0.025 
   5   (0.011) 0.010 0.008 0.010 0.001 0.012 0.012 0.009 
   6   (0.019) 0.015 0.016 0.020 0.006 0.020 0.020 0.017 
   7   (0.007) 0.003 0.004 0.004 0.001 0.003 0.004 0.003 
   8   (0.036) 0.098 0.095 0.084 0.002 0.080 0.083 0.095 
   9   (0.020) 0.019 0.022 0.025 0.001 0.023 0.024 0.021 
  10   (0.019) 0.020 0.021 0.020 0.001 0.020 0.019 0.021 
  11   (0.015) 0.018 0.016 0.014 0.016 0.013 0.012 0.015 
  12   (0.016) 0.027 0.025 0.023 0.001 0.022 0.022 0.023 
  13   (0.011) 0.012 0.012 0.011 0.001 0.009 0.010 0.011 
  14   (0.023) 0.030 0.029 0.028 0.002 0.025 0.026 0.028 
  15   (0.016) 0.039 0.034 0.028 0.001 0.028 0.027 0.040 
  16   (0.009) 0.005 0.006 0.007 0.001 0.007 0.007 0.006 
  17   (0.018) 0.014 0.014 0.015 0.001 0.016 0.016 0.014 
  18   (0.016) 0.013 0.011 0.013 0.007 0.017 0.016 0.013 
  19   (0.011) 0.009 0.007 0.010 0.001 0.013 0.012 0.009 
  20   (0.028) 0.064 0.057 0.048 0.002 0.046 0.047 0.056 
  21   (0.023) 0.021 0.020 0.022 0.001 0.024 0.023 0.022 
  22   (0.019) 0.015 0.013 0.015 0.009 0.017 0.017 0.015 
  23   (0.013) 0.012 0.010 0.012 0.001 0.014 0.013 0.011 
  24   (0.015) 0.018 0.020 0.017 0.001 0.019 0.019 0.018 
  25   (0.010) 0.008 0.008 0.008 0.001 0.007 0.007 0.008 
  26   (0.013) 0.008 0.009 0.010 0.001 0.009 0.010 0.008 
  27   (0.012) 0.008 0.011 0.012 0.001 0.011 0.011 0.008 
  28   (0.008) 0.002 0.002 0.003 0.020 0.003 0.003 0.002 
  29   (0.013) 0.009 0.013 0.012 0.001 0.012 0.012 0.010 
  30   (0.019) 0.020 0.021 0.022 0.004 0.019 0.019 0.020 
  31   (0.019) 0.019 0.017 0.018 0.001 0.021 0.020 0.019 
  32   (0.024) 0.043 0.034 0.038 0.002 0.043 0.040 0.037 
  33   (0.006) 0.002 0.002 0.002 0.000 0.002 0.002 0.002 
  34   (0.018) 0.023 0.021 0.019 0.001 0.017 0.017 0.020 
  35   (0.006) 0.001 0.001 0.001 0.053 0.001 0.001 0.001 
  36   (0.006) 0.002 0.002 0.002 0.000 0.002 0.002 0.002 
  37   (0.021) 0.028 0.026 0.021 0.021 0.022 0.022 0.027 
  38   (0.016) 0.011 0.013 0.013 0.008 0.013 0.013 0.012 
  39   (0.014) 0.017 0.019 0.018 0.001 0.019 0.020 0.019 
  40   (0.010) 0.009 0.007 0.010 0.001 0.013 0.012 0.009 
  41   (0.008) 0.004 0.005 0.005 0.001 0.005 0.005 0.004 
  42   (0.006) 0.002 0.002 0.002 0.000 0.002 0.002 0.002 
  43   (0.009) 0.004 0.005 0.006 0.001 0.005 0.005 0.005 
  44   (0.023) 0.022 0.029 0.030 0.002 0.026 0.028 0.025 
  45   (0.006) 0.002 0.002 0.002 0.000 0.002 0.002 0.002 
  46   (0.015) 0.021 0.019 0.017 0.001 0.016 0.016 0.019 
  47   (0.009) 0.006 0.007 0.007 0.001 0.006 0.006 0.006 
  48   (0.006) 0.002 0.002 0.002 0.000 0.003 0.002 0.002 
  49   (0.015) 0.015 0.017 0.017 0.001 0.014 0.015 0.017 
  50   (0.014) 0.010 0.010 0.012 0.002 0.012 0.013 0.011 
  51   (0.013) 0.017 0.014 0.011 0.015 0.012 0.011 0.015 
  52   (0.013) 0.013 0.014 0.012 0.001 0.011 0.011 0.011 
  53   (0.007) 0.001 0.001 0.001 0.031 0.001 0.001 0.001 
  54   (0.007) 0.001 0.001 0.001 0.075 0.001 0.001 0.001 
  55   (0.010) 0.006 0.008 0.008 0.001 0.008 0.008 0.007 
  56   (0.011) 0.012 0.011 0.009 0.001 0.010 0.011 0.012 
  57   (0.013) 0.010 0.009 0.011 0.001 0.015 0.014 0.010 
  58   (0.009) 0.005 0.006 0.007 0.001 0.007 0.006 0.005 
  59   (0.010) 0.009 0.012 0.015 0.001 0.010 0.012 0.011 
  60   (0.010) 0.009 0.008 0.007 0.001 0.007 0.007 0.008 
  61   (0.006) 0.002 0.002 0.002 0.000 0.002 0.002 0.002 
  62   (0.013) 0.012 0.012 0.012 0.001 0.012 0.011 0.012 
  63   (0.011) 0.012 0.017 0.015 0.001 0.017 0.018 0.014 
  64   (0.009) 0.005 0.005 0.005 0.001 0.005 0.005 0.005 
  65   (0.019) 0.021 0.018 0.019 0.001 0.023 0.022 0.020 
  66   (0.010) 0.009 0.010 0.008 0.001 0.009 0.010 0.010 
  67   (0.010) 0.005 0.006 0.007 0.001 0.007 0.007 0.005 
  68   (0.012) 0.010 0.008 0.012 0.001 0.015 0.014 0.010 
  69   (0.006) 0.002 0.002 0.002 0.000 0.002 0.002 0.002 
  70   (0.006) 0.002 0.002 0.002 0.000 0.002 0.002 0.002 
  71   (0.010) 0.006 0.007 0.007 0.001 0.006 0.006 0.007 
  72   (0.006) 0.002 0.002 0.002 0.000 0.002 0.002 0.002 
  73   (0.006) 0.002 0.002 0.002 0.001 0.002 0.002 0.002 
  74   (0.006) 0.002 0.002 0.002 0.000 0.002 0.002 0.002 
  75   (0.009) 0.004 0.005 0.005 0.001 0.006 0.005 0.004 
  76   (0.006) 0.002 0.002 0.003 0.000 0.002 0.002 0.002 
  77   (0.008) 0.003 0.003 0.004 0.001 0.004 0.004 0.003 
  78   (0.006) 0.002 0.002 0.002 0.000 0.002 0.002 0.002 

Locus 2 : COPE9 
12 alleles
8.3% missing data
   1   (0.411) 0.483 0.473 0.465 0.409 0.463 0.463 0.466 
   2   (0.143) 0.125 0.143 0.146 0.264 0.133 0.138 0.136 
   3   (0.049) 0.052 0.049 0.043 0.026 0.051 0.052 0.053 
   4   (0.072) 0.075 0.065 0.072 0.025 0.084 0.080 0.077 
   5   (0.037) 0.023 0.024 0.026 0.023 0.029 0.029 0.023 
   6   (0.132) 0.138 0.139 0.137 0.052 0.131 0.129 0.135 
   7   (0.039) 0.022 0.026 0.031 0.068 0.027 0.028 0.025 
   8   (0.081) 0.072 0.070 0.069 0.080 0.072 0.071 0.074 
   9   (0.011) 0.004 0.004 0.004 0.001 0.005 0.005 0.004 
  10   (0.009) 0.001 0.001 0.001 0.050 0.001 0.001 0.001 
  11   (0.008) 0.002 0.003 0.003 0.001 0.003 0.003 0.002 
  12   (0.008) 0.003 0.003 0.003 0.001 0.002 0.003 0.003 

Locus 3 : CPER26 
12 alleles
2.6% missing data
   1   (0.231) 0.242 0.239 0.236 0.129 0.228 0.229 0.237 
   2   (0.033) 0.022 0.017 0.023 0.151 0.030 0.028 0.021 
   3   (0.083) 0.068 0.073 0.087 0.007 0.088 0.088 0.074 
   4   (0.499) 0.584 0.587 0.573 0.055 0.576 0.577 0.587 
   5   (0.055) 0.049 0.044 0.040 0.304 0.040 0.040 0.045 
   6   (0.030) 0.016 0.016 0.016 0.316 0.014 0.014 0.015 
   7   (0.013) 0.005 0.006 0.006 0.001 0.006 0.006 0.005 
   8   (0.018) 0.006 0.008 0.008 0.023 0.008 0.008 0.007 
   9   (0.008) 0.002 0.002 0.002 0.003 0.002 0.002 0.002 
  10   (0.012) 0.003 0.003 0.003 0.010 0.003 0.003 0.003 
  11   (0.008) 0.002 0.002 0.003 0.001 0.003 0.003 0.002 
  12   (0.008) 0.002 0.002 0.003 0.001 0.002 0.002 0.002 

Locus 4 : CPER92 
12 alleles
6.8% missing data
   1   (0.620) 0.689 0.663 0.666 0.510 0.700 0.687 0.685 
   2   (0.109) 0.125 0.146 0.150 0.281 0.119 0.130 0.126 
   3   (0.091) 0.089 0.092 0.086 0.045 0.082 0.084 0.090 
   4   (0.015) 0.009 0.008 0.006 0.018 0.007 0.007 0.008 
   5   (0.040) 0.024 0.027 0.027 0.033 0.024 0.025 0.025 
   6   (0.036) 0.028 0.028 0.027 0.007 0.026 0.027 0.026 
   7   (0.019) 0.008 0.008 0.007 0.035 0.008 0.009 0.008 
   8   (0.012) 0.003 0.003 0.003 0.035 0.003 0.003 0.003 
   9   (0.021) 0.010 0.009 0.012 0.018 0.015 0.014 0.011 
  10   (0.017) 0.009 0.008 0.007 0.015 0.008 0.008 0.009 
  11   (0.013) 0.006 0.006 0.006 0.001 0.006 0.005 0.006 
  12   (0.008) 0.002 0.003 0.003 0.001 0.003 0.003 0.002 

Locus 5 : CPER99 
5 alleles
1.0% missing data
   1   (0.013) 0.002 0.003 0.003 0.347 0.003 0.003 0.003 
   2   (0.869) 0.932 0.930 0.931 0.081 0.931 0.930 0.928 
   3   (0.080) 0.054 0.055 0.054 0.478 0.054 0.054 0.058 
   4   (0.013) 0.003 0.003 0.003 0.030 0.003 0.003 0.003 
   5   (0.024) 0.009 0.009 0.009 0.065 0.009 0.010 0.009 

Locus 6 : CPER119 
22 alleles
5.5% missing data
   1   (0.009) 0.001 0.001 0.001 0.111 0.001 0.001 0.001 
   2   (0.080) 0.104 0.096 0.092 0.042 0.082 0.082 0.093 
   3   (0.037) 0.033 0.034 0.032 0.054 0.028 0.028 0.034 
   4   (0.008) 0.002 0.002 0.003 0.001 0.003 0.003 0.002 
   5   (0.161) 0.163 0.164 0.179 0.093 0.190 0.189 0.170 
   6   (0.070) 0.067 0.059 0.077 0.080 0.088 0.085 0.069 
   7   (0.069) 0.095 0.096 0.095 0.080 0.075 0.078 0.091 
   8   (0.084) 0.075 0.074 0.074 0.105 0.080 0.080 0.077 
   9   (0.115) 0.142 0.135 0.126 0.060 0.128 0.129 0.143 
  10   (0.060) 0.056 0.065 0.060 0.032 0.066 0.068 0.061 
  11   (0.021) 0.011 0.014 0.017 0.022 0.013 0.014 0.013 
  12   (0.087) 0.107 0.111 0.101 0.010 0.103 0.104 0.102 
  13   (0.016) 0.005 0.006 0.007 0.010 0.007 0.007 0.006 
  14   (0.024) 0.044 0.039 0.032 0.007 0.031 0.030 0.045 
  15   (0.027) 0.024 0.021 0.019 0.068 0.018 0.018 0.021 
  16   (0.022) 0.009 0.010 0.011 0.030 0.011 0.011 0.010 
  17   (0.024) 0.011 0.011 0.013 0.100 0.014 0.014 0.011 
  18   (0.017) 0.010 0.011 0.010 0.007 0.009 0.010 0.009 
  19   (0.011) 0.003 0.003 0.003 0.024 0.003 0.003 0.003 
  20   (0.035) 0.026 0.035 0.035 0.059 0.036 0.035 0.027 
  21   (0.013) 0.007 0.007 0.007 0.004 0.006 0.007 0.007 
  22   (0.010) 0.006 0.006 0.005 0.001 0.005 0.005 0.006 

Locus 7 : CPER188 
15 alleles
1.6% missing data
   1   (0.595) 0.679 0.670 0.672 0.822 0.675 0.674 0.673 
   2   (0.112) 0.098 0.100 0.102 0.090 0.105 0.103 0.102 
   3   (0.032) 0.022 0.026 0.028 0.002 0.024 0.025 0.025 
   4   (0.041) 0.031 0.032 0.033 0.003 0.031 0.032 0.031 
   5   (0.090) 0.120 0.114 0.102 0.006 0.106 0.105 0.115 
   6   (0.016) 0.006 0.007 0.007 0.008 0.007 0.007 0.006 
   7   (0.016) 0.009 0.011 0.012 0.006 0.010 0.011 0.010 
   8   (0.023) 0.010 0.012 0.014 0.007 0.014 0.014 0.011 
   9   (0.009) 0.001 0.001 0.001 0.041 0.001 0.001 0.001 
  10   (0.008) 0.001 0.001 0.001 0.010 0.001 0.001 0.001 
  11   (0.019) 0.009 0.011 0.013 0.001 0.012 0.012 0.011 
  12   (0.015) 0.007 0.007 0.007 0.001 0.007 0.007 0.007 
  13   (0.008) 0.002 0.002 0.002 0.003 0.002 0.002 0.002 
  14   (0.008) 0.003 0.003 0.002 0.000 0.003 0.002 0.003 
  15   (0.008) 0.003 0.003 0.002 0.001 0.002 0.002 0.003 

Values of parameters used in structure:
DATAFILE=../Data/microsats.structure,	OUTFILE=../Structure_Results/05_K_07.out,	NUMINDS=384,	NUMLOCI=7,	MISSING=-9,	LABEL=1,	POPDATA=0,	POPFLAG=0,	PHENOTYPE=0,	EXTRACOLS=0,	MAXPOPS=7,	BURNIN=1000000,	NUMREPS=10000000,	USEPOPINFO=0,	INFERALPHA=1,	INFERLAMBDA=0,	POPSPECIFICLAMBDA=0,	POPALPHAS=0,	COMPUTEPROB=1,	NOADMIX=0,	ADMBURNIN=500,	UPDATEFREQ=100,	PRINTLIKES=0,	INTERMEDSAVE=0,	PRINTKLD=0,	PRINTNET=1,	PRINTLAMBDA=1,	ANCESTDIST=0,	NUMBOXES=1000,	ANCESTPINT=0.90000,	GENSBACK=2,	MIGRPRIOR=0.01000,	PRINTQHAT=0,	PRINTQSUM=1,	ALPHA=1.0000,	FREQSCORR=1,	FPRIORMEAN=0.0100,	FPRIORSD=0.0500,	ONEFST=0,	LAMBDA=1.0000,	UNIFPRIORALPHA=1,	ALPHAMAX=10.0000,	ALPHAPRIORA=1.0000,	ALPHAPRIORB=2.0000,	ALPHAPROPSD=0.0250,	STARTATPOPINFO=0,	RANDOMIZE=0,	LINKAGE=0,	METROFREQ=10,	REPORTHITRATE=0,	MARKOVPHASE=-1,	PHASED=0,	PLOIDY=2,	PHASEINFO=0	LOCPRIOR=0, 	LOCPRIORINIT=1.000000, 	LOCDATA=0, 	LOCISPOP=0, 	LOCPRIORSTEP=0.100000, 	MAXLOCPRIOR=20.000000, 	SEED=27790639,	
[STRAT parameters]:    NUMSIMSTATS=1000,	PHENOTYPECOL=-9,	POOLFREQ=10,	LOCUSxONLY=0,	EMERROR=0.00100,	MISSINGPHENO=-9,	