

----------------------------------------------------
STRUCTURE by Pritchard, Stephens and Donnelly (2000)
     and Falush, Stephens and Pritchard (2003)
       Code by Pritchard, Falush and Hubisz
             Version 2.3.4 (Jul 2012)
----------------------------------------------------



Command line arguments:   /home/jason/Programs/structure -K 13 -i ../Data/microsats.structure -m Structure_Run/mainparams -e Structure_Run/extraparams -D 56503166 -o ../Structure_Results/05_K_13.out 
Input File:    ../Data/microsats.structure

Run parameters:
   384 individuals
   7 loci
   13 populations assumed
   1000000 Burn-in period
   10000000 Reps
RANDOMIZE turned off


--------------------------------------------
Overall proportion of membership of the
sample in each of the 13 clusters

Inferred Clusters
  1      2      3      4      5      6      7      8      9     10     11     12     13    
0.074  0.075  0.075  0.074  0.075  0.075  0.105  0.075  0.075  0.074  0.075  0.074  0.074  

--------------------------------------------

Allele-freq. divergence among pops (Net nucleotide distance),
computed using point estimates of P.

      1       2       3       4       5       6       7       8       9      10      11      12      13      
 1      -    0.0002  0.0001  0.0002  0.0009  0.0002  0.1737  0.0001  0.0001  0.0004  0.0001  0.0001  0.0001  
 2   0.0002     -    0.0002  0.0000  0.0008  0.0000  0.1726  0.0000  0.0000  0.0004  0.0002  0.0002  0.0001  
 3   0.0001  0.0002     -    0.0003  0.0009  0.0004  0.1747  0.0001  0.0002  0.0002  0.0000  0.0000  0.0003  
 4   0.0002  0.0000  0.0003     -    0.0009  0.0001  0.1722  0.0001  0.0001  0.0005  0.0003  0.0002  0.0001  
 5   0.0009  0.0008  0.0009  0.0009     -    0.0008  0.1640  0.0008  0.0007  0.0012  0.0008  0.0008  0.0009  
 6   0.0002  0.0000  0.0004  0.0001  0.0008     -    0.1718  0.0001  0.0000  0.0006  0.0003  0.0003  0.0001  
 7   0.1737  0.1726  0.1747  0.1722  0.1640  0.1718     -    0.1733  0.1721  0.1749  0.1742  0.1743  0.1723  
 8   0.0001  0.0000  0.0001  0.0001  0.0008  0.0001  0.1733     -    0.0001  0.0003  0.0001  0.0001  0.0001  
 9   0.0001  0.0000  0.0002  0.0001  0.0007  0.0000  0.1721  0.0001     -    0.0005  0.0002  0.0002  0.0001  
10   0.0004  0.0004  0.0002  0.0005  0.0012  0.0006  0.1749  0.0003  0.0005     -    0.0002  0.0002  0.0003  
11   0.0001  0.0002  0.0000  0.0003  0.0008  0.0003  0.1742  0.0001  0.0002  0.0002     -    0.0001  0.0002  
12   0.0001  0.0002  0.0000  0.0002  0.0008  0.0003  0.1743  0.0001  0.0002  0.0002  0.0001     -    0.0003  
13   0.0001  0.0001  0.0003  0.0001  0.0009  0.0001  0.1723  0.0001  0.0001  0.0003  0.0002  0.0003     -    

Average distances (expected heterozygosity) between individuals in same cluster:
cluster  1  : 0.6231 
cluster  2  : 0.6249 
cluster  3  : 0.6209 
cluster  4  : 0.6260 
cluster  5  : 0.6550 
cluster  6  : 0.6252 
cluster  7  : 0.6260 
cluster  8  : 0.6219 
cluster  9  : 0.6253 
cluster 10  : 0.6189 
cluster 11  : 0.6212 
cluster 12  : 0.6221 
cluster 13  : 0.6242 

--------------------------------------------
Estimated Ln Prob of Data   = -9535.5
Mean value of ln likelihood = -7600.2
Variance of ln likelihood   = 3870.5
Mean value of alpha         = 0.0495

Mean value of Fst_1         = 0.1255
Mean value of Fst_2         = 0.1246
Mean value of Fst_3         = 0.1253
Mean value of Fst_4         = 0.1270
Mean value of Fst_5         = 0.0599
Mean value of Fst_6         = 0.1238
Mean value of Fst_7         = 0.2236
Mean value of Fst_8         = 0.1256
Mean value of Fst_9         = 0.1221
Mean value of Fst_10         = 0.1269
Mean value of Fst_11         = 0.1244
Mean value of Fst_12         = 0.1264
Mean value of Fst_13         = 0.1257


Inferred ancestry of individuals:
        Label (%Miss) :  Inferred clusters
  1 COPE-0001    (0)   :  0.009 0.009 0.009 0.009 0.008 0.009 0.895 0.009 0.009 0.009 0.009 0.009 0.009 
  2 COPE-0002    (0)   :  0.080 0.082 0.077 0.085 0.099 0.085 0.011 0.082 0.085 0.075 0.079 0.077 0.084 
  3 COPE-0003    (0)   :  0.075 0.076 0.079 0.071 0.149 0.078 0.006 0.076 0.081 0.078 0.081 0.075 0.074 
  4 COPE-0004    (0)   :  0.093 0.084 0.067 0.096 0.074 0.095 0.011 0.082 0.093 0.058 0.074 0.071 0.102 
  5 COPE-0005    (0)   :  0.086 0.087 0.084 0.088 0.054 0.089 0.022 0.090 0.079 0.079 0.078 0.082 0.083 
  6 COPE-0006    (0)   :  0.078 0.084 0.085 0.081 0.082 0.080 0.018 0.088 0.081 0.082 0.082 0.081 0.079 
  7 COPE-0007    (0)   :  0.094 0.083 0.086 0.085 0.061 0.084 0.006 0.091 0.079 0.078 0.083 0.086 0.084 
  8 COPE-0008    (0)   :  0.080 0.091 0.075 0.092 0.058 0.087 0.008 0.090 0.086 0.083 0.081 0.078 0.091 
  9 COPE-0009    (0)   :  0.073 0.075 0.081 0.077 0.127 0.082 0.015 0.081 0.080 0.077 0.082 0.078 0.073 
 10 COPE-0010    (0)   :  0.087 0.080 0.092 0.080 0.083 0.077 0.007 0.077 0.083 0.078 0.087 0.089 0.079 
 11 COPE-0011   (14)   :  0.013 0.013 0.012 0.014 0.011 0.014 0.844 0.013 0.013 0.012 0.013 0.012 0.014 
 12 COPE-0012   (14)   :  0.080 0.091 0.077 0.089 0.072 0.084 0.006 0.085 0.086 0.084 0.083 0.079 0.085 
 13 COPE-0013    (0)   :  0.084 0.079 0.093 0.073 0.063 0.089 0.006 0.088 0.093 0.084 0.090 0.079 0.080 
 14 COPE-0014    (0)   :  0.084 0.077 0.084 0.077 0.063 0.070 0.008 0.082 0.070 0.127 0.087 0.081 0.090 
 15 COPE-0015    (0)   :  0.084 0.081 0.085 0.082 0.057 0.076 0.007 0.083 0.076 0.109 0.087 0.082 0.092 
 16 COPE-0016    (0)   :  0.064 0.094 0.085 0.094 0.066 0.087 0.009 0.084 0.081 0.088 0.080 0.090 0.076 
 17 COPE-0017    (0)   :  0.038 0.038 0.040 0.038 0.026 0.036 0.539 0.038 0.036 0.051 0.040 0.039 0.041 
 18 COPE-0018    (0)   :  0.082 0.085 0.085 0.080 0.069 0.084 0.007 0.092 0.084 0.080 0.086 0.083 0.083 
 19 COPE-0019    (0)   :  0.080 0.080 0.085 0.080 0.072 0.088 0.006 0.090 0.087 0.082 0.086 0.083 0.081 
 20 COPE-0020    (0)   :  0.080 0.076 0.085 0.076 0.131 0.075 0.006 0.077 0.080 0.078 0.081 0.083 0.073 
 21 COPE-0021    (0)   :  0.092 0.082 0.092 0.083 0.056 0.076 0.006 0.083 0.081 0.086 0.088 0.092 0.084 
 22 COPE-0022    (0)   :  0.074 0.090 0.081 0.094 0.064 0.091 0.006 0.085 0.092 0.077 0.079 0.081 0.085 
 23 COPE-0023    (0)   :  0.080 0.078 0.083 0.077 0.112 0.080 0.008 0.083 0.083 0.076 0.081 0.078 0.081 
 24 COPE-0024   (14)   :  0.086 0.087 0.092 0.086 0.052 0.086 0.006 0.090 0.081 0.080 0.081 0.094 0.078 
 25 COPE-0025    (0)   :  0.066 0.067 0.063 0.060 0.259 0.064 0.039 0.061 0.069 0.064 0.064 0.062 0.062 
 26 COPE-0026    (0)   :  0.084 0.084 0.080 0.086 0.066 0.089 0.005 0.087 0.081 0.080 0.084 0.083 0.089 
 27 COPE-0027    (0)   :  0.082 0.081 0.086 0.079 0.068 0.090 0.006 0.089 0.090 0.081 0.085 0.081 0.081 
 28 COPE-0028    (0)   :  0.075 0.081 0.076 0.077 0.147 0.078 0.005 0.070 0.076 0.079 0.080 0.081 0.075 
 29 COPE-0029    (0)   :  0.070 0.091 0.086 0.093 0.074 0.084 0.005 0.085 0.080 0.086 0.078 0.093 0.076 
 30 COPE-0030   (14)   :  0.025 0.025 0.024 0.025 0.029 0.026 0.698 0.027 0.025 0.024 0.024 0.024 0.025 
 31 COPE-0031    (0)   :  0.083 0.087 0.074 0.087 0.057 0.086 0.009 0.093 0.081 0.086 0.081 0.081 0.093 
 32 COPE-0032    (0)   :  0.078 0.077 0.079 0.072 0.147 0.077 0.008 0.075 0.080 0.075 0.078 0.077 0.076 
 33 COPE-0033    (0)   :  0.078 0.083 0.081 0.075 0.112 0.079 0.010 0.079 0.083 0.079 0.081 0.081 0.078 
 34 COPE-0034    (0)   :  0.085 0.090 0.077 0.095 0.053 0.094 0.009 0.089 0.081 0.081 0.075 0.080 0.092 
 35 COPE-0035   (14)   :  0.074 0.083 0.077 0.075 0.144 0.080 0.007 0.070 0.082 0.076 0.078 0.079 0.076 
 36 COPE-0036   (14)   :  0.096 0.073 0.096 0.081 0.067 0.070 0.006 0.081 0.080 0.087 0.090 0.097 0.076 
 37 COPE-0037    (0)   :  0.084 0.080 0.087 0.080 0.076 0.083 0.024 0.083 0.082 0.078 0.081 0.086 0.077 
 38 COPE-0038    (0)   :  0.081 0.087 0.081 0.088 0.064 0.092 0.006 0.089 0.086 0.079 0.079 0.083 0.084 
 39 COPE-0039    (0)   :  0.073 0.073 0.069 0.069 0.186 0.071 0.038 0.066 0.076 0.069 0.071 0.070 0.068 
 40 COPE-0040   (14)   :  0.073 0.072 0.074 0.070 0.117 0.073 0.072 0.078 0.074 0.075 0.076 0.072 0.075 
 41 COPE-0041    (0)   :  0.077 0.076 0.081 0.075 0.107 0.084 0.025 0.083 0.079 0.079 0.081 0.074 0.078 
 42 COPE-0042    (0)   :  0.081 0.086 0.084 0.072 0.091 0.082 0.009 0.078 0.086 0.080 0.085 0.085 0.082 
 43 COPE-0043    (0)   :  0.080 0.086 0.081 0.087 0.081 0.086 0.005 0.083 0.086 0.078 0.080 0.083 0.084 
 44 COPE-0044    (0)   :  0.086 0.084 0.070 0.090 0.084 0.091 0.011 0.081 0.093 0.066 0.077 0.074 0.092 
 45 COPE-0045    (0)   :  0.081 0.081 0.072 0.087 0.087 0.087 0.033 0.080 0.089 0.069 0.074 0.072 0.087 
 46 COPE-0046    (0)   :  0.023 0.023 0.024 0.022 0.023 0.024 0.715 0.024 0.024 0.024 0.024 0.024 0.024 
 47 COPE-0047    (0)   :  0.007 0.007 0.007 0.007 0.008 0.007 0.911 0.007 0.007 0.007 0.007 0.008 0.007 
 48 COPE-0048    (0)   :  0.079 0.092 0.086 0.073 0.080 0.082 0.006 0.073 0.088 0.085 0.086 0.089 0.081 
 49 COPE-0049    (0)   :  0.076 0.080 0.069 0.082 0.154 0.079 0.016 0.074 0.080 0.068 0.072 0.073 0.076 
 50 COPE-0050    (0)   :  0.085 0.083 0.083 0.075 0.077 0.086 0.007 0.079 0.091 0.078 0.088 0.081 0.086 
 51 COPE-0051    (0)   :  0.079 0.077 0.075 0.078 0.055 0.079 0.097 0.067 0.076 0.077 0.076 0.083 0.080 
 52 COPE-0052    (0)   :  0.084 0.080 0.086 0.083 0.041 0.073 0.011 0.084 0.068 0.129 0.086 0.082 0.095 
 53 COPE-0053    (0)   :  0.058 0.097 0.088 0.101 0.058 0.089 0.008 0.086 0.076 0.094 0.075 0.095 0.074 
 54 COPE-0054    (0)   :  0.100 0.077 0.100 0.082 0.062 0.065 0.005 0.080 0.080 0.079 0.095 0.097 0.076 
 55 COPE-0055    (0)   :  0.075 0.093 0.079 0.095 0.061 0.090 0.005 0.088 0.093 0.078 0.079 0.080 0.084 
 56 COPE-0056    (0)   :  0.079 0.087 0.076 0.085 0.092 0.084 0.015 0.082 0.092 0.074 0.076 0.077 0.081 
 57 COPE-0057    (0)   :  0.080 0.075 0.081 0.077 0.122 0.081 0.009 0.081 0.084 0.074 0.083 0.079 0.074 
 58 COPE-0058    (0)   :  0.083 0.079 0.081 0.084 0.106 0.081 0.009 0.081 0.086 0.073 0.080 0.079 0.078 
 59 COPE-0059    (0)   :  0.081 0.073 0.084 0.064 0.118 0.080 0.017 0.078 0.085 0.075 0.087 0.080 0.076 
 60 COPE-0060    (0)   :  0.075 0.084 0.086 0.085 0.076 0.084 0.006 0.085 0.083 0.086 0.086 0.083 0.081 
 61 COPE-0061    (0)   :  0.062 0.092 0.087 0.096 0.065 0.090 0.010 0.086 0.078 0.091 0.077 0.092 0.075 
 62 COPE-0062    (0)   :  0.092 0.077 0.089 0.081 0.054 0.067 0.008 0.081 0.074 0.110 0.090 0.087 0.091 
 63 COPE-0063    (0)   :  0.077 0.094 0.073 0.094 0.064 0.087 0.021 0.085 0.092 0.076 0.076 0.078 0.084 
 64 COPE-0064    (0)   :  0.082 0.084 0.080 0.082 0.069 0.087 0.008 0.085 0.087 0.079 0.087 0.082 0.087 
 65 COPE-0065    (0)   :  0.006 0.006 0.006 0.006 0.007 0.006 0.927 0.006 0.006 0.006 0.006 0.006 0.006 
 66 COPE-0066    (0)   :  0.082 0.080 0.083 0.074 0.108 0.078 0.017 0.073 0.081 0.077 0.079 0.086 0.080 
 67 COPE-0067   (14)   :  0.027 0.028 0.027 0.025 0.047 0.027 0.657 0.025 0.029 0.027 0.027 0.029 0.027 
 68 COPE-0068    (0)   :  0.080 0.078 0.084 0.069 0.094 0.083 0.012 0.080 0.087 0.081 0.090 0.080 0.081 
 69 COPE-0069   (14)   :  0.084 0.082 0.084 0.078 0.078 0.079 0.010 0.081 0.082 0.091 0.087 0.084 0.081 
 70 COPE-0070    (0)   :  0.085 0.089 0.077 0.087 0.073 0.090 0.011 0.081 0.083 0.079 0.079 0.081 0.085 
 71 COPE-0071    (0)   :  0.081 0.073 0.081 0.074 0.167 0.071 0.004 0.067 0.073 0.073 0.080 0.082 0.073 
 72 COPE-0072    (0)   :  0.086 0.081 0.083 0.075 0.077 0.083 0.006 0.080 0.086 0.086 0.092 0.080 0.085 
 73 COPE-0073   (14)   :  0.033 0.034 0.037 0.037 0.025 0.030 0.602 0.032 0.033 0.033 0.034 0.039 0.030 
 74 COPE-0074    (0)   :  0.080 0.087 0.086 0.076 0.092 0.081 0.008 0.074 0.086 0.082 0.084 0.084 0.079 
 75 COPE-0075    (0)   :  0.086 0.087 0.082 0.084 0.056 0.087 0.011 0.074 0.086 0.083 0.083 0.091 0.088 
 76 COPE-0076    (0)   :  0.082 0.084 0.084 0.084 0.065 0.079 0.006 0.084 0.083 0.092 0.087 0.084 0.085 
 77 COPE-0077   (14)   :  0.080 0.085 0.084 0.079 0.077 0.086 0.008 0.084 0.088 0.081 0.087 0.080 0.083 
 78 COPE-0078   (14)   :  0.089 0.087 0.083 0.087 0.058 0.090 0.008 0.090 0.081 0.076 0.081 0.085 0.085 
 79 COPE-0079    (0)   :  0.098 0.091 0.066 0.103 0.048 0.104 0.008 0.088 0.092 0.054 0.072 0.067 0.110 
 80 COPE-0080   (42)   :  0.018 0.018 0.018 0.017 0.019 0.018 0.782 0.019 0.018 0.019 0.019 0.018 0.018 
 81 COPE-0081   (14)   :  0.047 0.049 0.047 0.049 0.059 0.048 0.417 0.047 0.049 0.048 0.047 0.047 0.047 
 82 COPE-0082   (14)   :  0.080 0.084 0.075 0.083 0.087 0.083 0.043 0.073 0.083 0.073 0.079 0.078 0.078 
 83 COPE-0083   (14)   :  0.090 0.076 0.087 0.081 0.019 0.063 0.005 0.083 0.063 0.154 0.093 0.081 0.106 
 84 COPE-0084    (0)   :  0.047 0.080 0.071 0.082 0.050 0.073 0.189 0.068 0.065 0.075 0.061 0.079 0.060 
 85 COPE-0085    (0)   :  0.081 0.081 0.075 0.082 0.122 0.086 0.009 0.080 0.083 0.071 0.074 0.073 0.082 
 86 COPE-0086    (0)   :  0.075 0.082 0.085 0.081 0.104 0.078 0.017 0.079 0.081 0.078 0.079 0.084 0.075 
 87 COPE-0087   (14)   :  0.071 0.088 0.087 0.089 0.065 0.087 0.007 0.086 0.083 0.087 0.083 0.088 0.079 
 88 COPE-0088   (14)   :  0.080 0.086 0.080 0.086 0.071 0.087 0.024 0.084 0.079 0.083 0.078 0.081 0.081 
 89 COPE-0089   (14)   :  0.007 0.008 0.007 0.008 0.007 0.008 0.910 0.008 0.008 0.007 0.007 0.007 0.008 
 90 COPE-0090    (0)   :  0.078 0.089 0.077 0.090 0.073 0.090 0.008 0.088 0.088 0.076 0.077 0.082 0.085 
 91 COPE-0091   (14)   :  0.077 0.085 0.087 0.085 0.053 0.081 0.005 0.085 0.080 0.103 0.088 0.086 0.084 
 92 COPE-0092   (28)   :  0.020 0.019 0.019 0.019 0.031 0.020 0.757 0.019 0.020 0.018 0.019 0.018 0.019 
 93 COPE-0093    (0)   :  0.079 0.098 0.074 0.098 0.056 0.088 0.006 0.087 0.094 0.079 0.077 0.080 0.087 
 94 COPE-0094    (0)   :  0.097 0.087 0.062 0.103 0.046 0.102 0.025 0.085 0.093 0.050 0.070 0.066 0.112 
 95 COPE-0095    (0)   :  0.063 0.096 0.083 0.097 0.060 0.090 0.005 0.088 0.081 0.091 0.077 0.091 0.079 
 96 COPE-0096    (0)   :  0.078 0.082 0.085 0.084 0.075 0.082 0.009 0.083 0.078 0.097 0.080 0.087 0.081 
 97 COPE-0097    (0)   :  0.088 0.083 0.087 0.084 0.061 0.078 0.007 0.075 0.078 0.098 0.088 0.088 0.085 
 98 COPE-0098    (0)   :  0.086 0.087 0.073 0.091 0.051 0.087 0.009 0.093 0.082 0.085 0.080 0.079 0.097 
 99 COPE-0099    (0)   :  0.069 0.067 0.071 0.064 0.215 0.068 0.020 0.068 0.076 0.066 0.074 0.070 0.070 
100 COPE-0100    (0)   :  0.078 0.081 0.081 0.074 0.113 0.082 0.007 0.081 0.082 0.080 0.082 0.079 0.078 
101 COPE-0101    (0)   :  0.080 0.079 0.074 0.082 0.099 0.081 0.046 0.076 0.084 0.069 0.073 0.077 0.081 
102 COPE-0102    (0)   :  0.081 0.084 0.084 0.081 0.073 0.088 0.006 0.085 0.086 0.086 0.082 0.081 0.083 
103 COPE-0103    (0)   :  0.088 0.082 0.077 0.087 0.062 0.085 0.015 0.084 0.079 0.088 0.080 0.077 0.094 
104 COPE-0104   (14)   :  0.079 0.087 0.080 0.077 0.110 0.080 0.006 0.072 0.083 0.082 0.083 0.083 0.078 
105 COPE-0105    (0)   :  0.089 0.078 0.079 0.085 0.069 0.083 0.035 0.072 0.079 0.079 0.084 0.086 0.081 
106 COPE-0106    (0)   :  0.112 0.069 0.117 0.079 0.051 0.057 0.004 0.078 0.080 0.074 0.099 0.112 0.068 
107 COPE-0107    (0)   :  0.018 0.021 0.019 0.021 0.018 0.021 0.768 0.020 0.021 0.018 0.018 0.019 0.019 
108 COPE-0108    (0)   :  0.087 0.081 0.081 0.082 0.065 0.082 0.006 0.088 0.079 0.093 0.086 0.080 0.091 
109 COPE-0109    (0)   :  0.087 0.084 0.072 0.089 0.080 0.092 0.011 0.081 0.090 0.065 0.078 0.074 0.095 
110 COPE-0110   (14)   :  0.081 0.082 0.087 0.085 0.086 0.081 0.013 0.083 0.079 0.079 0.081 0.086 0.076 
111 COPE-0111    (0)   :  0.087 0.081 0.094 0.081 0.063 0.075 0.008 0.084 0.082 0.086 0.087 0.092 0.078 
112 COPE-0112   (14)   :  0.080 0.090 0.084 0.075 0.070 0.081 0.008 0.075 0.088 0.093 0.085 0.088 0.083 
113 COPE-0113    (0)   :  0.080 0.076 0.076 0.076 0.122 0.079 0.015 0.080 0.081 0.080 0.080 0.074 0.080 
114 COPE-0114    (0)   :  0.097 0.074 0.094 0.080 0.087 0.070 0.009 0.079 0.080 0.077 0.088 0.095 0.071 
115 COPE-0115    (0)   :  0.024 0.026 0.025 0.026 0.020 0.024 0.696 0.025 0.023 0.032 0.025 0.026 0.027 
116 COPE-0116   (28)   :  0.011 0.011 0.011 0.010 0.021 0.011 0.862 0.011 0.011 0.011 0.011 0.010 0.011 
117 COPE-0117    (0)   :  0.058 0.096 0.086 0.100 0.058 0.090 0.010 0.087 0.077 0.093 0.076 0.092 0.077 
118 COPE-0118    (0)   :  0.105 0.073 0.103 0.079 0.049 0.059 0.009 0.080 0.079 0.089 0.096 0.102 0.075 
119 COPE-0119    (0)   :  0.093 0.083 0.088 0.084 0.049 0.078 0.012 0.090 0.079 0.086 0.091 0.078 0.090 
120 COPE-0120    (0)   :  0.083 0.082 0.080 0.082 0.081 0.088 0.010 0.080 0.089 0.074 0.085 0.078 0.087 
121 COPE-0121    (0)   :  0.074 0.072 0.081 0.072 0.111 0.074 0.047 0.076 0.073 0.088 0.077 0.081 0.074 
122 COPE-0122    (0)   :  0.084 0.083 0.083 0.082 0.071 0.084 0.008 0.086 0.085 0.081 0.087 0.082 0.084 
123 COPE-0123    (0)   :  0.079 0.084 0.078 0.079 0.101 0.081 0.017 0.082 0.084 0.076 0.081 0.078 0.081 
124 COPE-0124    (0)   :  0.078 0.074 0.079 0.076 0.137 0.077 0.011 0.086 0.080 0.072 0.078 0.076 0.076 
125 COPE-0125    (0)   :  0.091 0.082 0.090 0.081 0.080 0.073 0.006 0.077 0.079 0.085 0.091 0.086 0.080 
126 COPE-0126    (0)   :  0.058 0.098 0.084 0.101 0.052 0.092 0.011 0.086 0.078 0.093 0.075 0.093 0.078 
127 COPE-0127   (14)   :  0.082 0.085 0.083 0.089 0.078 0.086 0.006 0.079 0.080 0.085 0.081 0.084 0.082 
128 COPE-0128    (0)   :  0.074 0.073 0.079 0.075 0.162 0.072 0.015 0.076 0.079 0.071 0.074 0.078 0.071 
129 COPE-0129    (0)   :  0.091 0.089 0.078 0.090 0.064 0.096 0.006 0.085 0.086 0.070 0.080 0.074 0.092 
130 COPE-0130    (0)   :  0.080 0.081 0.082 0.075 0.086 0.085 0.013 0.081 0.087 0.080 0.086 0.080 0.083 
131 COPE-0131   (14)   :  0.088 0.076 0.086 0.080 0.048 0.070 0.007 0.083 0.070 0.125 0.091 0.080 0.095 
132 COPE-0132   (14)   :  0.080 0.084 0.089 0.085 0.052 0.087 0.033 0.087 0.078 0.082 0.077 0.091 0.074 
133 COPE-0133    (0)   :  0.063 0.096 0.085 0.099 0.058 0.089 0.008 0.084 0.082 0.090 0.076 0.093 0.077 
134 COPE-0134    (0)   :  0.084 0.081 0.085 0.082 0.085 0.084 0.007 0.083 0.086 0.076 0.085 0.080 0.082 
135 COPE-0135    (0)   :  0.079 0.083 0.079 0.086 0.111 0.083 0.007 0.076 0.088 0.073 0.078 0.077 0.079 
136 COPE-0136    (0)   :  0.013 0.013 0.013 0.013 0.014 0.014 0.841 0.013 0.013 0.013 0.013 0.013 0.013 
137 COPE-0137    (0)   :  0.079 0.080 0.085 0.074 0.096 0.086 0.011 0.085 0.084 0.082 0.083 0.077 0.077 
138 COPE-0138   (14)   :  0.010 0.009 0.010 0.009 0.009 0.009 0.889 0.009 0.009 0.009 0.010 0.010 0.009 
139 COPE-0139    (0)   :  0.069 0.068 0.073 0.065 0.221 0.072 0.007 0.073 0.076 0.072 0.072 0.067 0.066 
140 COPE-0140   (14)   :  0.022 0.023 0.023 0.022 0.042 0.023 0.713 0.022 0.023 0.023 0.023 0.022 0.022 
141 COPE-0141    (0)   :  0.081 0.090 0.072 0.092 0.086 0.086 0.008 0.086 0.089 0.076 0.074 0.077 0.084 
142 COPE-0142    (0)   :  0.081 0.085 0.081 0.088 0.073 0.083 0.009 0.088 0.085 0.080 0.082 0.081 0.083 
143 COPE-0143    (0)   :  0.069 0.093 0.080 0.099 0.072 0.090 0.009 0.085 0.084 0.080 0.073 0.086 0.081 
144 COPE-0144   (14)   :  0.067 0.073 0.064 0.073 0.133 0.074 0.095 0.068 0.078 0.064 0.070 0.069 0.071 
145 COPE-0145   (14)   :  0.049 0.048 0.045 0.047 0.294 0.046 0.188 0.044 0.053 0.047 0.048 0.046 0.047 
146 COPE-0146   (14)   :  0.073 0.085 0.077 0.086 0.073 0.085 0.027 0.084 0.081 0.084 0.080 0.084 0.081 
147 COPE-0147    (0)   :  0.076 0.081 0.071 0.086 0.074 0.085 0.071 0.079 0.086 0.063 0.073 0.070 0.083 
148 COPE-0148    (0)   :  0.065 0.095 0.087 0.099 0.056 0.089 0.008 0.086 0.080 0.089 0.076 0.094 0.076 
149 COPE-0149    (0)   :  0.079 0.081 0.088 0.084 0.061 0.092 0.006 0.087 0.086 0.084 0.088 0.084 0.080 
150 COPE-0150    (0)   :  0.080 0.094 0.088 0.072 0.074 0.083 0.007 0.071 0.090 0.084 0.086 0.091 0.081 
151 COPE-0151    (0)   :  0.066 0.079 0.070 0.078 0.179 0.076 0.006 0.077 0.076 0.076 0.071 0.075 0.071 
152 COPE-0152   (14)   :  0.070 0.077 0.065 0.078 0.088 0.077 0.124 0.075 0.076 0.064 0.066 0.068 0.075 
153 COPE-0153    (0)   :  0.087 0.082 0.078 0.084 0.085 0.085 0.006 0.088 0.080 0.078 0.082 0.075 0.090 
154 COPE-0154    (0)   :  0.080 0.083 0.086 0.082 0.079 0.080 0.007 0.083 0.083 0.084 0.087 0.086 0.080 
155 COPE-0155    (0)   :  0.077 0.080 0.081 0.077 0.125 0.078 0.005 0.081 0.083 0.075 0.079 0.083 0.074 
156 COPE-0156   (14)   :  0.009 0.009 0.009 0.009 0.009 0.009 0.891 0.009 0.009 0.009 0.009 0.009 0.009 
157 COPE-0157   (14)   :  0.059 0.067 0.054 0.063 0.114 0.061 0.220 0.061 0.063 0.059 0.059 0.058 0.060 
158 COPE-0158    (0)   :  0.070 0.090 0.087 0.089 0.061 0.087 0.009 0.086 0.083 0.089 0.085 0.089 0.076 
159 COPE-0159    (0)   :  0.081 0.086 0.082 0.088 0.061 0.092 0.008 0.089 0.086 0.078 0.083 0.081 0.084 
160 COPE-0160    (0)   :  0.089 0.085 0.075 0.090 0.096 0.088 0.007 0.084 0.083 0.068 0.074 0.074 0.085 
161 COPE-0161    (0)   :  0.083 0.082 0.080 0.083 0.079 0.084 0.012 0.080 0.087 0.086 0.080 0.078 0.087 
162 COPE-0162   (14)   :  0.007 0.007 0.007 0.007 0.008 0.007 0.914 0.007 0.007 0.007 0.007 0.007 0.007 
163 COPE-0163   (28)   :  0.012 0.012 0.012 0.013 0.013 0.013 0.850 0.012 0.013 0.012 0.012 0.012 0.013 
164 COPE-0164    (0)   :  0.077 0.078 0.074 0.075 0.122 0.081 0.024 0.085 0.079 0.074 0.078 0.077 0.077 
165 COPE-0165    (0)   :  0.080 0.081 0.084 0.077 0.093 0.087 0.008 0.081 0.084 0.080 0.085 0.079 0.080 
166 COPE-0166   (14)   :  0.085 0.083 0.086 0.084 0.073 0.086 0.008 0.086 0.086 0.075 0.083 0.082 0.084 
167 COPE-0167    (0)   :  0.090 0.085 0.084 0.087 0.070 0.084 0.008 0.086 0.084 0.072 0.082 0.085 0.083 
168 COPE-0168    (0)   :  0.072 0.087 0.083 0.090 0.073 0.086 0.006 0.085 0.083 0.086 0.084 0.086 0.080 
169 COPE-0169    (0)   :  0.084 0.077 0.086 0.069 0.087 0.085 0.010 0.084 0.087 0.080 0.090 0.080 0.080 
170 COPE-0170    (0)   :  0.073 0.078 0.069 0.082 0.148 0.076 0.022 0.075 0.079 0.079 0.071 0.071 0.077 
171 COPE-0171    (0)   :  0.070 0.078 0.077 0.078 0.158 0.075 0.007 0.076 0.078 0.079 0.076 0.076 0.072 
172 COPE-0172    (0)   :  0.084 0.084 0.081 0.083 0.079 0.085 0.007 0.089 0.082 0.080 0.081 0.079 0.086 
173 COPE-0173   (14)   :  0.079 0.075 0.080 0.066 0.093 0.080 0.053 0.078 0.085 0.073 0.086 0.077 0.076 
174 COPE-0174   (28)   :  0.075 0.085 0.079 0.083 0.098 0.083 0.013 0.078 0.086 0.080 0.080 0.081 0.079 
175 COPE-0175    (0)   :  0.078 0.082 0.073 0.081 0.111 0.082 0.038 0.084 0.076 0.071 0.073 0.075 0.078 
176 COPE-0176    (0)   :  0.094 0.085 0.086 0.091 0.056 0.079 0.008 0.082 0.087 0.075 0.084 0.089 0.084 
177 COPE-0177    (0)   :  0.080 0.077 0.087 0.077 0.080 0.087 0.007 0.089 0.084 0.080 0.091 0.080 0.082 
178 COPE-0178    (0)   :  0.112 0.068 0.115 0.079 0.055 0.058 0.007 0.076 0.078 0.075 0.098 0.111 0.068 
179 COPE-0179    (0)   :  0.078 0.077 0.080 0.076 0.130 0.080 0.009 0.078 0.082 0.076 0.079 0.078 0.077 
180 COPE-0180   (14)   :  0.085 0.078 0.088 0.071 0.077 0.089 0.006 0.083 0.089 0.081 0.089 0.082 0.080 
181 COPE-0181   (14)   :  0.084 0.078 0.086 0.077 0.079 0.088 0.008 0.085 0.087 0.081 0.087 0.080 0.080 
182 COPE-0182    (0)   :  0.092 0.085 0.078 0.084 0.054 0.093 0.005 0.087 0.083 0.078 0.083 0.087 0.090 
183 COPE-0183    (0)   :  0.080 0.085 0.082 0.083 0.079 0.082 0.010 0.089 0.083 0.081 0.082 0.081 0.083 
184 COPE-0184    (0)   :  0.087 0.090 0.084 0.092 0.047 0.093 0.009 0.090 0.081 0.079 0.077 0.084 0.086 
185 COPE-0185    (0)   :  0.079 0.085 0.082 0.085 0.065 0.088 0.006 0.091 0.086 0.084 0.083 0.080 0.086 
186 COPE-0186    (0)   :  0.089 0.077 0.086 0.081 0.028 0.067 0.005 0.084 0.068 0.138 0.092 0.082 0.102 
187 COPE-0187    (0)   :  0.088 0.088 0.078 0.090 0.056 0.086 0.009 0.078 0.087 0.081 0.082 0.086 0.090 
188 COPE-0188    (0)   :  0.026 0.029 0.027 0.025 0.025 0.028 0.672 0.025 0.030 0.027 0.028 0.029 0.028 
189 COPE-0189    (0)   :  0.080 0.083 0.086 0.075 0.083 0.083 0.007 0.083 0.084 0.089 0.084 0.082 0.080 
190 COPE-0190    (0)   :  0.087 0.082 0.072 0.093 0.081 0.090 0.013 0.080 0.093 0.063 0.076 0.074 0.096 
191 COPE-0191    (0)   :  0.083 0.080 0.083 0.083 0.065 0.079 0.010 0.083 0.079 0.099 0.085 0.081 0.089 
192 COPE-0192   (14)   :  0.011 0.010 0.011 0.010 0.010 0.009 0.872 0.010 0.009 0.014 0.011 0.010 0.012 
193 COPE-0193    (0)   :  0.077 0.088 0.084 0.087 0.080 0.084 0.006 0.087 0.080 0.081 0.081 0.088 0.079 
194 COPE-0194    (0)   :  0.081 0.080 0.080 0.076 0.135 0.076 0.008 0.070 0.078 0.077 0.078 0.085 0.077 
195 COPE-0195    (0)   :  0.079 0.086 0.081 0.078 0.101 0.085 0.006 0.078 0.087 0.078 0.080 0.082 0.080 
196 COPE-0196    (0)   :  0.080 0.079 0.079 0.084 0.104 0.083 0.010 0.080 0.085 0.078 0.079 0.076 0.084 
197 COPE-0197    (0)   :  0.078 0.082 0.084 0.077 0.089 0.083 0.007 0.083 0.087 0.079 0.087 0.083 0.081 
198 COPE-0198    (0)   :  0.082 0.082 0.087 0.079 0.057 0.094 0.012 0.088 0.086 0.084 0.084 0.086 0.078 
199 COPE-0199    (0)   :  0.083 0.074 0.087 0.076 0.078 0.085 0.012 0.089 0.088 0.079 0.087 0.082 0.079 
200 COPE-0200   (42)   :  0.082 0.078 0.085 0.076 0.082 0.088 0.009 0.084 0.087 0.080 0.088 0.080 0.081 
201 COPE-0201    (0)   :  0.082 0.086 0.080 0.086 0.068 0.079 0.008 0.084 0.080 0.094 0.084 0.082 0.087 
202 COPE-0202    (0)   :  0.091 0.087 0.069 0.099 0.053 0.099 0.012 0.088 0.090 0.060 0.076 0.072 0.103 
203 COPE-0203    (0)   :  0.079 0.084 0.087 0.084 0.069 0.091 0.006 0.088 0.085 0.083 0.083 0.083 0.079 
204 COPE-0204    (0)   :  0.097 0.071 0.097 0.078 0.081 0.067 0.026 0.071 0.076 0.077 0.090 0.098 0.070 
205 COPE-0205    (0)   :  0.073 0.089 0.080 0.087 0.077 0.089 0.020 0.089 0.080 0.077 0.076 0.082 0.081 
206 COPE-0206    (0)   :  0.086 0.074 0.090 0.076 0.126 0.070 0.005 0.077 0.076 0.077 0.082 0.089 0.072 
207 COPE-0207    (0)   :  0.093 0.080 0.097 0.082 0.054 0.077 0.011 0.086 0.081 0.082 0.088 0.092 0.077 
208 COPE-0208    (0)   :  0.027 0.027 0.026 0.026 0.066 0.027 0.641 0.026 0.028 0.026 0.027 0.026 0.027 
209 COPE-0209    (0)   :  0.082 0.079 0.083 0.073 0.103 0.080 0.006 0.081 0.083 0.084 0.087 0.079 0.080 
210 COPE-0210    (0)   :  0.073 0.091 0.085 0.082 0.066 0.083 0.009 0.081 0.085 0.091 0.085 0.090 0.078 
211 COPE-0211    (0)   :  0.078 0.091 0.084 0.070 0.096 0.083 0.005 0.071 0.089 0.083 0.084 0.088 0.079 
212 COPE-0212    (0)   :  0.085 0.085 0.092 0.084 0.055 0.085 0.011 0.089 0.081 0.084 0.083 0.091 0.076 
213 COPE-0213    (0)   :  0.085 0.078 0.085 0.078 0.109 0.077 0.008 0.080 0.083 0.076 0.080 0.086 0.076 
214 COPE-0214    (0)   :  0.088 0.079 0.089 0.066 0.064 0.088 0.008 0.085 0.092 0.080 0.096 0.084 0.081 
215 COPE-0215    (0)   :  0.081 0.071 0.084 0.067 0.088 0.080 0.057 0.078 0.084 0.075 0.084 0.077 0.074 
216 COPE-0216   (14)   :  0.050 0.056 0.056 0.055 0.059 0.053 0.343 0.054 0.054 0.057 0.054 0.056 0.052 
217 COPE-0217    (0)   :  0.094 0.077 0.094 0.079 0.066 0.073 0.028 0.082 0.080 0.075 0.087 0.092 0.075 
218 COPE-0218    (0)   :  0.077 0.084 0.084 0.080 0.084 0.088 0.009 0.086 0.083 0.082 0.081 0.081 0.081 
219 COPE-0219   (14)   :  0.083 0.082 0.085 0.074 0.074 0.088 0.008 0.083 0.088 0.080 0.089 0.084 0.082 
220 COPE-0220    (0)   :  0.099 0.075 0.102 0.078 0.063 0.067 0.013 0.083 0.082 0.074 0.093 0.099 0.073 
221 COPE-0221    (0)   :  0.075 0.090 0.080 0.095 0.056 0.096 0.017 0.088 0.093 0.074 0.078 0.078 0.080 
222 COPE-0222    (0)   :  0.068 0.094 0.080 0.096 0.054 0.091 0.007 0.088 0.082 0.090 0.078 0.087 0.084 
223 COPE-0223    (0)   :  0.082 0.073 0.085 0.075 0.106 0.082 0.007 0.084 0.089 0.075 0.086 0.079 0.077 
224 COPE-0224    (0)   :  0.096 0.090 0.066 0.100 0.046 0.102 0.019 0.088 0.090 0.056 0.072 0.069 0.106 
225 COPE-0225    (0)   :  0.088 0.078 0.090 0.065 0.062 0.088 0.013 0.083 0.091 0.081 0.095 0.085 0.080 
226 COPE-0226    (0)   :  0.082 0.086 0.081 0.086 0.080 0.083 0.006 0.081 0.086 0.082 0.084 0.083 0.081 
227 COPE-0227    (0)   :  0.086 0.080 0.083 0.076 0.079 0.081 0.006 0.084 0.082 0.085 0.089 0.083 0.085 
228 COPE-0228    (0)   :  0.089 0.077 0.090 0.079 0.101 0.071 0.017 0.077 0.079 0.073 0.085 0.089 0.071 
229 COPE-0229    (0)   :  0.084 0.083 0.086 0.081 0.072 0.084 0.007 0.082 0.086 0.081 0.089 0.085 0.080 
230 COPE-0230    (0)   :  0.091 0.085 0.087 0.088 0.063 0.078 0.010 0.081 0.083 0.082 0.088 0.085 0.081 
231 COPE-0231    (0)   :  0.079 0.083 0.086 0.080 0.086 0.084 0.006 0.085 0.083 0.080 0.084 0.087 0.079 
232 COPE-0232    (0)   :  0.088 0.083 0.076 0.091 0.070 0.091 0.015 0.083 0.091 0.066 0.078 0.076 0.092 
233 COPE-0233    (0)   :  0.083 0.087 0.073 0.087 0.067 0.092 0.005 0.094 0.081 0.080 0.078 0.083 0.090 
234 COPE-0234    (0)   :  0.082 0.078 0.071 0.079 0.147 0.080 0.008 0.083 0.079 0.068 0.074 0.071 0.081 
235 COPE-0235    (0)   :  0.085 0.080 0.084 0.081 0.081 0.083 0.006 0.090 0.085 0.078 0.087 0.080 0.082 
236 COPE-0236    (0)   :  0.099 0.079 0.098 0.083 0.055 0.069 0.005 0.078 0.077 0.088 0.097 0.093 0.079 
237 COPE-0237    (0)   :  0.085 0.085 0.082 0.083 0.055 0.090 0.006 0.093 0.081 0.085 0.084 0.083 0.088 
238 COPE-0238    (0)   :  0.081 0.074 0.089 0.075 0.074 0.089 0.009 0.090 0.090 0.079 0.089 0.083 0.078 
239 COPE-0239    (0)   :  0.081 0.086 0.074 0.087 0.076 0.087 0.036 0.083 0.079 0.076 0.076 0.075 0.084 
240 COPE-0240    (0)   :  0.072 0.092 0.084 0.091 0.058 0.087 0.008 0.087 0.081 0.088 0.081 0.090 0.080 
241 COPE-0241    (0)   :  0.085 0.078 0.093 0.072 0.062 0.089 0.007 0.088 0.092 0.085 0.091 0.079 0.080 
242 COPE-0242    (0)   :  0.094 0.082 0.091 0.083 0.055 0.075 0.006 0.086 0.081 0.085 0.092 0.083 0.087 
243 COPE-0243    (0)   :  0.087 0.083 0.084 0.086 0.061 0.086 0.007 0.078 0.085 0.082 0.085 0.088 0.087 
244 COPE-0244    (0)   :  0.082 0.079 0.081 0.077 0.108 0.083 0.009 0.082 0.083 0.076 0.081 0.079 0.079 
245 COPE-0245    (0)   :  0.086 0.085 0.081 0.080 0.074 0.088 0.011 0.078 0.083 0.079 0.082 0.088 0.086 
246 COPE-0246    (0)   :  0.081 0.083 0.082 0.087 0.074 0.083 0.012 0.082 0.085 0.083 0.081 0.081 0.086 
247 COPE-0247    (0)   :  0.076 0.085 0.084 0.084 0.066 0.089 0.015 0.085 0.088 0.083 0.086 0.079 0.082 
248 COPE-0248    (0)   :  0.083 0.080 0.078 0.077 0.117 0.084 0.005 0.080 0.077 0.075 0.079 0.083 0.082 
249 COPE-0249    (0)   :  0.085 0.080 0.071 0.081 0.098 0.088 0.026 0.079 0.088 0.066 0.078 0.072 0.087 
250 COPE-0250    (0)   :  0.088 0.087 0.083 0.086 0.056 0.091 0.017 0.088 0.084 0.072 0.081 0.079 0.088 
251 COPE-0251   (14)   :  0.028 0.031 0.029 0.031 0.024 0.032 0.646 0.032 0.031 0.029 0.030 0.028 0.030 
252 COPE-0252    (0)   :  0.092 0.086 0.072 0.096 0.060 0.093 0.010 0.083 0.092 0.063 0.077 0.074 0.100 
253 COPE-0253    (0)   :  0.076 0.094 0.075 0.093 0.068 0.085 0.008 0.085 0.089 0.083 0.079 0.080 0.085 
254 COPE-0254    (0)   :  0.091 0.083 0.083 0.092 0.049 0.087 0.014 0.077 0.082 0.083 0.085 0.089 0.085 
255 COPE-0255    (0)   :  0.082 0.084 0.080 0.085 0.078 0.088 0.021 0.081 0.087 0.075 0.080 0.080 0.079 
256 COPE-0256    (0)   :  0.070 0.092 0.088 0.092 0.058 0.083 0.010 0.084 0.082 0.088 0.083 0.096 0.075 
257 COPE-0257    (0)   :  0.089 0.075 0.086 0.080 0.026 0.064 0.007 0.083 0.065 0.147 0.092 0.081 0.103 
258 COPE-0258    (0)   :  0.079 0.074 0.075 0.071 0.140 0.072 0.014 0.074 0.076 0.087 0.080 0.078 0.081 
259 COPE-0259    (0)   :  0.084 0.082 0.087 0.079 0.097 0.077 0.006 0.076 0.081 0.083 0.087 0.083 0.079 
260 COPE-0260    (0)   :  0.080 0.076 0.085 0.074 0.088 0.081 0.022 0.086 0.085 0.078 0.086 0.081 0.078 
261 COPE-0261    (0)   :  0.097 0.079 0.091 0.087 0.053 0.080 0.006 0.074 0.080 0.085 0.091 0.095 0.081 
262 COPE-0262    (0)   :  0.070 0.089 0.087 0.090 0.072 0.084 0.017 0.078 0.083 0.083 0.081 0.092 0.076 
263 COPE-0263    (0)   :  0.084 0.081 0.082 0.080 0.072 0.085 0.007 0.090 0.077 0.092 0.083 0.079 0.088 
264 COPE-0264    (0)   :  0.085 0.074 0.086 0.077 0.067 0.067 0.017 0.081 0.070 0.120 0.087 0.079 0.091 
265 COPE-0265    (0)   :  0.078 0.086 0.077 0.082 0.090 0.087 0.011 0.084 0.081 0.082 0.077 0.082 0.083 
266 COPE-0266    (0)   :  0.086 0.076 0.087 0.077 0.119 0.073 0.017 0.077 0.078 0.072 0.079 0.086 0.073 
267 COPE-0267    (0)   :  0.088 0.089 0.076 0.085 0.058 0.097 0.006 0.096 0.080 0.075 0.077 0.084 0.089 
268 COPE-0268    (0)   :  0.088 0.086 0.077 0.084 0.054 0.093 0.013 0.097 0.078 0.079 0.078 0.082 0.090 
269 COPE-0269    (0)   :  0.077 0.080 0.081 0.080 0.095 0.078 0.006 0.081 0.078 0.097 0.084 0.081 0.081 
270 COPE-0270    (0)   :  0.080 0.093 0.089 0.072 0.061 0.085 0.007 0.074 0.091 0.086 0.088 0.092 0.082 
271 COPE-0271    (0)   :  0.081 0.082 0.088 0.080 0.063 0.084 0.007 0.085 0.086 0.088 0.090 0.083 0.083 
272 COPE-0272    (0)   :  0.086 0.086 0.076 0.088 0.097 0.083 0.007 0.081 0.088 0.072 0.077 0.080 0.080 
273 COPE-0273    (0)   :  0.086 0.084 0.089 0.085 0.056 0.086 0.016 0.089 0.080 0.080 0.079 0.090 0.077 
274 COPE-0274   (14)   :  0.024 0.026 0.024 0.021 0.028 0.025 0.704 0.022 0.026 0.024 0.025 0.026 0.024 
275 COPE-0275    (0)   :  0.080 0.083 0.081 0.074 0.102 0.083 0.009 0.082 0.082 0.081 0.082 0.082 0.080 
276 COPE-0276   (14)   :  0.007 0.007 0.007 0.007 0.007 0.007 0.921 0.007 0.007 0.007 0.007 0.007 0.007 
277 COPE-0277   (14)   :  0.074 0.087 0.091 0.088 0.062 0.076 0.013 0.082 0.078 0.095 0.086 0.093 0.075 
278 COPE-0278    (0)   :  0.107 0.073 0.112 0.078 0.052 0.059 0.007 0.080 0.081 0.074 0.097 0.110 0.070 
279 COPE-0279    (0)   :  0.085 0.079 0.089 0.081 0.092 0.076 0.009 0.082 0.084 0.077 0.084 0.088 0.075 
280 COPE-0280    (0)   :  0.012 0.012 0.012 0.012 0.013 0.012 0.853 0.012 0.012 0.012 0.012 0.012 0.012 
281 COPE-0281    (0)   :  0.030 0.028 0.028 0.026 0.064 0.028 0.626 0.027 0.031 0.027 0.030 0.027 0.028 
282 COPE-0282   (14)   :  0.101 0.092 0.064 0.103 0.042 0.106 0.006 0.091 0.092 0.052 0.072 0.067 0.111 
283 COPE-0283    (0)   :  0.092 0.078 0.097 0.079 0.086 0.068 0.007 0.081 0.079 0.076 0.087 0.095 0.073 
284 COPE-0284   (14)   :  0.074 0.069 0.076 0.066 0.166 0.074 0.030 0.074 0.079 0.074 0.078 0.071 0.071 
285 COPE-0285    (0)   :  0.027 0.029 0.029 0.029 0.026 0.029 0.660 0.029 0.027 0.032 0.028 0.028 0.028 
286 COPE-0286    (0)   :  0.071 0.070 0.066 0.060 0.249 0.068 0.008 0.065 0.075 0.068 0.067 0.067 0.066 
287 COPE-0287    (0)   :  0.088 0.084 0.075 0.082 0.053 0.092 0.027 0.096 0.076 0.080 0.078 0.078 0.089 
288 COPE-0288    (0)   :  0.076 0.090 0.081 0.095 0.057 0.096 0.010 0.088 0.092 0.074 0.078 0.080 0.081 
289 COPE-0289    (0)   :  0.073 0.089 0.084 0.088 0.060 0.088 0.007 0.086 0.080 0.095 0.080 0.085 0.084 
290 COPE-0290    (0)   :  0.081 0.087 0.089 0.071 0.075 0.084 0.007 0.078 0.090 0.084 0.085 0.087 0.082 
291 COPE-0291    (0)   :  0.080 0.076 0.082 0.074 0.106 0.073 0.005 0.077 0.075 0.101 0.087 0.080 0.082 
292 COPE-0292   (42)   :  0.015 0.015 0.015 0.015 0.018 0.015 0.819 0.015 0.015 0.014 0.015 0.015 0.015 
293 COPE-0293    (0)   :  0.082 0.092 0.076 0.089 0.066 0.084 0.008 0.085 0.088 0.083 0.080 0.080 0.086 
294 COPE-0294    (0)   :  0.079 0.079 0.078 0.078 0.128 0.078 0.011 0.080 0.082 0.074 0.079 0.077 0.079 
295 COPE-0295    (0)   :  0.085 0.091 0.086 0.095 0.050 0.094 0.007 0.089 0.081 0.078 0.077 0.084 0.084 
296 COPE-0296   (14)   :  0.077 0.089 0.086 0.085 0.071 0.090 0.007 0.083 0.086 0.082 0.082 0.084 0.078 
297 COPE-0297   (14)   :  0.079 0.074 0.083 0.064 0.117 0.081 0.034 0.076 0.085 0.076 0.081 0.076 0.075 
298 COPE-0298    (0)   :  0.085 0.089 0.075 0.092 0.069 0.088 0.009 0.084 0.091 0.075 0.080 0.076 0.087 
299 COPE-0299    (0)   :  0.090 0.083 0.082 0.085 0.081 0.084 0.006 0.073 0.082 0.078 0.084 0.087 0.084 
300 COPE-0300   (14)   :  0.078 0.088 0.080 0.087 0.061 0.089 0.007 0.091 0.081 0.085 0.081 0.086 0.085 
301 COPE-0301   (14)   :  0.077 0.097 0.074 0.098 0.056 0.087 0.009 0.087 0.093 0.079 0.077 0.079 0.088 
302 COPE-0302    (0)   :  0.060 0.076 0.073 0.077 0.054 0.074 0.151 0.070 0.066 0.085 0.067 0.076 0.070 
303 COPE-0303    (0)   :  0.102 0.073 0.103 0.081 0.057 0.069 0.006 0.079 0.082 0.080 0.094 0.102 0.072 
304 COPE-0304    (0)   :  0.084 0.085 0.081 0.083 0.072 0.089 0.007 0.089 0.084 0.078 0.082 0.082 0.083 
305 COPE-0305   (14)   :  0.078 0.077 0.075 0.079 0.107 0.076 0.033 0.077 0.079 0.084 0.079 0.076 0.081 
306 COPE-0306    (0)   :  0.105 0.071 0.107 0.079 0.057 0.063 0.010 0.079 0.076 0.082 0.097 0.101 0.074 
307 COPE-0307   (28)   :  0.008 0.008 0.008 0.008 0.008 0.008 0.903 0.008 0.008 0.008 0.008 0.008 0.008 
308 COPE-0308    (0)   :  0.096 0.092 0.069 0.099 0.051 0.101 0.006 0.090 0.090 0.059 0.072 0.070 0.103 
309 COPE-0309   (14)   :  0.033 0.035 0.032 0.035 0.068 0.034 0.565 0.032 0.036 0.031 0.033 0.033 0.033 
310 COPE-0310   (28)   :  0.041 0.035 0.040 0.037 0.017 0.030 0.538 0.038 0.030 0.066 0.042 0.038 0.047 
311 COPE-0311    (0)   :  0.074 0.071 0.074 0.071 0.171 0.070 0.019 0.076 0.070 0.085 0.074 0.070 0.076 
312 COPE-0312   (28)   :  0.014 0.012 0.014 0.013 0.013 0.012 0.844 0.013 0.013 0.012 0.013 0.014 0.012 
313 COPE-0313    (0)   :  0.092 0.080 0.090 0.081 0.058 0.073 0.009 0.085 0.074 0.095 0.090 0.083 0.090 
314 COPE-0314    (0)   :  0.089 0.086 0.078 0.083 0.065 0.090 0.007 0.093 0.081 0.078 0.081 0.080 0.090 
315 COPE-0315    (0)   :  0.088 0.080 0.087 0.082 0.060 0.082 0.008 0.089 0.080 0.088 0.088 0.082 0.086 
316 COPE-0316    (0)   :  0.079 0.071 0.083 0.073 0.149 0.071 0.019 0.071 0.079 0.073 0.080 0.081 0.071 
317 COPE-0317   (14)   :  0.009 0.009 0.009 0.009 0.008 0.009 0.896 0.009 0.008 0.009 0.009 0.009 0.009 
318 COPE-0318    (0)   :  0.087 0.079 0.084 0.079 0.083 0.083 0.005 0.084 0.082 0.084 0.085 0.079 0.084 
319 COPE-0319    (0)   :  0.090 0.087 0.074 0.087 0.079 0.092 0.006 0.088 0.083 0.070 0.079 0.074 0.091 
320 COPE-0320   (14)   :  0.077 0.089 0.081 0.091 0.065 0.087 0.015 0.081 0.089 0.078 0.080 0.082 0.084 
321 COPE-0321   (14)   :  0.085 0.080 0.085 0.080 0.063 0.079 0.011 0.084 0.077 0.098 0.086 0.083 0.089 
322 COPE-0322   (14)   :  0.086 0.077 0.087 0.078 0.079 0.082 0.006 0.088 0.085 0.082 0.088 0.081 0.081 
323 COPE-0323    (0)   :  0.090 0.076 0.086 0.080 0.023 0.063 0.008 0.084 0.062 0.150 0.092 0.080 0.105 
324 COPE-0324    (0)   :  0.087 0.081 0.089 0.069 0.068 0.086 0.006 0.083 0.091 0.082 0.092 0.085 0.082 
325 COPE-0325   (14)   :  0.063 0.095 0.088 0.095 0.050 0.085 0.011 0.085 0.080 0.098 0.081 0.095 0.074 
326 COPE-0326    (0)   :  0.089 0.091 0.082 0.095 0.053 0.089 0.007 0.087 0.087 0.076 0.078 0.082 0.085 
327 COPE-0327   (14)   :  0.078 0.090 0.074 0.090 0.087 0.088 0.008 0.081 0.092 0.074 0.076 0.080 0.082 
328 COPE-0328    (0)   :  0.086 0.080 0.088 0.078 0.081 0.080 0.006 0.084 0.085 0.082 0.088 0.085 0.079 
329 COPE-0329   (28)   :  0.086 0.078 0.090 0.074 0.072 0.082 0.013 0.085 0.085 0.080 0.089 0.086 0.080 
330 COPE-0330    (0)   :  0.086 0.085 0.080 0.080 0.062 0.088 0.020 0.093 0.080 0.077 0.081 0.077 0.090 
331 COPE-0331    (0)   :  0.075 0.094 0.077 0.095 0.058 0.089 0.006 0.089 0.092 0.080 0.080 0.079 0.087 
332 COPE-0332   (14)   :  0.086 0.074 0.085 0.079 0.110 0.073 0.006 0.079 0.082 0.080 0.083 0.086 0.076 
333 COPE-0333    (0)   :  0.065 0.076 0.065 0.077 0.091 0.073 0.142 0.070 0.075 0.065 0.065 0.067 0.069 
334 COPE-0334   (28)   :  0.043 0.039 0.041 0.040 0.026 0.035 0.512 0.041 0.034 0.061 0.043 0.039 0.047 
335 COPE-0335    (0)   :  0.088 0.080 0.090 0.066 0.060 0.089 0.006 0.084 0.091 0.082 0.095 0.085 0.082 
336 COPE-0336    (0)   :  0.073 0.077 0.071 0.077 0.182 0.077 0.006 0.074 0.080 0.069 0.071 0.069 0.074 
337 COPE-0337   (28)   :  0.016 0.016 0.017 0.016 0.018 0.017 0.799 0.017 0.017 0.017 0.017 0.016 0.016 
338 COPE-0338    (0)   :  0.083 0.079 0.081 0.079 0.080 0.079 0.020 0.088 0.073 0.092 0.081 0.077 0.087 
339 COPE-0339    (0)   :  0.057 0.099 0.087 0.101 0.047 0.091 0.005 0.086 0.076 0.102 0.075 0.096 0.078 
340 COPE-0340   (14)   :  0.012 0.013 0.012 0.012 0.012 0.013 0.851 0.013 0.013 0.012 0.012 0.012 0.012 
341 COPE-0341    (0)   :  0.089 0.086 0.074 0.086 0.082 0.092 0.007 0.091 0.082 0.069 0.078 0.076 0.089 
342 COPE-0342    (0)   :  0.087 0.078 0.091 0.070 0.062 0.088 0.008 0.087 0.088 0.083 0.096 0.080 0.082 
343 COPE-0343    (0)   :  0.090 0.083 0.087 0.086 0.072 0.081 0.006 0.082 0.081 0.080 0.084 0.088 0.080 
344 COPE-0344   (14)   :  0.012 0.012 0.011 0.012 0.010 0.012 0.861 0.012 0.011 0.011 0.011 0.011 0.013 
