

----------------------------------------------------
STRUCTURE by Pritchard, Stephens and Donnelly (2000)
     and Falush, Stephens and Pritchard (2003)
       Code by Pritchard, Falush and Hubisz
             Version 2.3.4 (Jul 2012)
----------------------------------------------------



Command line arguments:   /home/jason/Programs/structure -K 14 -i ../Data/microsats.structure -m Structure_Run/mainparams -e Structure_Run/extraparams -D 78901221 -o ../Structure_Results/05_K_14.out 
Input File:    ../Data/microsats.structure

Run parameters:
   384 individuals
   7 loci
   14 populations assumed
   1000000 Burn-in period
   10000000 Reps
RANDOMIZE turned off


--------------------------------------------
Overall proportion of membership of the
sample in each of the 14 clusters

Inferred Clusters
  1      2      3      4      5      6      7      8      9     10     11     12     13     14    
0.069  0.069  0.069  0.069  0.069  0.069  0.069  0.069  0.069  0.069  0.069  0.069  0.069  0.103  

--------------------------------------------

Allele-freq. divergence among pops (Net nucleotide distance),
computed using point estimates of P.

      1       2       3       4       5       6       7       8       9      10      11      12      13      14      
 1      -    0.0002  0.0002  0.0002  0.0001  0.0001  0.0004  0.0003  0.0002  0.0003  0.0001  0.0001  0.0002  0.1757  
 2   0.0002     -    0.0002  0.0003  0.0001  0.0002  0.0002  0.0002  0.0000  0.0004  0.0001  0.0001  0.0001  0.1749  
 3   0.0002  0.0002     -    0.0005  0.0001  0.0003  0.0006  0.0005  0.0002  0.0005  0.0001  0.0002  0.0003  0.1769  
 4   0.0002  0.0003  0.0005     -    0.0002  0.0001  0.0002  0.0001  0.0002  0.0003  0.0002  0.0001  0.0001  0.1747  
 5   0.0001  0.0001  0.0001  0.0002     -    0.0001  0.0003  0.0002  0.0001  0.0003  0.0000  0.0000  0.0001  0.1756  
 6   0.0001  0.0002  0.0003  0.0001  0.0001     -    0.0002  0.0002  0.0001  0.0002  0.0001  0.0001  0.0000  0.1752  
 7   0.0004  0.0002  0.0006  0.0002  0.0003  0.0002     -    0.0001  0.0002  0.0005  0.0003  0.0002  0.0002  0.1729  
 8   0.0003  0.0002  0.0005  0.0001  0.0002  0.0002  0.0001     -    0.0001  0.0005  0.0002  0.0002  0.0001  0.1744  
 9   0.0002  0.0000  0.0002  0.0002  0.0001  0.0001  0.0002  0.0001     -    0.0004  0.0001  0.0001  0.0001  0.1746  
10   0.0003  0.0004  0.0005  0.0003  0.0003  0.0002  0.0005  0.0005  0.0004     -    0.0003  0.0003  0.0003  0.1702  
11   0.0001  0.0001  0.0001  0.0002  0.0000  0.0001  0.0003  0.0002  0.0001  0.0003     -    0.0001  0.0001  0.1758  
12   0.0001  0.0001  0.0002  0.0001  0.0000  0.0001  0.0002  0.0002  0.0001  0.0003  0.0001     -    0.0000  0.1749  
13   0.0002  0.0001  0.0003  0.0001  0.0001  0.0000  0.0002  0.0001  0.0001  0.0003  0.0001  0.0000     -    0.1746  
14   0.1757  0.1749  0.1769  0.1747  0.1756  0.1752  0.1729  0.1744  0.1746  0.1702  0.1758  0.1749  0.1746     -    

Average distances (expected heterozygosity) between individuals in same cluster:
cluster  1  : 0.6260 
cluster  2  : 0.6237 
cluster  3  : 0.6202 
cluster  4  : 0.6260 
cluster  5  : 0.6239 
cluster  6  : 0.6239 
cluster  7  : 0.6277 
cluster  8  : 0.6253 
cluster  9  : 0.6247 
cluster 10  : 0.6426 
cluster 11  : 0.6231 
cluster 12  : 0.6249 
cluster 13  : 0.6252 
cluster 14  : 0.6225 

--------------------------------------------
Estimated Ln Prob of Data   = -9624.7
Mean value of ln likelihood = -7545.6
Variance of ln likelihood   = 4158.2
Mean value of alpha         = 0.0496

Mean value of Fst_1         = 0.1276
Mean value of Fst_2         = 0.1359
Mean value of Fst_3         = 0.1392
Mean value of Fst_4         = 0.1311
Mean value of Fst_5         = 0.1345
Mean value of Fst_6         = 0.1300
Mean value of Fst_7         = 0.1330
Mean value of Fst_8         = 0.1362
Mean value of Fst_9         = 0.1323
Mean value of Fst_10         = 0.0938
Mean value of Fst_11         = 0.1329
Mean value of Fst_12         = 0.1340
Mean value of Fst_13         = 0.1307
Mean value of Fst_14         = 0.2324


Inferred ancestry of individuals:
        Label (%Miss) :  Inferred clusters
  1 COPE-0001    (0)   :  0.009 0.009 0.009 0.009 0.009 0.009 0.009 0.009 0.009 0.009 0.009 0.009 0.009 0.886 
  2 COPE-0002    (0)   :  0.075 0.075 0.069 0.079 0.073 0.076 0.083 0.076 0.076 0.085 0.074 0.076 0.073 0.010 
  3 COPE-0003    (0)   :  0.077 0.072 0.068 0.073 0.069 0.079 0.071 0.070 0.076 0.112 0.074 0.073 0.079 0.006 
  4 COPE-0004    (0)   :  0.074 0.078 0.062 0.085 0.068 0.071 0.105 0.098 0.070 0.062 0.070 0.079 0.069 0.010 
  5 COPE-0005    (0)   :  0.073 0.079 0.075 0.079 0.076 0.071 0.081 0.082 0.075 0.064 0.074 0.077 0.073 0.022 
  6 COPE-0006    (0)   :  0.077 0.076 0.074 0.080 0.079 0.079 0.075 0.071 0.075 0.075 0.074 0.076 0.072 0.018 
  7 COPE-0007    (0)   :  0.086 0.076 0.076 0.079 0.075 0.075 0.082 0.083 0.073 0.065 0.073 0.077 0.073 0.006 
  8 COPE-0008    (0)   :  0.071 0.081 0.072 0.075 0.075 0.077 0.085 0.088 0.085 0.057 0.072 0.077 0.076 0.008 
  9 COPE-0009    (0)   :  0.076 0.072 0.071 0.071 0.075 0.078 0.072 0.067 0.076 0.104 0.073 0.074 0.077 0.015 
 10 COPE-0010    (0)   :  0.080 0.068 0.072 0.081 0.079 0.081 0.069 0.073 0.076 0.081 0.081 0.077 0.074 0.007 
 11 COPE-0011   (14)   :  0.013 0.013 0.012 0.014 0.013 0.013 0.014 0.013 0.013 0.012 0.012 0.013 0.012 0.832 
 12 COPE-0012   (14)   :  0.065 0.077 0.069 0.078 0.078 0.081 0.075 0.087 0.081 0.069 0.076 0.077 0.080 0.006 
 13 COPE-0013    (0)   :  0.069 0.081 0.074 0.082 0.078 0.085 0.069 0.076 0.078 0.066 0.082 0.074 0.080 0.006 
 14 COPE-0014    (0)   :  0.075 0.095 0.103 0.051 0.084 0.063 0.065 0.066 0.086 0.067 0.090 0.076 0.070 0.008 
 15 COPE-0015    (0)   :  0.075 0.087 0.097 0.062 0.081 0.069 0.072 0.071 0.080 0.064 0.084 0.078 0.073 0.007 
 16 COPE-0016    (0)   :  0.068 0.079 0.084 0.075 0.081 0.075 0.081 0.066 0.076 0.074 0.068 0.080 0.086 0.009 
 17 COPE-0017    (0)   :  0.036 0.042 0.046 0.030 0.039 0.033 0.034 0.034 0.040 0.031 0.040 0.037 0.035 0.524 
 18 COPE-0018    (0)   :  0.081 0.078 0.073 0.084 0.079 0.082 0.078 0.076 0.076 0.066 0.072 0.075 0.074 0.007 
 19 COPE-0019    (0)   :  0.075 0.077 0.076 0.077 0.075 0.082 0.077 0.075 0.075 0.073 0.078 0.076 0.078 0.006 
 20 COPE-0020    (0)   :  0.082 0.069 0.072 0.073 0.075 0.078 0.069 0.071 0.076 0.103 0.076 0.075 0.074 0.006 
 21 COPE-0021    (0)   :  0.080 0.073 0.089 0.076 0.080 0.076 0.071 0.073 0.075 0.068 0.079 0.077 0.076 0.006 
 22 COPE-0022    (0)   :  0.069 0.076 0.070 0.079 0.076 0.081 0.085 0.082 0.088 0.063 0.071 0.070 0.083 0.006 
 23 COPE-0023    (0)   :  0.078 0.071 0.068 0.078 0.077 0.083 0.076 0.073 0.077 0.089 0.077 0.072 0.072 0.008 
 24 COPE-0024   (14)   :  0.080 0.072 0.082 0.079 0.077 0.078 0.078 0.076 0.076 0.067 0.072 0.077 0.080 0.006 
 25 COPE-0025    (0)   :  0.081 0.061 0.057 0.066 0.063 0.068 0.067 0.064 0.068 0.164 0.064 0.067 0.074 0.037 
 26 COPE-0026    (0)   :  0.076 0.079 0.079 0.076 0.074 0.077 0.083 0.075 0.075 0.070 0.077 0.076 0.077 0.005 
 27 COPE-0027    (0)   :  0.072 0.078 0.073 0.079 0.074 0.083 0.078 0.078 0.078 0.069 0.077 0.075 0.081 0.006 
 28 COPE-0028    (0)   :  0.077 0.072 0.074 0.075 0.074 0.071 0.068 0.068 0.070 0.116 0.077 0.075 0.079 0.005 
 29 COPE-0029    (0)   :  0.078 0.078 0.085 0.075 0.079 0.075 0.079 0.067 0.074 0.076 0.068 0.080 0.081 0.005 
 30 COPE-0030   (14)   :  0.025 0.024 0.023 0.025 0.023 0.025 0.025 0.024 0.025 0.025 0.023 0.023 0.023 0.687 
 31 COPE-0031    (0)   :  0.081 0.084 0.078 0.077 0.075 0.076 0.084 0.079 0.080 0.054 0.070 0.078 0.075 0.009 
 32 COPE-0032    (0)   :  0.078 0.067 0.066 0.077 0.075 0.078 0.073 0.069 0.075 0.113 0.077 0.070 0.074 0.008 
 33 COPE-0033    (0)   :  0.076 0.075 0.070 0.080 0.075 0.078 0.075 0.073 0.076 0.090 0.076 0.071 0.074 0.010 
 34 COPE-0034    (0)   :  0.068 0.089 0.079 0.075 0.075 0.069 0.090 0.085 0.075 0.063 0.072 0.080 0.071 0.009 
 35 COPE-0035   (14)   :  0.074 0.072 0.070 0.079 0.074 0.073 0.073 0.073 0.073 0.108 0.074 0.074 0.077 0.007 
 36 COPE-0036   (14)   :  0.093 0.069 0.079 0.081 0.078 0.079 0.064 0.078 0.071 0.070 0.082 0.079 0.070 0.006 
 37 COPE-0037    (0)   :  0.075 0.072 0.075 0.076 0.075 0.077 0.077 0.075 0.075 0.074 0.073 0.073 0.079 0.023 
 38 COPE-0038    (0)   :  0.074 0.077 0.076 0.076 0.077 0.079 0.084 0.077 0.082 0.066 0.073 0.071 0.081 0.006 
 39 COPE-0039    (0)   :  0.084 0.065 0.063 0.071 0.066 0.073 0.069 0.069 0.071 0.121 0.070 0.068 0.076 0.034 
 40 COPE-0040   (14)   :  0.077 0.070 0.067 0.068 0.069 0.072 0.071 0.067 0.072 0.092 0.069 0.070 0.068 0.069 
 41 COPE-0041    (0)   :  0.075 0.073 0.070 0.074 0.076 0.078 0.072 0.073 0.077 0.087 0.075 0.073 0.072 0.024 
 42 COPE-0042    (0)   :  0.075 0.077 0.073 0.082 0.076 0.076 0.073 0.073 0.075 0.079 0.077 0.075 0.078 0.009 
 43 COPE-0043    (0)   :  0.075 0.078 0.075 0.078 0.078 0.076 0.082 0.073 0.077 0.076 0.073 0.075 0.077 0.005 
 44 COPE-0044    (0)   :  0.071 0.074 0.062 0.080 0.069 0.074 0.095 0.089 0.076 0.068 0.073 0.081 0.078 0.011 
 45 COPE-0045    (0)   :  0.069 0.072 0.065 0.078 0.071 0.073 0.085 0.085 0.076 0.073 0.071 0.077 0.075 0.032 
 46 COPE-0046    (0)   :  0.022 0.023 0.022 0.023 0.022 0.024 0.023 0.023 0.022 0.022 0.023 0.024 0.024 0.703 
 47 COPE-0047    (0)   :  0.007 0.007 0.007 0.007 0.007 0.007 0.007 0.007 0.007 0.008 0.007 0.007 0.007 0.904 
 48 COPE-0048    (0)   :  0.069 0.077 0.076 0.086 0.082 0.076 0.073 0.075 0.076 0.073 0.079 0.073 0.079 0.006 
 49 COPE-0049    (0)   :  0.078 0.070 0.062 0.078 0.069 0.070 0.077 0.077 0.074 0.112 0.073 0.072 0.072 0.016 
 50 COPE-0050    (0)   :  0.075 0.074 0.071 0.079 0.072 0.081 0.082 0.079 0.073 0.068 0.076 0.079 0.083 0.007 
 51 COPE-0051    (0)   :  0.064 0.064 0.075 0.080 0.078 0.065 0.062 0.067 0.064 0.066 0.082 0.070 0.071 0.095 
 52 COPE-0052    (0)   :  0.072 0.096 0.108 0.053 0.084 0.062 0.068 0.068 0.085 0.057 0.087 0.080 0.068 0.011 
 53 COPE-0053    (0)   :  0.064 0.085 0.095 0.068 0.079 0.074 0.079 0.063 0.072 0.075 0.066 0.089 0.082 0.007 
 54 COPE-0054    (0)   :  0.099 0.064 0.078 0.081 0.076 0.079 0.063 0.085 0.069 0.067 0.079 0.080 0.073 0.005 
 55 COPE-0055    (0)   :  0.069 0.076 0.068 0.080 0.075 0.082 0.086 0.083 0.089 0.059 0.071 0.072 0.084 0.005 
 56 COPE-0056    (0)   :  0.068 0.076 0.064 0.079 0.074 0.080 0.078 0.083 0.083 0.074 0.071 0.073 0.084 0.014 
 57 COPE-0057    (0)   :  0.077 0.072 0.068 0.075 0.075 0.080 0.071 0.073 0.078 0.097 0.076 0.074 0.074 0.009 
 58 COPE-0058    (0)   :  0.080 0.071 0.068 0.083 0.074 0.080 0.074 0.077 0.076 0.089 0.073 0.075 0.072 0.009 
 59 COPE-0059    (0)   :  0.077 0.072 0.066 0.073 0.066 0.082 0.077 0.075 0.070 0.091 0.074 0.075 0.084 0.017 
 60 COPE-0060    (0)   :  0.073 0.077 0.076 0.073 0.082 0.081 0.075 0.069 0.080 0.076 0.077 0.078 0.078 0.006 
 61 COPE-0061    (0)   :  0.065 0.084 0.092 0.067 0.077 0.078 0.078 0.066 0.072 0.076 0.068 0.087 0.080 0.010 
 62 COPE-0062    (0)   :  0.079 0.085 0.107 0.062 0.082 0.067 0.067 0.071 0.078 0.064 0.087 0.075 0.069 0.008 
 63 COPE-0063    (0)   :  0.059 0.076 0.064 0.078 0.077 0.079 0.080 0.089 0.090 0.056 0.071 0.073 0.088 0.021 
 64 COPE-0064    (0)   :  0.077 0.078 0.074 0.079 0.073 0.079 0.084 0.076 0.076 0.064 0.074 0.080 0.078 0.008 
 65 COPE-0065    (0)   :  0.006 0.006 0.006 0.006 0.006 0.006 0.006 0.006 0.006 0.006 0.006 0.006 0.006 0.921 
 66 COPE-0066    (0)   :  0.074 0.072 0.070 0.082 0.076 0.075 0.069 0.070 0.071 0.091 0.080 0.072 0.079 0.017 
 67 COPE-0067   (14)   :  0.029 0.027 0.027 0.030 0.029 0.027 0.027 0.026 0.028 0.037 0.028 0.027 0.029 0.628 
 68 COPE-0068    (0)   :  0.074 0.074 0.071 0.074 0.071 0.082 0.076 0.073 0.074 0.080 0.078 0.077 0.085 0.012 
 69 COPE-0069   (14)   :  0.077 0.079 0.085 0.070 0.075 0.076 0.074 0.072 0.077 0.071 0.078 0.080 0.077 0.009 
 70 COPE-0070    (0)   :  0.072 0.075 0.073 0.083 0.078 0.071 0.077 0.083 0.074 0.075 0.079 0.076 0.072 0.011 
 71 COPE-0071    (0)   :  0.086 0.063 0.069 0.076 0.073 0.075 0.061 0.067 0.071 0.127 0.077 0.073 0.077 0.004 
 72 COPE-0072    (0)   :  0.077 0.079 0.076 0.075 0.075 0.080 0.077 0.074 0.077 0.070 0.078 0.078 0.078 0.006 
 73 COPE-0073   (14)   :  0.035 0.029 0.035 0.032 0.032 0.031 0.030 0.031 0.028 0.029 0.030 0.034 0.031 0.591 
 74 COPE-0074    (0)   :  0.077 0.072 0.075 0.081 0.079 0.078 0.072 0.075 0.075 0.082 0.076 0.075 0.074 0.008 
 75 COPE-0075    (0)   :  0.069 0.072 0.081 0.089 0.085 0.070 0.071 0.074 0.071 0.068 0.086 0.076 0.077 0.010 
 76 COPE-0076    (0)   :  0.075 0.078 0.078 0.072 0.077 0.078 0.072 0.083 0.079 0.065 0.080 0.080 0.076 0.006 
 77 COPE-0077   (14)   :  0.075 0.075 0.074 0.078 0.075 0.081 0.079 0.073 0.077 0.072 0.076 0.077 0.079 0.008 
 78 COPE-0078   (14)   :  0.078 0.078 0.073 0.080 0.075 0.074 0.082 0.085 0.075 0.066 0.074 0.076 0.075 0.008 
 79 COPE-0079    (0)   :  0.069 0.087 0.060 0.089 0.068 0.066 0.113 0.105 0.070 0.050 0.070 0.079 0.065 0.008 
 80 COPE-0080   (42)   :  0.018 0.018 0.018 0.017 0.018 0.018 0.017 0.017 0.018 0.018 0.018 0.018 0.017 0.772 
 81 COPE-0081   (14)   :  0.046 0.044 0.044 0.045 0.045 0.045 0.045 0.046 0.047 0.050 0.044 0.044 0.047 0.408 
 82 COPE-0082   (14)   :  0.068 0.070 0.068 0.078 0.074 0.072 0.072 0.079 0.074 0.076 0.076 0.073 0.077 0.043 
 83 COPE-0083   (14)   :  0.073 0.110 0.130 0.034 0.091 0.055 0.061 0.064 0.091 0.044 0.100 0.079 0.063 0.005 
 84 COPE-0084    (0)   :  0.053 0.069 0.076 0.059 0.066 0.060 0.066 0.050 0.062 0.062 0.056 0.072 0.067 0.183 
 85 COPE-0085    (0)   :  0.078 0.076 0.066 0.075 0.071 0.072 0.082 0.082 0.072 0.096 0.071 0.078 0.072 0.009 
 86 COPE-0086    (0)   :  0.076 0.072 0.072 0.080 0.077 0.074 0.073 0.070 0.075 0.090 0.075 0.077 0.073 0.017 
 87 COPE-0087   (14)   :  0.069 0.078 0.080 0.076 0.081 0.080 0.078 0.067 0.079 0.073 0.076 0.078 0.078 0.007 
 88 COPE-0088   (14)   :  0.070 0.078 0.074 0.079 0.076 0.073 0.077 0.077 0.076 0.074 0.076 0.075 0.072 0.023 
 89 COPE-0089   (14)   :  0.007 0.008 0.007 0.008 0.007 0.007 0.008 0.008 0.008 0.007 0.007 0.007 0.008 0.903 
 90 COPE-0090    (0)   :  0.075 0.076 0.070 0.080 0.076 0.081 0.083 0.080 0.085 0.066 0.069 0.070 0.082 0.008 
 91 COPE-0091   (14)   :  0.072 0.084 0.087 0.067 0.085 0.076 0.072 0.067 0.083 0.065 0.083 0.078 0.075 0.005 
 92 COPE-0092   (28)   :  0.019 0.019 0.017 0.019 0.018 0.020 0.020 0.020 0.018 0.025 0.019 0.019 0.020 0.746 
 93 COPE-0093    (0)   :  0.058 0.078 0.063 0.080 0.078 0.082 0.081 0.094 0.093 0.050 0.072 0.075 0.091 0.005 
 94 COPE-0094    (0)   :  0.069 0.084 0.059 0.088 0.066 0.066 0.114 0.104 0.069 0.048 0.068 0.078 0.063 0.024 
 95 COPE-0095    (0)   :  0.068 0.084 0.088 0.073 0.076 0.077 0.083 0.067 0.077 0.071 0.067 0.082 0.082 0.005 
 96 COPE-0096    (0)   :  0.074 0.078 0.081 0.074 0.081 0.073 0.074 0.070 0.078 0.073 0.078 0.077 0.079 0.009 
 97 COPE-0097    (0)   :  0.075 0.079 0.092 0.071 0.082 0.070 0.064 0.071 0.074 0.073 0.089 0.079 0.074 0.007 
 98 COPE-0098    (0)   :  0.079 0.085 0.078 0.076 0.074 0.075 0.088 0.082 0.081 0.051 0.071 0.078 0.074 0.009 
 99 COPE-0099    (0)   :  0.085 0.062 0.058 0.068 0.064 0.076 0.071 0.065 0.070 0.149 0.068 0.068 0.075 0.019 
100 COPE-0100    (0)   :  0.075 0.076 0.072 0.078 0.075 0.078 0.071 0.074 0.078 0.090 0.076 0.072 0.077 0.007 
101 COPE-0101    (0)   :  0.070 0.072 0.064 0.079 0.071 0.073 0.079 0.075 0.074 0.080 0.071 0.071 0.076 0.045 
102 COPE-0102    (0)   :  0.072 0.079 0.076 0.080 0.079 0.080 0.077 0.077 0.078 0.072 0.075 0.076 0.073 0.006 
103 COPE-0103    (0)   :  0.075 0.086 0.081 0.069 0.077 0.065 0.083 0.083 0.076 0.066 0.080 0.078 0.068 0.014 
104 COPE-0104   (14)   :  0.075 0.073 0.074 0.079 0.078 0.075 0.069 0.074 0.078 0.089 0.077 0.074 0.079 0.006 
105 COPE-0105    (0)   :  0.066 0.065 0.078 0.081 0.078 0.073 0.064 0.073 0.065 0.078 0.093 0.075 0.076 0.034 
106 COPE-0106    (0)   :  0.114 0.055 0.082 0.089 0.078 0.081 0.054 0.084 0.061 0.067 0.078 0.082 0.070 0.004 
107 COPE-0107    (0)   :  0.017 0.018 0.018 0.019 0.019 0.019 0.021 0.020 0.021 0.018 0.018 0.018 0.020 0.754 
108 COPE-0108    (0)   :  0.078 0.082 0.086 0.072 0.078 0.074 0.076 0.072 0.078 0.068 0.081 0.077 0.073 0.006 
109 COPE-0109    (0)   :  0.075 0.076 0.065 0.082 0.070 0.075 0.096 0.087 0.073 0.070 0.071 0.076 0.072 0.011 
110 COPE-0110   (14)   :  0.079 0.075 0.077 0.074 0.076 0.075 0.073 0.073 0.074 0.082 0.074 0.078 0.077 0.012 
111 COPE-0111    (0)   :  0.081 0.073 0.084 0.077 0.079 0.077 0.071 0.073 0.076 0.071 0.076 0.078 0.077 0.008 
112 COPE-0112   (14)   :  0.068 0.081 0.078 0.084 0.081 0.076 0.073 0.075 0.078 0.067 0.079 0.074 0.077 0.008 
113 COPE-0113    (0)   :  0.075 0.073 0.068 0.073 0.073 0.078 0.075 0.075 0.075 0.097 0.075 0.073 0.075 0.014 
114 COPE-0114    (0)   :  0.098 0.065 0.075 0.080 0.076 0.079 0.063 0.082 0.068 0.081 0.076 0.078 0.071 0.008 
115 COPE-0115    (0)   :  0.023 0.028 0.030 0.020 0.026 0.022 0.024 0.022 0.025 0.023 0.026 0.026 0.023 0.683 
116 COPE-0116   (28)   :  0.012 0.011 0.010 0.011 0.011 0.011 0.011 0.011 0.011 0.016 0.011 0.011 0.011 0.852 
117 COPE-0117    (0)   :  0.062 0.086 0.094 0.069 0.078 0.076 0.079 0.064 0.074 0.075 0.066 0.088 0.080 0.009 
118 COPE-0118    (0)   :  0.101 0.068 0.092 0.076 0.079 0.075 0.059 0.079 0.070 0.062 0.082 0.080 0.069 0.010 
119 COPE-0119    (0)   :  0.079 0.078 0.090 0.073 0.078 0.078 0.078 0.075 0.076 0.061 0.078 0.074 0.072 0.012 
120 COPE-0120    (0)   :  0.076 0.072 0.070 0.081 0.073 0.080 0.083 0.078 0.074 0.072 0.075 0.078 0.079 0.010 
121 COPE-0121    (0)   :  0.075 0.072 0.072 0.068 0.075 0.074 0.068 0.068 0.073 0.085 0.075 0.075 0.077 0.044 
122 COPE-0122    (0)   :  0.075 0.075 0.069 0.079 0.081 0.085 0.078 0.075 0.079 0.071 0.079 0.074 0.072 0.007 
123 COPE-0123    (0)   :  0.077 0.073 0.066 0.081 0.076 0.079 0.077 0.076 0.077 0.083 0.074 0.071 0.073 0.017 
124 COPE-0124    (0)   :  0.082 0.070 0.066 0.077 0.076 0.082 0.076 0.071 0.077 0.099 0.072 0.070 0.072 0.011 
125 COPE-0125    (0)   :  0.086 0.069 0.074 0.077 0.077 0.077 0.061 0.087 0.072 0.074 0.086 0.080 0.075 0.006 
126 COPE-0126    (0)   :  0.063 0.087 0.094 0.070 0.077 0.076 0.080 0.066 0.073 0.070 0.065 0.089 0.080 0.011 
127 COPE-0127   (14)   :  0.069 0.076 0.081 0.078 0.077 0.076 0.071 0.075 0.071 0.083 0.081 0.079 0.075 0.006 
128 COPE-0128    (0)   :  0.084 0.068 0.067 0.075 0.072 0.075 0.070 0.066 0.074 0.116 0.071 0.074 0.073 0.015 
129 COPE-0129    (0)   :  0.072 0.082 0.068 0.084 0.074 0.075 0.090 0.091 0.072 0.065 0.074 0.076 0.071 0.006 
130 COPE-0130    (0)   :  0.075 0.075 0.071 0.077 0.072 0.081 0.078 0.075 0.074 0.072 0.075 0.077 0.084 0.013 
131 COPE-0131   (14)   :  0.074 0.097 0.112 0.050 0.083 0.065 0.068 0.068 0.084 0.058 0.090 0.076 0.068 0.007 
132 COPE-0132   (14)   :  0.074 0.071 0.084 0.074 0.073 0.075 0.075 0.073 0.077 0.069 0.072 0.075 0.078 0.031 
133 COPE-0133    (0)   :  0.066 0.084 0.090 0.072 0.079 0.073 0.082 0.063 0.075 0.072 0.068 0.085 0.082 0.008 
134 COPE-0134    (0)   :  0.077 0.072 0.070 0.078 0.079 0.081 0.074 0.078 0.078 0.079 0.078 0.074 0.075 0.007 
135 COPE-0135    (0)   :  0.070 0.070 0.065 0.079 0.075 0.078 0.077 0.078 0.082 0.090 0.076 0.072 0.080 0.007 
136 COPE-0136    (0)   :  0.013 0.013 0.013 0.013 0.013 0.013 0.013 0.013 0.013 0.014 0.013 0.013 0.013 0.829 
137 COPE-0137    (0)   :  0.072 0.077 0.073 0.080 0.078 0.081 0.071 0.073 0.078 0.082 0.077 0.073 0.075 0.011 
138 COPE-0138   (14)   :  0.010 0.009 0.009 0.009 0.009 0.009 0.008 0.009 0.009 0.010 0.009 0.009 0.009 0.880 
139 COPE-0139    (0)   :  0.081 0.069 0.066 0.068 0.067 0.075 0.065 0.066 0.073 0.147 0.071 0.070 0.076 0.007 
140 COPE-0140   (14)   :  0.024 0.022 0.022 0.023 0.022 0.024 0.022 0.021 0.023 0.033 0.022 0.022 0.023 0.696 
141 COPE-0141    (0)   :  0.067 0.077 0.065 0.080 0.076 0.078 0.078 0.087 0.083 0.071 0.071 0.075 0.085 0.008 
142 COPE-0142    (0)   :  0.073 0.076 0.071 0.077 0.076 0.080 0.077 0.084 0.081 0.068 0.075 0.077 0.078 0.009 
143 COPE-0143    (0)   :  0.067 0.081 0.080 0.076 0.075 0.073 0.085 0.074 0.078 0.074 0.069 0.080 0.079 0.008 
144 COPE-0144   (14)   :  0.072 0.065 0.061 0.070 0.065 0.069 0.075 0.069 0.069 0.092 0.068 0.073 0.071 0.080 
145 COPE-0145   (14)   :  0.080 0.045 0.043 0.050 0.047 0.057 0.051 0.047 0.055 0.181 0.050 0.052 0.060 0.183 
146 COPE-0146   (14)   :  0.073 0.079 0.075 0.078 0.076 0.076 0.076 0.073 0.075 0.070 0.070 0.077 0.077 0.026 
147 COPE-0147    (0)   :  0.068 0.068 0.062 0.077 0.070 0.075 0.084 0.079 0.075 0.067 0.066 0.069 0.071 0.070 
148 COPE-0148    (0)   :  0.066 0.083 0.089 0.072 0.078 0.074 0.081 0.068 0.074 0.072 0.069 0.086 0.080 0.008 
149 COPE-0149    (0)   :  0.069 0.079 0.078 0.076 0.078 0.083 0.074 0.072 0.080 0.069 0.079 0.078 0.077 0.006 
150 COPE-0150    (0)   :  0.068 0.078 0.076 0.090 0.083 0.077 0.073 0.075 0.075 0.069 0.079 0.072 0.078 0.007 
151 COPE-0151    (0)   :  0.080 0.071 0.069 0.068 0.068 0.074 0.072 0.067 0.072 0.132 0.068 0.075 0.077 0.006 
152 COPE-0152   (14)   :  0.065 0.066 0.060 0.069 0.065 0.069 0.073 0.071 0.071 0.070 0.063 0.064 0.071 0.123 
153 COPE-0153    (0)   :  0.079 0.080 0.076 0.076 0.073 0.076 0.083 0.078 0.076 0.075 0.073 0.075 0.073 0.006 
154 COPE-0154    (0)   :  0.078 0.075 0.076 0.077 0.075 0.081 0.073 0.077 0.076 0.074 0.076 0.079 0.077 0.006 
155 COPE-0155    (0)   :  0.083 0.070 0.069 0.078 0.074 0.078 0.072 0.069 0.076 0.101 0.074 0.076 0.074 0.005 
156 COPE-0156   (14)   :  0.009 0.009 0.009 0.009 0.009 0.009 0.009 0.009 0.009 0.009 0.009 0.009 0.009 0.881 
157 COPE-0157   (14)   :  0.059 0.057 0.052 0.059 0.057 0.058 0.060 0.064 0.061 0.082 0.056 0.060 0.060 0.215 
158 COPE-0158    (0)   :  0.070 0.078 0.082 0.075 0.080 0.078 0.078 0.066 0.076 0.069 0.072 0.081 0.086 0.009 
159 COPE-0159    (0)   :  0.075 0.077 0.076 0.078 0.074 0.077 0.083 0.079 0.080 0.067 0.074 0.074 0.078 0.007 
160 COPE-0160    (0)   :  0.075 0.074 0.066 0.083 0.074 0.073 0.084 0.083 0.076 0.083 0.073 0.073 0.077 0.007 
161 COPE-0161    (0)   :  0.070 0.078 0.072 0.077 0.076 0.077 0.080 0.080 0.079 0.073 0.076 0.075 0.074 0.012 
162 COPE-0162   (14)   :  0.007 0.007 0.007 0.007 0.007 0.007 0.007 0.007 0.007 0.007 0.007 0.007 0.007 0.906 
163 COPE-0163   (28)   :  0.012 0.012 0.012 0.012 0.012 0.012 0.012 0.012 0.012 0.012 0.012 0.012 0.012 0.841 
164 COPE-0164    (0)   :  0.083 0.073 0.069 0.077 0.074 0.077 0.075 0.071 0.075 0.091 0.069 0.071 0.073 0.023 
165 COPE-0165    (0)   :  0.075 0.073 0.072 0.077 0.075 0.080 0.075 0.075 0.076 0.083 0.075 0.076 0.078 0.008 
166 COPE-0166   (14)   :  0.076 0.074 0.070 0.080 0.079 0.081 0.078 0.078 0.077 0.073 0.076 0.075 0.075 0.008 
167 COPE-0167    (0)   :  0.082 0.074 0.070 0.084 0.075 0.075 0.082 0.086 0.072 0.071 0.071 0.078 0.072 0.008 
168 COPE-0168    (0)   :  0.073 0.077 0.079 0.075 0.078 0.076 0.080 0.071 0.078 0.076 0.072 0.077 0.082 0.006 
169 COPE-0169    (0)   :  0.075 0.077 0.069 0.079 0.070 0.082 0.075 0.075 0.074 0.075 0.079 0.078 0.081 0.010 
170 COPE-0170    (0)   :  0.072 0.073 0.075 0.066 0.071 0.070 0.077 0.073 0.080 0.105 0.071 0.068 0.078 0.021 
171 COPE-0171    (0)   :  0.082 0.069 0.072 0.070 0.071 0.075 0.073 0.070 0.075 0.117 0.071 0.070 0.079 0.007 
172 COPE-0172    (0)   :  0.077 0.078 0.075 0.079 0.076 0.077 0.078 0.075 0.076 0.073 0.076 0.077 0.074 0.007 
173 COPE-0173   (14)   :  0.073 0.071 0.065 0.074 0.066 0.079 0.076 0.071 0.071 0.074 0.074 0.075 0.081 0.051 
174 COPE-0174   (28)   :  0.073 0.076 0.072 0.077 0.077 0.076 0.076 0.075 0.079 0.082 0.075 0.076 0.076 0.012 
175 COPE-0175    (0)   :  0.079 0.072 0.067 0.076 0.071 0.072 0.080 0.071 0.075 0.089 0.066 0.071 0.073 0.038 
176 COPE-0176    (0)   :  0.081 0.071 0.073 0.082 0.076 0.075 0.078 0.091 0.075 0.060 0.076 0.078 0.075 0.008 
177 COPE-0177    (0)   :  0.075 0.077 0.072 0.077 0.078 0.085 0.074 0.074 0.077 0.075 0.078 0.077 0.074 0.007 
178 COPE-0178    (0)   :  0.114 0.056 0.080 0.088 0.077 0.081 0.053 0.085 0.061 0.068 0.078 0.082 0.069 0.007 
179 COPE-0179    (0)   :  0.078 0.072 0.069 0.076 0.073 0.076 0.072 0.074 0.077 0.101 0.074 0.075 0.075 0.009 
180 COPE-0180   (14)   :  0.073 0.078 0.072 0.078 0.071 0.084 0.078 0.076 0.076 0.072 0.079 0.076 0.081 0.006 
181 COPE-0181   (14)   :  0.076 0.076 0.073 0.077 0.077 0.082 0.072 0.075 0.078 0.075 0.077 0.076 0.077 0.008 
182 COPE-0182    (0)   :  0.074 0.075 0.079 0.080 0.077 0.077 0.080 0.078 0.073 0.065 0.084 0.075 0.078 0.005 
183 COPE-0183    (0)   :  0.079 0.077 0.072 0.083 0.078 0.081 0.077 0.076 0.077 0.070 0.072 0.074 0.074 0.010 
184 COPE-0184    (0)   :  0.070 0.077 0.077 0.081 0.078 0.072 0.083 0.083 0.074 0.063 0.077 0.077 0.078 0.009 
185 COPE-0185    (0)   :  0.075 0.078 0.075 0.076 0.073 0.080 0.085 0.079 0.082 0.065 0.073 0.074 0.079 0.006 
186 COPE-0186    (0)   :  0.074 0.102 0.121 0.044 0.087 0.059 0.065 0.067 0.087 0.049 0.094 0.078 0.067 0.005 
187 COPE-0187    (0)   :  0.066 0.073 0.077 0.084 0.082 0.073 0.073 0.081 0.075 0.064 0.085 0.075 0.082 0.009 
188 COPE-0188    (0)   :  0.026 0.028 0.027 0.031 0.030 0.027 0.028 0.027 0.027 0.025 0.027 0.027 0.027 0.642 
189 COPE-0189    (0)   :  0.072 0.080 0.078 0.075 0.076 0.082 0.069 0.073 0.077 0.079 0.080 0.074 0.077 0.007 
190 COPE-0190    (0)   :  0.071 0.075 0.064 0.082 0.070 0.073 0.096 0.089 0.074 0.069 0.074 0.078 0.072 0.012 
191 COPE-0191    (0)   :  0.073 0.085 0.086 0.064 0.082 0.074 0.074 0.073 0.083 0.066 0.083 0.077 0.072 0.010 
192 COPE-0192   (14)   :  0.011 0.012 0.013 0.008 0.011 0.009 0.010 0.010 0.011 0.010 0.012 0.011 0.010 0.864 
193 COPE-0193    (0)   :  0.079 0.076 0.080 0.077 0.077 0.078 0.079 0.071 0.075 0.078 0.071 0.078 0.078 0.006 
194 COPE-0194    (0)   :  0.078 0.070 0.071 0.080 0.075 0.073 0.067 0.067 0.072 0.109 0.080 0.073 0.077 0.008 
195 COPE-0195    (0)   :  0.076 0.074 0.072 0.082 0.078 0.077 0.078 0.075 0.075 0.084 0.073 0.074 0.075 0.006 
196 COPE-0196    (0)   :  0.075 0.073 0.072 0.075 0.074 0.076 0.081 0.077 0.077 0.086 0.074 0.073 0.077 0.010 
197 COPE-0197    (0)   :  0.077 0.072 0.071 0.076 0.075 0.082 0.077 0.072 0.077 0.080 0.077 0.078 0.079 0.007 
198 COPE-0198    (0)   :  0.070 0.079 0.081 0.074 0.072 0.080 0.080 0.077 0.078 0.060 0.076 0.077 0.085 0.011 
199 COPE-0199    (0)   :  0.076 0.076 0.071 0.077 0.074 0.082 0.074 0.074 0.075 0.076 0.079 0.075 0.078 0.012 
200 COPE-0200   (42)   :  0.075 0.074 0.074 0.075 0.073 0.082 0.076 0.075 0.076 0.074 0.077 0.078 0.082 0.009 
201 COPE-0201    (0)   :  0.073 0.080 0.085 0.072 0.078 0.075 0.072 0.077 0.078 0.072 0.081 0.076 0.073 0.008 
202 COPE-0202    (0)   :  0.071 0.082 0.066 0.085 0.070 0.070 0.105 0.097 0.075 0.055 0.069 0.077 0.068 0.011 
203 COPE-0203    (0)   :  0.073 0.074 0.077 0.076 0.076 0.080 0.079 0.078 0.082 0.072 0.076 0.073 0.079 0.006 
204 COPE-0204    (0)   :  0.095 0.059 0.076 0.082 0.075 0.077 0.057 0.078 0.063 0.082 0.081 0.078 0.072 0.025 
205 COPE-0205    (0)   :  0.075 0.079 0.078 0.075 0.074 0.078 0.082 0.069 0.076 0.073 0.069 0.077 0.075 0.019 
206 COPE-0206    (0)   :  0.091 0.064 0.073 0.077 0.075 0.079 0.068 0.071 0.073 0.100 0.074 0.074 0.077 0.005 
207 COPE-0207    (0)   :  0.082 0.068 0.085 0.077 0.077 0.077 0.073 0.076 0.078 0.069 0.076 0.074 0.077 0.011 
208 COPE-0208    (0)   :  0.032 0.026 0.025 0.027 0.026 0.029 0.029 0.027 0.028 0.047 0.027 0.027 0.029 0.622 
209 COPE-0209    (0)   :  0.077 0.075 0.076 0.076 0.076 0.078 0.073 0.071 0.076 0.086 0.076 0.076 0.079 0.006 
210 COPE-0210    (0)   :  0.071 0.080 0.081 0.079 0.082 0.075 0.076 0.067 0.076 0.069 0.074 0.077 0.083 0.008 
211 COPE-0211    (0)   :  0.070 0.079 0.075 0.088 0.080 0.075 0.073 0.074 0.075 0.079 0.077 0.072 0.080 0.005 
212 COPE-0212    (0)   :  0.078 0.072 0.083 0.076 0.076 0.077 0.076 0.075 0.078 0.070 0.075 0.074 0.079 0.011 
213 COPE-0213    (0)   :  0.083 0.068 0.072 0.080 0.073 0.078 0.073 0.073 0.074 0.092 0.075 0.074 0.076 0.008 
214 COPE-0214    (0)   :  0.073 0.078 0.070 0.079 0.067 0.085 0.082 0.078 0.072 0.059 0.079 0.081 0.090 0.008 
215 COPE-0215    (0)   :  0.072 0.073 0.064 0.074 0.067 0.079 0.074 0.071 0.070 0.075 0.075 0.071 0.077 0.058 
216 COPE-0216   (14)   :  0.051 0.051 0.053 0.051 0.054 0.051 0.050 0.046 0.053 0.055 0.050 0.052 0.052 0.331 
217 COPE-0217    (0)   :  0.084 0.066 0.076 0.081 0.075 0.078 0.071 0.076 0.069 0.071 0.074 0.076 0.077 0.027 
218 COPE-0218    (0)   :  0.075 0.076 0.078 0.075 0.075 0.079 0.076 0.073 0.077 0.078 0.075 0.078 0.077 0.008 
219 COPE-0219   (14)   :  0.075 0.076 0.073 0.077 0.072 0.083 0.079 0.074 0.075 0.067 0.077 0.079 0.083 0.008 
220 COPE-0220    (0)   :  0.094 0.063 0.077 0.085 0.079 0.083 0.067 0.078 0.067 0.070 0.076 0.077 0.074 0.013 
221 COPE-0221    (0)   :  0.065 0.074 0.070 0.078 0.077 0.078 0.085 0.082 0.090 0.060 0.070 0.067 0.089 0.016 
222 COPE-0222    (0)   :  0.069 0.085 0.086 0.072 0.075 0.078 0.084 0.075 0.079 0.062 0.067 0.082 0.080 0.006 
223 COPE-0223    (0)   :  0.076 0.074 0.067 0.078 0.078 0.083 0.075 0.071 0.078 0.088 0.081 0.073 0.073 0.007 
224 COPE-0224    (0)   :  0.070 0.086 0.060 0.085 0.069 0.063 0.109 0.104 0.070 0.051 0.069 0.080 0.064 0.019 
225 COPE-0225    (0)   :  0.073 0.078 0.071 0.078 0.066 0.086 0.081 0.077 0.071 0.057 0.079 0.081 0.090 0.013 
226 COPE-0226    (0)   :  0.076 0.073 0.073 0.077 0.076 0.078 0.077 0.081 0.076 0.074 0.076 0.080 0.078 0.006 
227 COPE-0227    (0)   :  0.080 0.080 0.077 0.074 0.073 0.078 0.079 0.075 0.074 0.070 0.075 0.079 0.080 0.005 
228 COPE-0228    (0)   :  0.088 0.066 0.073 0.079 0.074 0.077 0.067 0.075 0.072 0.087 0.074 0.077 0.075 0.016 
229 COPE-0229    (0)   :  0.080 0.073 0.074 0.079 0.074 0.083 0.074 0.079 0.074 0.071 0.076 0.079 0.078 0.006 
230 COPE-0230    (0)   :  0.083 0.071 0.072 0.078 0.075 0.078 0.067 0.092 0.073 0.063 0.083 0.081 0.076 0.010 
231 COPE-0231    (0)   :  0.078 0.074 0.075 0.077 0.078 0.080 0.075 0.072 0.076 0.080 0.075 0.078 0.076 0.006 
232 COPE-0232    (0)   :  0.074 0.073 0.064 0.085 0.071 0.077 0.091 0.087 0.075 0.066 0.074 0.076 0.072 0.015 
233 COPE-0233    (0)   :  0.081 0.082 0.073 0.080 0.072 0.078 0.087 0.079 0.080 0.060 0.068 0.077 0.078 0.005 
234 COPE-0234    (0)   :  0.084 0.072 0.061 0.079 0.071 0.075 0.081 0.078 0.074 0.108 0.069 0.071 0.069 0.008 
235 COPE-0235    (0)   :  0.077 0.075 0.068 0.080 0.081 0.085 0.077 0.075 0.078 0.075 0.080 0.073 0.071 0.006 
236 COPE-0236    (0)   :  0.097 0.066 0.077 0.078 0.077 0.077 0.055 0.092 0.069 0.062 0.089 0.083 0.072 0.005 
237 COPE-0237    (0)   :  0.077 0.084 0.079 0.075 0.074 0.078 0.086 0.077 0.081 0.057 0.073 0.072 0.081 0.006 
238 COPE-0238    (0)   :  0.074 0.077 0.074 0.074 0.077 0.085 0.075 0.072 0.076 0.074 0.078 0.079 0.077 0.009 
239 COPE-0239    (0)   :  0.069 0.077 0.068 0.077 0.074 0.071 0.079 0.081 0.076 0.074 0.073 0.074 0.069 0.037 
240 COPE-0240    (0)   :  0.072 0.078 0.082 0.077 0.082 0.074 0.082 0.068 0.076 0.066 0.072 0.079 0.084 0.008 
241 COPE-0241    (0)   :  0.071 0.080 0.073 0.082 0.078 0.086 0.069 0.076 0.078 0.065 0.082 0.073 0.080 0.006 
242 COPE-0242    (0)   :  0.081 0.075 0.088 0.076 0.080 0.077 0.075 0.075 0.077 0.065 0.077 0.076 0.073 0.006 
243 COPE-0243    (0)   :  0.070 0.071 0.079 0.084 0.083 0.075 0.073 0.074 0.072 0.071 0.089 0.076 0.076 0.007 
244 COPE-0244    (0)   :  0.078 0.072 0.070 0.080 0.074 0.077 0.075 0.074 0.073 0.090 0.078 0.074 0.075 0.008 
245 COPE-0245    (0)   :  0.073 0.071 0.078 0.084 0.081 0.075 0.074 0.073 0.074 0.075 0.082 0.074 0.076 0.010 
246 COPE-0246    (0)   :  0.073 0.078 0.076 0.074 0.079 0.075 0.079 0.078 0.079 0.070 0.078 0.076 0.072 0.012 
247 COPE-0247    (0)   :  0.071 0.074 0.076 0.075 0.074 0.081 0.081 0.076 0.081 0.066 0.075 0.074 0.082 0.014 
248 COPE-0248    (0)   :  0.080 0.072 0.076 0.075 0.072 0.076 0.076 0.071 0.073 0.095 0.078 0.073 0.077 0.005 
249 COPE-0249    (0)   :  0.075 0.072 0.061 0.078 0.067 0.074 0.090 0.085 0.070 0.076 0.071 0.080 0.075 0.025 
250 COPE-0250    (0)   :  0.076 0.077 0.069 0.082 0.076 0.077 0.086 0.084 0.074 0.064 0.073 0.073 0.073 0.017 
251 COPE-0251   (14)   :  0.028 0.029 0.028 0.029 0.027 0.030 0.032 0.030 0.031 0.024 0.027 0.027 0.030 0.628 
252 COPE-0252    (0)   :  0.073 0.079 0.067 0.087 0.072 0.073 0.097 0.090 0.072 0.061 0.074 0.078 0.069 0.010 
253 COPE-0253    (0)   :  0.065 0.079 0.070 0.077 0.077 0.079 0.080 0.086 0.088 0.061 0.072 0.075 0.084 0.007 
254 COPE-0254    (0)   :  0.067 0.069 0.081 0.084 0.080 0.073 0.069 0.079 0.067 0.070 0.093 0.077 0.076 0.015 
255 COPE-0255    (0)   :  0.069 0.073 0.070 0.079 0.076 0.077 0.078 0.078 0.078 0.073 0.076 0.071 0.083 0.019 
256 COPE-0256    (0)   :  0.074 0.074 0.084 0.079 0.083 0.076 0.077 0.067 0.074 0.069 0.070 0.080 0.085 0.010 
257 COPE-0257    (0)   :  0.073 0.106 0.123 0.039 0.089 0.058 0.063 0.065 0.089 0.048 0.097 0.079 0.064 0.007 
258 COPE-0258    (0)   :  0.082 0.076 0.083 0.066 0.074 0.070 0.069 0.068 0.074 0.102 0.077 0.072 0.073 0.013 
259 COPE-0259    (0)   :  0.084 0.072 0.074 0.079 0.076 0.079 0.067 0.074 0.076 0.087 0.076 0.077 0.072 0.005 
260 COPE-0260    (0)   :  0.075 0.074 0.070 0.075 0.076 0.083 0.075 0.072 0.074 0.079 0.076 0.075 0.075 0.022 
261 COPE-0261    (0)   :  0.077 0.066 0.084 0.083 0.080 0.075 0.062 0.076 0.068 0.073 0.093 0.079 0.077 0.006 
262 COPE-0262    (0)   :  0.068 0.076 0.080 0.079 0.079 0.073 0.075 0.068 0.075 0.077 0.076 0.081 0.077 0.016 
263 COPE-0263    (0)   :  0.077 0.083 0.079 0.070 0.076 0.077 0.081 0.075 0.079 0.071 0.075 0.075 0.075 0.007 
264 COPE-0264    (0)   :  0.078 0.089 0.098 0.054 0.082 0.065 0.065 0.069 0.082 0.070 0.087 0.077 0.068 0.017 
265 COPE-0265    (0)   :  0.072 0.078 0.075 0.076 0.074 0.078 0.076 0.077 0.076 0.079 0.073 0.077 0.079 0.011 
266 COPE-0266    (0)   :  0.085 0.064 0.070 0.079 0.073 0.078 0.070 0.072 0.072 0.099 0.072 0.073 0.075 0.017 
267 COPE-0267    (0)   :  0.078 0.081 0.074 0.079 0.073 0.077 0.091 0.081 0.080 0.060 0.070 0.073 0.077 0.006 
268 COPE-0268    (0)   :  0.083 0.082 0.077 0.075 0.074 0.078 0.090 0.077 0.083 0.053 0.069 0.070 0.075 0.013 
269 COPE-0269    (0)   :  0.076 0.078 0.080 0.067 0.080 0.073 0.073 0.070 0.079 0.084 0.080 0.078 0.075 0.006 
270 COPE-0270    (0)   :  0.066 0.081 0.076 0.090 0.082 0.078 0.073 0.075 0.076 0.064 0.081 0.073 0.078 0.006 
271 COPE-0271    (0)   :  0.072 0.079 0.075 0.074 0.083 0.083 0.073 0.070 0.084 0.068 0.082 0.076 0.075 0.007 
272 COPE-0272    (0)   :  0.073 0.074 0.066 0.079 0.075 0.076 0.078 0.082 0.080 0.081 0.073 0.074 0.081 0.007 
273 COPE-0273    (0)   :  0.078 0.070 0.082 0.077 0.076 0.077 0.076 0.076 0.078 0.070 0.073 0.073 0.080 0.015 
274 COPE-0274   (14)   :  0.024 0.025 0.025 0.027 0.026 0.024 0.024 0.024 0.024 0.026 0.024 0.024 0.025 0.678 
275 COPE-0275    (0)   :  0.079 0.075 0.072 0.078 0.073 0.078 0.078 0.075 0.077 0.085 0.074 0.071 0.077 0.009 
276 COPE-0276   (14)   :  0.007 0.007 0.007 0.007 0.007 0.007 0.007 0.007 0.007 0.007 0.007 0.007 0.007 0.914 
277 COPE-0277   (14)   :  0.079 0.077 0.085 0.073 0.080 0.072 0.069 0.072 0.072 0.070 0.078 0.080 0.080 0.013 
278 COPE-0278    (0)   :  0.107 0.057 0.081 0.088 0.079 0.082 0.059 0.082 0.062 0.068 0.076 0.081 0.072 0.007 
279 COPE-0279    (0)   :  0.085 0.067 0.073 0.084 0.076 0.080 0.071 0.075 0.073 0.086 0.075 0.073 0.073 0.009 
280 COPE-0280    (0)   :  0.012 0.012 0.012 0.012 0.012 0.012 0.012 0.012 0.012 0.012 0.012 0.012 0.012 0.844 
281 COPE-0281    (0)   :  0.031 0.027 0.026 0.030 0.028 0.032 0.031 0.031 0.028 0.044 0.029 0.031 0.033 0.598 
282 COPE-0282   (14)   :  0.070 0.088 0.059 0.089 0.068 0.064 0.116 0.109 0.071 0.048 0.069 0.080 0.064 0.006 
283 COPE-0283    (0)   :  0.091 0.063 0.079 0.081 0.077 0.079 0.068 0.075 0.070 0.084 0.073 0.077 0.076 0.007 
284 COPE-0284   (14)   :  0.081 0.068 0.063 0.072 0.070 0.077 0.066 0.067 0.074 0.119 0.072 0.068 0.073 0.029 
285 COPE-0285    (0)   :  0.026 0.029 0.031 0.025 0.028 0.028 0.025 0.026 0.027 0.027 0.028 0.028 0.027 0.644 
286 COPE-0286    (0)   :  0.084 0.069 0.059 0.074 0.068 0.071 0.069 0.066 0.072 0.153 0.067 0.067 0.074 0.008 
287 COPE-0287    (0)   :  0.080 0.083 0.075 0.074 0.071 0.077 0.091 0.076 0.080 0.054 0.067 0.072 0.074 0.026 
288 COPE-0288    (0)   :  0.067 0.074 0.072 0.078 0.077 0.077 0.085 0.083 0.088 0.062 0.072 0.068 0.087 0.010 
289 COPE-0289    (0)   :  0.067 0.086 0.088 0.071 0.078 0.077 0.073 0.074 0.078 0.069 0.074 0.083 0.076 0.007 
290 COPE-0290    (0)   :  0.070 0.079 0.075 0.086 0.078 0.080 0.070 0.076 0.073 0.071 0.080 0.073 0.081 0.007 
291 COPE-0291    (0)   :  0.079 0.081 0.086 0.065 0.078 0.072 0.067 0.069 0.079 0.087 0.080 0.076 0.076 0.005 
292 COPE-0292   (42)   :  0.015 0.015 0.014 0.015 0.015 0.015 0.015 0.015 0.015 0.017 0.015 0.015 0.015 0.806 
293 COPE-0293    (0)   :  0.068 0.076 0.071 0.080 0.078 0.079 0.074 0.088 0.081 0.062 0.075 0.077 0.084 0.008 
294 COPE-0294    (0)   :  0.084 0.071 0.066 0.080 0.074 0.078 0.076 0.076 0.073 0.093 0.072 0.073 0.073 0.011 
295 COPE-0295    (0)   :  0.070 0.081 0.076 0.080 0.078 0.074 0.081 0.085 0.074 0.064 0.074 0.080 0.076 0.007 
296 COPE-0296   (14)   :  0.072 0.074 0.079 0.078 0.077 0.077 0.078 0.077 0.081 0.073 0.075 0.072 0.081 0.007 
297 COPE-0297   (14)   :  0.074 0.072 0.066 0.073 0.067 0.080 0.072 0.072 0.071 0.091 0.072 0.074 0.083 0.033 
298 COPE-0298    (0)   :  0.068 0.075 0.066 0.080 0.075 0.076 0.082 0.091 0.081 0.063 0.076 0.079 0.079 0.009 
299 COPE-0299    (0)   :  0.071 0.071 0.076 0.082 0.078 0.075 0.069 0.074 0.071 0.083 0.089 0.074 0.079 0.006 
300 COPE-0300   (14)   :  0.077 0.081 0.079 0.075 0.076 0.076 0.086 0.073 0.078 0.063 0.072 0.077 0.080 0.007 
301 COPE-0301   (14)   :  0.059 0.078 0.065 0.079 0.078 0.080 0.083 0.093 0.092 0.051 0.070 0.074 0.090 0.008 
302 COPE-0302    (0)   :  0.057 0.076 0.083 0.058 0.068 0.065 0.064 0.060 0.065 0.065 0.065 0.076 0.066 0.134 
303 COPE-0303    (0)   :  0.101 0.063 0.076 0.087 0.077 0.083 0.059 0.085 0.065 0.066 0.081 0.082 0.071 0.006 
304 COPE-0304    (0)   :  0.079 0.077 0.075 0.082 0.077 0.079 0.078 0.078 0.077 0.070 0.074 0.074 0.073 0.007 
305 COPE-0305   (14)   :  0.076 0.075 0.074 0.069 0.074 0.070 0.076 0.073 0.073 0.084 0.076 0.075 0.072 0.032 
306 COPE-0306    (0)   :  0.102 0.063 0.085 0.079 0.077 0.077 0.059 0.079 0.069 0.068 0.080 0.079 0.072 0.010 
307 COPE-0307   (28)   :  0.008 0.008 0.008 0.008 0.008 0.008 0.008 0.008 0.008 0.008 0.008 0.008 0.008 0.895 
308 COPE-0308    (0)   :  0.069 0.086 0.061 0.087 0.073 0.066 0.104 0.102 0.075 0.055 0.069 0.077 0.071 0.006 
309 COPE-0309   (14)   :  0.035 0.031 0.030 0.034 0.032 0.033 0.035 0.033 0.034 0.051 0.032 0.033 0.033 0.555 
310 COPE-0310   (28)   :  0.035 0.050 0.059 0.020 0.041 0.027 0.031 0.032 0.042 0.025 0.046 0.037 0.031 0.525 
311 COPE-0311    (0)   :  0.082 0.074 0.077 0.064 0.069 0.068 0.072 0.067 0.074 0.122 0.071 0.069 0.073 0.018 
312 COPE-0312   (28)   :  0.015 0.012 0.013 0.013 0.013 0.013 0.012 0.013 0.012 0.013 0.013 0.013 0.012 0.832 
313 COPE-0313    (0)   :  0.081 0.080 0.093 0.068 0.080 0.075 0.071 0.071 0.078 0.066 0.081 0.075 0.073 0.009 
314 COPE-0314    (0)   :  0.081 0.079 0.074 0.079 0.075 0.079 0.085 0.076 0.077 0.063 0.075 0.074 0.076 0.007 
315 COPE-0315    (0)   :  0.080 0.081 0.082 0.073 0.077 0.077 0.075 0.076 0.077 0.063 0.080 0.075 0.074 0.008 
316 COPE-0316    (0)   :  0.084 0.065 0.066 0.075 0.073 0.076 0.067 0.069 0.072 0.113 0.076 0.072 0.073 0.019 
317 COPE-0317   (14)   :  0.009 0.009 0.009 0.008 0.009 0.008 0.009 0.009 0.009 0.008 0.009 0.009 0.009 0.887 
318 COPE-0318    (0)   :  0.076 0.074 0.076 0.077 0.078 0.079 0.074 0.075 0.076 0.077 0.082 0.074 0.076 0.005 
319 COPE-0319    (0)   :  0.075 0.081 0.068 0.082 0.073 0.074 0.089 0.086 0.077 0.073 0.072 0.075 0.069 0.006 
320 COPE-0320   (14)   :  0.070 0.077 0.070 0.080 0.078 0.079 0.079 0.083 0.084 0.062 0.074 0.072 0.076 0.015 
321 COPE-0321   (14)   :  0.076 0.085 0.091 0.066 0.079 0.071 0.073 0.072 0.080 0.067 0.080 0.073 0.075 0.011 
322 COPE-0322   (14)   :  0.077 0.076 0.072 0.081 0.081 0.082 0.075 0.074 0.077 0.073 0.081 0.073 0.072 0.006 
323 COPE-0323    (0)   :  0.073 0.108 0.128 0.036 0.090 0.056 0.062 0.065 0.089 0.045 0.099 0.079 0.063 0.008 
