

----------------------------------------------------
STRUCTURE by Pritchard, Stephens and Donnelly (2000)
     and Falush, Stephens and Pritchard (2003)
       Code by Pritchard, Falush and Hubisz
             Version 2.3.4 (Jul 2012)
----------------------------------------------------



Command line arguments:   /home/jason/Programs/structure -K 9 -i ../Data/microsats.structure -m Structure_Run/mainparams -e Structure_Run/extraparams -D 74879334 -o ../Structure_Results/06_K_09.out 
Input File:    ../Data/microsats.structure

Run parameters:
   384 individuals
   7 loci
   9 populations assumed
   1000000 Burn-in period
   10000000 Reps
RANDOMIZE turned off


--------------------------------------------
Overall proportion of membership of the
sample in each of the 9 clusters

Inferred Clusters
  1      2      3      4      5      6      7      8      9    
0.110  0.111  0.111  0.111  0.115  0.110  0.110  0.110  0.111  

--------------------------------------------

Allele-freq. divergence among pops (Net nucleotide distance),
computed using point estimates of P.

      1       2       3       4       5       6       7       8       9      
 1      -    0.0001  0.0002  0.0001  0.1599  0.0001  0.0001  0.0002  0.0001  
 2   0.0001     -    0.0001  0.0001  0.1602  0.0001  0.0000  0.0002  0.0000  
 3   0.0002  0.0001     -    0.0001  0.1607  0.0002  0.0001  0.0001  0.0002  
 4   0.0001  0.0001  0.0001     -    0.1594  0.0001  0.0002  0.0001  0.0002  
 5   0.1599  0.1602  0.1607  0.1594     -    0.1593  0.1615  0.1613  0.1602  
 6   0.0001  0.0001  0.0002  0.0001  0.1593     -    0.0002  0.0002  0.0002  
 7   0.0001  0.0000  0.0001  0.0002  0.1615  0.0002     -    0.0001  0.0001  
 8   0.0002  0.0002  0.0001  0.0001  0.1613  0.0002  0.0001     -    0.0003  
 9   0.0001  0.0000  0.0002  0.0002  0.1602  0.0002  0.0001  0.0003     -    

Average distances (expected heterozygosity) between individuals in same cluster:
cluster  1  : 0.6246 
cluster  2  : 0.6237 
cluster  3  : 0.6238 
cluster  4  : 0.6280 
cluster  5  : 0.6455 
cluster  6  : 0.6284 
cluster  7  : 0.6203 
cluster  8  : 0.6236 
cluster  9  : 0.6239 

--------------------------------------------
Estimated Ln Prob of Data   = -9035.9
Mean value of ln likelihood = -7809.4
Variance of ln likelihood   = 2453.0
Mean value of alpha         = 0.0475

Mean value of Fst_1         = 0.0797
Mean value of Fst_2         = 0.0805
Mean value of Fst_3         = 0.0770
Mean value of Fst_4         = 0.0770
Mean value of Fst_5         = 0.1800
Mean value of Fst_6         = 0.0788
Mean value of Fst_7         = 0.0835
Mean value of Fst_8         = 0.0813
Mean value of Fst_9         = 0.0795


Inferred ancestry of individuals:
        Label (%Miss) :  Inferred clusters
  1 COPE-0001    (0)   :  0.008 0.008 0.008 0.008 0.933 0.008 0.009 0.008 0.008 
  2 COPE-0002    (0)   :  0.123 0.121 0.116 0.144 0.011 0.140 0.107 0.118 0.121 
  3 COPE-0003    (0)   :  0.125 0.128 0.139 0.119 0.007 0.114 0.128 0.110 0.130 
  4 COPE-0004    (0)   :  0.131 0.116 0.112 0.154 0.013 0.155 0.099 0.109 0.111 
  5 COPE-0005    (0)   :  0.122 0.114 0.115 0.139 0.021 0.140 0.112 0.125 0.112 
  6 COPE-0006    (0)   :  0.122 0.125 0.126 0.127 0.018 0.123 0.123 0.125 0.112 
  7 COPE-0007    (0)   :  0.122 0.121 0.117 0.133 0.007 0.123 0.128 0.126 0.124 
  8 COPE-0008    (0)   :  0.145 0.133 0.106 0.099 0.008 0.119 0.135 0.110 0.145 
  9 COPE-0009    (0)   :  0.122 0.133 0.123 0.124 0.017 0.116 0.127 0.118 0.119 
 10 COPE-0010    (0)   :  0.115 0.113 0.139 0.128 0.007 0.125 0.117 0.129 0.127 
 11 COPE-0011   (14)   :  0.013 0.013 0.013 0.016 0.892 0.016 0.012 0.012 0.013 
 12 COPE-0012   (14)   :  0.141 0.128 0.112 0.099 0.007 0.131 0.133 0.117 0.134 
 13 COPE-0013    (0)   :  0.125 0.125 0.153 0.118 0.006 0.112 0.129 0.106 0.126 
 14 COPE-0014    (0)   :  0.108 0.139 0.120 0.127 0.009 0.104 0.132 0.128 0.133 
 15 COPE-0015    (0)   :  0.117 0.130 0.122 0.121 0.007 0.113 0.130 0.131 0.129 
 16 COPE-0016    (0)   :  0.114 0.135 0.110 0.125 0.010 0.128 0.128 0.134 0.117 
 17 COPE-0017    (0)   :  0.041 0.047 0.042 0.045 0.645 0.042 0.046 0.046 0.045 
 18 COPE-0018    (0)   :  0.128 0.129 0.126 0.123 0.008 0.122 0.128 0.123 0.113 
 19 COPE-0019    (0)   :  0.125 0.132 0.133 0.116 0.006 0.112 0.135 0.119 0.123 
 20 COPE-0020    (0)   :  0.122 0.119 0.128 0.127 0.007 0.125 0.124 0.133 0.115 
 21 COPE-0021    (0)   :  0.118 0.111 0.132 0.124 0.006 0.121 0.128 0.148 0.112 
 22 COPE-0022    (0)   :  0.145 0.137 0.106 0.096 0.007 0.118 0.137 0.113 0.143 
 23 COPE-0023    (0)   :  0.123 0.117 0.133 0.142 0.008 0.137 0.104 0.113 0.122 
 24 COPE-0024   (14)   :  0.124 0.115 0.125 0.127 0.006 0.128 0.128 0.141 0.106 
 25 COPE-0025    (0)   :  0.120 0.111 0.125 0.127 0.068 0.120 0.098 0.112 0.120 
 26 COPE-0026    (0)   :  0.118 0.132 0.119 0.124 0.005 0.113 0.129 0.121 0.138 
 27 COPE-0027    (0)   :  0.130 0.131 0.134 0.110 0.006 0.111 0.137 0.113 0.127 
 28 COPE-0028    (0)   :  0.112 0.120 0.134 0.123 0.005 0.128 0.111 0.129 0.137 
 29 COPE-0029    (0)   :  0.114 0.134 0.109 0.124 0.005 0.124 0.135 0.138 0.118 
 30 COPE-0030   (14)   :  0.031 0.030 0.030 0.033 0.755 0.032 0.029 0.030 0.030 
 31 COPE-0031    (0)   :  0.129 0.135 0.109 0.110 0.010 0.107 0.138 0.117 0.145 
 32 COPE-0032    (0)   :  0.116 0.116 0.141 0.132 0.009 0.130 0.106 0.116 0.135 
 33 COPE-0033    (0)   :  0.117 0.118 0.136 0.131 0.012 0.130 0.111 0.116 0.131 
 34 COPE-0034    (0)   :  0.119 0.125 0.110 0.132 0.010 0.136 0.124 0.118 0.126 
 35 COPE-0035   (14)   :  0.120 0.117 0.138 0.125 0.007 0.129 0.107 0.122 0.135 
 36 COPE-0036   (14)   :  0.129 0.108 0.131 0.132 0.006 0.122 0.128 0.142 0.101 
 37 COPE-0037    (0)   :  0.120 0.116 0.128 0.124 0.023 0.122 0.124 0.128 0.115 
 38 COPE-0038    (0)   :  0.133 0.133 0.111 0.112 0.007 0.104 0.136 0.116 0.149 
 39 COPE-0039    (0)   :  0.119 0.115 0.124 0.124 0.072 0.115 0.105 0.114 0.112 
 40 COPE-0040   (14)   :  0.116 0.118 0.120 0.114 0.090 0.107 0.117 0.108 0.111 
 41 COPE-0041    (0)   :  0.128 0.120 0.128 0.126 0.029 0.122 0.115 0.116 0.116 
 42 COPE-0042    (0)   :  0.117 0.115 0.146 0.123 0.011 0.123 0.111 0.116 0.139 
 43 COPE-0043    (0)   :  0.124 0.126 0.113 0.137 0.005 0.135 0.116 0.124 0.120 
 44 COPE-0044    (0)   :  0.136 0.120 0.115 0.136 0.013 0.143 0.108 0.112 0.117 
 45 COPE-0045    (0)   :  0.134 0.123 0.112 0.126 0.032 0.134 0.107 0.115 0.118 
 46 COPE-0046    (0)   :  0.027 0.029 0.028 0.028 0.779 0.027 0.028 0.027 0.027 
 47 COPE-0047    (0)   :  0.007 0.007 0.008 0.007 0.940 0.007 0.007 0.008 0.007 
 48 COPE-0048    (0)   :  0.113 0.110 0.150 0.123 0.007 0.125 0.107 0.119 0.146 
 49 COPE-0049    (0)   :  0.131 0.120 0.116 0.133 0.016 0.141 0.105 0.118 0.121 
 50 COPE-0050    (0)   :  0.124 0.127 0.140 0.127 0.007 0.120 0.123 0.109 0.121 
 51 COPE-0051    (0)   :  0.101 0.097 0.130 0.110 0.105 0.123 0.091 0.115 0.126 
 52 COPE-0052    (0)   :  0.108 0.136 0.115 0.124 0.011 0.106 0.135 0.131 0.134 
 53 COPE-0053    (0)   :  0.110 0.137 0.108 0.121 0.008 0.131 0.134 0.138 0.113 
 54 COPE-0054    (0)   :  0.132 0.111 0.126 0.116 0.005 0.121 0.140 0.147 0.102 
 55 COPE-0055    (0)   :  0.145 0.138 0.101 0.093 0.005 0.116 0.140 0.113 0.148 
 56 COPE-0056    (0)   :  0.134 0.129 0.116 0.110 0.017 0.126 0.124 0.115 0.130 
 57 COPE-0057    (0)   :  0.129 0.124 0.130 0.120 0.010 0.119 0.127 0.120 0.120 
 58 COPE-0058    (0)   :  0.130 0.114 0.127 0.142 0.009 0.133 0.110 0.120 0.116 
 59 COPE-0059    (0)   :  0.124 0.129 0.139 0.116 0.019 0.107 0.137 0.110 0.120 
 60 COPE-0060    (0)   :  0.118 0.131 0.116 0.133 0.007 0.131 0.119 0.125 0.121 
 61 COPE-0061    (0)   :  0.113 0.138 0.115 0.120 0.011 0.124 0.135 0.129 0.115 
 62 COPE-0062    (0)   :  0.115 0.124 0.125 0.122 0.009 0.109 0.134 0.140 0.123 
 63 COPE-0063    (0)   :  0.142 0.133 0.098 0.087 0.025 0.119 0.138 0.115 0.143 
 64 COPE-0064    (0)   :  0.124 0.131 0.123 0.121 0.009 0.120 0.127 0.117 0.126 
 65 COPE-0065    (0)   :  0.006 0.006 0.006 0.006 0.953 0.006 0.006 0.006 0.006 
 66 COPE-0066    (0)   :  0.110 0.111 0.148 0.120 0.016 0.128 0.106 0.116 0.145 
 67 COPE-0067   (14)   :  0.026 0.026 0.030 0.028 0.779 0.029 0.025 0.028 0.029 
 68 COPE-0068    (0)   :  0.123 0.131 0.145 0.115 0.010 0.108 0.134 0.107 0.126 
 69 COPE-0069   (14)   :  0.121 0.128 0.128 0.119 0.012 0.117 0.131 0.125 0.120 
 70 COPE-0070    (0)   :  0.128 0.115 0.117 0.136 0.012 0.147 0.105 0.117 0.122 
 71 COPE-0071    (0)   :  0.114 0.114 0.141 0.125 0.004 0.125 0.112 0.131 0.134 
 72 COPE-0072    (0)   :  0.121 0.128 0.130 0.130 0.007 0.125 0.121 0.115 0.123 
 73 COPE-0073   (14)   :  0.038 0.040 0.037 0.040 0.678 0.041 0.043 0.046 0.034 
 74 COPE-0074    (0)   :  0.116 0.113 0.144 0.127 0.009 0.121 0.113 0.121 0.137 
 75 COPE-0075    (0)   :  0.112 0.106 0.146 0.123 0.012 0.137 0.099 0.124 0.141 
 76 COPE-0076    (0)   :  0.135 0.127 0.120 0.108 0.006 0.118 0.137 0.124 0.124 
 77 COPE-0077   (14)   :  0.127 0.127 0.132 0.124 0.008 0.119 0.124 0.114 0.125 
 78 COPE-0078   (14)   :  0.130 0.113 0.115 0.133 0.008 0.140 0.117 0.123 0.120 
 79 COPE-0079    (0)   :  0.132 0.109 0.107 0.161 0.008 0.173 0.091 0.104 0.113 
 80 COPE-0080   (42)   :  0.020 0.021 0.021 0.020 0.838 0.020 0.021 0.020 0.020 
 81 COPE-0081   (14)   :  0.071 0.069 0.065 0.062 0.460 0.065 0.070 0.066 0.072 
 82 COPE-0082   (14)   :  0.120 0.119 0.117 0.110 0.045 0.125 0.114 0.123 0.128 
 83 COPE-0083   (14)   :  0.103 0.139 0.118 0.124 0.006 0.100 0.140 0.134 0.137 
 84 COPE-0084    (0)   :  0.087 0.107 0.087 0.098 0.218 0.104 0.102 0.108 0.090 
 85 COPE-0085    (0)   :  0.130 0.123 0.119 0.140 0.010 0.143 0.106 0.113 0.117 
 86 COPE-0086    (0)   :  0.119 0.120 0.127 0.129 0.020 0.127 0.116 0.130 0.112 
 87 COPE-0087   (14)   :  0.114 0.128 0.118 0.129 0.007 0.133 0.119 0.129 0.122 
 88 COPE-0088   (14)   :  0.120 0.119 0.116 0.133 0.024 0.135 0.111 0.123 0.118 
 89 COPE-0089   (14)   :  0.008 0.008 0.007 0.007 0.940 0.008 0.007 0.007 0.008 
 90 COPE-0090    (0)   :  0.142 0.136 0.103 0.096 0.008 0.115 0.139 0.114 0.146 
 91 COPE-0091   (14)   :  0.110 0.133 0.115 0.128 0.005 0.128 0.125 0.132 0.124 
 92 COPE-0092   (28)   :  0.024 0.023 0.025 0.025 0.812 0.025 0.022 0.022 0.023 
 93 COPE-0093    (0)   :  0.148 0.135 0.100 0.085 0.006 0.122 0.144 0.118 0.143 
 94 COPE-0094    (0)   :  0.128 0.109 0.106 0.160 0.029 0.168 0.090 0.102 0.108 
 95 COPE-0095    (0)   :  0.114 0.138 0.107 0.118 0.005 0.126 0.136 0.135 0.122 
 96 COPE-0096    (0)   :  0.114 0.131 0.117 0.129 0.009 0.114 0.125 0.136 0.124 
 97 COPE-0097    (0)   :  0.109 0.116 0.132 0.119 0.008 0.125 0.121 0.138 0.133 
 98 COPE-0098    (0)   :  0.132 0.134 0.108 0.111 0.009 0.107 0.137 0.114 0.149 
 99 COPE-0099    (0)   :  0.125 0.126 0.138 0.119 0.022 0.111 0.127 0.109 0.123 
100 COPE-0100    (0)   :  0.128 0.125 0.133 0.118 0.007 0.119 0.121 0.118 0.130 
101 COPE-0101    (0)   :  0.120 0.116 0.125 0.116 0.045 0.124 0.108 0.113 0.133 
102 COPE-0102    (0)   :  0.128 0.120 0.128 0.130 0.006 0.130 0.115 0.118 0.124 
103 COPE-0103    (0)   :  0.124 0.122 0.112 0.140 0.017 0.138 0.111 0.118 0.120 
104 COPE-0104   (14)   :  0.120 0.120 0.132 0.116 0.007 0.122 0.118 0.127 0.138 
105 COPE-0105    (0)   :  0.109 0.110 0.130 0.116 0.037 0.127 0.112 0.133 0.126 
106 COPE-0106    (0)   :  0.125 0.096 0.139 0.127 0.005 0.122 0.139 0.168 0.079 
107 COPE-0107    (0)   :  0.021 0.021 0.018 0.017 0.844 0.019 0.020 0.018 0.021 
108 COPE-0108    (0)   :  0.123 0.127 0.122 0.119 0.006 0.108 0.131 0.129 0.134 
109 COPE-0109    (0)   :  0.129 0.118 0.119 0.149 0.011 0.147 0.103 0.107 0.116 
110 COPE-0110   (14)   :  0.121 0.119 0.121 0.129 0.014 0.129 0.124 0.138 0.106 
111 COPE-0111    (0)   :  0.120 0.117 0.127 0.128 0.009 0.124 0.128 0.143 0.105 
112 COPE-0112   (14)   :  0.115 0.115 0.143 0.120 0.010 0.124 0.111 0.116 0.145 
113 COPE-0113    (0)   :  0.127 0.123 0.130 0.121 0.020 0.118 0.120 0.115 0.127 
114 COPE-0114    (0)   :  0.130 0.113 0.129 0.118 0.009 0.120 0.138 0.144 0.099 
115 COPE-0115    (0)   :  0.024 0.029 0.025 0.028 0.781 0.027 0.029 0.028 0.028 
116 COPE-0116   (28)   :  0.010 0.010 0.010 0.011 0.917 0.010 0.010 0.010 0.010 
117 COPE-0117    (0)   :  0.111 0.139 0.106 0.119 0.010 0.130 0.134 0.137 0.115 
118 COPE-0118    (0)   :  0.121 0.109 0.133 0.122 0.009 0.120 0.139 0.155 0.092 
119 COPE-0119    (0)   :  0.122 0.118 0.123 0.124 0.010 0.108 0.134 0.137 0.124 
120 COPE-0120    (0)   :  0.128 0.121 0.130 0.134 0.011 0.132 0.114 0.112 0.118 
121 COPE-0121    (0)   :  0.116 0.118 0.118 0.123 0.058 0.108 0.120 0.130 0.110 
122 COPE-0122    (0)   :  0.122 0.118 0.126 0.145 0.008 0.141 0.106 0.113 0.122 
123 COPE-0123    (0)   :  0.123 0.117 0.127 0.137 0.016 0.137 0.106 0.113 0.124 
124 COPE-0124    (0)   :  0.130 0.121 0.127 0.139 0.013 0.133 0.107 0.116 0.116 
125 COPE-0125    (0)   :  0.130 0.117 0.125 0.111 0.007 0.119 0.133 0.134 0.125 
126 COPE-0126    (0)   :  0.110 0.139 0.104 0.116 0.012 0.128 0.138 0.136 0.117 
127 COPE-0127   (14)   :  0.118 0.119 0.122 0.124 0.007 0.135 0.124 0.131 0.120 
128 COPE-0128    (0)   :  0.125 0.116 0.130 0.129 0.019 0.121 0.122 0.132 0.107 
129 COPE-0129    (0)   :  0.129 0.113 0.118 0.149 0.006 0.156 0.103 0.109 0.116 
130 COPE-0130    (0)   :  0.125 0.132 0.134 0.115 0.013 0.113 0.132 0.110 0.126 
131 COPE-0131   (14)   :  0.112 0.135 0.124 0.122 0.009 0.104 0.137 0.127 0.130 
132 COPE-0132   (14)   :  0.120 0.111 0.124 0.117 0.039 0.118 0.126 0.139 0.107 
133 COPE-0133    (0)   :  0.111 0.135 0.107 0.126 0.009 0.132 0.128 0.137 0.115 
134 COPE-0134    (0)   :  0.128 0.121 0.125 0.139 0.007 0.134 0.115 0.118 0.114 
135 COPE-0135    (0)   :  0.126 0.124 0.121 0.115 0.008 0.127 0.118 0.120 0.140 
136 COPE-0136    (0)   :  0.013 0.013 0.013 0.013 0.896 0.013 0.013 0.013 0.013 
137 COPE-0137    (0)   :  0.127 0.119 0.143 0.128 0.012 0.121 0.114 0.114 0.122 
138 COPE-0138   (14)   :  0.009 0.008 0.009 0.009 0.929 0.009 0.009 0.009 0.008 
139 COPE-0139    (0)   :  0.128 0.128 0.139 0.124 0.008 0.116 0.119 0.114 0.124 
140 COPE-0140   (14)   :  0.023 0.023 0.025 0.024 0.816 0.022 0.022 0.022 0.023 
141 COPE-0141    (0)   :  0.142 0.131 0.106 0.101 0.008 0.126 0.131 0.118 0.136 
142 COPE-0142    (0)   :  0.139 0.126 0.115 0.107 0.009 0.123 0.135 0.122 0.123 
143 COPE-0143    (0)   :  0.126 0.134 0.108 0.122 0.009 0.131 0.127 0.124 0.120 
144 COPE-0144   (14)   :  0.104 0.100 0.095 0.108 0.206 0.106 0.088 0.097 0.095 
145 COPE-0145   (14)   :  0.087 0.084 0.088 0.091 0.333 0.084 0.073 0.078 0.081 
146 COPE-0146   (14)   :  0.123 0.133 0.109 0.107 0.028 0.121 0.134 0.124 0.121 
147 COPE-0147    (0)   :  0.127 0.118 0.105 0.123 0.069 0.131 0.107 0.104 0.116 
148 COPE-0148    (0)   :  0.113 0.132 0.107 0.125 0.009 0.134 0.129 0.137 0.114 
149 COPE-0149    (0)   :  0.119 0.132 0.131 0.121 0.007 0.121 0.130 0.117 0.123 
150 COPE-0150    (0)   :  0.107 0.107 0.157 0.127 0.008 0.127 0.100 0.119 0.149 
151 COPE-0151    (0)   :  0.128 0.134 0.119 0.113 0.007 0.118 0.132 0.125 0.123 
152 COPE-0152   (14)   :  0.123 0.118 0.092 0.094 0.125 0.108 0.117 0.101 0.121 
153 COPE-0153    (0)   :  0.127 0.126 0.118 0.130 0.006 0.119 0.125 0.117 0.132 
154 COPE-0154    (0)   :  0.130 0.129 0.124 0.113 0.007 0.118 0.136 0.125 0.119 
155 COPE-0155    (0)   :  0.126 0.125 0.132 0.123 0.006 0.119 0.128 0.126 0.115 
156 COPE-0156   (14)   :  0.009 0.009 0.009 0.009 0.929 0.009 0.009 0.009 0.009 
157 COPE-0157   (14)   :  0.103 0.091 0.084 0.086 0.267 0.103 0.087 0.084 0.095 
158 COPE-0158    (0)   :  0.112 0.137 0.115 0.125 0.009 0.124 0.129 0.131 0.119 
159 COPE-0159    (0)   :  0.132 0.126 0.117 0.120 0.008 0.126 0.125 0.114 0.132 
160 COPE-0160    (0)   :  0.131 0.116 0.116 0.140 0.006 0.145 0.105 0.117 0.123 
161 COPE-0161    (0)   :  0.128 0.121 0.123 0.133 0.012 0.131 0.112 0.113 0.127 
162 COPE-0162   (14)   :  0.007 0.007 0.007 0.007 0.944 0.007 0.007 0.007 0.007 
163 COPE-0163   (28)   :  0.013 0.013 0.013 0.013 0.894 0.013 0.013 0.013 0.013 
164 COPE-0164    (0)   :  0.129 0.130 0.120 0.116 0.029 0.116 0.124 0.117 0.118 
165 COPE-0165    (0)   :  0.125 0.125 0.134 0.123 0.008 0.121 0.123 0.115 0.126 
166 COPE-0166   (14)   :  0.127 0.119 0.120 0.144 0.008 0.142 0.111 0.117 0.113 
167 COPE-0167    (0)   :  0.129 0.115 0.117 0.139 0.008 0.147 0.115 0.126 0.105 
168 COPE-0168    (0)   :  0.119 0.134 0.112 0.124 0.006 0.123 0.127 0.127 0.128 
169 COPE-0169    (0)   :  0.124 0.130 0.145 0.117 0.011 0.108 0.133 0.105 0.127 
170 COPE-0170    (0)   :  0.132 0.132 0.106 0.108 0.029 0.117 0.125 0.117 0.133 
171 COPE-0171    (0)   :  0.123 0.128 0.117 0.121 0.008 0.117 0.128 0.130 0.128 
172 COPE-0172    (0)   :  0.123 0.124 0.123 0.125 0.007 0.122 0.126 0.126 0.125 
173 COPE-0173   (14)   :  0.116 0.124 0.133 0.113 0.062 0.108 0.125 0.103 0.116 
174 COPE-0174   (28)   :  0.129 0.129 0.116 0.117 0.017 0.127 0.119 0.121 0.125 
175 COPE-0175    (0)   :  0.121 0.121 0.110 0.135 0.040 0.127 0.111 0.116 0.118 
176 COPE-0176    (0)   :  0.135 0.118 0.115 0.115 0.009 0.137 0.128 0.131 0.112 
177 COPE-0177    (0)   :  0.127 0.133 0.132 0.121 0.007 0.116 0.131 0.113 0.120 
178 COPE-0178    (0)   :  0.127 0.095 0.137 0.128 0.007 0.120 0.141 0.168 0.078 
179 COPE-0179    (0)   :  0.131 0.123 0.130 0.122 0.009 0.125 0.117 0.121 0.122 
180 COPE-0180   (14)   :  0.121 0.130 0.144 0.118 0.006 0.115 0.133 0.108 0.126 
181 COPE-0181   (14)   :  0.126 0.123 0.139 0.124 0.009 0.117 0.125 0.115 0.122 
182 COPE-0182    (0)   :  0.123 0.129 0.116 0.116 0.005 0.116 0.127 0.125 0.144 
183 COPE-0183    (0)   :  0.128 0.128 0.122 0.119 0.011 0.122 0.128 0.123 0.119 
184 COPE-0184    (0)   :  0.122 0.116 0.116 0.138 0.009 0.144 0.114 0.126 0.115 
185 COPE-0185    (0)   :  0.133 0.135 0.114 0.110 0.007 0.106 0.136 0.114 0.145 
186 COPE-0186    (0)   :  0.109 0.134 0.120 0.122 0.005 0.102 0.136 0.135 0.136 
187 COPE-0187    (0)   :  0.116 0.114 0.131 0.116 0.010 0.136 0.110 0.128 0.139 
188 COPE-0188    (0)   :  0.024 0.023 0.028 0.026 0.799 0.027 0.022 0.025 0.028 
189 COPE-0189    (0)   :  0.121 0.121 0.141 0.121 0.008 0.119 0.120 0.116 0.132 
190 COPE-0190    (0)   :  0.131 0.118 0.118 0.142 0.014 0.146 0.101 0.114 0.115 
191 COPE-0191    (0)   :  0.120 0.134 0.118 0.126 0.012 0.119 0.128 0.123 0.122 
192 COPE-0192   (14)   :  0.010 0.011 0.011 0.011 0.915 0.010 0.011 0.011 0.011 
193 COPE-0193    (0)   :  0.122 0.132 0.116 0.122 0.006 0.121 0.133 0.134 0.114 
194 COPE-0194    (0)   :  0.109 0.111 0.147 0.123 0.009 0.129 0.105 0.123 0.144 
195 COPE-0195    (0)   :  0.120 0.114 0.138 0.130 0.007 0.127 0.108 0.121 0.135 
196 COPE-0196    (0)   :  0.127 0.123 0.122 0.131 0.011 0.126 0.117 0.117 0.126 
197 COPE-0197    (0)   :  0.124 0.129 0.136 0.121 0.007 0.117 0.130 0.116 0.120 
198 COPE-0198    (0)   :  0.124 0.132 0.129 0.115 0.013 0.108 0.135 0.114 0.129 
199 COPE-0199    (0)   :  0.124 0.129 0.139 0.114 0.011 0.110 0.136 0.115 0.120 
200 COPE-0200   (42)   :  0.124 0.131 0.139 0.120 0.009 0.111 0.131 0.109 0.125 
201 COPE-0201    (0)   :  0.128 0.129 0.116 0.108 0.009 0.124 0.132 0.125 0.129 
202 COPE-0202    (0)   :  0.135 0.122 0.106 0.135 0.013 0.142 0.115 0.106 0.125 
203 COPE-0203    (0)   :  0.131 0.126 0.121 0.120 0.006 0.121 0.126 0.123 0.125 
204 COPE-0204    (0)   :  0.115 0.103 0.134 0.123 0.032 0.119 0.125 0.146 0.103 
205 COPE-0205    (0)   :  0.121 0.131 0.113 0.123 0.022 0.117 0.130 0.123 0.120 
206 COPE-0206    (0)   :  0.124 0.106 0.134 0.131 0.005 0.121 0.126 0.151 0.101 
207 COPE-0207    (0)   :  0.121 0.106 0.133 0.124 0.011 0.119 0.130 0.153 0.102 
208 COPE-0208    (0)   :  0.031 0.030 0.030 0.030 0.766 0.027 0.028 0.028 0.031 
209 COPE-0209    (0)   :  0.121 0.124 0.138 0.121 0.006 0.116 0.126 0.119 0.128 
210 COPE-0210    (0)   :  0.110 0.128 0.122 0.123 0.011 0.125 0.124 0.129 0.127 
211 COPE-0211    (0)   :  0.111 0.109 0.153 0.124 0.005 0.127 0.102 0.120 0.149 
212 COPE-0212    (0)   :  0.122 0.115 0.128 0.121 0.012 0.121 0.129 0.144 0.109 
213 COPE-0213    (0)   :  0.127 0.114 0.131 0.127 0.008 0.120 0.128 0.135 0.111 
214 COPE-0214    (0)   :  0.122 0.132 0.145 0.116 0.008 0.109 0.137 0.107 0.124 
215 COPE-0215    (0)   :  0.117 0.125 0.138 0.114 0.044 0.108 0.131 0.104 0.119 
216 COPE-0216   (14)   :  0.071 0.076 0.072 0.078 0.408 0.076 0.072 0.077 0.070 
217 COPE-0217    (0)   :  0.121 0.102 0.130 0.127 0.028 0.125 0.126 0.152 0.091 
218 COPE-0218    (0)   :  0.124 0.130 0.127 0.123 0.009 0.116 0.127 0.118 0.126 
219 COPE-0219   (14)   :  0.123 0.133 0.136 0.117 0.009 0.113 0.133 0.112 0.125 
220 COPE-0220    (0)   :  0.124 0.104 0.135 0.127 0.014 0.121 0.134 0.154 0.087 
221 COPE-0221    (0)   :  0.141 0.134 0.103 0.101 0.016 0.118 0.131 0.113 0.143 
222 COPE-0222    (0)   :  0.123 0.139 0.103 0.108 0.007 0.121 0.141 0.125 0.133 
223 COPE-0223    (0)   :  0.125 0.125 0.137 0.127 0.008 0.124 0.124 0.108 0.122 
224 COPE-0224    (0)   :  0.131 0.112 0.104 0.155 0.020 0.167 0.094 0.106 0.113 
225 COPE-0225    (0)   :  0.121 0.131 0.144 0.115 0.015 0.108 0.138 0.106 0.122 
226 COPE-0226    (0)   :  0.128 0.126 0.114 0.123 0.007 0.129 0.125 0.126 0.124 
227 COPE-0227    (0)   :  0.120 0.130 0.127 0.123 0.006 0.108 0.135 0.120 0.130 
228 COPE-0228    (0)   :  0.123 0.107 0.129 0.129 0.020 0.126 0.124 0.147 0.095 
229 COPE-0229    (0)   :  0.129 0.124 0.132 0.119 0.007 0.123 0.127 0.120 0.119 
230 COPE-0230    (0)   :  0.135 0.121 0.114 0.112 0.010 0.122 0.135 0.132 0.119 
231 COPE-0231    (0)   :  0.121 0.126 0.134 0.123 0.006 0.120 0.129 0.123 0.119 
232 COPE-0232    (0)   :  0.132 0.115 0.120 0.145 0.014 0.142 0.103 0.114 0.115 
233 COPE-0233    (0)   :  0.132 0.133 0.110 0.113 0.005 0.111 0.138 0.115 0.143 
234 COPE-0234    (0)   :  0.127 0.115 0.118 0.154 0.008 0.150 0.100 0.111 0.117 
235 COPE-0235    (0)   :  0.127 0.121 0.127 0.140 0.006 0.137 0.110 0.114 0.119 
236 COPE-0236    (0)   :  0.133 0.116 0.119 0.112 0.005 0.118 0.139 0.143 0.114 
237 COPE-0237    (0)   :  0.130 0.132 0.116 0.119 0.006 0.100 0.136 0.111 0.150 
238 COPE-0238    (0)   :  0.123 0.134 0.137 0.120 0.008 0.111 0.137 0.110 0.120 
239 COPE-0239    (0)   :  0.125 0.115 0.110 0.138 0.034 0.146 0.102 0.114 0.117 
240 COPE-0240    (0)   :  0.112 0.135 0.110 0.127 0.008 0.124 0.128 0.133 0.122 
241 COPE-0241    (0)   :  0.125 0.126 0.152 0.118 0.007 0.112 0.131 0.106 0.125 
242 COPE-0242    (0)   :  0.122 0.116 0.127 0.125 0.006 0.115 0.135 0.142 0.113 
243 COPE-0243    (0)   :  0.112 0.112 0.142 0.122 0.008 0.136 0.104 0.127 0.137 
244 COPE-0244    (0)   :  0.126 0.123 0.131 0.125 0.009 0.126 0.122 0.117 0.122 
245 COPE-0245    (0)   :  0.115 0.116 0.137 0.120 0.012 0.127 0.108 0.124 0.141 
246 COPE-0246    (0)   :  0.129 0.126 0.116 0.130 0.013 0.131 0.116 0.123 0.116 
247 COPE-0247    (0)   :  0.133 0.132 0.121 0.108 0.017 0.111 0.130 0.111 0.136 
248 COPE-0248    (0)   :  0.119 0.123 0.129 0.122 0.005 0.119 0.119 0.127 0.137 
249 COPE-0249    (0)   :  0.126 0.118 0.117 0.144 0.032 0.141 0.103 0.107 0.112 
250 COPE-0250    (0)   :  0.126 0.112 0.116 0.151 0.016 0.153 0.101 0.115 0.110 
251 COPE-0251   (14)   :  0.034 0.033 0.029 0.029 0.751 0.027 0.033 0.028 0.036 
252 COPE-0252    (0)   :  0.128 0.115 0.114 0.150 0.012 0.152 0.102 0.113 0.116 
253 COPE-0253    (0)   :  0.144 0.136 0.104 0.090 0.008 0.119 0.139 0.116 0.144 
254 COPE-0254    (0)   :  0.114 0.115 0.125 0.122 0.014 0.136 0.117 0.134 0.123 
255 COPE-0255    (0)   :  0.124 0.124 0.118 0.114 0.026 0.117 0.123 0.120 0.135 
256 COPE-0256    (0)   :  0.112 0.134 0.109 0.126 0.011 0.127 0.131 0.140 0.111 
257 COPE-0257    (0)   :  0.108 0.137 0.118 0.127 0.008 0.102 0.135 0.131 0.134 
258 COPE-0258    (0)   :  0.117 0.125 0.127 0.121 0.020 0.109 0.125 0.124 0.131 
259 COPE-0259    (0)   :  0.119 0.119 0.135 0.127 0.006 0.117 0.123 0.127 0.126 
260 COPE-0260    (0)   :  0.121 0.129 0.134 0.121 0.024 0.114 0.129 0.111 0.117 
261 COPE-0261    (0)   :  0.111 0.112 0.135 0.123 0.006 0.127 0.119 0.141 0.125 
262 COPE-0262    (0)   :  0.113 0.123 0.127 0.125 0.020 0.130 0.112 0.132 0.118 
263 COPE-0263    (0)   :  0.119 0.134 0.117 0.126 0.008 0.099 0.135 0.117 0.144 
264 COPE-0264    (0)   :  0.115 0.128 0.123 0.126 0.020 0.106 0.128 0.127 0.127 
265 COPE-0265    (0)   :  0.130 0.130 0.117 0.107 0.011 0.120 0.131 0.119 0.136 
266 COPE-0266    (0)   :  0.125 0.107 0.131 0.130 0.018 0.124 0.122 0.142 0.100 
267 COPE-0267    (0)   :  0.131 0.126 0.113 0.124 0.006 0.122 0.125 0.113 0.140 
268 COPE-0268    (0)   :  0.129 0.132 0.111 0.118 0.013 0.099 0.134 0.113 0.151 
269 COPE-0269    (0)   :  0.116 0.129 0.114 0.135 0.007 0.129 0.118 0.129 0.124 
270 COPE-0270    (0)   :  0.108 0.108 0.155 0.123 0.007 0.128 0.102 0.118 0.151 
271 COPE-0271    (0)   :  0.116 0.128 0.126 0.132 0.007 0.129 0.118 0.120 0.124 
272 COPE-0272    (0)   :  0.132 0.125 0.113 0.118 0.007 0.132 0.123 0.125 0.123 
273 COPE-0273    (0)   :  0.127 0.110 0.127 0.120 0.015 0.118 0.130 0.144 0.109 
274 COPE-0274   (14)   :  0.021 0.020 0.026 0.022 0.821 0.023 0.020 0.022 0.025 
275 COPE-0275    (0)   :  0.121 0.116 0.136 0.134 0.010 0.127 0.110 0.116 0.131 
276 COPE-0276   (14)   :  0.006 0.006 0.006 0.006 0.950 0.006 0.006 0.006 0.006 
277 COPE-0277   (14)   :  0.115 0.130 0.111 0.123 0.013 0.120 0.131 0.141 0.114 
278 COPE-0278    (0)   :  0.124 0.101 0.135 0.128 0.007 0.125 0.138 0.162 0.079 
279 COPE-0279    (0)   :  0.128 0.115 0.126 0.131 0.009 0.125 0.125 0.134 0.107 
280 COPE-0280    (0)   :  0.013 0.013 0.013 0.013 0.896 0.013 0.013 0.013 0.013 
281 COPE-0281    (0)   :  0.031 0.029 0.032 0.032 0.761 0.030 0.028 0.028 0.030 
282 COPE-0282   (14)   :  0.134 0.111 0.105 0.160 0.006 0.174 0.091 0.104 0.114 
283 COPE-0283    (0)   :  0.125 0.107 0.131 0.127 0.007 0.127 0.130 0.152 0.093 
284 COPE-0284   (14)   :  0.124 0.125 0.135 0.122 0.035 0.114 0.118 0.109 0.117 
285 COPE-0285    (0)   :  0.031 0.032 0.031 0.031 0.747 0.031 0.033 0.032 0.031 
286 COPE-0286    (0)   :  0.126 0.115 0.143 0.131 0.011 0.124 0.105 0.112 0.134 
287 COPE-0287    (0)   :  0.122 0.129 0.108 0.123 0.033 0.097 0.131 0.110 0.147 
288 COPE-0288    (0)   :  0.141 0.131 0.106 0.105 0.010 0.124 0.129 0.115 0.139 
289 COPE-0289    (0)   :  0.122 0.132 0.116 0.111 0.008 0.122 0.136 0.125 0.128 
290 COPE-0290    (0)   :  0.114 0.112 0.156 0.118 0.008 0.122 0.109 0.115 0.145 
291 COPE-0291    (0)   :  0.117 0.128 0.130 0.126 0.006 0.115 0.127 0.125 0.125 
292 COPE-0292   (42)   :  0.015 0.014 0.014 0.014 0.886 0.014 0.014 0.014 0.014 
293 COPE-0293    (0)   :  0.138 0.129 0.108 0.094 0.008 0.125 0.139 0.121 0.138 
294 COPE-0294    (0)   :  0.125 0.121 0.125 0.137 0.012 0.135 0.113 0.119 0.114 
295 COPE-0295    (0)   :  0.126 0.118 0.113 0.134 0.008 0.144 0.119 0.127 0.111 
296 COPE-0296   (14)   :  0.129 0.123 0.124 0.116 0.007 0.123 0.122 0.125 0.132 
297 COPE-0297   (14)   :  0.118 0.126 0.142 0.114 0.035 0.109 0.129 0.104 0.122 
298 COPE-0298    (0)   :  0.135 0.121 0.113 0.120 0.010 0.137 0.120 0.119 0.125 
299 COPE-0299    (0)   :  0.111 0.115 0.137 0.119 0.006 0.130 0.110 0.128 0.145 
300 COPE-0300   (14)   :  0.116 0.135 0.112 0.127 0.008 0.115 0.132 0.125 0.129 
301 COPE-0301   (14)   :  0.147 0.137 0.097 0.085 0.009 0.121 0.143 0.115 0.146 
302 COPE-0302    (0)   :  0.086 0.101 0.090 0.094 0.233 0.095 0.104 0.101 0.096 
303 COPE-0303    (0)   :  0.130 0.104 0.133 0.126 0.006 0.120 0.137 0.152 0.092 
304 COPE-0304    (0)   :  0.131 0.124 0.120 0.121 0.007 0.126 0.123 0.123 0.125 
305 COPE-0305   (14)   :  0.119 0.122 0.111 0.136 0.037 0.126 0.110 0.121 0.117 
306 COPE-0306    (0)   :  0.122 0.099 0.138 0.127 0.009 0.120 0.134 0.165 0.087 
307 COPE-0307   (28)   :  0.008 0.008 0.008 0.008 0.936 0.008 0.008 0.008 0.008 
308 COPE-0308    (0)   :  0.135 0.116 0.104 0.150 0.006 0.167 0.097 0.107 0.118 
309 COPE-0309   (14)   :  0.048 0.046 0.046 0.046 0.634 0.048 0.043 0.044 0.045 
310 COPE-0310   (28)   :  0.039 0.050 0.042 0.045 0.641 0.037 0.049 0.047 0.049 
311 COPE-0311    (0)   :  0.119 0.126 0.119 0.125 0.023 0.108 0.125 0.125 0.130 
312 COPE-0312   (28)   :  0.013 0.012 0.013 0.013 0.899 0.013 0.013 0.014 0.011 
313 COPE-0313    (0)   :  0.118 0.115 0.132 0.127 0.008 0.113 0.129 0.143 0.115 
314 COPE-0314    (0)   :  0.126 0.129 0.117 0.119 0.008 0.106 0.129 0.120 0.146 
315 COPE-0315    (0)   :  0.122 0.125 0.130 0.122 0.008 0.116 0.133 0.124 0.120 
316 COPE-0316    (0)   :  0.116 0.115 0.136 0.124 0.021 0.120 0.118 0.125 0.124 
317 COPE-0317   (14)   :  0.008 0.009 0.008 0.009 0.932 0.008 0.008 0.009 0.009 
318 COPE-0318    (0)   :  0.122 0.119 0.135 0.130 0.006 0.124 0.116 0.122 0.127 
319 COPE-0319    (0)   :  0.129 0.117 0.116 0.144 0.007 0.146 0.106 0.111 0.125 
320 COPE-0320   (14)   :  0.141 0.132 0.109 0.106 0.014 0.126 0.126 0.116 0.129 
321 COPE-0321   (14)   :  0.116 0.125 0.126 0.123 0.011 0.105 0.130 0.128 0.135 
322 COPE-0322   (14)   :  0.123 0.122 0.139 0.130 0.006 0.123 0.120 0.116 0.120 
323 COPE-0323    (0)   :  0.104 0.139 0.118 0.125 0.009 0.096 0.139 0.131 0.138 
324 COPE-0324    (0)   :  0.124 0.131 0.143 0.114 0.006 0.110 0.138 0.112 0.123 
325 COPE-0325   (14)   :  0.107 0.138 0.107 0.123 0.011 0.126 0.130 0.142 0.117 
326 COPE-0326    (0)   :  0.138 0.121 0.110 0.114 0.007 0.134 0.130 0.127 0.119 
327 COPE-0327   (14)   :  0.138 0.136 0.109 0.101 0.008 0.122 0.129 0.119 0.138 
328 COPE-0328    (0)   :  0.127 0.117 0.137 0.128 0.006 0.121 0.124 0.125 0.116 
329 COPE-0329   (28)   :  0.123 0.125 0.135 0.118 0.012 0.113 0.136 0.122 0.115 
330 COPE-0330    (0)   :  0.122 0.126 0.119 0.121 0.021 0.106 0.127 0.120 0.137 
331 COPE-0331    (0)   :  0.149 0.137 0.102 0.089 0.006 0.119 0.141 0.111 0.146 
332 COPE-0332   (14)   :  0.129 0.115 0.128 0.131 0.007 0.121 0.124 0.135 0.109 
333 COPE-0333    (0)   :  0.118 0.117 0.092 0.084 0.150 0.100 0.116 0.099 0.123 
334 COPE-0334   (28)   :  0.047 0.055 0.047 0.050 0.594 0.043 0.055 0.052 0.056 
335 COPE-0335    (0)   :  0.122 0.133 0.146 0.115 0.007 0.109 0.137 0.107 0.124 
336 COPE-0336    (0)   :  0.133 0.131 0.120 0.119 0.006 0.122 0.119 0.115 0.135 
337 COPE-0337   (28)   :  0.018 0.019 0.020 0.018 0.853 0.017 0.019 0.017 0.018 
338 COPE-0338    (0)   :  0.116 0.130 0.120 0.124 0.021 0.099 0.132 0.120 0.138 
339 COPE-0339    (0)   :  0.106 0.139 0.106 0.119 0.006 0.130 0.139 0.137 0.118 
340 COPE-0340   (14)   :  0.012 0.012 0.012 0.012 0.904 0.012 0.012 0.012 0.012 
341 COPE-0341    (0)   :  0.130 0.118 0.114 0.142 0.007 0.145 0.106 0.112 0.126 
342 COPE-0342    (0)   :  0.124 0.131 0.147 0.117 0.007 0.111 0.134 0.105 0.123 
343 COPE-0343    (0)   :  0.126 0.114 0.123 0.120 0.006 0.124 0.131 0.142 0.115 
344 COPE-0344   (14)   :  0.011 0.011 0.010 0.011 0.915 0.011 0.011 0.010 0.011 
345 COPE-0345    (0)   :  0.127 0.118 0.113 0.148 0.006 0.147 0.104 0.115 0.121 
346 COPE-0346    (0)   :  0.126 0.119 0.126 0.132 0.032 0.122 0.110 0.111 0.120 
347 COPE-0347    (0)   :  0.115 0.120 0.128 0.123 0.007 0.129 0.121 0.129 0.129 
348 COPE-0348    (0)   :  0.115 0.113 0.135 0.125 0.015 0.122 0.118 0.135 0.120 
349 COPE-0349    (0)   :  0.122 0.133 0.140 0.121 0.006 0.116 0.130 0.111 0.121 
350 COPE-0350    (0)   :  0.116 0.116 0.138 0.128 0.006 0.124 0.117 0.123 0.130 
351 COPE-0351    (0)   :  0.112 0.116 0.139 0.120 0.006 0.128 0.114 0.124 0.141 
352 COPE-0352    (0)   :  0.125 0.118 0.128 0.127 0.027 0.119 0.119 0.120 0.116 
353 COPE-0353    (0)   :  0.112 0.136 0.119 0.129 0.005 0.106 0.133 0.127 0.132 
354 COPE-0354    (0)   :  0.118 0.128 0.116 0.119 0.015 0.122 0.126 0.127 0.129 
355 COPE-0355    (0)   :  0.108 0.139 0.105 0.122 0.006 0.131 0.134 0.141 0.114 
356 COPE-0356    (0)   :  0.117 0.115 0.124 0.121 0.008 0.139 0.113 0.131 0.132 
357 COPE-0357    (0)   :  0.124 0.129 0.136 0.121 0.009 0.119 0.125 0.110 0.127 
358 COPE-0358    (0)   :  0.008 0.008 0.008 0.007 0.940 0.007 0.008 0.007 0.008 
359 COPE-0359   (14)   :  0.129 0.123 0.122 0.134 0.009 0.130 0.116 0.122 0.115 
360 COPE-0360    (0)   :  0.111 0.131 0.122 0.122 0.006 0.109 0.132 0.133 0.133 
361 COPE-0361    (0)   :  0.126 0.117 0.126 0.142 0.009 0.142 0.106 0.115 0.118 
362 COPE-0362    (0)   :  0.121 0.130 0.144 0.119 0.007 0.111 0.135 0.110 0.124 
363 COPE-0363   (14)   :  0.129 0.121 0.123 0.135 0.013 0.134 0.109 0.119 0.117 
364 COPE-0364    (0)   :  0.119 0.131 0.120 0.127 0.006 0.100 0.133 0.120 0.145 
365 COPE-0365    (0)   :  0.115 0.135 0.114 0.122 0.019 0.088 0.139 0.118 0.149 
366 COPE-0366    (0)   :  0.118 0.123 0.140 0.118 0.023 0.118 0.125 0.106 0.128 
367 COPE-0367   (14)   :  0.012 0.012 0.011 0.012 0.904 0.013 0.011 0.011 0.012 
368 COPE-0368    (0)   :  0.114 0.134 0.111 0.120 0.010 0.125 0.134 0.133 0.119 
369 COPE-0369    (0)   :  0.134 0.130 0.120 0.113 0.009 0.124 0.126 0.113 0.132 
370 COPE-0370   (28)   :  0.009 0.009 0.009 0.009 0.929 0.009 0.009 0.009 0.009 
371 COPE-0371    (0)   :  0.128 0.132 0.112 0.114 0.013 0.107 0.134 0.123 0.138 
372 COPE-0372    (0)   :  0.119 0.113 0.128 0.116 0.047 0.116 0.129 0.132 0.100 
373 COPE-0373   (14)   :  0.134 0.123 0.109 0.122 0.007 0.138 0.121 0.121 0.127 
374 COPE-0374    (0)   :  0.126 0.124 0.114 0.135 0.008 0.127 0.115 0.120 0.131 
375 COPE-0375   (14)   :  0.112 0.137 0.113 0.127 0.010 0.104 0.133 0.123 0.141 
376 COPE-0376   (14)   :  0.112 0.111 0.138 0.121 0.006 0.133 0.110 0.136 0.134 
377 COPE-0377    (0)   :  0.052 0.050 0.050 0.054 0.589 0.056 0.047 0.050 0.051 
378 COPE-0378    (0)   :  0.110 0.130 0.119 0.125 0.006 0.122 0.123 0.134 0.131 
379 COPE-0379    (0)   :  0.126 0.125 0.148 0.120 0.007 0.114 0.127 0.107 0.126 
380 COPE-0380   (28)   :  0.035 0.030 0.037 0.035 0.719 0.034 0.038 0.043 0.027 
381 COPE-0381    (0)   :  0.124 0.126 0.114 0.134 0.011 0.128 0.114 0.123 0.125 
382 COPE-0382    (0)   :  0.126 0.130 0.146 0.115 0.006 0.109 0.134 0.109 0.125 
383 COPE-0383    (0)   :  0.104 0.134 0.108 0.120 0.058 0.088 0.133 0.117 0.139 
384 COPE-0384    (0)   :  0.113 0.126 0.121 0.120 0.008 0.121 0.130 0.134 0.127 


Estimated Allele Frequencies in each cluster
First column gives estimated ancestral frequencies


Locus 1 : COPE5 
78 alleles
0.5% missing data
   1   (0.007) 0.001 0.001 0.001 0.001 0.687 0.001 0.001 0.001 0.001 
   2   (0.023) 0.025 0.024 0.023 0.026 0.013 0.027 0.022 0.024 0.024 
   3   (0.014) 0.014 0.014 0.013 0.017 0.001 0.017 0.013 0.014 0.014 
   4   (0.024) 0.024 0.026 0.026 0.025 0.001 0.026 0.025 0.024 0.025 
   5   (0.011) 0.010 0.011 0.011 0.009 0.001 0.009 0.010 0.009 0.011 
   6   (0.019) 0.018 0.017 0.019 0.020 0.004 0.019 0.017 0.017 0.017 
   7   (0.008) 0.004 0.003 0.003 0.004 0.001 0.004 0.003 0.003 0.003 
   8   (0.034) 0.092 0.081 0.089 0.094 0.002 0.097 0.091 0.102 0.075 
   9   (0.020) 0.022 0.021 0.022 0.024 0.001 0.024 0.020 0.021 0.020 
  10   (0.019) 0.020 0.020 0.020 0.020 0.001 0.018 0.020 0.019 0.021 
  11   (0.015) 0.015 0.016 0.014 0.015 0.014 0.012 0.016 0.014 0.018 
  12   (0.016) 0.027 0.025 0.021 0.018 0.001 0.023 0.026 0.022 0.026 
  13   (0.010) 0.012 0.011 0.010 0.009 0.001 0.011 0.011 0.010 0.012 
  14   (0.023) 0.029 0.029 0.025 0.025 0.002 0.027 0.028 0.026 0.029 
  15   (0.015) 0.029 0.036 0.029 0.033 0.001 0.032 0.034 0.036 0.031 
  16   (0.010) 0.006 0.006 0.007 0.006 0.001 0.006 0.006 0.006 0.006 
  17   (0.018) 0.015 0.014 0.016 0.015 0.001 0.015 0.014 0.015 0.014 
  18   (0.016) 0.014 0.014 0.015 0.013 0.006 0.013 0.014 0.013 0.014 
  19   (0.011) 0.010 0.010 0.012 0.009 0.001 0.009 0.010 0.009 0.010 
  20   (0.029) 0.053 0.057 0.048 0.047 0.002 0.049 0.059 0.053 0.058 
  21   (0.023) 0.022 0.023 0.022 0.021 0.001 0.022 0.023 0.021 0.022 
  22   (0.019) 0.015 0.016 0.016 0.015 0.008 0.015 0.016 0.015 0.015 
  23   (0.013) 0.012 0.012 0.012 0.011 0.001 0.011 0.013 0.011 0.012 
  24   (0.014) 0.017 0.018 0.020 0.018 0.001 0.018 0.018 0.020 0.020 
  25   (0.010) 0.009 0.008 0.007 0.007 0.001 0.008 0.008 0.007 0.008 
  26   (0.012) 0.009 0.009 0.009 0.009 0.001 0.009 0.008 0.008 0.009 
  27   (0.012) 0.009 0.009 0.011 0.010 0.001 0.010 0.008 0.009 0.011 
  28   (0.008) 0.003 0.003 0.003 0.003 0.018 0.003 0.002 0.003 0.003 
  29   (0.014) 0.011 0.011 0.013 0.011 0.001 0.012 0.010 0.011 0.013 
  30   (0.019) 0.021 0.020 0.020 0.020 0.003 0.021 0.019 0.018 0.020 
  31   (0.019) 0.018 0.020 0.019 0.019 0.001 0.018 0.020 0.019 0.019 
  32   (0.025) 0.039 0.040 0.040 0.036 0.002 0.035 0.041 0.036 0.041 
  33   (0.006) 0.002 0.002 0.002 0.002 0.000 0.002 0.002 0.002 0.002 
  34   (0.018) 0.020 0.020 0.018 0.018 0.001 0.018 0.021 0.019 0.022 
  35   (0.006) 0.001 0.001 0.001 0.001 0.055 0.001 0.001 0.001 0.001 
  36   (0.006) 0.002 0.002 0.002 0.002 0.000 0.002 0.002 0.002 0.002 
  37   (0.021) 0.022 0.027 0.024 0.024 0.016 0.024 0.027 0.026 0.026 
  38   (0.016) 0.012 0.012 0.013 0.013 0.006 0.013 0.011 0.013 0.012 
  39   (0.014) 0.020 0.016 0.020 0.020 0.001 0.019 0.020 0.022 0.015 
  40   (0.012) 0.010 0.010 0.011 0.009 0.001 0.009 0.010 0.009 0.009 
  41   (0.009) 0.004 0.004 0.005 0.005 0.001 0.005 0.004 0.005 0.005 
  42   (0.006) 0.002 0.002 0.002 0.002 0.000 0.002 0.002 0.002 0.002 
  43   (0.009) 0.005 0.005 0.005 0.005 0.001 0.005 0.004 0.005 0.005 
  44   (0.023) 0.027 0.025 0.026 0.029 0.001 0.031 0.023 0.026 0.027 
  45   (0.006) 0.002 0.002 0.002 0.002 0.000 0.002 0.002 0.002 0.002 
  46   (0.016) 0.019 0.018 0.017 0.018 0.001 0.017 0.019 0.019 0.018 
  47   (0.009) 0.006 0.006 0.006 0.007 0.001 0.007 0.006 0.006 0.006 
  48   (0.006) 0.002 0.002 0.002 0.002 0.000 0.002 0.002 0.002 0.002 
  49   (0.015) 0.015 0.016 0.015 0.017 0.001 0.017 0.015 0.016 0.016 
  50   (0.013) 0.011 0.012 0.012 0.012 0.001 0.012 0.011 0.011 0.011 
  51   (0.012) 0.013 0.016 0.014 0.014 0.008 0.012 0.016 0.015 0.016 
  52   (0.014) 0.012 0.012 0.012 0.011 0.001 0.012 0.012 0.012 0.014 
  53   (0.006) 0.001 0.001 0.001 0.001 0.032 0.001 0.001 0.001 0.001 
  54   (0.006) 0.001 0.001 0.001 0.001 0.078 0.001 0.001 0.001 0.001 
  55   (0.010) 0.007 0.007 0.008 0.007 0.001 0.008 0.006 0.008 0.008 
  56   (0.011) 0.011 0.010 0.012 0.011 0.001 0.011 0.012 0.013 0.009 
  57   (0.013) 0.011 0.012 0.013 0.011 0.001 0.011 0.012 0.011 0.012 
  58   (0.008) 0.005 0.005 0.007 0.006 0.000 0.006 0.005 0.006 0.007 
  59   (0.010) 0.012 0.011 0.010 0.014 0.001 0.015 0.009 0.010 0.011 
  60   (0.010) 0.008 0.008 0.007 0.008 0.001 0.007 0.008 0.008 0.008 
  61   (0.006) 0.002 0.002 0.002 0.002 0.000 0.002 0.002 0.002 0.002 
  62   (0.012) 0.011 0.012 0.012 0.012 0.001 0.011 0.012 0.012 0.013 
  63   (0.011) 0.014 0.014 0.016 0.015 0.001 0.017 0.015 0.017 0.016 
  64   (0.009) 0.005 0.005 0.005 0.005 0.001 0.005 0.005 0.005 0.005 
  65   (0.019) 0.020 0.020 0.022 0.020 0.001 0.019 0.021 0.022 0.018 
  66   (0.009) 0.010 0.009 0.009 0.008 0.001 0.009 0.010 0.010 0.009 
  67   (0.010) 0.006 0.006 0.007 0.006 0.001 0.006 0.006 0.006 0.007 
  68   (0.013) 0.011 0.011 0.013 0.011 0.001 0.011 0.011 0.010 0.011 
  69   (0.006) 0.002 0.002 0.002 0.002 0.000 0.002 0.002 0.002 0.002 
  70   (0.006) 0.002 0.002 0.002 0.002 0.000 0.002 0.002 0.002 0.002 
  71   (0.010) 0.007 0.006 0.006 0.007 0.001 0.007 0.006 0.006 0.006 
  72   (0.006) 0.002 0.002 0.002 0.002 0.000 0.002 0.002 0.002 0.002 
  73   (0.006) 0.002 0.002 0.002 0.002 0.000 0.002 0.002 0.002 0.002 
  74   (0.006) 0.002 0.002 0.002 0.002 0.000 0.002 0.002 0.002 0.002 
  75   (0.009) 0.005 0.004 0.005 0.005 0.000 0.005 0.004 0.005 0.005 
  76   (0.006) 0.002 0.002 0.002 0.002 0.000 0.002 0.002 0.002 0.002 
  77   (0.008) 0.003 0.003 0.004 0.004 0.000 0.003 0.003 0.003 0.003 
  78   (0.006) 0.002 0.002 0.002 0.002 0.000 0.002 0.002 0.002 0.002 

Locus 2 : COPE9 
12 alleles
8.3% missing data
   1   (0.411) 0.471 0.474 0.463 0.455 0.410 0.458 0.476 0.463 0.483 
   2   (0.142) 0.135 0.132 0.137 0.147 0.276 0.148 0.126 0.136 0.132 
   3   (0.045) 0.051 0.046 0.053 0.051 0.020 0.050 0.055 0.060 0.041 
   4   (0.073) 0.073 0.079 0.077 0.074 0.022 0.071 0.079 0.073 0.075 
   5   (0.037) 0.026 0.025 0.027 0.024 0.021 0.025 0.025 0.025 0.027 
   6   (0.134) 0.135 0.135 0.133 0.136 0.047 0.135 0.132 0.133 0.137 
   7   (0.039) 0.027 0.026 0.027 0.030 0.072 0.030 0.024 0.024 0.025 
