

----------------------------------------------------
STRUCTURE by Pritchard, Stephens and Donnelly (2000)
     and Falush, Stephens and Pritchard (2003)
       Code by Pritchard, Falush and Hubisz
             Version 2.3.4 (Jul 2012)
----------------------------------------------------



Command line arguments:   /home/jason/Programs/structure -K 15 -i ../Data/microsats.structure -m Structure_Run/mainparams -e Structure_Run/extraparams -D 75780647 -o ../Structure_Results/06_K_15.out 
Input File:    ../Data/microsats.structure

Run parameters:
   384 individuals
   7 loci
   15 populations assumed
   1000000 Burn-in period
   10000000 Reps
RANDOMIZE turned off


--------------------------------------------
Overall proportion of membership of the
sample in each of the 15 clusters

Inferred Clusters
  1      2      3      4      5      6      7      8      9     10     11     12     13     14     15    
0.064  0.064  0.064  0.064  0.064  0.102  0.064  0.064  0.064  0.064  0.064  0.064  0.064  0.064  0.064  

--------------------------------------------

Allele-freq. divergence among pops (Net nucleotide distance),
computed using point estimates of P.

      1       2       3       4       5       6       7       8       9      10      11      12      13      14      15      
 1      -    0.0001  0.0002  0.0000  0.0001  0.1779  0.0001  0.0001  0.0001  0.0001  0.0001  0.0003  0.0001  0.0001  0.0001  
 2   0.0001     -    0.0002  0.0002  0.0002  0.1773  0.0001  0.0000  0.0001  0.0001  0.0002  0.0004  0.0001  0.0002  0.0001  
 3   0.0002  0.0002     -    0.0003  0.0003  0.1801  0.0004  0.0003  0.0002  0.0004  0.0003  0.0006  0.0001  0.0003  0.0004  
 4   0.0000  0.0002  0.0003     -    0.0000  0.1769  0.0001  0.0002  0.0001  0.0001  0.0001  0.0002  0.0001  0.0001  0.0001  
 5   0.0001  0.0002  0.0003  0.0000     -    0.1755  0.0000  0.0001  0.0002  0.0001  0.0001  0.0002  0.0002  0.0000  0.0001  
 6   0.1779  0.1773  0.1801  0.1769  0.1755     -    0.1753  0.1764  0.1778  0.1760  0.1775  0.1720  0.1776  0.1761  0.1759  
 7   0.0001  0.0001  0.0004  0.0001  0.0000  0.1753     -    0.0001  0.0001  0.0001  0.0001  0.0001  0.0002  0.0001  0.0001  
 8   0.0001  0.0000  0.0003  0.0002  0.0001  0.1764  0.0001     -    0.0001  0.0001  0.0002  0.0003  0.0001  0.0001  0.0001  
 9   0.0001  0.0001  0.0002  0.0001  0.0002  0.1778  0.0001  0.0001     -    0.0001  0.0001  0.0003  0.0001  0.0002  0.0001  
10   0.0001  0.0001  0.0004  0.0001  0.0001  0.1760  0.0001  0.0001  0.0001     -    0.0002  0.0002  0.0002  0.0001  0.0001  
11   0.0001  0.0002  0.0003  0.0001  0.0001  0.1775  0.0001  0.0002  0.0001  0.0002     -    0.0002  0.0002  0.0001  0.0001  
12   0.0003  0.0004  0.0006  0.0002  0.0002  0.1720  0.0001  0.0003  0.0003  0.0002  0.0002     -    0.0004  0.0002  0.0003  
13   0.0001  0.0001  0.0001  0.0001  0.0002  0.1776  0.0002  0.0001  0.0001  0.0002  0.0002  0.0004     -    0.0002  0.0002  
14   0.0001  0.0002  0.0003  0.0001  0.0000  0.1761  0.0001  0.0001  0.0002  0.0001  0.0001  0.0002  0.0002     -    0.0001  
15   0.0001  0.0001  0.0004  0.0001  0.0001  0.1759  0.0001  0.0001  0.0001  0.0001  0.0001  0.0003  0.0002  0.0001     -    

Average distances (expected heterozygosity) between individuals in same cluster:
cluster  1  : 0.6220 
cluster  2  : 0.6236 
cluster  3  : 0.6201 
cluster  4  : 0.6258 
cluster  5  : 0.6289 
cluster  6  : 0.6194 
cluster  7  : 0.6297 
cluster  8  : 0.6247 
cluster  9  : 0.6226 
cluster 10  : 0.6266 
cluster 11  : 0.6243 
cluster 12  : 0.6417 
cluster 13  : 0.6236 
cluster 14  : 0.6264 
cluster 15  : 0.6252 

--------------------------------------------
Estimated Ln Prob of Data   = -9559.9
Mean value of ln likelihood = -7505.5
Variance of ln likelihood   = 4108.7
Mean value of alpha         = 0.0500

Mean value of Fst_1         = 0.1455
Mean value of Fst_2         = 0.1489
Mean value of Fst_3         = 0.1547
Mean value of Fst_4         = 0.1382
Mean value of Fst_5         = 0.1347
Mean value of Fst_6         = 0.2407
Mean value of Fst_7         = 0.1317
Mean value of Fst_8         = 0.1460
Mean value of Fst_9         = 0.1448
Mean value of Fst_10         = 0.1435
Mean value of Fst_11         = 0.1400
Mean value of Fst_12         = 0.1048
Mean value of Fst_13         = 0.1491
Mean value of Fst_14         = 0.1401
Mean value of Fst_15         = 0.1414


Inferred ancestry of individuals:
        Label (%Miss) :  Inferred clusters
  1 COPE-0001    (0)   :  0.009 0.009 0.009 0.009 0.009 0.877 0.009 0.009 0.009 0.009 0.009 0.009 0.009 0.009 0.009 
  2 COPE-0002    (0)   :  0.067 0.069 0.061 0.070 0.076 0.010 0.074 0.071 0.069 0.070 0.070 0.080 0.068 0.072 0.073 
  3 COPE-0003    (0)   :  0.069 0.062 0.058 0.072 0.076 0.006 0.078 0.064 0.069 0.066 0.074 0.100 0.064 0.071 0.071 
  4 COPE-0004    (0)   :  0.062 0.075 0.059 0.061 0.071 0.010 0.069 0.079 0.069 0.088 0.065 0.075 0.061 0.075 0.080 
  5 COPE-0005    (0)   :  0.068 0.074 0.069 0.066 0.072 0.022 0.071 0.076 0.070 0.070 0.066 0.064 0.072 0.070 0.070 
  6 COPE-0006    (0)   :  0.069 0.065 0.067 0.074 0.072 0.018 0.073 0.073 0.072 0.067 0.071 0.070 0.067 0.070 0.071 
  7 COPE-0007    (0)   :  0.071 0.078 0.080 0.066 0.069 0.006 0.068 0.072 0.074 0.071 0.066 0.065 0.074 0.070 0.067 
  8 COPE-0008    (0)   :  0.074 0.074 0.079 0.075 0.070 0.008 0.069 0.075 0.070 0.069 0.061 0.061 0.080 0.070 0.066 
  9 COPE-0009    (0)   :  0.069 0.067 0.062 0.070 0.074 0.015 0.074 0.065 0.069 0.069 0.075 0.085 0.066 0.068 0.071 
 10 COPE-0010    (0)   :  0.072 0.066 0.073 0.074 0.070 0.007 0.072 0.066 0.070 0.070 0.078 0.074 0.066 0.074 0.068 
 11 COPE-0011   (14)   :  0.013 0.013 0.012 0.012 0.013 0.821 0.013 0.013 0.013 0.013 0.013 0.012 0.012 0.013 0.013 
 12 COPE-0012   (14)   :  0.078 0.068 0.075 0.080 0.075 0.006 0.069 0.068 0.065 0.067 0.065 0.070 0.076 0.072 0.067 
 13 COPE-0013    (0)   :  0.077 0.067 0.059 0.071 0.069 0.006 0.075 0.072 0.076 0.077 0.084 0.059 0.060 0.071 0.078 
 14 COPE-0014    (0)   :  0.072 0.087 0.081 0.060 0.054 0.008 0.063 0.084 0.077 0.070 0.069 0.055 0.085 0.057 0.079 
 15 COPE-0015    (0)   :  0.074 0.081 0.079 0.066 0.061 0.007 0.066 0.079 0.077 0.069 0.069 0.058 0.078 0.064 0.074 
 16 COPE-0016    (0)   :  0.072 0.075 0.072 0.070 0.075 0.009 0.070 0.074 0.072 0.065 0.075 0.057 0.074 0.072 0.069 
 17 COPE-0017    (0)   :  0.036 0.040 0.039 0.032 0.030 0.511 0.032 0.039 0.037 0.034 0.035 0.027 0.040 0.031 0.037 
 18 COPE-0018    (0)   :  0.072 0.069 0.069 0.076 0.074 0.007 0.072 0.073 0.074 0.071 0.073 0.063 0.064 0.073 0.071 
 19 COPE-0019    (0)   :  0.075 0.069 0.066 0.073 0.070 0.006 0.072 0.071 0.075 0.073 0.078 0.064 0.065 0.069 0.075 
 20 COPE-0020    (0)   :  0.070 0.065 0.067 0.072 0.076 0.006 0.076 0.064 0.069 0.068 0.074 0.089 0.068 0.072 0.066 
 21 COPE-0021    (0)   :  0.076 0.076 0.079 0.068 0.070 0.006 0.068 0.069 0.070 0.069 0.070 0.062 0.075 0.073 0.069 
 22 COPE-0022    (0)   :  0.077 0.066 0.069 0.081 0.074 0.006 0.073 0.070 0.070 0.070 0.066 0.059 0.081 0.071 0.066 
 23 COPE-0023    (0)   :  0.070 0.064 0.062 0.074 0.075 0.008 0.074 0.069 0.072 0.069 0.076 0.084 0.064 0.068 0.070 
 24 COPE-0024   (14)   :  0.075 0.073 0.078 0.072 0.077 0.006 0.072 0.072 0.071 0.068 0.069 0.056 0.076 0.072 0.064 
 25 COPE-0025    (0)   :  0.058 0.054 0.051 0.071 0.079 0.032 0.086 0.056 0.058 0.063 0.063 0.144 0.060 0.067 0.059 
 26 COPE-0026    (0)   :  0.070 0.077 0.073 0.066 0.070 0.005 0.071 0.075 0.074 0.070 0.068 0.067 0.068 0.073 0.072 
 27 COPE-0027    (0)   :  0.073 0.068 0.066 0.073 0.070 0.006 0.072 0.072 0.075 0.074 0.078 0.062 0.067 0.071 0.074 
 28 COPE-0028    (0)   :  0.067 0.068 0.063 0.072 0.074 0.005 0.079 0.066 0.062 0.066 0.069 0.100 0.065 0.073 0.070 
 29 COPE-0029    (0)   :  0.072 0.074 0.082 0.069 0.073 0.005 0.069 0.072 0.073 0.065 0.073 0.061 0.077 0.071 0.065 
 30 COPE-0030   (14)   :  0.022 0.022 0.022 0.024 0.024 0.676 0.024 0.024 0.024 0.023 0.023 0.025 0.022 0.023 0.023 
 31 COPE-0031    (0)   :  0.070 0.078 0.077 0.068 0.069 0.009 0.072 0.078 0.078 0.070 0.064 0.058 0.069 0.071 0.069 
 32 COPE-0032    (0)   :  0.069 0.063 0.060 0.074 0.075 0.008 0.077 0.065 0.065 0.069 0.074 0.098 0.065 0.070 0.067 
 33 COPE-0033    (0)   :  0.071 0.066 0.062 0.075 0.072 0.010 0.077 0.068 0.069 0.070 0.075 0.081 0.063 0.070 0.070 
 34 COPE-0034    (0)   :  0.064 0.079 0.067 0.064 0.069 0.009 0.073 0.084 0.072 0.076 0.066 0.062 0.070 0.070 0.074 
 35 COPE-0035   (14)   :  0.068 0.065 0.061 0.075 0.074 0.007 0.079 0.065 0.065 0.071 0.070 0.097 0.065 0.072 0.068 
 36 COPE-0036   (14)   :  0.073 0.068 0.098 0.073 0.068 0.006 0.061 0.063 0.075 0.069 0.073 0.069 0.077 0.065 0.062 
 37 COPE-0037    (0)   :  0.070 0.070 0.070 0.070 0.073 0.023 0.071 0.068 0.069 0.069 0.071 0.066 0.071 0.071 0.068 
 38 COPE-0038    (0)   :  0.074 0.073 0.072 0.072 0.074 0.006 0.070 0.071 0.072 0.071 0.067 0.061 0.076 0.071 0.069 
 39 COPE-0039    (0)   :  0.063 0.059 0.059 0.069 0.077 0.032 0.079 0.061 0.063 0.066 0.068 0.110 0.062 0.067 0.065 
 40 COPE-0040   (14)   :  0.063 0.063 0.061 0.066 0.069 0.066 0.070 0.065 0.066 0.064 0.068 0.083 0.062 0.066 0.067 
 41 COPE-0041    (0)   :  0.070 0.066 0.062 0.070 0.074 0.023 0.073 0.067 0.070 0.068 0.074 0.080 0.063 0.068 0.070 
 42 COPE-0042    (0)   :  0.070 0.067 0.061 0.076 0.070 0.009 0.074 0.070 0.070 0.075 0.075 0.074 0.063 0.072 0.073 
 43 COPE-0043    (0)   :  0.069 0.073 0.067 0.070 0.072 0.005 0.071 0.073 0.070 0.070 0.072 0.072 0.072 0.071 0.072 
 44 COPE-0044    (0)   :  0.066 0.071 0.061 0.068 0.074 0.011 0.068 0.074 0.068 0.080 0.064 0.074 0.066 0.076 0.079 
 45 COPE-0045    (0)   :  0.067 0.068 0.062 0.069 0.072 0.032 0.070 0.072 0.065 0.074 0.065 0.076 0.068 0.069 0.071 
 46 COPE-0046    (0)   :  0.021 0.022 0.021 0.022 0.022 0.691 0.022 0.023 0.023 0.023 0.023 0.021 0.021 0.023 0.024 
 47 COPE-0047    (0)   :  0.007 0.007 0.007 0.007 0.007 0.897 0.008 0.007 0.007 0.007 0.007 0.008 0.007 0.007 0.007 
 48 COPE-0048    (0)   :  0.074 0.067 0.063 0.082 0.069 0.006 0.079 0.069 0.070 0.078 0.080 0.064 0.063 0.068 0.069 
 49 COPE-0049    (0)   :  0.064 0.063 0.057 0.072 0.077 0.016 0.078 0.067 0.062 0.072 0.064 0.103 0.065 0.071 0.069 
 50 COPE-0050    (0)   :  0.069 0.067 0.063 0.071 0.070 0.007 0.069 0.071 0.074 0.076 0.076 0.066 0.063 0.075 0.081 
 51 COPE-0051    (0)   :  0.072 0.070 0.058 0.064 0.062 0.093 0.063 0.061 0.054 0.068 0.067 0.067 0.059 0.072 0.071 
 52 COPE-0052    (0)   :  0.071 0.087 0.084 0.060 0.055 0.010 0.063 0.087 0.078 0.070 0.065 0.048 0.085 0.057 0.078 
 53 COPE-0053    (0)   :  0.069 0.075 0.080 0.068 0.073 0.007 0.073 0.082 0.073 0.064 0.072 0.049 0.077 0.071 0.066 
 54 COPE-0054    (0)   :  0.075 0.066 0.105 0.077 0.071 0.005 0.060 0.057 0.072 0.067 0.070 0.066 0.080 0.071 0.057 
 55 COPE-0055    (0)   :  0.077 0.065 0.075 0.082 0.073 0.005 0.072 0.069 0.069 0.070 0.064 0.056 0.086 0.072 0.064 
 56 COPE-0056    (0)   :  0.070 0.064 0.067 0.080 0.074 0.014 0.071 0.070 0.063 0.074 0.066 0.070 0.075 0.073 0.070 
 57 COPE-0057    (0)   :  0.072 0.063 0.065 0.074 0.074 0.009 0.075 0.063 0.069 0.069 0.074 0.085 0.069 0.069 0.070 
 58 COPE-0058    (0)   :  0.067 0.066 0.071 0.073 0.072 0.009 0.072 0.068 0.070 0.071 0.074 0.085 0.066 0.069 0.067 
 59 COPE-0059    (0)   :  0.065 0.065 0.063 0.069 0.072 0.016 0.070 0.065 0.071 0.074 0.075 0.080 0.064 0.074 0.077 
 60 COPE-0060    (0)   :  0.073 0.072 0.069 0.069 0.071 0.006 0.071 0.070 0.074 0.065 0.077 0.068 0.071 0.070 0.074 
 61 COPE-0061    (0)   :  0.069 0.072 0.076 0.069 0.073 0.009 0.073 0.078 0.074 0.066 0.074 0.053 0.073 0.070 0.070 
 62 COPE-0062    (0)   :  0.074 0.083 0.085 0.062 0.058 0.008 0.062 0.076 0.076 0.070 0.069 0.059 0.081 0.064 0.074 
 63 COPE-0063    (0)   :  0.076 0.065 0.078 0.084 0.074 0.020 0.066 0.066 0.061 0.069 0.059 0.057 0.089 0.073 0.063 
 64 COPE-0064    (0)   :  0.069 0.071 0.069 0.069 0.070 0.008 0.069 0.074 0.075 0.074 0.072 0.063 0.067 0.074 0.076 
 65 COPE-0065    (0)   :  0.006 0.006 0.006 0.006 0.006 0.915 0.006 0.006 0.006 0.006 0.006 0.006 0.006 0.006 0.006 
 66 COPE-0066    (0)   :  0.069 0.067 0.059 0.076 0.071 0.017 0.078 0.066 0.065 0.072 0.074 0.085 0.061 0.072 0.070 
 67 COPE-0067   (14)   :  0.027 0.026 0.024 0.030 0.029 0.607 0.031 0.026 0.026 0.029 0.029 0.035 0.026 0.028 0.026 
 68 COPE-0068    (0)   :  0.069 0.065 0.061 0.072 0.072 0.012 0.070 0.067 0.073 0.071 0.078 0.074 0.064 0.074 0.078 
 69 COPE-0069   (14)   :  0.071 0.070 0.072 0.070 0.068 0.009 0.066 0.071 0.075 0.069 0.073 0.064 0.074 0.069 0.077 
 70 COPE-0070    (0)   :  0.073 0.075 0.062 0.069 0.071 0.011 0.071 0.072 0.065 0.070 0.069 0.079 0.064 0.073 0.077 
 71 COPE-0071    (0)   :  0.067 0.065 0.068 0.071 0.074 0.004 0.077 0.060 0.064 0.064 0.070 0.115 0.065 0.074 0.063 
 72 COPE-0072    (0)   :  0.070 0.073 0.067 0.070 0.068 0.006 0.067 0.070 0.075 0.071 0.076 0.066 0.070 0.072 0.078 
 73 COPE-0073   (14)   :  0.031 0.030 0.039 0.029 0.030 0.582 0.027 0.028 0.030 0.029 0.030 0.025 0.033 0.030 0.026 
 74 COPE-0074    (0)   :  0.072 0.065 0.068 0.081 0.070 0.008 0.075 0.068 0.072 0.073 0.076 0.072 0.066 0.071 0.065 
 75 COPE-0075    (0)   :  0.078 0.076 0.063 0.072 0.067 0.010 0.070 0.069 0.061 0.076 0.073 0.070 0.064 0.076 0.076 
 76 COPE-0076    (0)   :  0.076 0.070 0.083 0.076 0.069 0.006 0.067 0.068 0.070 0.069 0.069 0.063 0.080 0.068 0.066 
 77 COPE-0077   (14)   :  0.073 0.066 0.063 0.074 0.071 0.008 0.072 0.071 0.074 0.072 0.075 0.067 0.068 0.074 0.073 
 78 COPE-0078   (14)   :  0.070 0.075 0.073 0.069 0.072 0.008 0.072 0.074 0.070 0.070 0.067 0.067 0.073 0.072 0.067 
 79 COPE-0079    (0)   :  0.061 0.079 0.054 0.061 0.067 0.008 0.073 0.086 0.071 0.089 0.064 0.072 0.059 0.073 0.082 
 80 COPE-0080   (42)   :  0.017 0.017 0.017 0.017 0.017 0.760 0.017 0.017 0.017 0.017 0.017 0.017 0.017 0.017 0.018 
 81 COPE-0081   (14)   :  0.043 0.041 0.042 0.044 0.044 0.401 0.044 0.041 0.041 0.042 0.041 0.047 0.045 0.043 0.040 
 82 COPE-0082   (14)   :  0.068 0.066 0.067 0.072 0.071 0.043 0.069 0.064 0.061 0.070 0.064 0.076 0.069 0.074 0.068 
 83 COPE-0083   (14)   :  0.072 0.101 0.095 0.052 0.039 0.005 0.055 0.097 0.087 0.072 0.066 0.034 0.096 0.044 0.084 
 84 COPE-0084    (0)   :  0.059 0.062 0.065 0.056 0.061 0.180 0.060 0.066 0.059 0.052 0.061 0.041 0.064 0.059 0.056 
 85 COPE-0085    (0)   :  0.064 0.068 0.058 0.069 0.074 0.009 0.079 0.071 0.069 0.070 0.069 0.093 0.064 0.073 0.071 
 86 COPE-0086    (0)   :  0.069 0.066 0.069 0.071 0.073 0.016 0.073 0.069 0.068 0.066 0.071 0.081 0.069 0.072 0.068 
 87 COPE-0087   (14)   :  0.074 0.071 0.072 0.070 0.071 0.007 0.072 0.072 0.074 0.066 0.077 0.060 0.070 0.069 0.074 
 88 COPE-0088   (14)   :  0.068 0.070 0.063 0.068 0.073 0.022 0.071 0.073 0.070 0.070 0.070 0.069 0.067 0.070 0.075 
 89 COPE-0089   (14)   :  0.007 0.007 0.007 0.008 0.008 0.896 0.007 0.007 0.007 0.008 0.007 0.007 0.008 0.007 0.007 
 90 COPE-0090    (0)   :  0.074 0.067 0.073 0.079 0.074 0.008 0.073 0.071 0.071 0.071 0.065 0.064 0.076 0.070 0.066 
 91 COPE-0091   (14)   :  0.076 0.078 0.076 0.066 0.064 0.005 0.067 0.075 0.078 0.066 0.075 0.056 0.077 0.064 0.077 
 92 COPE-0092   (28)   :  0.017 0.018 0.016 0.019 0.019 0.736 0.020 0.018 0.018 0.020 0.019 0.024 0.017 0.019 0.019 
 93 COPE-0093    (0)   :  0.079 0.065 0.084 0.088 0.075 0.005 0.065 0.067 0.060 0.071 0.058 0.054 0.094 0.073 0.063 
 94 COPE-0094    (0)   :  0.059 0.079 0.054 0.058 0.067 0.023 0.070 0.085 0.069 0.091 0.062 0.071 0.059 0.073 0.082 
 95 COPE-0095    (0)   :  0.071 0.073 0.078 0.069 0.074 0.005 0.074 0.079 0.074 0.067 0.071 0.052 0.075 0.072 0.067 
 96 COPE-0096    (0)   :  0.071 0.076 0.070 0.069 0.072 0.009 0.071 0.073 0.069 0.066 0.070 0.066 0.074 0.072 0.072 
 97 COPE-0097    (0)   :  0.074 0.078 0.082 0.066 0.063 0.007 0.067 0.071 0.069 0.068 0.072 0.066 0.074 0.071 0.074 
 98 COPE-0098    (0)   :  0.070 0.080 0.077 0.066 0.068 0.008 0.069 0.079 0.078 0.072 0.063 0.057 0.071 0.070 0.070 
 99 COPE-0099    (0)   :  0.061 0.058 0.054 0.069 0.080 0.019 0.083 0.058 0.060 0.064 0.068 0.128 0.060 0.072 0.066 
100 COPE-0100    (0)   :  0.071 0.066 0.064 0.073 0.072 0.007 0.077 0.068 0.070 0.070 0.075 0.080 0.064 0.072 0.069 
101 COPE-0101    (0)   :  0.065 0.067 0.059 0.071 0.071 0.045 0.070 0.069 0.065 0.074 0.065 0.075 0.064 0.070 0.068 
102 COPE-0102    (0)   :  0.072 0.070 0.065 0.074 0.071 0.005 0.074 0.075 0.073 0.074 0.075 0.067 0.063 0.068 0.073 
103 COPE-0103    (0)   :  0.067 0.081 0.068 0.063 0.064 0.014 0.070 0.080 0.073 0.073 0.065 0.069 0.071 0.066 0.076 
104 COPE-0104   (14)   :  0.072 0.067 0.070 0.077 0.070 0.006 0.074 0.065 0.067 0.072 0.071 0.081 0.071 0.069 0.067 
105 COPE-0105    (0)   :  0.075 0.073 0.065 0.065 0.068 0.034 0.066 0.063 0.055 0.068 0.069 0.079 0.059 0.084 0.077 
106 COPE-0106    (0)   :  0.078 0.067 0.121 0.074 0.072 0.004 0.055 0.049 0.074 0.065 0.071 0.063 0.084 0.070 0.051 
107 COPE-0107    (0)   :  0.019 0.018 0.018 0.020 0.019 0.742 0.019 0.018 0.018 0.019 0.017 0.016 0.021 0.019 0.017 
108 COPE-0108    (0)   :  0.072 0.076 0.075 0.069 0.067 0.006 0.069 0.075 0.073 0.068 0.068 0.067 0.071 0.070 0.074 
109 COPE-0109    (0)   :  0.066 0.072 0.061 0.066 0.072 0.011 0.070 0.075 0.068 0.081 0.068 0.075 0.064 0.075 0.077 
110 COPE-0110   (14)   :  0.069 0.071 0.071 0.069 0.073 0.012 0.073 0.069 0.071 0.067 0.072 0.074 0.072 0.070 0.068 
111 COPE-0111    (0)   :  0.076 0.074 0.078 0.068 0.071 0.008 0.069 0.067 0.072 0.067 0.071 0.062 0.075 0.072 0.068 
112 COPE-0112   (14)   :  0.075 0.070 0.065 0.079 0.066 0.008 0.076 0.071 0.070 0.079 0.076 0.060 0.066 0.068 0.072 
113 COPE-0113    (0)   :  0.071 0.066 0.063 0.071 0.073 0.014 0.076 0.067 0.071 0.068 0.072 0.085 0.064 0.069 0.070 
114 COPE-0114    (0)   :  0.074 0.064 0.095 0.076 0.072 0.008 0.063 0.060 0.072 0.067 0.071 0.075 0.077 0.068 0.060 
115 COPE-0115    (0)   :  0.023 0.027 0.025 0.021 0.021 0.671 0.023 0.027 0.024 0.023 0.023 0.020 0.025 0.022 0.025 
116 COPE-0116   (28)   :  0.011 0.011 0.010 0.011 0.012 0.838 0.013 0.011 0.011 0.011 0.011 0.016 0.011 0.012 0.011 
117 COPE-0117    (0)   :  0.069 0.072 0.078 0.068 0.073 0.009 0.074 0.081 0.073 0.064 0.072 0.050 0.075 0.071 0.069 
118 COPE-0118    (0)   :  0.078 0.071 0.108 0.071 0.065 0.010 0.054 0.060 0.077 0.064 0.072 0.058 0.084 0.064 0.064 
119 COPE-0119    (0)   :  0.073 0.073 0.074 0.071 0.068 0.012 0.071 0.073 0.077 0.070 0.066 0.060 0.070 0.071 0.072 
120 COPE-0120    (0)   :  0.070 0.068 0.063 0.070 0.071 0.010 0.070 0.071 0.071 0.076 0.074 0.070 0.065 0.076 0.077 
121 COPE-0121    (0)   :  0.066 0.067 0.065 0.069 0.072 0.042 0.070 0.066 0.068 0.063 0.067 0.077 0.069 0.069 0.070 
122 COPE-0122    (0)   :  0.075 0.068 0.068 0.071 0.070 0.007 0.071 0.070 0.075 0.068 0.078 0.068 0.066 0.070 0.076 
123 COPE-0123    (0)   :  0.071 0.064 0.063 0.074 0.073 0.017 0.073 0.069 0.068 0.071 0.073 0.078 0.064 0.071 0.071 
124 COPE-0124    (0)   :  0.068 0.063 0.062 0.074 0.075 0.011 0.076 0.068 0.071 0.066 0.072 0.091 0.064 0.069 0.070 
125 COPE-0125    (0)   :  0.074 0.065 0.090 0.076 0.070 0.006 0.066 0.062 0.069 0.068 0.073 0.076 0.076 0.070 0.058 
126 COPE-0126    (0)   :  0.069 0.074 0.079 0.068 0.073 0.011 0.074 0.083 0.072 0.064 0.070 0.046 0.075 0.073 0.068 
127 COPE-0127   (14)   :  0.071 0.072 0.070 0.068 0.072 0.006 0.072 0.072 0.066 0.068 0.071 0.076 0.067 0.076 0.074 
128 COPE-0128    (0)   :  0.065 0.062 0.062 0.073 0.074 0.014 0.079 0.062 0.068 0.066 0.072 0.100 0.065 0.070 0.067 
129 COPE-0129    (0)   :  0.067 0.072 0.059 0.069 0.069 0.006 0.074 0.078 0.073 0.079 0.072 0.073 0.062 0.071 0.076 
130 COPE-0130    (0)   :  0.071 0.066 0.064 0.071 0.071 0.013 0.069 0.071 0.073 0.071 0.074 0.070 0.065 0.075 0.076 
131 COPE-0131   (14)   :  0.071 0.088 0.081 0.060 0.052 0.007 0.061 0.086 0.082 0.073 0.070 0.051 0.084 0.057 0.078 
132 COPE-0132   (14)   :  0.072 0.071 0.074 0.071 0.078 0.030 0.071 0.072 0.069 0.065 0.068 0.054 0.076 0.069 0.061 
133 COPE-0133    (0)   :  0.071 0.075 0.076 0.068 0.073 0.008 0.071 0.079 0.072 0.064 0.073 0.051 0.077 0.072 0.068 
134 COPE-0134    (0)   :  0.073 0.069 0.069 0.071 0.073 0.007 0.071 0.068 0.072 0.068 0.076 0.074 0.069 0.071 0.070 
135 COPE-0135    (0)   :  0.071 0.064 0.065 0.079 0.075 0.007 0.073 0.067 0.065 0.072 0.068 0.077 0.074 0.075 0.067 
136 COPE-0136    (0)   :  0.013 0.013 0.012 0.013 0.013 0.816 0.013 0.013 0.013 0.013 0.013 0.014 0.013 0.013 0.013 
137 COPE-0137    (0)   :  0.073 0.065 0.061 0.074 0.074 0.010 0.077 0.069 0.073 0.071 0.081 0.073 0.060 0.068 0.071 
138 COPE-0138   (14)   :  0.009 0.009 0.010 0.009 0.009 0.872 0.009 0.009 0.009 0.009 0.009 0.010 0.009 0.009 0.009 
139 COPE-0139    (0)   :  0.064 0.059 0.054 0.071 0.078 0.006 0.085 0.060 0.064 0.065 0.070 0.126 0.060 0.071 0.066 
140 COPE-0140   (14)   :  0.022 0.021 0.020 0.023 0.024 0.682 0.025 0.021 0.022 0.022 0.023 0.030 0.021 0.022 0.021 
141 COPE-0141    (0)   :  0.072 0.067 0.073 0.080 0.075 0.008 0.069 0.069 0.061 0.073 0.061 0.072 0.081 0.072 0.066 
142 COPE-0142    (0)   :  0.074 0.066 0.076 0.078 0.072 0.009 0.071 0.068 0.068 0.070 0.067 0.068 0.075 0.072 0.066 
143 COPE-0143    (0)   :  0.068 0.071 0.072 0.071 0.075 0.008 0.072 0.079 0.070 0.072 0.067 0.059 0.075 0.072 0.069 
144 COPE-0144   (14)   :  0.062 0.060 0.057 0.067 0.072 0.072 0.069 0.063 0.064 0.066 0.065 0.084 0.062 0.068 0.069 
145 COPE-0145   (14)   :  0.046 0.042 0.039 0.058 0.071 0.168 0.081 0.041 0.043 0.046 0.051 0.158 0.053 0.057 0.045 
146 COPE-0146   (14)   :  0.069 0.069 0.069 0.072 0.072 0.025 0.073 0.074 0.070 0.067 0.067 0.064 0.067 0.073 0.068 
147 COPE-0147    (0)   :  0.066 0.063 0.060 0.070 0.070 0.070 0.067 0.069 0.063 0.072 0.063 0.064 0.067 0.070 0.067 
148 COPE-0148    (0)   :  0.071 0.075 0.077 0.069 0.073 0.008 0.072 0.079 0.072 0.065 0.071 0.052 0.076 0.072 0.067 
149 COPE-0149    (0)   :  0.074 0.068 0.066 0.070 0.073 0.006 0.073 0.073 0.075 0.070 0.079 0.060 0.067 0.069 0.077 
150 COPE-0150    (0)   :  0.074 0.066 0.060 0.084 0.067 0.007 0.080 0.070 0.069 0.081 0.081 0.061 0.061 0.069 0.069 
151 COPE-0151    (0)   :  0.066 0.061 0.064 0.072 0.075 0.006 0.083 0.064 0.066 0.065 0.069 0.108 0.068 0.070 0.063 
152 COPE-0152   (14)   :  0.061 0.057 0.060 0.069 0.066 0.122 0.065 0.062 0.059 0.064 0.056 0.067 0.066 0.064 0.060 
153 COPE-0153    (0)   :  0.068 0.072 0.066 0.070 0.070 0.006 0.073 0.074 0.075 0.074 0.069 0.074 0.067 0.070 0.073 
154 COPE-0154    (0)   :  0.074 0.069 0.075 0.075 0.072 0.006 0.071 0.067 0.072 0.069 0.072 0.068 0.072 0.070 0.068 
155 COPE-0155    (0)   :  0.067 0.062 0.067 0.075 0.075 0.005 0.075 0.066 0.070 0.069 0.076 0.086 0.067 0.072 0.069 
156 COPE-0156   (14)   :  0.009 0.009 0.009 0.009 0.009 0.871 0.009 0.009 0.009 0.009 0.009 0.009 0.009 0.009 0.009 
157 COPE-0157   (14)   :  0.056 0.053 0.052 0.060 0.063 0.209 0.060 0.054 0.050 0.051 0.050 0.077 0.057 0.057 0.052 
158 COPE-0158    (0)   :  0.072 0.076 0.071 0.069 0.074 0.009 0.068 0.072 0.072 0.066 0.077 0.056 0.072 0.073 0.073 
159 COPE-0159    (0)   :  0.073 0.071 0.068 0.073 0.074 0.007 0.071 0.073 0.071 0.073 0.069 0.062 0.074 0.072 0.068 
160 COPE-0160    (0)   :  0.066 0.071 0.064 0.070 0.074 0.007 0.074 0.072 0.066 0.076 0.066 0.081 0.070 0.073 0.070 
161 COPE-0161    (0)   :  0.070 0.071 0.065 0.072 0.070 0.012 0.071 0.075 0.070 0.075 0.070 0.070 0.067 0.069 0.073 
162 COPE-0162   (14)   :  0.007 0.007 0.007 0.007 0.007 0.898 0.007 0.007 0.007 0.007 0.007 0.007 0.007 0.007 0.007 
163 COPE-0163   (28)   :  0.012 0.012 0.012 0.012 0.012 0.832 0.012 0.012 0.012 0.012 0.012 0.012 0.012 0.012 0.012 
164 COPE-0164    (0)   :  0.067 0.067 0.065 0.074 0.074 0.022 0.075 0.069 0.070 0.069 0.069 0.082 0.062 0.069 0.068 
165 COPE-0165    (0)   :  0.070 0.067 0.062 0.071 0.074 0.008 0.071 0.070 0.072 0.073 0.074 0.077 0.066 0.072 0.074 
166 COPE-0166   (14)   :  0.073 0.071 0.068 0.069 0.073 0.008 0.071 0.070 0.072 0.068 0.075 0.070 0.069 0.072 0.072 
167 COPE-0167    (0)   :  0.068 0.073 0.070 0.069 0.072 0.008 0.073 0.072 0.071 0.072 0.068 0.073 0.069 0.073 0.069 
168 COPE-0168    (0)   :  0.074 0.074 0.071 0.071 0.074 0.005 0.069 0.072 0.070 0.066 0.071 0.064 0.076 0.073 0.069 
169 COPE-0169    (0)   :  0.069 0.068 0.061 0.071 0.070 0.010 0.069 0.068 0.072 0.076 0.077 0.070 0.064 0.076 0.079 
170 COPE-0170    (0)   :  0.065 0.065 0.065 0.073 0.073 0.021 0.074 0.068 0.063 0.069 0.061 0.093 0.078 0.069 0.064 
171 COPE-0171    (0)   :  0.070 0.067 0.067 0.074 0.077 0.006 0.077 0.063 0.066 0.063 0.067 0.096 0.076 0.070 0.061 
172 COPE-0172    (0)   :  0.070 0.069 0.069 0.072 0.070 0.007 0.074 0.075 0.072 0.069 0.070 0.072 0.066 0.073 0.071 
173 COPE-0173   (14)   :  0.062 0.062 0.059 0.067 0.068 0.050 0.066 0.065 0.071 0.072 0.074 0.068 0.062 0.075 0.077 
174 COPE-0174   (28)   :  0.070 0.067 0.064 0.076 0.074 0.012 0.074 0.069 0.070 0.070 0.070 0.074 0.069 0.071 0.071 
175 COPE-0175    (0)   :  0.065 0.070 0.064 0.067 0.070 0.038 0.072 0.071 0.068 0.068 0.068 0.078 0.067 0.067 0.066 
176 COPE-0176    (0)   :  0.075 0.072 0.089 0.073 0.071 0.008 0.063 0.067 0.068 0.072 0.063 0.064 0.080 0.071 0.064 
177 COPE-0177    (0)   :  0.072 0.070 0.064 0.072 0.073 0.007 0.072 0.070 0.072 0.071 0.075 0.067 0.066 0.071 0.077 
178 COPE-0178    (0)   :  0.076 0.065 0.123 0.074 0.071 0.007 0.053 0.049 0.076 0.066 0.073 0.067 0.082 0.068 0.049 
179 COPE-0179    (0)   :  0.070 0.065 0.063 0.073 0.073 0.009 0.077 0.066 0.068 0.069 0.072 0.092 0.065 0.070 0.070 
180 COPE-0180   (14)   :  0.068 0.068 0.060 0.071 0.071 0.006 0.070 0.070 0.074 0.075 0.079 0.066 0.065 0.074 0.081 
181 COPE-0181   (14)   :  0.073 0.067 0.063 0.071 0.071 0.008 0.074 0.070 0.074 0.073 0.080 0.070 0.063 0.070 0.075 
182 COPE-0182    (0)   :  0.074 0.081 0.072 0.066 0.069 0.005 0.069 0.071 0.069 0.072 0.069 0.067 0.064 0.078 0.075 
183 COPE-0183    (0)   :  0.070 0.068 0.069 0.074 0.072 0.010 0.072 0.073 0.074 0.068 0.071 0.069 0.065 0.073 0.071 
184 COPE-0184    (0)   :  0.071 0.078 0.068 0.065 0.074 0.009 0.071 0.075 0.068 0.071 0.068 0.064 0.072 0.074 0.072 
185 COPE-0185    (0)   :  0.075 0.072 0.072 0.076 0.071 0.006 0.072 0.071 0.074 0.068 0.069 0.062 0.078 0.068 0.067 
186 COPE-0186    (0)   :  0.074 0.094 0.090 0.056 0.047 0.005 0.058 0.090 0.083 0.072 0.066 0.041 0.091 0.052 0.080 
187 COPE-0187    (0)   :  0.076 0.074 0.068 0.075 0.069 0.008 0.067 0.068 0.059 0.076 0.067 0.068 0.073 0.077 0.074 
188 COPE-0188    (0)   :  0.028 0.026 0.024 0.030 0.027 0.620 0.030 0.027 0.027 0.030 0.029 0.024 0.025 0.027 0.027 
189 COPE-0189    (0)   :  0.074 0.068 0.064 0.071 0.070 0.007 0.075 0.071 0.074 0.072 0.079 0.068 0.064 0.068 0.076 
190 COPE-0190    (0)   :  0.065 0.074 0.058 0.064 0.071 0.012 0.070 0.076 0.067 0.082 0.067 0.077 0.064 0.075 0.078 
191 COPE-0191    (0)   :  0.070 0.081 0.075 0.066 0.065 0.009 0.066 0.077 0.074 0.072 0.069 0.060 0.077 0.064 0.077 
192 COPE-0192   (14)   :  0.010 0.012 0.011 0.009 0.009 0.855 0.010 0.011 0.011 0.010 0.010 0.010 0.012 0.009 0.011 
193 COPE-0193    (0)   :  0.071 0.070 0.075 0.073 0.073 0.005 0.072 0.072 0.073 0.069 0.070 0.065 0.071 0.072 0.068 
194 COPE-0194    (0)   :  0.068 0.067 0.060 0.075 0.074 0.008 0.078 0.064 0.063 0.068 0.072 0.100 0.063 0.073 0.067 
195 COPE-0195    (0)   :  0.070 0.066 0.064 0.079 0.072 0.006 0.079 0.071 0.070 0.074 0.074 0.076 0.063 0.070 0.067 
196 COPE-0196    (0)   :  0.069 0.069 0.064 0.070 0.073 0.010 0.073 0.071 0.069 0.073 0.068 0.078 0.071 0.072 0.071 
197 COPE-0197    (0)   :  0.067 0.068 0.064 0.072 0.073 0.007 0.071 0.068 0.073 0.071 0.079 0.071 0.065 0.076 0.076 
198 COPE-0198    (0)   :  0.068 0.068 0.068 0.072 0.072 0.011 0.067 0.072 0.075 0.073 0.074 0.055 0.072 0.076 0.078 
199 COPE-0199    (0)   :  0.072 0.066 0.063 0.072 0.069 0.012 0.071 0.068 0.075 0.073 0.079 0.067 0.065 0.070 0.075 
200 COPE-0200   (42)   :  0.071 0.068 0.063 0.070 0.071 0.009 0.070 0.071 0.074 0.073 0.078 0.069 0.064 0.072 0.076 
201 COPE-0201    (0)   :  0.073 0.075 0.076 0.071 0.069 0.008 0.069 0.074 0.069 0.067 0.067 0.066 0.074 0.071 0.072 
202 COPE-0202    (0)   :  0.064 0.078 0.061 0.066 0.070 0.011 0.069 0.081 0.069 0.087 0.062 0.065 0.066 0.074 0.078 
203 COPE-0203    (0)   :  0.075 0.070 0.069 0.074 0.076 0.006 0.072 0.070 0.072 0.070 0.072 0.063 0.075 0.071 0.066 
204 COPE-0204    (0)   :  0.073 0.065 0.099 0.069 0.069 0.025 0.060 0.055 0.068 0.066 0.073 0.078 0.071 0.071 0.057 
205 COPE-0205    (0)   :  0.069 0.067 0.070 0.073 0.071 0.019 0.073 0.077 0.076 0.070 0.069 0.061 0.068 0.070 0.067 
206 COPE-0206    (0)   :  0.068 0.068 0.076 0.071 0.076 0.005 0.075 0.061 0.070 0.064 0.072 0.090 0.072 0.071 0.062 
207 COPE-0207    (0)   :  0.077 0.073 0.081 0.072 0.075 0.011 0.067 0.065 0.071 0.068 0.069 0.058 0.079 0.071 0.063 
208 COPE-0208    (0)   :  0.026 0.026 0.024 0.028 0.031 0.605 0.031 0.025 0.026 0.027 0.026 0.045 0.026 0.027 0.026 
209 COPE-0209    (0)   :  0.070 0.067 0.064 0.073 0.072 0.006 0.071 0.070 0.073 0.072 0.074 0.076 0.068 0.071 0.073 
210 COPE-0210    (0)   :  0.074 0.074 0.069 0.073 0.071 0.008 0.070 0.071 0.072 0.070 0.078 0.057 0.071 0.070 0.072 
211 COPE-0211    (0)   :  0.073 0.067 0.060 0.082 0.069 0.005 0.082 0.068 0.069 0.079 0.079 0.068 0.062 0.069 0.070 
212 COPE-0212    (0)   :  0.075 0.074 0.076 0.073 0.077 0.011 0.070 0.069 0.070 0.067 0.070 0.057 0.078 0.071 0.063 
213 COPE-0213    (0)   :  0.069 0.065 0.073 0.072 0.074 0.008 0.073 0.065 0.069 0.069 0.072 0.085 0.066 0.071 0.069 
214 COPE-0214    (0)   :  0.065 0.066 0.062 0.068 0.069 0.009 0.064 0.070 0.077 0.079 0.080 0.056 0.065 0.081 0.089 
215 COPE-0215    (0)   :  0.064 0.064 0.057 0.066 0.068 0.059 0.066 0.065 0.070 0.070 0.073 0.071 0.060 0.070 0.076 
216 COPE-0216   (14)   :  0.049 0.049 0.047 0.048 0.050 0.323 0.049 0.049 0.048 0.045 0.050 0.049 0.049 0.048 0.048 
217 COPE-0217    (0)   :  0.072 0.070 0.079 0.071 0.074 0.026 0.067 0.063 0.070 0.067 0.069 0.065 0.072 0.072 0.063 
218 COPE-0218    (0)   :  0.071 0.068 0.064 0.072 0.073 0.009 0.073 0.073 0.074 0.071 0.071 0.070 0.068 0.072 0.073 
219 COPE-0219   (14)   :  0.070 0.068 0.065 0.071 0.070 0.008 0.068 0.071 0.073 0.076 0.076 0.063 0.066 0.074 0.079 
220 COPE-0220    (0)   :  0.076 0.068 0.091 0.072 0.072 0.012 0.065 0.059 0.071 0.067 0.071 0.065 0.074 0.073 0.062 
221 COPE-0221    (0)   :  0.076 0.068 0.070 0.078 0.076 0.016 0.069 0.070 0.066 0.072 0.063 0.051 0.087 0.071 0.067 
222 COPE-0222    (0)   :  0.073 0.073 0.077 0.071 0.072 0.006 0.073 0.080 0.075 0.067 0.067 0.051 0.076 0.073 0.066 
223 COPE-0223    (0)   :  0.071 0.065 0.061 0.070 0.072 0.006 0.074 0.067 0.072 0.070 0.078 0.079 0.067 0.071 0.078 
224 COPE-0224    (0)   :  0.060 0.080 0.055 0.059 0.067 0.019 0.071 0.084 0.071 0.087 0.062 0.071 0.061 0.073 0.080 
225 COPE-0225    (0)   :  0.064 0.066 0.063 0.068 0.068 0.012 0.063 0.070 0.077 0.079 0.079 0.055 0.065 0.080 0.088 
226 COPE-0226    (0)   :  0.073 0.069 0.076 0.075 0.073 0.006 0.069 0.068 0.070 0.068 0.070 0.069 0.074 0.071 0.068 
227 COPE-0227    (0)   :  0.068 0.073 0.072 0.068 0.068 0.005 0.067 0.072 0.076 0.073 0.073 0.066 0.070 0.073 0.077 
228 COPE-0228    (0)   :  0.069 0.066 0.077 0.071 0.075 0.015 0.072 0.063 0.070 0.068 0.072 0.080 0.070 0.071 0.062 
229 COPE-0229    (0)   :  0.073 0.066 0.076 0.073 0.071 0.006 0.066 0.069 0.072 0.073 0.076 0.067 0.071 0.072 0.071 
230 COPE-0230    (0)   :  0.073 0.066 0.090 0.077 0.071 0.009 0.063 0.065 0.068 0.071 0.070 0.068 0.080 0.069 0.059 
231 COPE-0231    (0)   :  0.070 0.068 0.072 0.073 0.073 0.006 0.072 0.070 0.072 0.071 0.077 0.070 0.066 0.071 0.071 
232 COPE-0232    (0)   :  0.066 0.071 0.068 0.068 0.072 0.015 0.068 0.073 0.070 0.080 0.069 0.071 0.064 0.070 0.074 
233 COPE-0233    (0)   :  0.068 0.075 0.074 0.069 0.072 0.005 0.074 0.077 0.079 0.070 0.067 0.061 0.068 0.071 0.069 
234 COPE-0234    (0)   :  0.065 0.065 0.059 0.069 0.074 0.008 0.078 0.069 0.067 0.069 0.068 0.104 0.062 0.072 0.070 
235 COPE-0235    (0)   :  0.073 0.067 0.066 0.073 0.071 0.006 0.072 0.071 0.075 0.067 0.077 0.071 0.066 0.070 0.077 
236 COPE-0236    (0)   :  0.074 0.065 0.109 0.077 0.068 0.005 0.059 0.059 0.073 0.068 0.075 0.068 0.082 0.067 0.053 
237 COPE-0237    (0)   :  0.068 0.076 0.073 0.067 0.071 0.006 0.069 0.075 0.077 0.072 0.070 0.056 0.074 0.069 0.075 
238 COPE-0238    (0)   :  0.071 0.070 0.065 0.071 0.071 0.009 0.070 0.068 0.073 0.075 0.079 0.064 0.065 0.070 0.079 
239 COPE-0239    (0)   :  0.067 0.069 0.062 0.067 0.070 0.037 0.071 0.071 0.067 0.070 0.067 0.076 0.066 0.068 0.072 
240 COPE-0240    (0)   :  0.072 0.080 0.071 0.067 0.074 0.008 0.069 0.075 0.071 0.064 0.074 0.057 0.076 0.073 0.070 
241 COPE-0241    (0)   :  0.076 0.067 0.060 0.070 0.069 0.006 0.073 0.071 0.076 0.077 0.084 0.061 0.061 0.070 0.078 
242 COPE-0242    (0)   :  0.073 0.071 0.076 0.072 0.070 0.006 0.071 0.073 0.074 0.070 0.069 0.061 0.072 0.073 0.071 
243 COPE-0243    (0)   :  0.076 0.075 0.067 0.068 0.067 0.007 0.069 0.068 0.063 0.072 0.074 0.070 0.067 0.078 0.080 
244 COPE-0244    (0)   :  0.070 0.068 0.061 0.071 0.073 0.008 0.072 0.069 0.067 0.073 0.071 0.085 0.063 0.074 0.075 
245 COPE-0245    (0)   :  0.074 0.073 0.065 0.072 0.069 0.010 0.071 0.068 0.065 0.074 0.073 0.072 0.065 0.075 0.073 
246 COPE-0246    (0)   :  0.070 0.074 0.066 0.069 0.071 0.012 0.070 0.073 0.070 0.071 0.068 0.070 0.070 0.070 0.074 
247 COPE-0247    (0)   :  0.079 0.066 0.065 0.075 0.073 0.014 0.071 0.069 0.073 0.069 0.071 0.059 0.076 0.072 0.068 
248 COPE-0248    (0)   :  0.069 0.073 0.069 0.068 0.073 0.005 0.076 0.067 0.068 0.068 0.070 0.089 0.064 0.074 0.069 
249 COPE-0249    (0)   :  0.062 0.068 0.058 0.066 0.071 0.024 0.072 0.072 0.070 0.077 0.068 0.079 0.059 0.075 0.078 
250 COPE-0250    (0)   :  0.072 0.073 0.067 0.066 0.072 0.017 0.070 0.072 0.070 0.073 0.071 0.065 0.069 0.072 0.070 
251 COPE-0251   (14)   :  0.029 0.028 0.027 0.029 0.029 0.610 0.028 0.027 0.029 0.028 0.026 0.024 0.031 0.028 0.026 
252 COPE-0252    (0)   :  0.065 0.076 0.063 0.065 0.071 0.010 0.070 0.076 0.068 0.081 0.068 0.072 0.065 0.074 0.077 
253 COPE-0253    (0)   :  0.078 0.067 0.077 0.081 0.071 0.007 0.069 0.068 0.066 0.070 0.063 0.061 0.084 0.071 0.065 
254 COPE-0254    (0)   :  0.078 0.077 0.069 0.064 0.070 0.015 0.066 0.066 0.057 0.071 0.069 0.073 0.063 0.084 0.079 
255 COPE-0255    (0)   :  0.069 0.068 0.065 0.074 0.073 0.019 0.070 0.069 0.066 0.074 0.068 0.065 0.072 0.075 0.073 
256 COPE-0256    (0)   :  0.073 0.077 0.077 0.068 0.075 0.009 0.068 0.070 0.070 0.063 0.074 0.055 0.078 0.073 0.067 
257 COPE-0257    (0)   :  0.073 0.097 0.090 0.054 0.044 0.007 0.056 0.094 0.084 0.072 0.066 0.040 0.093 0.048 0.082 
258 COPE-0258    (0)   :  0.068 0.069 0.066 0.068 0.068 0.012 0.074 0.068 0.069 0.070 0.069 0.090 0.071 0.067 0.071 
259 COPE-0259    (0)   :  0.070 0.066 0.078 0.072 0.070 0.005 0.070 0.067 0.073 0.069 0.074 0.080 0.070 0.070 0.065 
260 COPE-0260    (0)   :  0.070 0.067 0.065 0.072 0.071 0.021 0.069 0.068 0.072 0.070 0.075 0.071 0.064 0.070 0.076 
261 COPE-0261    (0)   :  0.079 0.075 0.084 0.065 0.067 0.006 0.064 0.062 0.062 0.068 0.074 0.073 0.067 0.081 0.072 
262 COPE-0262    (0)   :  0.071 0.071 0.073 0.069 0.071 0.016 0.072 0.073 0.068 0.065 0.073 0.064 0.071 0.073 0.071 
263 COPE-0263    (0)   :  0.070 0.078 0.072 0.069 0.069 0.007 0.070 0.073 0.076 0.070 0.067 0.067 0.074 0.066 0.071 
264 COPE-0264    (0)   :  0.071 0.083 0.082 0.062 0.056 0.016 0.063 0.080 0.076 0.069 0.067 0.062 0.082 0.057 0.074 
265 COPE-0265    (0)   :  0.070 0.067 0.069 0.073 0.074 0.010 0.075 0.072 0.070 0.067 0.070 0.072 0.068 0.073 0.067 
266 COPE-0266    (0)   :  0.071 0.066 0.070 0.071 0.075 0.017 0.074 0.063 0.066 0.066 0.069 0.088 0.068 0.073 0.064 
267 COPE-0267    (0)   :  0.069 0.077 0.072 0.068 0.072 0.006 0.073 0.079 0.076 0.073 0.069 0.060 0.069 0.069 0.068 
268 COPE-0268    (0)   :  0.068 0.077 0.076 0.067 0.070 0.013 0.070 0.078 0.081 0.072 0.068 0.057 0.068 0.065 0.069 
269 COPE-0269    (0)   :  0.072 0.073 0.071 0.068 0.070 0.006 0.071 0.071 0.073 0.066 0.071 0.075 0.074 0.067 0.074 
270 COPE-0270    (0)   :  0.076 0.068 0.060 0.081 0.067 0.006 0.079 0.070 0.071 0.080 0.081 0.057 0.062 0.069 0.073 
271 COPE-0271    (0)   :  0.076 0.072 0.066 0.070 0.069 0.007 0.069 0.069 0.076 0.066 0.079 0.062 0.071 0.068 0.077 
272 COPE-0272    (0)   :  0.069 0.066 0.068 0.079 0.075 0.007 0.069 0.069 0.064 0.074 0.065 0.075 0.075 0.075 0.070 
273 COPE-0273    (0)   :  0.074 0.072 0.075 0.072 0.079 0.015 0.071 0.069 0.069 0.066 0.069 0.058 0.077 0.072 0.062 
274 COPE-0274   (14)   :  0.025 0.023 0.021 0.027 0.024 0.658 0.027 0.024 0.024 0.027 0.026 0.025 0.022 0.024 0.024 
275 COPE-0275    (0)   :  0.072 0.067 0.064 0.071 0.074 0.009 0.073 0.067 0.069 0.072 0.075 0.075 0.067 0.071 0.074 
276 COPE-0276   (14)   :  0.007 0.007 0.007 0.007 0.007 0.907 0.007 0.007 0.007 0.007 0.007 0.007 0.007 0.007 0.007 
277 COPE-0277   (14)   :  0.073 0.075 0.085 0.069 0.072 0.013 0.066 0.069 0.071 0.063 0.074 0.058 0.081 0.069 0.063 
278 COPE-0278    (0)   :  0.079 0.069 0.110 0.074 0.073 0.007 0.060 0.053 0.073 0.065 0.069 0.062 0.081 0.072 0.053 
279 COPE-0279    (0)   :  0.072 0.066 0.080 0.073 0.073 0.009 0.069 0.065 0.071 0.069 0.072 0.078 0.069 0.070 0.065 
280 COPE-0280    (0)   :  0.012 0.012 0.011 0.012 0.012 0.836 0.012 0.012 0.012 0.012 0.012 0.012 0.012 0.012 0.012 
281 COPE-0281    (0)   :  0.027 0.026 0.025 0.031 0.033 0.575 0.032 0.027 0.029 0.031 0.030 0.044 0.027 0.032 0.031 
282 COPE-0282   (14)   :  0.060 0.081 0.054 0.059 0.067 0.006 0.072 0.087 0.071 0.092 0.063 0.071 0.060 0.073 0.082 
283 COPE-0283    (0)   :  0.074 0.070 0.084 0.071 0.075 0.007 0.069 0.062 0.069 0.066 0.067 0.076 0.076 0.073 0.061 
284 COPE-0284   (14)   :  0.068 0.061 0.057 0.069 0.074 0.029 0.078 0.063 0.065 0.064 0.073 0.103 0.062 0.068 0.067 
285 COPE-0285    (0)   :  0.026 0.027 0.027 0.026 0.026 0.631 0.026 0.028 0.028 0.026 0.027 0.024 0.027 0.025 0.027 
286 COPE-0286    (0)   :  0.062 0.059 0.052 0.071 0.076 0.008 0.091 0.060 0.061 0.068 0.067 0.134 0.058 0.070 0.062 
287 COPE-0287    (0)   :  0.068 0.081 0.075 0.064 0.067 0.025 0.070 0.077 0.081 0.071 0.064 0.056 0.068 0.065 0.069 
288 COPE-0288    (0)   :  0.077 0.069 0.070 0.076 0.076 0.010 0.071 0.070 0.067 0.073 0.065 0.054 0.084 0.072 0.066 
289 COPE-0289    (0)   :  0.071 0.071 0.074 0.071 0.070 0.007 0.072 0.079 0.075 0.068 0.072 0.055 0.073 0.069 0.072 
290 COPE-0290    (0)   :  0.074 0.068 0.059 0.077 0.068 0.007 0.078 0.069 0.071 0.078 0.081 0.065 0.061 0.071 0.074 
291 COPE-0291    (0)   :  0.070 0.074 0.073 0.068 0.066 0.005 0.069 0.073 0.075 0.067 0.071 0.078 0.075 0.064 0.074 
292 COPE-0292   (42)   :  0.015 0.014 0.014 0.015 0.015 0.791 0.015 0.015 0.015 0.015 0.015 0.016 0.015 0.015 0.015 
293 COPE-0293    (0)   :  0.076 0.068 0.078 0.078 0.073 0.008 0.069 0.067 0.066 0.069 0.064 0.066 0.078 0.074 0.065 
294 COPE-0294    (0)   :  0.067 0.064 0.063 0.073 0.075 0.011 0.075 0.069 0.069 0.068 0.071 0.092 0.062 0.072 0.069 
295 COPE-0295    (0)   :  0.070 0.075 0.070 0.068 0.074 0.007 0.073 0.078 0.070 0.070 0.069 0.063 0.072 0.072 0.070 
296 COPE-0296   (14)   :  0.075 0.070 0.068 0.077 0.075 0.006 0.073 0.069 0.069 0.072 0.071 0.062 0.076 0.072 0.065 
297 COPE-0297   (14)   :  0.064 0.062 0.056 0.068 0.071 0.033 0.070 0.067 0.071 0.073 0.075 0.082 0.061 0.072 0.076 
298 COPE-0298    (0)   :  0.072 0.070 0.072 0.076 0.075 0.008 0.068 0.070 0.065 0.074 0.066 0.068 0.075 0.073 0.069 
299 COPE-0299    (0)   :  0.072 0.073 0.066 0.073 0.071 0.006 0.070 0.067 0.063 0.070 0.070 0.077 0.066 0.080 0.074 
300 COPE-0300   (14)   :  0.070 0.079 0.074 0.067 0.071 0.007 0.070 0.076 0.076 0.068 0.071 0.058 0.071 0.071 0.071 
301 COPE-0301   (14)   :  0.079 0.067 0.081 0.084 0.074 0.008 0.065 0.069 0.063 0.070 0.058 0.053 0.092 0.072 0.064 
302 COPE-0302    (0)   :  0.059 0.064 0.066 0.060 0.063 0.123 0.065 0.072 0.065 0.058 0.063 0.048 0.065 0.063 0.066 
303 COPE-0303    (0)   :  0.075 0.064 0.109 0.076 0.070 0.006 0.057 0.057 0.076 0.069 0.076 0.067 0.077 0.067 0.055 
