

----------------------------------------------------
STRUCTURE by Pritchard, Stephens and Donnelly (2000)
     and Falush, Stephens and Pritchard (2003)
       Code by Pritchard, Falush and Hubisz
             Version 2.3.4 (Jul 2012)
----------------------------------------------------



Command line arguments:   /home/jason/Programs/structure -K 10 -i ../Data/microsats.structure -m Structure_Run/mainparams -e Structure_Run/extraparams -D 50033207 -o ../Structure_Results/06_K_10.out 
Input File:    ../Data/microsats.structure

Run parameters:
   384 individuals
   7 loci
   10 populations assumed
   1000000 Burn-in period
   10000000 Reps
RANDOMIZE turned off


--------------------------------------------
Overall proportion of membership of the
sample in each of the 10 clusters

Inferred Clusters
  1      2      3      4      5      6      7      8      9     10    
0.098  0.099  0.099  0.098  0.099  0.098  0.098  0.112  0.098  0.099  

--------------------------------------------

Allele-freq. divergence among pops (Net nucleotide distance),
computed using point estimates of P.

      1       2       3       4       5       6       7       8       9      10      
 1      -    0.0001  0.0001  0.0001  0.0001  0.0001  0.0001  0.1635  0.0002  0.0001  
 2   0.0001     -    0.0001  0.0001  0.0001  0.0001  0.0001  0.1642  0.0001  0.0001  
 3   0.0001  0.0001     -    0.0002  0.0001  0.0002  0.0002  0.1627  0.0003  0.0001  
 4   0.0001  0.0001  0.0002     -    0.0002  0.0000  0.0001  0.1644  0.0001  0.0002  
 5   0.0001  0.0001  0.0001  0.0002     -    0.0002  0.0003  0.1627  0.0004  0.0002  
 6   0.0001  0.0001  0.0002  0.0000  0.0002     -    0.0001  0.1646  0.0001  0.0002  
 7   0.0001  0.0001  0.0002  0.0001  0.0003  0.0001     -    0.1645  0.0002  0.0001  
 8   0.1635  0.1642  0.1627  0.1644  0.1627  0.1646  0.1645     -    0.1655  0.1642  
 9   0.0002  0.0001  0.0003  0.0001  0.0004  0.0001  0.0002  0.1655     -    0.0002  
10   0.0001  0.0001  0.0001  0.0002  0.0002  0.0002  0.0001  0.1642  0.0002     -    

Average distances (expected heterozygosity) between individuals in same cluster:
cluster  1  : 0.6259 
cluster  2  : 0.6230 
cluster  3  : 0.6287 
cluster  4  : 0.6239 
cluster  5  : 0.6275 
cluster  6  : 0.6242 
cluster  7  : 0.6246 
cluster  8  : 0.6399 
cluster  9  : 0.6212 
cluster 10  : 0.6246 

--------------------------------------------
Estimated Ln Prob of Data   = -9104.0
Mean value of ln likelihood = -7744.0
Variance of ln likelihood   = 2720.0
Mean value of alpha         = 0.0482

Mean value of Fst_1         = 0.0905
Mean value of Fst_2         = 0.0912
Mean value of Fst_3         = 0.0843
Mean value of Fst_4         = 0.0901
Mean value of Fst_5         = 0.0906
Mean value of Fst_6         = 0.0915
Mean value of Fst_7         = 0.0881
Mean value of Fst_8         = 0.1919
Mean value of Fst_9         = 0.0922
Mean value of Fst_10         = 0.0880


Inferred ancestry of individuals:
        Label (%Miss) :  Inferred clusters
  1 COPE-0001    (0)   :  0.009 0.009 0.008 0.008 0.008 0.008 0.009 0.923 0.008 0.009 
  2 COPE-0002    (0)   :  0.113 0.110 0.122 0.105 0.127 0.104 0.102 0.011 0.097 0.110 
  3 COPE-0003    (0)   :  0.102 0.117 0.119 0.108 0.111 0.100 0.106 0.007 0.111 0.119 
  4 COPE-0004    (0)   :  0.121 0.108 0.122 0.113 0.132 0.106 0.089 0.012 0.104 0.092 
  5 COPE-0005    (0)   :  0.113 0.105 0.114 0.111 0.118 0.116 0.097 0.021 0.107 0.098 
  6 COPE-0006    (0)   :  0.109 0.110 0.114 0.105 0.108 0.105 0.109 0.018 0.108 0.114 
  7 COPE-0007    (0)   :  0.116 0.107 0.102 0.116 0.109 0.117 0.107 0.007 0.117 0.103 
  8 COPE-0008    (0)   :  0.120 0.117 0.096 0.117 0.118 0.110 0.109 0.008 0.104 0.100 
  9 COPE-0009    (0)   :  0.103 0.119 0.119 0.100 0.120 0.093 0.104 0.017 0.102 0.124 
 10 COPE-0010    (0)   :  0.105 0.104 0.124 0.110 0.095 0.114 0.117 0.007 0.110 0.114 
 11 COPE-0011   (14)   :  0.015 0.013 0.015 0.014 0.015 0.014 0.012 0.878 0.013 0.013 
 12 COPE-0012   (14)   :  0.115 0.118 0.101 0.115 0.114 0.112 0.109 0.007 0.108 0.101 
 13 COPE-0013    (0)   :  0.093 0.122 0.121 0.109 0.107 0.096 0.099 0.006 0.119 0.129 
 14 COPE-0014    (0)   :  0.115 0.100 0.098 0.109 0.109 0.104 0.135 0.009 0.106 0.115 
 15 COPE-0015    (0)   :  0.116 0.105 0.102 0.110 0.105 0.109 0.125 0.007 0.109 0.112 
 16 COPE-0016    (0)   :  0.110 0.121 0.114 0.086 0.144 0.095 0.104 0.010 0.093 0.124 
 17 COPE-0017    (0)   :  0.044 0.043 0.040 0.043 0.044 0.042 0.049 0.609 0.042 0.045 
 18 COPE-0018    (0)   :  0.106 0.116 0.114 0.106 0.107 0.106 0.106 0.008 0.115 0.116 
 19 COPE-0019    (0)   :  0.104 0.120 0.117 0.105 0.109 0.099 0.102 0.006 0.117 0.122 
 20 COPE-0020    (0)   :  0.104 0.113 0.111 0.112 0.103 0.111 0.112 0.007 0.115 0.112 
 21 COPE-0021    (0)   :  0.104 0.109 0.091 0.122 0.090 0.124 0.118 0.006 0.133 0.103 
 22 COPE-0022    (0)   :  0.118 0.120 0.099 0.112 0.121 0.110 0.107 0.006 0.103 0.103 
 23 COPE-0023    (0)   :  0.109 0.106 0.130 0.109 0.108 0.106 0.108 0.008 0.101 0.114 
 24 COPE-0024   (14)   :  0.104 0.114 0.095 0.122 0.102 0.121 0.103 0.006 0.129 0.102 
 25 COPE-0025    (0)   :  0.104 0.099 0.116 0.106 0.095 0.103 0.116 0.057 0.097 0.107 
 26 COPE-0026    (0)   :  0.115 0.103 0.111 0.109 0.112 0.108 0.120 0.005 0.105 0.112 
 27 COPE-0027    (0)   :  0.103 0.122 0.115 0.108 0.110 0.100 0.098 0.006 0.118 0.119 
 28 COPE-0028    (0)   :  0.110 0.096 0.124 0.103 0.101 0.113 0.132 0.005 0.101 0.115 
 29 COPE-0029    (0)   :  0.109 0.118 0.107 0.094 0.136 0.102 0.108 0.005 0.099 0.121 
 30 COPE-0030   (14)   :  0.030 0.028 0.031 0.029 0.029 0.029 0.028 0.738 0.028 0.029 
 31 COPE-0031    (0)   :  0.116 0.111 0.101 0.113 0.112 0.106 0.120 0.010 0.105 0.107 
 32 COPE-0032    (0)   :  0.111 0.101 0.128 0.107 0.099 0.108 0.120 0.009 0.101 0.116 
 33 COPE-0033    (0)   :  0.110 0.103 0.124 0.109 0.104 0.105 0.117 0.011 0.103 0.115 
 34 COPE-0034    (0)   :  0.117 0.106 0.115 0.106 0.128 0.109 0.102 0.010 0.100 0.107 
 35 COPE-0035   (14)   :  0.112 0.099 0.124 0.107 0.100 0.110 0.123 0.007 0.103 0.114 
 36 COPE-0036   (14)   :  0.104 0.112 0.091 0.122 0.091 0.132 0.106 0.006 0.132 0.104 
 37 COPE-0037    (0)   :  0.103 0.111 0.105 0.112 0.101 0.115 0.104 0.023 0.120 0.107 
 38 COPE-0038    (0)   :  0.114 0.107 0.103 0.110 0.111 0.113 0.115 0.007 0.108 0.111 
 39 COPE-0039    (0)   :  0.107 0.107 0.108 0.110 0.105 0.096 0.103 0.060 0.103 0.102 
 40 COPE-0040   (14)   :  0.099 0.104 0.109 0.101 0.097 0.095 0.099 0.085 0.101 0.109 
 41 COPE-0041    (0)   :  0.104 0.111 0.118 0.107 0.106 0.100 0.108 0.028 0.104 0.116 
 42 COPE-0042    (0)   :  0.109 0.101 0.124 0.108 0.095 0.107 0.123 0.010 0.104 0.118 
 43 COPE-0043    (0)   :  0.112 0.113 0.121 0.101 0.130 0.101 0.104 0.005 0.097 0.116 
 44 COPE-0044    (0)   :  0.118 0.113 0.115 0.114 0.128 0.104 0.097 0.013 0.104 0.095 
 45 COPE-0045    (0)   :  0.112 0.108 0.114 0.113 0.119 0.104 0.101 0.033 0.100 0.099 
 46 COPE-0046    (0)   :  0.026 0.028 0.028 0.025 0.028 0.025 0.025 0.761 0.027 0.028 
 47 COPE-0047    (0)   :  0.007 0.008 0.008 0.007 0.008 0.007 0.007 0.933 0.007 0.008 
 48 COPE-0048    (0)   :  0.111 0.097 0.125 0.108 0.092 0.109 0.130 0.007 0.103 0.118 
 49 COPE-0049    (0)   :  0.115 0.102 0.116 0.110 0.120 0.108 0.109 0.016 0.101 0.102 
 50 COPE-0050    (0)   :  0.105 0.121 0.121 0.109 0.115 0.100 0.095 0.007 0.116 0.110 
 51 COPE-0051    (0)   :  0.099 0.085 0.116 0.092 0.085 0.109 0.116 0.104 0.091 0.103 
 52 COPE-0052    (0)   :  0.119 0.098 0.097 0.112 0.109 0.107 0.133 0.011 0.104 0.110 
 53 COPE-0053    (0)   :  0.108 0.121 0.112 0.086 0.147 0.097 0.103 0.008 0.093 0.124 
 54 COPE-0054    (0)   :  0.105 0.116 0.077 0.131 0.089 0.135 0.102 0.005 0.143 0.097 
 55 COPE-0055    (0)   :  0.119 0.119 0.095 0.117 0.120 0.112 0.108 0.005 0.102 0.102 
 56 COPE-0056    (0)   :  0.115 0.110 0.108 0.117 0.116 0.106 0.107 0.016 0.105 0.100 
 57 COPE-0057    (0)   :  0.105 0.116 0.113 0.111 0.103 0.106 0.106 0.010 0.114 0.116 
 58 COPE-0058    (0)   :  0.109 0.107 0.118 0.106 0.111 0.115 0.107 0.009 0.103 0.112 
 59 COPE-0059    (0)   :  0.098 0.125 0.114 0.105 0.103 0.104 0.089 0.018 0.124 0.120 
 60 COPE-0060    (0)   :  0.105 0.114 0.122 0.096 0.130 0.097 0.107 0.007 0.099 0.123 
 61 COPE-0061    (0)   :  0.105 0.121 0.115 0.088 0.139 0.097 0.102 0.010 0.096 0.126 
 62 COPE-0062    (0)   :  0.111 0.102 0.090 0.120 0.093 0.118 0.131 0.009 0.121 0.105 
 63 COPE-0063    (0)   :  0.118 0.116 0.093 0.117 0.118 0.111 0.108 0.024 0.100 0.095 
 64 COPE-0064    (0)   :  0.114 0.114 0.111 0.111 0.115 0.100 0.107 0.009 0.108 0.111 
 65 COPE-0065    (0)   :  0.006 0.006 0.006 0.006 0.006 0.006 0.006 0.947 0.006 0.006 
 66 COPE-0066    (0)   :  0.104 0.096 0.132 0.104 0.092 0.110 0.127 0.017 0.101 0.118 
 67 COPE-0067   (14)   :  0.027 0.027 0.029 0.028 0.025 0.028 0.031 0.748 0.027 0.029 
 68 COPE-0068    (0)   :  0.099 0.124 0.120 0.106 0.108 0.100 0.095 0.011 0.119 0.119 
 69 COPE-0069   (14)   :  0.112 0.113 0.100 0.112 0.107 0.107 0.113 0.011 0.113 0.112 
 70 COPE-0070    (0)   :  0.114 0.104 0.123 0.106 0.118 0.115 0.104 0.011 0.101 0.103 
 71 COPE-0071    (0)   :  0.106 0.098 0.126 0.108 0.094 0.118 0.127 0.004 0.105 0.112 
 72 COPE-0072    (0)   :  0.108 0.115 0.117 0.107 0.115 0.098 0.108 0.006 0.106 0.119 
 73 COPE-0073   (14)   :  0.037 0.042 0.034 0.037 0.041 0.040 0.036 0.653 0.041 0.039 
 74 COPE-0074    (0)   :  0.111 0.103 0.119 0.109 0.095 0.113 0.122 0.009 0.106 0.114 
 75 COPE-0075    (0)   :  0.110 0.093 0.128 0.101 0.094 0.118 0.129 0.012 0.099 0.115 
 76 COPE-0076    (0)   :  0.111 0.116 0.098 0.116 0.108 0.116 0.108 0.006 0.115 0.107 
 77 COPE-0077   (14)   :  0.111 0.114 0.120 0.107 0.110 0.102 0.105 0.008 0.109 0.115 
 78 COPE-0078   (14)   :  0.114 0.108 0.109 0.117 0.112 0.119 0.098 0.008 0.115 0.099 
 79 COPE-0079    (0)   :  0.126 0.101 0.132 0.110 0.142 0.111 0.082 0.008 0.097 0.090 
 80 COPE-0080   (42)   :  0.019 0.020 0.020 0.019 0.020 0.019 0.020 0.823 0.020 0.021 
 81 COPE-0081   (14)   :  0.062 0.063 0.059 0.063 0.061 0.063 0.061 0.447 0.061 0.059 
 82 COPE-0082   (14)   :  0.110 0.099 0.110 0.106 0.102 0.112 0.117 0.045 0.100 0.099 
 83 COPE-0083   (14)   :  0.122 0.095 0.087 0.114 0.103 0.106 0.146 0.005 0.108 0.113 
 84 COPE-0084    (0)   :  0.087 0.096 0.090 0.068 0.115 0.077 0.085 0.209 0.073 0.101 
 85 COPE-0085    (0)   :  0.114 0.108 0.122 0.107 0.123 0.110 0.101 0.010 0.102 0.105 
 86 COPE-0086    (0)   :  0.109 0.105 0.114 0.106 0.105 0.111 0.114 0.019 0.106 0.111 
 87 COPE-0087   (14)   :  0.108 0.113 0.120 0.092 0.132 0.098 0.108 0.007 0.097 0.123 
 88 COPE-0088   (14)   :  0.111 0.105 0.119 0.100 0.123 0.107 0.104 0.024 0.097 0.109 
 89 COPE-0089   (14)   :  0.008 0.007 0.008 0.008 0.008 0.008 0.008 0.932 0.007 0.007 
 90 COPE-0090    (0)   :  0.117 0.117 0.098 0.114 0.116 0.110 0.111 0.008 0.105 0.104 
 91 COPE-0091   (14)   :  0.109 0.113 0.114 0.095 0.129 0.097 0.117 0.005 0.099 0.123 
 92 COPE-0092   (28)   :  0.022 0.023 0.024 0.022 0.024 0.022 0.021 0.795 0.023 0.023 
 93 COPE-0093    (0)   :  0.121 0.121 0.091 0.121 0.120 0.115 0.106 0.006 0.104 0.095 
 94 COPE-0094    (0)   :  0.123 0.101 0.128 0.108 0.139 0.107 0.081 0.029 0.095 0.089 
 95 COPE-0095    (0)   :  0.110 0.120 0.111 0.089 0.142 0.098 0.109 0.005 0.093 0.123 
 96 COPE-0096    (0)   :  0.112 0.107 0.108 0.104 0.114 0.109 0.120 0.009 0.104 0.111 
 97 COPE-0097    (0)   :  0.111 0.094 0.114 0.106 0.099 0.120 0.131 0.007 0.107 0.110 
 98 COPE-0098    (0)   :  0.120 0.110 0.100 0.116 0.112 0.107 0.119 0.009 0.104 0.103 
 99 COPE-0099    (0)   :  0.100 0.114 0.125 0.104 0.099 0.102 0.103 0.021 0.111 0.120 
100 COPE-0100    (0)   :  0.105 0.112 0.114 0.111 0.104 0.105 0.117 0.007 0.110 0.116 
101 COPE-0101    (0)   :  0.108 0.098 0.116 0.106 0.103 0.106 0.113 0.045 0.097 0.107 
102 COPE-0102    (0)   :  0.110 0.110 0.118 0.105 0.113 0.107 0.111 0.006 0.104 0.117 
103 COPE-0103    (0)   :  0.117 0.101 0.112 0.110 0.117 0.113 0.107 0.016 0.106 0.101 
104 COPE-0104   (14)   :  0.115 0.100 0.119 0.110 0.102 0.109 0.126 0.007 0.101 0.111 
105 COPE-0105    (0)   :  0.102 0.091 0.124 0.100 0.091 0.121 0.124 0.036 0.106 0.105 
106 COPE-0106    (0)   :  0.097 0.118 0.063 0.142 0.071 0.149 0.097 0.004 0.165 0.092 
107 COPE-0107    (0)   :  0.021 0.020 0.019 0.020 0.022 0.020 0.019 0.821 0.019 0.019 
108 COPE-0108    (0)   :  0.113 0.106 0.103 0.113 0.097 0.116 0.125 0.006 0.112 0.108 
109 COPE-0109    (0)   :  0.121 0.108 0.124 0.110 0.129 0.104 0.092 0.011 0.105 0.096 
110 COPE-0110   (14)   :  0.106 0.113 0.104 0.111 0.113 0.115 0.101 0.013 0.117 0.107 
111 COPE-0111    (0)   :  0.103 0.114 0.094 0.117 0.099 0.118 0.110 0.009 0.129 0.108 
112 COPE-0112   (14)   :  0.111 0.102 0.120 0.106 0.096 0.106 0.129 0.010 0.102 0.119 
113 COPE-0113    (0)   :  0.107 0.110 0.115 0.110 0.104 0.102 0.112 0.018 0.109 0.113 
114 COPE-0114    (0)   :  0.103 0.116 0.083 0.128 0.090 0.131 0.101 0.009 0.135 0.102 
115 COPE-0115    (0)   :  0.028 0.026 0.026 0.026 0.030 0.026 0.030 0.753 0.026 0.028 
116 COPE-0116   (28)   :  0.011 0.011 0.011 0.011 0.011 0.010 0.011 0.905 0.010 0.011 
117 COPE-0117    (0)   :  0.108 0.121 0.112 0.085 0.146 0.096 0.107 0.010 0.092 0.124 
118 COPE-0118    (0)   :  0.105 0.116 0.069 0.132 0.081 0.133 0.108 0.009 0.146 0.101 
119 COPE-0119    (0)   :  0.112 0.107 0.087 0.118 0.092 0.122 0.117 0.010 0.128 0.106 
120 COPE-0120    (0)   :  0.112 0.114 0.126 0.109 0.114 0.100 0.098 0.010 0.109 0.108 
121 COPE-0121    (0)   :  0.101 0.106 0.096 0.110 0.097 0.112 0.110 0.056 0.112 0.102 
122 COPE-0122    (0)   :  0.111 0.105 0.131 0.106 0.116 0.106 0.104 0.008 0.101 0.112 
123 COPE-0123    (0)   :  0.113 0.103 0.124 0.110 0.110 0.108 0.107 0.016 0.102 0.107 
124 COPE-0124    (0)   :  0.109 0.107 0.127 0.110 0.107 0.105 0.105 0.012 0.104 0.112 
125 COPE-0125    (0)   :  0.112 0.106 0.106 0.118 0.096 0.123 0.110 0.006 0.117 0.105 
126 COPE-0126    (0)   :  0.109 0.119 0.110 0.084 0.144 0.097 0.109 0.012 0.092 0.123 
127 COPE-0127   (14)   :  0.107 0.103 0.119 0.107 0.111 0.115 0.115 0.007 0.107 0.110 
128 COPE-0128    (0)   :  0.103 0.112 0.107 0.116 0.097 0.115 0.108 0.018 0.115 0.108 
129 COPE-0129    (0)   :  0.116 0.106 0.126 0.107 0.128 0.113 0.090 0.006 0.105 0.102 
130 COPE-0130    (0)   :  0.103 0.122 0.115 0.107 0.112 0.102 0.098 0.013 0.115 0.112 
131 COPE-0131   (14)   :  0.113 0.104 0.097 0.114 0.102 0.108 0.128 0.008 0.113 0.112 
132 COPE-0132   (14)   :  0.100 0.111 0.089 0.120 0.095 0.118 0.103 0.038 0.126 0.099 
133 COPE-0133    (0)   :  0.108 0.122 0.112 0.088 0.146 0.096 0.104 0.009 0.092 0.124 
134 COPE-0134    (0)   :  0.105 0.111 0.121 0.110 0.111 0.111 0.102 0.007 0.109 0.112 
135 COPE-0135    (0)   :  0.113 0.105 0.117 0.111 0.110 0.108 0.117 0.008 0.102 0.107 
136 COPE-0136    (0)   :  0.013 0.013 0.014 0.013 0.014 0.013 0.013 0.882 0.013 0.014 
137 COPE-0137    (0)   :  0.103 0.111 0.124 0.108 0.102 0.098 0.111 0.012 0.107 0.124 
138 COPE-0138   (14)   :  0.009 0.009 0.009 0.009 0.008 0.010 0.009 0.918 0.010 0.009 
139 COPE-0139    (0)   :  0.101 0.114 0.121 0.108 0.108 0.100 0.113 0.007 0.106 0.122 
140 COPE-0140   (14)   :  0.023 0.024 0.025 0.023 0.023 0.023 0.025 0.786 0.023 0.025 
141 COPE-0141    (0)   :  0.118 0.113 0.102 0.117 0.120 0.114 0.107 0.008 0.103 0.098 
142 COPE-0142    (0)   :  0.113 0.117 0.098 0.116 0.111 0.114 0.104 0.009 0.114 0.103 
143 COPE-0143    (0)   :  0.115 0.114 0.112 0.099 0.136 0.102 0.106 0.009 0.097 0.111 
144 COPE-0144   (14)   :  0.093 0.098 0.095 0.093 0.104 0.085 0.090 0.165 0.088 0.089 
145 COPE-0145   (14)   :  0.073 0.077 0.087 0.079 0.076 0.076 0.087 0.294 0.068 0.082 
146 COPE-0146   (14)   :  0.109 0.113 0.103 0.102 0.116 0.104 0.113 0.028 0.103 0.108 
147 COPE-0147    (0)   :  0.113 0.103 0.109 0.105 0.119 0.100 0.093 0.070 0.095 0.092 
148 COPE-0148    (0)   :  0.109 0.121 0.110 0.092 0.143 0.099 0.104 0.009 0.096 0.119 
149 COPE-0149    (0)   :  0.101 0.119 0.121 0.100 0.121 0.098 0.104 0.007 0.107 0.124 
150 COPE-0150    (0)   :  0.110 0.094 0.131 0.104 0.088 0.111 0.134 0.008 0.101 0.120 
151 COPE-0151    (0)   :  0.109 0.115 0.109 0.108 0.116 0.103 0.112 0.007 0.107 0.115 
152 COPE-0152   (14)   :  0.104 0.100 0.091 0.102 0.103 0.095 0.098 0.126 0.092 0.088 
153 COPE-0153    (0)   :  0.117 0.109 0.112 0.113 0.112 0.107 0.108 0.006 0.108 0.109 
154 COPE-0154    (0)   :  0.108 0.118 0.102 0.112 0.108 0.111 0.104 0.007 0.119 0.112 
155 COPE-0155    (0)   :  0.106 0.113 0.116 0.113 0.102 0.107 0.109 0.006 0.113 0.116 
156 COPE-0156   (14)   :  0.009 0.009 0.009 0.009 0.009 0.009 0.009 0.919 0.009 0.009 
157 COPE-0157   (14)   :  0.087 0.086 0.079 0.088 0.089 0.086 0.081 0.253 0.078 0.075 
158 COPE-0158    (0)   :  0.107 0.124 0.114 0.090 0.138 0.093 0.102 0.009 0.097 0.125 
159 COPE-0159    (0)   :  0.117 0.111 0.111 0.112 0.119 0.108 0.103 0.008 0.106 0.106 
160 COPE-0160    (0)   :  0.113 0.102 0.123 0.110 0.118 0.118 0.103 0.006 0.103 0.104 
161 COPE-0161    (0)   :  0.113 0.108 0.116 0.107 0.115 0.108 0.110 0.012 0.101 0.109 
162 COPE-0162   (14)   :  0.007 0.007 0.007 0.007 0.007 0.007 0.007 0.937 0.007 0.007 
163 COPE-0163   (28)   :  0.013 0.013 0.013 0.013 0.013 0.013 0.013 0.882 0.013 0.013 
164 COPE-0164    (0)   :  0.105 0.114 0.110 0.103 0.106 0.102 0.112 0.028 0.106 0.115 
165 COPE-0165    (0)   :  0.108 0.116 0.121 0.104 0.113 0.104 0.102 0.008 0.108 0.116 
166 COPE-0166   (14)   :  0.106 0.110 0.124 0.108 0.117 0.112 0.098 0.008 0.107 0.110 
167 COPE-0167    (0)   :  0.113 0.108 0.107 0.116 0.112 0.121 0.097 0.008 0.119 0.097 
168 COPE-0168    (0)   :  0.112 0.116 0.111 0.098 0.132 0.099 0.109 0.006 0.099 0.117 
169 COPE-0169    (0)   :  0.099 0.121 0.118 0.105 0.108 0.099 0.096 0.011 0.120 0.124 
170 COPE-0170    (0)   :  0.116 0.105 0.098 0.116 0.113 0.110 0.116 0.026 0.101 0.099 
171 COPE-0171    (0)   :  0.112 0.113 0.101 0.112 0.113 0.108 0.117 0.008 0.107 0.110 
172 COPE-0172    (0)   :  0.113 0.105 0.114 0.110 0.104 0.110 0.118 0.007 0.106 0.112 
173 COPE-0173   (14)   :  0.098 0.116 0.117 0.099 0.101 0.095 0.088 0.058 0.113 0.115 
174 COPE-0174   (28)   :  0.111 0.115 0.107 0.107 0.119 0.103 0.110 0.015 0.104 0.108 
175 COPE-0175    (0)   :  0.111 0.104 0.115 0.100 0.123 0.102 0.103 0.040 0.095 0.108 
176 COPE-0176    (0)   :  0.112 0.114 0.091 0.123 0.108 0.125 0.100 0.009 0.124 0.095 
177 COPE-0177    (0)   :  0.102 0.121 0.119 0.103 0.109 0.099 0.101 0.007 0.115 0.123 
178 COPE-0178    (0)   :  0.097 0.118 0.065 0.141 0.072 0.149 0.096 0.007 0.164 0.092 
179 COPE-0179    (0)   :  0.106 0.113 0.117 0.115 0.108 0.103 0.110 0.009 0.108 0.110 
180 COPE-0180   (14)   :  0.098 0.123 0.121 0.104 0.110 0.102 0.094 0.006 0.120 0.123 
181 COPE-0181   (14)   :  0.100 0.118 0.120 0.111 0.109 0.099 0.100 0.009 0.115 0.117 
182 COPE-0182    (0)   :  0.109 0.101 0.115 0.108 0.102 0.117 0.130 0.005 0.107 0.107 
183 COPE-0183    (0)   :  0.109 0.113 0.109 0.111 0.108 0.109 0.110 0.011 0.112 0.109 
184 COPE-0184    (0)   :  0.112 0.105 0.120 0.109 0.121 0.117 0.099 0.009 0.106 0.101 
185 COPE-0185    (0)   :  0.117 0.111 0.100 0.113 0.112 0.109 0.113 0.007 0.108 0.110 
186 COPE-0186    (0)   :  0.121 0.096 0.089 0.116 0.100 0.110 0.143 0.005 0.111 0.110 
187 COPE-0187    (0)   :  0.112 0.097 0.122 0.105 0.103 0.120 0.124 0.010 0.102 0.106 
188 COPE-0188    (0)   :  0.026 0.025 0.028 0.025 0.024 0.026 0.029 0.765 0.025 0.027 
189 COPE-0189    (0)   :  0.102 0.109 0.120 0.109 0.106 0.102 0.115 0.008 0.107 0.121 
190 COPE-0190    (0)   :  0.115 0.105 0.123 0.113 0.123 0.103 0.101 0.014 0.100 0.102 
191 COPE-0191    (0)   :  0.110 0.111 0.110 0.106 0.117 0.102 0.115 0.011 0.102 0.114 
192 COPE-0192   (14)   :  0.011 0.010 0.010 0.011 0.010 0.011 0.012 0.903 0.011 0.011 
193 COPE-0193    (0)   :  0.108 0.117 0.107 0.103 0.120 0.105 0.110 0.006 0.107 0.117 
194 COPE-0194    (0)   :  0.108 0.094 0.130 0.105 0.092 0.113 0.132 0.009 0.100 0.116 
195 COPE-0195    (0)   :  0.109 0.105 0.118 0.107 0.102 0.111 0.122 0.006 0.105 0.115 
196 COPE-0196    (0)   :  0.113 0.106 0.117 0.110 0.111 0.108 0.109 0.011 0.106 0.108 
197 COPE-0197    (0)   :  0.104 0.119 0.125 0.104 0.107 0.099 0.099 0.007 0.114 0.123 
198 COPE-0198    (0)   :  0.105 0.118 0.107 0.109 0.111 0.106 0.098 0.013 0.117 0.116 
199 COPE-0199    (0)   :  0.099 0.123 0.116 0.108 0.104 0.101 0.094 0.012 0.124 0.120 
200 COPE-0200   (42)   :  0.101 0.123 0.119 0.108 0.113 0.099 0.094 0.009 0.116 0.117 
201 COPE-0201    (0)   :  0.113 0.110 0.099 0.112 0.106 0.115 0.120 0.009 0.112 0.104 
202 COPE-0202    (0)   :  0.126 0.106 0.117 0.112 0.130 0.107 0.094 0.013 0.101 0.094 
203 COPE-0203    (0)   :  0.110 0.113 0.108 0.113 0.112 0.111 0.105 0.006 0.112 0.110 
204 COPE-0204    (0)   :  0.100 0.103 0.095 0.119 0.083 0.135 0.106 0.030 0.129 0.101 
205 COPE-0205    (0)   :  0.111 0.112 0.111 0.099 0.120 0.098 0.112 0.022 0.098 0.117 
206 COPE-0206    (0)   :  0.099 0.114 0.088 0.128 0.087 0.131 0.110 0.005 0.136 0.101 
207 COPE-0207    (0)   :  0.102 0.113 0.081 0.129 0.087 0.128 0.109 0.011 0.145 0.097 
208 COPE-0208    (0)   :  0.031 0.029 0.031 0.031 0.029 0.029 0.032 0.730 0.028 0.030 
209 COPE-0209    (0)   :  0.109 0.112 0.113 0.110 0.102 0.105 0.114 0.006 0.113 0.116 
210 COPE-0210    (0)   :  0.110 0.115 0.113 0.096 0.125 0.096 0.115 0.011 0.098 0.123 
211 COPE-0211    (0)   :  0.110 0.095 0.127 0.106 0.089 0.110 0.135 0.005 0.102 0.120 
212 COPE-0212    (0)   :  0.103 0.114 0.090 0.122 0.098 0.121 0.107 0.012 0.131 0.101 
213 COPE-0213    (0)   :  0.104 0.111 0.104 0.116 0.094 0.123 0.109 0.008 0.123 0.108 
214 COPE-0214    (0)   :  0.099 0.128 0.120 0.103 0.108 0.102 0.085 0.008 0.125 0.122 
215 COPE-0215    (0)   :  0.092 0.120 0.115 0.100 0.103 0.099 0.089 0.048 0.117 0.117 
216 COPE-0216   (14)   :  0.068 0.070 0.071 0.063 0.074 0.064 0.068 0.387 0.064 0.072 
217 COPE-0217    (0)   :  0.099 0.113 0.082 0.128 0.085 0.128 0.100 0.028 0.143 0.095 
218 COPE-0218    (0)   :  0.111 0.114 0.115 0.104 0.111 0.104 0.108 0.009 0.106 0.118 
219 COPE-0219   (14)   :  0.105 0.121 0.118 0.106 0.112 0.098 0.097 0.009 0.114 0.120 
220 COPE-0220    (0)   :  0.098 0.117 0.080 0.130 0.081 0.133 0.100 0.014 0.149 0.098 
221 COPE-0221    (0)   :  0.117 0.111 0.102 0.112 0.121 0.114 0.101 0.016 0.103 0.103 
222 COPE-0222    (0)   :  0.114 0.120 0.105 0.098 0.130 0.103 0.113 0.007 0.096 0.114 
223 COPE-0223    (0)   :  0.102 0.115 0.128 0.104 0.108 0.099 0.103 0.007 0.109 0.125 
224 COPE-0224    (0)   :  0.123 0.100 0.128 0.108 0.139 0.112 0.084 0.019 0.096 0.092 
225 COPE-0225    (0)   :  0.098 0.129 0.117 0.103 0.108 0.100 0.083 0.014 0.126 0.123 
226 COPE-0226    (0)   :  0.113 0.116 0.103 0.112 0.120 0.109 0.107 0.007 0.109 0.105 
227 COPE-0227    (0)   :  0.113 0.112 0.102 0.113 0.106 0.106 0.111 0.006 0.116 0.115 
228 COPE-0228    (0)   :  0.102 0.114 0.089 0.127 0.091 0.123 0.101 0.019 0.135 0.099 
229 COPE-0229    (0)   :  0.110 0.117 0.112 0.113 0.114 0.105 0.100 0.007 0.112 0.110 
230 COPE-0230    (0)   :  0.113 0.111 0.101 0.120 0.108 0.119 0.102 0.010 0.113 0.102 
231 COPE-0231    (0)   :  0.106 0.115 0.120 0.106 0.107 0.105 0.106 0.006 0.110 0.120 
232 COPE-0232    (0)   :  0.113 0.107 0.119 0.109 0.122 0.112 0.098 0.015 0.104 0.102 
233 COPE-0233    (0)   :  0.113 0.110 0.107 0.115 0.114 0.106 0.116 0.005 0.104 0.109 
234 COPE-0234    (0)   :  0.118 0.102 0.128 0.111 0.122 0.112 0.099 0.008 0.101 0.099 
235 COPE-0235    (0)   :  0.108 0.108 0.130 0.106 0.113 0.106 0.103 0.006 0.105 0.115 
236 COPE-0236    (0)   :  0.112 0.110 0.095 0.124 0.094 0.128 0.105 0.005 0.126 0.102 
237 COPE-0237    (0)   :  0.118 0.107 0.101 0.115 0.109 0.109 0.113 0.006 0.111 0.112 
238 COPE-0238    (0)   :  0.098 0.125 0.122 0.103 0.112 0.096 0.094 0.008 0.115 0.127 
239 COPE-0239    (0)   :  0.114 0.103 0.119 0.103 0.126 0.107 0.097 0.034 0.096 0.100 
240 COPE-0240    (0)   :  0.112 0.115 0.111 0.094 0.133 0.099 0.110 0.008 0.097 0.120 
241 COPE-0241    (0)   :  0.094 0.121 0.121 0.108 0.109 0.097 0.097 0.007 0.120 0.127 
242 COPE-0242    (0)   :  0.110 0.110 0.086 0.121 0.092 0.123 0.114 0.006 0.133 0.106 
243 COPE-0243    (0)   :  0.109 0.095 0.130 0.104 0.097 0.118 0.125 0.008 0.101 0.114 
244 COPE-0244    (0)   :  0.106 0.111 0.120 0.105 0.108 0.107 0.109 0.009 0.110 0.116 
245 COPE-0245    (0)   :  0.109 0.099 0.123 0.104 0.098 0.114 0.126 0.012 0.102 0.113 
246 COPE-0246    (0)   :  0.110 0.113 0.113 0.107 0.119 0.104 0.108 0.013 0.102 0.110 
247 COPE-0247    (0)   :  0.113 0.114 0.107 0.111 0.111 0.107 0.104 0.016 0.108 0.107 
248 COPE-0248    (0)   :  0.109 0.102 0.116 0.110 0.099 0.114 0.130 0.005 0.107 0.110 
249 COPE-0249    (0)   :  0.111 0.111 0.119 0.107 0.123 0.103 0.093 0.030 0.104 0.099 
250 COPE-0250    (0)   :  0.116 0.104 0.121 0.111 0.122 0.116 0.091 0.016 0.110 0.093 
251 COPE-0251   (14)   :  0.033 0.032 0.029 0.031 0.032 0.031 0.031 0.720 0.030 0.031 
252 COPE-0252    (0)   :  0.116 0.107 0.126 0.107 0.128 0.108 0.094 0.012 0.098 0.105 
253 COPE-0253    (0)   :  0.119 0.120 0.095 0.118 0.120 0.110 0.111 0.008 0.100 0.099 
254 COPE-0254    (0)   :  0.105 0.096 0.123 0.104 0.102 0.123 0.119 0.014 0.108 0.105 
255 COPE-0255    (0)   :  0.107 0.105 0.113 0.106 0.108 0.113 0.106 0.024 0.110 0.107 
256 COPE-0256    (0)   :  0.107 0.121 0.106 0.091 0.137 0.101 0.105 0.010 0.101 0.121 
257 COPE-0257    (0)   :  0.119 0.096 0.093 0.113 0.101 0.107 0.143 0.007 0.107 0.112 
258 COPE-0258    (0)   :  0.112 0.100 0.103 0.113 0.099 0.107 0.128 0.019 0.107 0.111 
259 COPE-0259    (0)   :  0.111 0.104 0.116 0.111 0.101 0.111 0.118 0.006 0.108 0.114 
260 COPE-0260    (0)   :  0.098 0.118 0.117 0.104 0.108 0.100 0.098 0.024 0.114 0.119 
261 COPE-0261    (0)   :  0.106 0.094 0.121 0.108 0.093 0.129 0.121 0.006 0.116 0.108 
262 COPE-0262    (0)   :  0.109 0.103 0.119 0.097 0.113 0.110 0.114 0.019 0.100 0.115 
263 COPE-0263    (0)   :  0.119 0.101 0.103 0.111 0.109 0.107 0.122 0.008 0.107 0.113 
264 COPE-0264    (0)   :  0.114 0.100 0.098 0.112 0.099 0.110 0.130 0.019 0.109 0.110 
265 COPE-0265    (0)   :  0.108 0.112 0.109 0.111 0.109 0.108 0.118 0.011 0.106 0.108 
266 COPE-0266    (0)   :  0.100 0.110 0.095 0.125 0.088 0.125 0.108 0.018 0.131 0.099 
267 COPE-0267    (0)   :  0.113 0.108 0.113 0.113 0.116 0.112 0.109 0.006 0.104 0.106 
268 COPE-0268    (0)   :  0.115 0.105 0.102 0.114 0.108 0.108 0.118 0.013 0.105 0.112 
269 COPE-0269    (0)   :  0.109 0.111 0.112 0.103 0.124 0.102 0.117 0.006 0.101 0.113 
270 COPE-0270    (0)   :  0.109 0.095 0.130 0.105 0.090 0.108 0.133 0.007 0.102 0.122 
271 COPE-0271    (0)   :  0.104 0.114 0.122 0.101 0.118 0.095 0.111 0.007 0.103 0.125 
272 COPE-0272    (0)   :  0.117 0.107 0.106 0.118 0.113 0.113 0.110 0.007 0.108 0.100 
273 COPE-0273    (0)   :  0.101 0.113 0.089 0.126 0.092 0.124 0.106 0.016 0.135 0.098 
274 COPE-0274   (14)   :  0.023 0.021 0.025 0.023 0.020 0.023 0.027 0.790 0.022 0.025 
275 COPE-0275    (0)   :  0.109 0.106 0.120 0.110 0.106 0.109 0.108 0.010 0.108 0.112 
276 COPE-0276   (14)   :  0.006 0.006 0.006 0.006 0.006 0.006 0.006 0.943 0.006 0.006 
277 COPE-0277   (14)   :  0.106 0.118 0.102 0.098 0.124 0.109 0.108 0.013 0.104 0.118 
278 COPE-0278    (0)   :  0.098 0.119 0.069 0.138 0.076 0.143 0.097 0.007 0.160 0.094 
279 COPE-0279    (0)   :  0.106 0.112 0.104 0.114 0.101 0.121 0.105 0.009 0.120 0.108 
280 COPE-0280    (0)   :  0.013 0.013 0.013 0.013 0.013 0.013 0.013 0.884 0.013 0.013 
281 COPE-0281    (0)   :  0.030 0.032 0.034 0.031 0.030 0.031 0.030 0.720 0.032 0.031 
282 COPE-0282   (14)   :  0.126 0.100 0.133 0.110 0.142 0.113 0.082 0.006 0.096 0.091 
283 COPE-0283    (0)   :  0.101 0.116 0.080 0.130 0.086 0.131 0.103 0.007 0.147 0.098 
284 COPE-0284   (14)   :  0.098 0.112 0.118 0.104 0.104 0.097 0.106 0.034 0.108 0.120 
285 COPE-0285    (0)   :  0.030 0.031 0.031 0.030 0.032 0.030 0.032 0.722 0.030 0.032 
286 COPE-0286    (0)   :  0.104 0.103 0.121 0.110 0.097 0.108 0.126 0.010 0.102 0.120 
287 COPE-0287    (0)   :  0.118 0.100 0.100 0.110 0.110 0.106 0.116 0.031 0.102 0.107 
288 COPE-0288    (0)   :  0.116 0.112 0.104 0.114 0.121 0.114 0.101 0.010 0.105 0.104 
289 COPE-0289    (0)   :  0.109 0.114 0.107 0.106 0.121 0.103 0.116 0.008 0.103 0.114 
290 COPE-0290    (0)   :  0.102 0.103 0.128 0.107 0.094 0.106 0.124 0.008 0.108 0.121 
291 COPE-0291    (0)   :  0.110 0.108 0.106 0.111 0.104 0.108 0.121 0.006 0.110 0.115 
292 COPE-0292   (42)   :  0.014 0.015 0.015 0.015 0.015 0.014 0.014 0.869 0.014 0.014 
293 COPE-0293    (0)   :  0.116 0.114 0.101 0.118 0.111 0.113 0.115 0.008 0.105 0.100 
294 COPE-0294    (0)   :  0.111 0.109 0.118 0.113 0.111 0.107 0.105 0.012 0.109 0.105 
295 COPE-0295    (0)   :  0.112 0.109 0.118 0.109 0.124 0.116 0.094 0.008 0.108 0.103 
296 COPE-0296   (14)   :  0.111 0.110 0.110 0.113 0.109 0.111 0.113 0.007 0.108 0.109 
297 COPE-0297   (14)   :  0.095 0.119 0.116 0.104 0.107 0.100 0.091 0.036 0.116 0.117 
298 COPE-0298    (0)   :  0.117 0.112 0.108 0.118 0.119 0.110 0.104 0.010 0.104 0.097 
299 COPE-0299    (0)   :  0.110 0.091 0.130 0.102 0.096 0.118 0.133 0.006 0.103 0.111 
300 COPE-0300   (14)   :  0.113 0.112 0.110 0.099 0.128 0.101 0.111 0.008 0.099 0.118 
301 COPE-0301   (14)   :  0.122 0.120 0.092 0.118 0.122 0.112 0.109 0.009 0.100 0.095 
302 COPE-0302    (0)   :  0.087 0.087 0.086 0.082 0.097 0.082 0.094 0.211 0.082 0.092 
303 COPE-0303    (0)   :  0.101 0.117 0.083 0.128 0.086 0.138 0.096 0.006 0.144 0.100 
304 COPE-0304    (0)   :  0.109 0.110 0.114 0.107 0.112 0.110 0.112 0.007 0.107 0.113 
305 COPE-0305   (14)   :  0.110 0.107 0.108 0.107 0.116 0.103 0.109 0.035 0.101 0.104 
306 COPE-0306    (0)   :  0.099 0.114 0.071 0.136 0.077 0.141 0.103 0.009 0.156 0.094 
307 COPE-0307   (28)   :  0.008 0.008 0.008 0.008 0.008 0.008 0.008 0.927 0.008 0.008 
308 COPE-0308    (0)   :  0.125 0.101 0.129 0.111 0.136 0.115 0.085 0.006 0.097 0.094 
309 COPE-0309   (14)   :  0.045 0.042 0.045 0.044 0.044 0.041 0.043 0.616 0.039 0.041 
310 COPE-0310   (28)   :  0.048 0.040 0.037 0.047 0.041 0.043 0.057 0.599 0.043 0.045 
311 COPE-0311    (0)   :  0.115 0.102 0.099 0.112 0.103 0.111 0.119 0.022 0.110 0.107 
312 COPE-0312   (28)   :  0.012 0.013 0.011 0.014 0.011 0.014 0.012 0.884 0.015 0.012 
313 COPE-0313    (0)   :  0.107 0.109 0.090 0.122 0.087 0.123 0.119 0.008 0.130 0.104 
314 COPE-0314    (0)   :  0.116 0.104 0.107 0.111 0.103 0.111 0.123 0.007 0.108 0.109 
315 COPE-0315    (0)   :  0.107 0.114 0.104 0.116 0.103 0.110 0.105 0.008 0.122 0.111 
316 COPE-0316    (0)   :  0.103 0.105 0.119 0.108 0.096 0.113 0.112 0.021 0.110 0.113 
317 COPE-0317   (14)   :  0.009 0.008 0.009 0.009 0.009 0.009 0.009 0.923 0.008 0.009 
318 COPE-0318    (0)   :  0.108 0.107 0.120 0.112 0.101 0.109 0.115 0.005 0.112 0.111 
319 COPE-0319    (0)   :  0.119 0.104 0.126 0.107 0.124 0.109 0.099 0.007 0.099 0.106 
320 COPE-0320   (14)   :  0.115 0.118 0.103 0.110 0.120 0.107 0.106 0.014 0.105 0.102 
321 COPE-0321   (14)   :  0.114 0.100 0.097 0.116 0.097 0.114 0.125 0.011 0.116 0.109 
322 COPE-0322   (14)   :  0.104 0.111 0.123 0.108 0.103 0.104 0.108 0.006 0.113 0.120 
323 COPE-0323    (0)   :  0.123 0.093 0.086 0.115 0.099 0.107 0.146 0.008 0.110 0.112 
324 COPE-0324    (0)   :  0.101 0.125 0.114 0.108 0.110 0.101 0.093 0.006 0.123 0.118 
325 COPE-0325   (14)   :  0.109 0.122 0.108 0.085 0.145 0.095 0.109 0.011 0.093 0.124 
326 COPE-0326    (0)   :  0.113 0.113 0.102 0.122 0.112 0.122 0.095 0.007 0.116 0.097 
327 COPE-0327   (14)   :  0.122 0.111 0.105 0.120 0.118 0.107 0.109 0.008 0.099 0.100 
328 COPE-0328    (0)   :  0.107 0.110 0.113 0.113 0.099 0.112 0.111 0.006 0.113 0.116 
329 COPE-0329   (28)   :  0.100 0.120 0.106 0.112 0.099 0.111 0.095 0.013 0.129 0.114 
330 COPE-0330    (0)   :  0.114 0.102 0.108 0.109 0.100 0.107 0.122 0.021 0.106 0.110 
331 COPE-0331    (0)   :  0.120 0.121 0.092 0.117 0.121 0.114 0.108 0.006 0.103 0.098 
332 COPE-0332   (14)   :  0.106 0.112 0.099 0.117 0.095 0.126 0.109 0.007 0.122 0.106 
333 COPE-0333    (0)   :  0.099 0.099 0.088 0.098 0.101 0.095 0.094 0.150 0.089 0.089 
334 COPE-0334   (28)   :  0.052 0.045 0.043 0.051 0.046 0.048 0.059 0.562 0.047 0.048 
335 COPE-0335    (0)   :  0.101 0.128 0.119 0.105 0.110 0.101 0.088 0.007 0.123 0.120 
336 COPE-0336    (0)   :  0.115 0.108 0.113 0.113 0.113 0.112 0.110 0.006 0.104 0.105 
337 COPE-0337   (28)   :  0.017 0.018 0.018 0.018 0.018 0.017 0.018 0.839 0.018 0.019 
338 COPE-0338    (0)   :  0.115 0.099 0.101 0.111 0.101 0.105 0.127 0.021 0.107 0.114 
339 COPE-0339    (0)   :  0.109 0.118 0.111 0.087 0.147 0.096 0.110 0.006 0.092 0.125 
340 COPE-0340   (14)   :  0.012 0.012 0.012 0.012 0.012 0.012 0.012 0.891 0.012 0.012 
341 COPE-0341    (0)   :  0.120 0.104 0.128 0.110 0.120 0.108 0.099 0.007 0.099 0.105 
342 COPE-0342    (0)   :  0.096 0.122 0.120 0.105 0.110 0.096 0.092 0.008 0.124 0.127 
343 COPE-0343    (0)   :  0.106 0.108 0.102 0.118 0.097 0.125 0.112 0.006 0.123 0.102 
344 COPE-0344   (14)   :  0.012 0.011 0.011 0.011 0.011 0.011 0.011 0.901 0.011 0.011 
345 COPE-0345    (0)   :  0.118 0.106 0.123 0.109 0.128 0.109 0.100 0.006 0.099 0.103 
346 COPE-0346    (0)   :  0.111 0.105 0.121 0.108 0.106 0.100 0.107 0.031 0.100 0.112 
347 COPE-0347    (0)   :  0.106 0.103 0.120 0.104 0.108 0.112 0.121 0.006 0.104 0.115 
348 COPE-0348    (0)   :  0.107 0.102 0.111 0.111 0.095 0.120 0.116 0.015 0.115 0.108 
349 COPE-0349    (0)   :  0.099 0.121 0.122 0.105 0.110 0.095 0.099 0.006 0.117 0.125 
350 COPE-0350    (0)   :  0.108 0.106 0.127 0.108 0.098 0.107 0.119 0.006 0.104 0.117 
351 COPE-0351    (0)   :  0.107 0.099 0.131 0.101 0.095 0.114 0.126 0.006 0.107 0.115 
352 COPE-0352    (0)   :  0.104 0.110 0.111 0.108 0.104 0.110 0.107 0.026 0.108 0.111 
353 COPE-0353    (0)   :  0.118 0.101 0.100 0.111 0.102 0.107 0.136 0.005 0.106 0.115 
354 COPE-0354    (0)   :  0.116 0.103 0.101 0.112 0.110 0.110 0.122 0.015 0.106 0.105 
355 COPE-0355    (0)   :  0.108 0.124 0.113 0.081 0.153 0.094 0.105 0.006 0.089 0.128 
356 COPE-0356    (0)   :  0.109 0.095 0.125 0.105 0.106 0.122 0.121 0.008 0.104 0.104 
357 COPE-0357    (0)   :  0.111 0.117 0.119 0.109 0.113 0.100 0.099 0.008 0.113 0.112 
358 COPE-0358    (0)   :  0.007 0.008 0.008 0.007 0.007 0.007 0.007 0.932 0.007 0.008 
359 COPE-0359   (14)   :  0.110 0.110 0.118 0.108 0.113 0.108 0.106 0.009 0.107 0.112 
360 COPE-0360    (0)   :  0.118 0.099 0.096 0.114 0.100 0.109 0.136 0.006 0.110 0.111 
361 COPE-0361    (0)   :  0.111 0.106 0.129 0.110 0.113 0.108 0.104 0.009 0.102 0.109 
362 COPE-0362    (0)   :  0.101 0.120 0.118 0.106 0.109 0.101 0.098 0.007 0.119 0.121 
363 COPE-0363   (14)   :  0.113 0.107 0.126 0.108 0.111 0.103 0.105 0.013 0.103 0.112 
364 COPE-0364    (0)   :  0.121 0.099 0.102 0.115 0.099 0.106 0.130 0.006 0.108 0.114 
365 COPE-0365    (0)   :  0.122 0.095 0.089 0.116 0.101 0.107 0.132 0.019 0.110 0.108 
366 COPE-0366    (0)   :  0.098 0.113 0.124 0.101 0.101 0.103 0.104 0.023 0.111 0.123 
367 COPE-0367   (14)   :  0.013 0.012 0.013 0.012 0.013 0.012 0.012 0.889 0.012 0.012 
368 COPE-0368    (0)   :  0.106 0.117 0.111 0.096 0.136 0.101 0.105 0.010 0.097 0.120 
369 COPE-0369    (0)   :  0.116 0.115 0.112 0.109 0.117 0.105 0.104 0.008 0.105 0.108 
370 COPE-0370   (28)   :  0.009 0.009 0.009 0.009 0.009 0.009 0.009 0.919 0.009 0.009 
371 COPE-0371    (0)   :  0.116 0.109 0.099 0.113 0.109 0.113 0.117 0.013 0.105 0.106 
372 COPE-0372    (0)   :  0.102 0.114 0.088 0.115 0.092 0.114 0.100 0.047 0.125 0.104 
373 COPE-0373   (14)   :  0.117 0.108 0.110 0.117 0.120 0.119 0.097 0.007 0.108 0.098 
374 COPE-0374    (0)   :  0.114 0.101 0.119 0.106 0.119 0.111 0.112 0.008 0.100 0.111 
375 COPE-0375   (14)   :  0.121 0.097 0.095 0.116 0.106 0.106 0.133 0.009 0.106 0.111 
376 COPE-0376   (14)   :  0.107 0.094 0.126 0.104 0.095 0.125 0.126 0.006 0.108 0.109 
377 COPE-0377    (0)   :  0.051 0.047 0.050 0.049 0.052 0.046 0.045 0.571 0.046 0.044 
378 COPE-0378    (0)   :  0.110 0.109 0.111 0.096 0.124 0.102 0.122 0.006 0.097 0.121 
379 COPE-0379    (0)   :  0.094 0.120 0.122 0.111 0.109 0.095 0.100 0.007 0.119 0.124 
380 COPE-0380   (28)   :  0.032 0.036 0.026 0.041 0.027 0.043 0.032 0.688 0.045 0.031 
381 COPE-0381    (0)   :  0.112 0.107 0.112 0.110 0.117 0.108 0.115 0.010 0.103 0.107 
382 COPE-0382    (0)   :  0.097 0.124 0.119 0.109 0.111 0.098 0.096 0.006 0.119 0.122 
383 COPE-0383    (0)   :  0.119 0.090 0.084 0.112 0.097 0.103 0.136 0.048 0.105 0.106 
384 COPE-0384    (0)   :  0.111 0.108 0.106 0.105 0.113 0.108 0.120 0.007 0.108 0.114 


Estimated Allele Frequencies in each cluster
First column gives estimated ancestral frequencies


Locus 1 : COPE5 
78 alleles
0.5% missing data
   1   (0.007) 0.001 0.001 0.001 0.001 0.001 0.001 0.001 0.700 0.001 0.001 
   2   (0.023) 0.025 0.025 0.025 0.024 0.027 0.023 0.024 0.011 0.023 0.023 
   3   (0.013) 0.015 0.014 0.016 0.013 0.017 0.014 0.013 0.001 0.013 0.014 
   4   (0.023) 0.024 0.026 0.027 0.022 0.027 0.023 0.024 0.001 0.023 0.027 
   5   (0.011) 0.010 0.011 0.010 0.010 0.010 0.009 0.009 0.001 0.010 0.010 
   6   (0.019) 0.018 0.019 0.020 0.019 0.019 0.017 0.016 0.004 0.018 0.017 
   7   (0.007) 0.004 0.004 0.004 0.004 0.004 0.003 0.003 0.001 0.003 0.003 
   8   (0.034) 0.087 0.092 0.078 0.101 0.084 0.103 0.081 0.002 0.107 0.080 
   9   (0.020) 0.022 0.021 0.024 0.022 0.022 0.021 0.020 0.001 0.021 0.021 
  10   (0.019) 0.020 0.019 0.020 0.020 0.019 0.019 0.021 0.001 0.019 0.021 
  11   (0.015) 0.016 0.014 0.014 0.015 0.015 0.015 0.016 0.013 0.015 0.015 
  12   (0.016) 0.025 0.026 0.020 0.025 0.024 0.024 0.023 0.001 0.023 0.021 
  13   (0.010) 0.012 0.011 0.009 0.011 0.011 0.011 0.011 0.001 0.011 0.010 
  14   (0.023) 0.028 0.028 0.027 0.027 0.029 0.026 0.027 0.002 0.026 0.027 
  15   (0.016) 0.032 0.035 0.032 0.026 0.042 0.028 0.032 0.001 0.028 0.036 
  16   (0.010) 0.006 0.006 0.007 0.006 0.005 0.006 0.006 0.001 0.006 0.006 
  17   (0.018) 0.014 0.014 0.015 0.015 0.013 0.015 0.015 0.001 0.015 0.014 
  18   (0.017) 0.012 0.014 0.014 0.014 0.013 0.013 0.014 0.006 0.014 0.015 
  19   (0.012) 0.009 0.011 0.011 0.010 0.010 0.009 0.009 0.001 0.011 0.011 
  20   (0.029) 0.055 0.054 0.049 0.052 0.055 0.051 0.057 0.002 0.050 0.053 
  21   (0.023) 0.022 0.023 0.023 0.021 0.023 0.021 0.021 0.001 0.022 0.022 
  22   (0.019) 0.015 0.016 0.016 0.015 0.015 0.014 0.015 0.007 0.015 0.016 
  23   (0.013) 0.011 0.012 0.012 0.012 0.012 0.011 0.011 0.001 0.012 0.012 
  24   (0.015) 0.019 0.016 0.019 0.019 0.016 0.020 0.023 0.001 0.019 0.019 
  25   (0.009) 0.008 0.008 0.007 0.008 0.008 0.008 0.008 0.001 0.007 0.007 
  26   (0.013) 0.009 0.009 0.010 0.009 0.009 0.009 0.009 0.001 0.009 0.009 
  27   (0.012) 0.010 0.009 0.011 0.009 0.009 0.009 0.010 0.001 0.009 0.010 
  28   (0.008) 0.003 0.003 0.003 0.003 0.003 0.003 0.003 0.016 0.003 0.003 
  29   (0.014) 0.012 0.010 0.013 0.011 0.010 0.011 0.013 0.001 0.011 0.012 
  30   (0.019) 0.021 0.020 0.021 0.020 0.022 0.019 0.019 0.003 0.019 0.019 
  31   (0.020) 0.018 0.019 0.020 0.018 0.020 0.018 0.019 0.001 0.018 0.020 
  32   (0.025) 0.038 0.040 0.039 0.038 0.038 0.038 0.035 0.001 0.041 0.040 
  33   (0.006) 0.002 0.002 0.002 0.002 0.002 0.002 0.002 0.000 0.002 0.002 
  34   (0.019) 0.020 0.019 0.019 0.020 0.019 0.020 0.021 0.001 0.019 0.020 
  35   (0.006) 0.001 0.001 0.001 0.001 0.001 0.001 0.001 0.056 0.001 0.001 
  36   (0.006) 0.002 0.002 0.002 0.002 0.002 0.002 0.002 0.000 0.002 0.002 
  37   (0.020) 0.026 0.024 0.023 0.025 0.026 0.024 0.029 0.014 0.024 0.026 
  38   (0.016) 0.013 0.012 0.014 0.012 0.013 0.012 0.013 0.006 0.012 0.013 
  39   (0.014) 0.018 0.020 0.016 0.021 0.016 0.023 0.017 0.001 0.023 0.018 
  40   (0.011) 0.009 0.010 0.011 0.009 0.009 0.009 0.009 0.001 0.010 0.011 
  41   (0.009) 0.005 0.004 0.005 0.005 0.004 0.005 0.005 0.001 0.004 0.005 
  42   (0.006) 0.002 0.002 0.002 0.002 0.002 0.002 0.002 0.000 0.002 0.002 
  43   (0.009) 0.005 0.005 0.005 0.005 0.005 0.005 0.005 0.001 0.005 0.005 
  44   (0.023) 0.028 0.025 0.030 0.026 0.029 0.028 0.026 0.001 0.025 0.026 
  45   (0.006) 0.002 0.002 0.002 0.002 0.002 0.002 0.002 0.000 0.002 0.002 
