

----------------------------------------------------
STRUCTURE by Pritchard, Stephens and Donnelly (2000)
     and Falush, Stephens and Pritchard (2003)
       Code by Pritchard, Falush and Hubisz
             Version 2.3.4 (Jul 2012)
----------------------------------------------------



Command line arguments:   /home/jason/Programs/structure -K 6 -i ../Data/microsats.structure -m Structure_Run/mainparams -e Structure_Run/extraparams -D 3624275 -o ../Structure_Results/06_K_06.out 
Input File:    ../Data/microsats.structure

Run parameters:
   384 individuals
   7 loci
   6 populations assumed
   1000000 Burn-in period
   10000000 Reps
RANDOMIZE turned off


--------------------------------------------
Overall proportion of membership of the
sample in each of the 6 clusters

Inferred Clusters
  1      2      3      4      5      6    
0.175  0.175  0.175  0.125  0.175  0.174  

--------------------------------------------

Allele-freq. divergence among pops (Net nucleotide distance),
computed using point estimates of P.

      1       2       3       4       5       6      
 1      -    0.0001  0.0001  0.1476  0.0002  0.0000  
 2   0.0001     -    0.0002  0.1476  0.0001  0.0001  
 3   0.0001  0.0002     -    0.1461  0.0003  0.0001  
 4   0.1476  0.1476  0.1461     -    0.1478  0.1475  
 5   0.0002  0.0001  0.0003  0.1478     -    0.0003  
 6   0.0000  0.0001  0.0001  0.1475  0.0003     -    

Average distances (expected heterozygosity) between individuals in same cluster:
cluster  1  : 0.6232 
cluster  2  : 0.6210 
cluster  3  : 0.6288 
cluster  4  : 0.6627 
cluster  5  : 0.6214 
cluster  6  : 0.6238 

--------------------------------------------
Estimated Ln Prob of Data   = -8846.3
Mean value of ln likelihood = -8090.4
Variance of ln likelihood   = 1511.7
Mean value of alpha         = 0.0446

Mean value of Fst_1         = 0.0513
Mean value of Fst_2         = 0.0506
Mean value of Fst_3         = 0.0469
Mean value of Fst_4         = 0.1458
Mean value of Fst_5         = 0.0484
Mean value of Fst_6         = 0.0509


Inferred ancestry of individuals:
        Label (%Miss) :  Inferred clusters
  1 COPE-0001    (0)   :  0.008 0.008 0.008 0.961 0.008 0.008 
  2 COPE-0002    (0)   :  0.196 0.176 0.253 0.010 0.168 0.197 
  3 COPE-0003    (0)   :  0.168 0.229 0.175 0.006 0.254 0.168 
  4 COPE-0004    (0)   :  0.192 0.177 0.259 0.015 0.158 0.199 
  5 COPE-0005    (0)   :  0.210 0.191 0.205 0.018 0.172 0.205 
  6 COPE-0006    (0)   :  0.189 0.194 0.209 0.019 0.201 0.188 
  7 COPE-0007    (0)   :  0.218 0.206 0.189 0.007 0.172 0.208 
  8 COPE-0008    (0)   :  0.224 0.209 0.163 0.008 0.176 0.220 
  9 COPE-0009    (0)   :  0.176 0.221 0.179 0.017 0.242 0.166 
 10 COPE-0010    (0)   :  0.196 0.176 0.221 0.007 0.201 0.199 
 11 COPE-0011   (14)   :  0.012 0.012 0.015 0.937 0.011 0.013 
 12 COPE-0012   (14)   :  0.209 0.195 0.180 0.007 0.194 0.215 
 13 COPE-0013    (0)   :  0.162 0.239 0.167 0.006 0.268 0.158 
 14 COPE-0014    (0)   :  0.202 0.203 0.182 0.011 0.200 0.201 
 15 COPE-0015    (0)   :  0.207 0.199 0.185 0.007 0.193 0.209 
 16 COPE-0016    (0)   :  0.197 0.196 0.191 0.010 0.207 0.199 
 17 COPE-0017    (0)   :  0.041 0.040 0.040 0.797 0.040 0.041 
 18 COPE-0018    (0)   :  0.180 0.209 0.200 0.008 0.224 0.179 
 19 COPE-0019    (0)   :  0.175 0.227 0.171 0.006 0.254 0.169 
 20 COPE-0020    (0)   :  0.194 0.190 0.208 0.008 0.206 0.194 
 21 COPE-0021    (0)   :  0.212 0.193 0.189 0.006 0.186 0.214 
 22 COPE-0022    (0)   :  0.216 0.205 0.183 0.007 0.181 0.208 
 23 COPE-0023    (0)   :  0.193 0.178 0.251 0.008 0.176 0.195 
 24 COPE-0024   (14)   :  0.222 0.199 0.178 0.006 0.179 0.216 
 25 COPE-0025    (0)   :  0.176 0.166 0.207 0.082 0.185 0.184 
 26 COPE-0026    (0)   :  0.219 0.215 0.172 0.005 0.177 0.211 
 27 COPE-0027    (0)   :  0.179 0.229 0.166 0.006 0.248 0.173 
 28 COPE-0028    (0)   :  0.201 0.179 0.209 0.006 0.194 0.211 
 29 COPE-0029    (0)   :  0.210 0.204 0.176 0.005 0.193 0.212 
 30 COPE-0030   (14)   :  0.037 0.036 0.041 0.817 0.033 0.036 
 31 COPE-0031    (0)   :  0.223 0.215 0.160 0.010 0.177 0.215 
 32 COPE-0032    (0)   :  0.194 0.177 0.231 0.009 0.186 0.204 
 33 COPE-0033    (0)   :  0.188 0.188 0.223 0.011 0.196 0.195 
 34 COPE-0034    (0)   :  0.218 0.207 0.176 0.011 0.174 0.213 
 35 COPE-0035   (14)   :  0.193 0.182 0.217 0.008 0.197 0.204 
 36 COPE-0036   (14)   :  0.206 0.176 0.218 0.006 0.190 0.204 
 37 COPE-0037    (0)   :  0.197 0.198 0.189 0.022 0.197 0.197 
 38 COPE-0038    (0)   :  0.227 0.220 0.159 0.006 0.173 0.215 
 39 COPE-0039    (0)   :  0.163 0.178 0.176 0.132 0.188 0.163 
 40 COPE-0040   (14)   :  0.161 0.201 0.168 0.100 0.215 0.154 
 41 COPE-0041    (0)   :  0.184 0.195 0.202 0.032 0.207 0.180 
 42 COPE-0042    (0)   :  0.188 0.191 0.199 0.011 0.213 0.198 
 43 COPE-0043    (0)   :  0.199 0.179 0.240 0.006 0.178 0.198 
 44 COPE-0044    (0)   :  0.187 0.184 0.244 0.017 0.172 0.195 
 45 COPE-0045    (0)   :  0.192 0.178 0.226 0.032 0.176 0.196 
 46 COPE-0046    (0)   :  0.027 0.031 0.029 0.853 0.032 0.027 
 47 COPE-0047    (0)   :  0.007 0.007 0.007 0.964 0.007 0.007 
 48 COPE-0048    (0)   :  0.192 0.180 0.206 0.007 0.209 0.205 
 49 COPE-0049    (0)   :  0.197 0.175 0.242 0.015 0.172 0.199 
 50 COPE-0050    (0)   :  0.165 0.231 0.185 0.007 0.244 0.169 
 51 COPE-0051    (0)   :  0.180 0.152 0.197 0.114 0.167 0.191 
 52 COPE-0052    (0)   :  0.214 0.205 0.179 0.011 0.182 0.209 
 53 COPE-0053    (0)   :  0.203 0.200 0.181 0.012 0.198 0.207 
 54 COPE-0054    (0)   :  0.210 0.192 0.185 0.005 0.199 0.209 
 55 COPE-0055    (0)   :  0.226 0.207 0.164 0.005 0.181 0.217 
 56 COPE-0056    (0)   :  0.190 0.195 0.211 0.018 0.196 0.189 
 57 COPE-0057    (0)   :  0.180 0.210 0.189 0.010 0.236 0.173 
 58 COPE-0058    (0)   :  0.202 0.172 0.238 0.009 0.177 0.202 
 59 COPE-0059    (0)   :  0.160 0.239 0.165 0.022 0.256 0.158 
 60 COPE-0060    (0)   :  0.194 0.187 0.228 0.007 0.191 0.193 
 61 COPE-0061    (0)   :  0.183 0.219 0.169 0.014 0.235 0.179 
 62 COPE-0062    (0)   :  0.210 0.200 0.186 0.010 0.185 0.208 
 63 COPE-0063    (0)   :  0.218 0.192 0.170 0.028 0.178 0.215 
 64 COPE-0064    (0)   :  0.192 0.212 0.191 0.010 0.199 0.196 
 65 COPE-0065    (0)   :  0.006 0.006 0.006 0.972 0.006 0.006 
 66 COPE-0066    (0)   :  0.185 0.183 0.204 0.016 0.218 0.195 
 67 COPE-0067   (14)   :  0.025 0.024 0.026 0.874 0.026 0.025 
 68 COPE-0068    (0)   :  0.159 0.241 0.166 0.010 0.266 0.158 
 69 COPE-0069   (14)   :  0.199 0.204 0.181 0.014 0.202 0.200 
 70 COPE-0070    (0)   :  0.202 0.179 0.231 0.012 0.169 0.206 
 71 COPE-0071    (0)   :  0.198 0.177 0.212 0.004 0.205 0.203 
 72 COPE-0072    (0)   :  0.182 0.205 0.213 0.007 0.209 0.184 
 73 COPE-0073   (14)   :  0.046 0.043 0.042 0.778 0.044 0.047 
 74 COPE-0074    (0)   :  0.195 0.177 0.217 0.009 0.199 0.203 
 75 COPE-0075    (0)   :  0.197 0.167 0.222 0.016 0.186 0.212 
 76 COPE-0076    (0)   :  0.196 0.204 0.180 0.006 0.218 0.196 
 77 COPE-0077   (14)   :  0.187 0.209 0.194 0.008 0.214 0.188 
 78 COPE-0078   (14)   :  0.221 0.196 0.192 0.008 0.169 0.214 
 79 COPE-0079    (0)   :  0.195 0.170 0.276 0.010 0.150 0.199 
 80 COPE-0080   (42)   :  0.021 0.023 0.021 0.891 0.024 0.020 
 81 COPE-0081   (14)   :  0.103 0.098 0.091 0.509 0.096 0.103 
 82 COPE-0082   (14)   :  0.196 0.168 0.208 0.045 0.179 0.204 
 83 COPE-0083   (14)   :  0.214 0.207 0.179 0.007 0.183 0.210 
 84 COPE-0084    (0)   :  0.143 0.135 0.141 0.291 0.144 0.146 
 85 COPE-0085    (0)   :  0.187 0.187 0.232 0.010 0.189 0.194 
 86 COPE-0086    (0)   :  0.195 0.175 0.222 0.022 0.190 0.196 
 87 COPE-0087   (14)   :  0.195 0.184 0.222 0.008 0.195 0.197 
 88 COPE-0088   (14)   :  0.197 0.182 0.219 0.025 0.180 0.197 
 89 COPE-0089   (14)   :  0.007 0.007 0.007 0.964 0.007 0.007 
 90 COPE-0090    (0)   :  0.223 0.208 0.165 0.007 0.182 0.216 
 91 COPE-0091   (14)   :  0.196 0.187 0.211 0.006 0.200 0.200 
 92 COPE-0092   (28)   :  0.023 0.026 0.027 0.871 0.028 0.024 
 93 COPE-0093    (0)   :  0.218 0.196 0.173 0.006 0.186 0.220 
 94 COPE-0094    (0)   :  0.188 0.166 0.270 0.039 0.145 0.192 
 95 COPE-0095    (0)   :  0.212 0.207 0.168 0.005 0.195 0.213 
 96 COPE-0096    (0)   :  0.208 0.199 0.188 0.008 0.189 0.207 
 97 COPE-0097    (0)   :  0.209 0.182 0.204 0.008 0.186 0.210 
 98 COPE-0098    (0)   :  0.226 0.219 0.158 0.008 0.171 0.218 
 99 COPE-0099    (0)   :  0.162 0.228 0.176 0.021 0.254 0.159 
100 COPE-0100    (0)   :  0.192 0.208 0.180 0.007 0.222 0.191 
101 COPE-0101    (0)   :  0.190 0.180 0.199 0.045 0.190 0.196 
102 COPE-0102    (0)   :  0.194 0.189 0.215 0.006 0.201 0.196 
103 COPE-0103    (0)   :  0.200 0.178 0.236 0.018 0.168 0.200 
104 COPE-0104   (14)   :  0.201 0.183 0.202 0.007 0.200 0.206 
105 COPE-0105    (0)   :  0.201 0.167 0.209 0.036 0.180 0.206 
106 COPE-0106    (0)   :  0.215 0.188 0.189 0.005 0.191 0.212 
107 COPE-0107    (0)   :  0.018 0.017 0.016 0.915 0.016 0.018 
108 COPE-0108    (0)   :  0.217 0.199 0.181 0.006 0.184 0.212 
109 COPE-0109    (0)   :  0.187 0.189 0.241 0.013 0.173 0.197 
110 COPE-0110   (14)   :  0.204 0.188 0.200 0.015 0.191 0.202 
111 COPE-0111    (0)   :  0.201 0.193 0.194 0.009 0.200 0.203 
112 COPE-0112   (14)   :  0.194 0.186 0.197 0.011 0.210 0.202 
113 COPE-0113    (0)   :  0.182 0.203 0.190 0.025 0.219 0.181 
114 COPE-0114    (0)   :  0.201 0.193 0.189 0.011 0.205 0.201 
115 COPE-0115    (0)   :  0.024 0.024 0.023 0.882 0.023 0.024 
116 COPE-0116   (28)   :  0.009 0.009 0.010 0.953 0.010 0.009 
117 COPE-0117    (0)   :  0.200 0.198 0.184 0.013 0.201 0.204 
118 COPE-0118    (0)   :  0.210 0.192 0.185 0.010 0.195 0.208 
119 COPE-0119    (0)   :  0.221 0.207 0.172 0.010 0.179 0.211 
120 COPE-0120    (0)   :  0.182 0.203 0.212 0.012 0.203 0.188 
121 COPE-0121    (0)   :  0.189 0.189 0.178 0.061 0.194 0.189 
122 COPE-0122    (0)   :  0.193 0.176 0.254 0.008 0.174 0.195 
123 COPE-0123    (0)   :  0.190 0.179 0.248 0.014 0.171 0.198 
124 COPE-0124    (0)   :  0.190 0.185 0.244 0.013 0.180 0.189 
125 COPE-0125    (0)   :  0.202 0.179 0.205 0.007 0.205 0.202 
126 COPE-0126    (0)   :  0.207 0.206 0.167 0.015 0.193 0.212 
127 COPE-0127   (14)   :  0.208 0.178 0.210 0.007 0.187 0.210 
128 COPE-0128    (0)   :  0.194 0.185 0.211 0.021 0.203 0.187 
129 COPE-0129    (0)   :  0.190 0.182 0.247 0.007 0.181 0.193 
130 COPE-0130    (0)   :  0.169 0.231 0.175 0.012 0.243 0.171 
131 COPE-0131   (14)   :  0.194 0.216 0.179 0.011 0.210 0.191 
132 COPE-0132   (14)   :  0.223 0.200 0.162 0.033 0.173 0.209 
133 COPE-0133    (0)   :  0.197 0.184 0.211 0.011 0.194 0.203 
134 COPE-0134    (0)   :  0.195 0.185 0.231 0.007 0.188 0.194 
135 COPE-0135    (0)   :  0.195 0.182 0.225 0.009 0.191 0.199 
136 COPE-0136    (0)   :  0.012 0.012 0.012 0.940 0.012 0.012 
137 COPE-0137    (0)   :  0.178 0.210 0.189 0.013 0.239 0.171 
138 COPE-0138   (14)   :  0.008 0.008 0.008 0.961 0.008 0.008 
139 COPE-0139    (0)   :  0.171 0.218 0.181 0.008 0.250 0.171 
140 COPE-0140   (14)   :  0.020 0.021 0.020 0.897 0.022 0.020 
141 COPE-0141    (0)   :  0.210 0.190 0.195 0.009 0.182 0.213 
142 COPE-0142    (0)   :  0.205 0.200 0.181 0.009 0.199 0.206 
143 COPE-0143    (0)   :  0.209 0.196 0.196 0.008 0.183 0.209 
144 COPE-0144   (14)   :  0.112 0.114 0.141 0.403 0.115 0.115 
145 COPE-0145   (14)   :  0.111 0.113 0.135 0.413 0.118 0.109 
146 COPE-0146   (14)   :  0.194 0.196 0.181 0.031 0.198 0.202 
147 COPE-0147    (0)   :  0.184 0.177 0.228 0.067 0.153 0.191 
148 COPE-0148    (0)   :  0.203 0.190 0.195 0.010 0.190 0.212 
149 COPE-0149    (0)   :  0.174 0.224 0.179 0.007 0.247 0.170 
150 COPE-0150    (0)   :  0.190 0.175 0.213 0.010 0.206 0.206 
151 COPE-0151    (0)   :  0.195 0.207 0.179 0.007 0.223 0.189 
152 COPE-0152   (14)   :  0.192 0.179 0.162 0.117 0.158 0.192 
153 COPE-0153    (0)   :  0.208 0.211 0.190 0.006 0.180 0.205 
154 COPE-0154    (0)   :  0.182 0.215 0.177 0.006 0.237 0.182 
155 COPE-0155    (0)   :  0.186 0.203 0.198 0.006 0.231 0.176 
156 COPE-0156   (14)   :  0.008 0.008 0.009 0.958 0.008 0.008 
157 COPE-0157   (14)   :  0.143 0.127 0.139 0.328 0.118 0.146 
158 COPE-0158    (0)   :  0.185 0.209 0.182 0.009 0.228 0.187 
159 COPE-0159    (0)   :  0.217 0.211 0.176 0.007 0.175 0.214 
160 COPE-0160    (0)   :  0.206 0.176 0.236 0.006 0.164 0.212 
161 COPE-0161    (0)   :  0.194 0.183 0.226 0.011 0.190 0.196 
162 COPE-0162   (14)   :  0.007 0.007 0.007 0.967 0.007 0.007 
163 COPE-0163   (28)   :  0.013 0.013 0.013 0.936 0.013 0.013 
164 COPE-0164    (0)   :  0.180 0.209 0.181 0.036 0.216 0.178 
165 COPE-0165    (0)   :  0.177 0.213 0.194 0.008 0.231 0.177 
166 COPE-0166   (14)   :  0.194 0.180 0.247 0.008 0.176 0.195 
167 COPE-0167    (0)   :  0.199 0.178 0.238 0.008 0.176 0.201 
168 COPE-0168    (0)   :  0.206 0.204 0.186 0.006 0.190 0.208 
169 COPE-0169    (0)   :  0.161 0.241 0.168 0.013 0.259 0.157 
170 COPE-0170    (0)   :  0.206 0.193 0.186 0.041 0.173 0.202 
171 COPE-0171    (0)   :  0.209 0.198 0.183 0.009 0.193 0.208 
172 COPE-0172    (0)   :  0.207 0.194 0.199 0.006 0.187 0.206 
173 COPE-0173   (14)   :  0.151 0.223 0.169 0.068 0.236 0.151 
174 COPE-0174   (28)   :  0.191 0.186 0.217 0.022 0.186 0.198 
175 COPE-0175    (0)   :  0.199 0.183 0.220 0.040 0.164 0.194 
176 COPE-0176    (0)   :  0.214 0.185 0.197 0.010 0.176 0.217 
177 COPE-0177    (0)   :  0.169 0.230 0.175 0.007 0.255 0.164 
178 COPE-0178    (0)   :  0.212 0.178 0.199 0.008 0.192 0.210 
179 COPE-0179    (0)   :  0.186 0.199 0.208 0.008 0.209 0.189 
180 COPE-0180   (14)   :  0.163 0.236 0.175 0.006 0.256 0.163 
181 COPE-0181   (14)   :  0.171 0.225 0.181 0.009 0.246 0.168 
182 COPE-0182    (0)   :  0.227 0.208 0.171 0.005 0.171 0.217 
183 COPE-0183    (0)   :  0.189 0.201 0.200 0.011 0.205 0.193 
184 COPE-0184    (0)   :  0.213 0.191 0.200 0.009 0.173 0.213 
185 COPE-0185    (0)   :  0.219 0.219 0.162 0.007 0.190 0.204 
186 COPE-0186    (0)   :  0.212 0.200 0.184 0.006 0.187 0.211 
187 COPE-0187    (0)   :  0.200 0.170 0.221 0.010 0.184 0.215 
188 COPE-0188    (0)   :  0.020 0.018 0.022 0.901 0.019 0.020 
189 COPE-0189    (0)   :  0.184 0.204 0.187 0.010 0.230 0.185 
190 COPE-0190    (0)   :  0.192 0.179 0.250 0.015 0.168 0.197 
191 COPE-0191    (0)   :  0.189 0.207 0.194 0.013 0.212 0.184 
192 COPE-0192   (14)   :  0.010 0.010 0.009 0.953 0.009 0.010 
193 COPE-0193    (0)   :  0.203 0.205 0.181 0.007 0.205 0.199 
194 COPE-0194    (0)   :  0.194 0.173 0.213 0.010 0.202 0.208 
195 COPE-0195    (0)   :  0.196 0.177 0.223 0.007 0.191 0.206 
196 COPE-0196    (0)   :  0.201 0.190 0.214 0.011 0.181 0.203 
197 COPE-0197    (0)   :  0.169 0.227 0.181 0.007 0.252 0.163 
198 COPE-0198    (0)   :  0.206 0.223 0.160 0.013 0.205 0.193 
199 COPE-0199    (0)   :  0.165 0.234 0.168 0.011 0.264 0.158 
200 COPE-0200   (42)   :  0.162 0.237 0.172 0.010 0.257 0.162 
201 COPE-0201    (0)   :  0.214 0.199 0.176 0.009 0.184 0.217 
202 COPE-0202    (0)   :  0.207 0.203 0.199 0.015 0.163 0.213 
203 COPE-0203    (0)   :  0.209 0.201 0.189 0.006 0.193 0.202 
204 COPE-0204    (0)   :  0.203 0.168 0.203 0.037 0.185 0.204 
205 COPE-0205    (0)   :  0.210 0.205 0.178 0.021 0.187 0.199 
206 COPE-0206    (0)   :  0.205 0.192 0.193 0.005 0.198 0.206 
207 COPE-0207    (0)   :  0.217 0.202 0.181 0.011 0.181 0.208 
208 COPE-0208    (0)   :  0.025 0.026 0.024 0.874 0.025 0.025 
209 COPE-0209    (0)   :  0.182 0.215 0.181 0.007 0.236 0.178 
210 COPE-0210    (0)   :  0.193 0.198 0.182 0.011 0.216 0.201 
211 COPE-0211    (0)   :  0.192 0.182 0.203 0.005 0.210 0.208 
212 COPE-0212    (0)   :  0.221 0.201 0.177 0.011 0.179 0.211 
213 COPE-0213    (0)   :  0.201 0.191 0.200 0.008 0.201 0.199 
214 COPE-0214    (0)   :  0.159 0.242 0.170 0.008 0.261 0.160 
215 COPE-0215    (0)   :  0.155 0.233 0.166 0.036 0.258 0.152 
216 COPE-0216   (14)   :  0.093 0.088 0.100 0.536 0.090 0.093 
217 COPE-0217    (0)   :  0.208 0.188 0.188 0.027 0.184 0.205 
218 COPE-0218    (0)   :  0.199 0.212 0.182 0.009 0.206 0.191 
219 COPE-0219   (14)   :  0.169 0.236 0.173 0.009 0.247 0.167 
220 COPE-0220    (0)   :  0.204 0.193 0.191 0.014 0.197 0.200 
221 COPE-0221    (0)   :  0.219 0.209 0.165 0.016 0.177 0.215 
222 COPE-0222    (0)   :  0.222 0.215 0.156 0.006 0.182 0.218 
223 COPE-0223    (0)   :  0.174 0.216 0.205 0.008 0.231 0.165 
224 COPE-0224    (0)   :  0.197 0.169 0.262 0.022 0.152 0.197 
225 COPE-0225    (0)   :  0.157 0.243 0.166 0.016 0.260 0.157 
226 COPE-0226    (0)   :  0.199 0.186 0.211 0.008 0.186 0.209 
227 COPE-0227    (0)   :  0.197 0.218 0.181 0.006 0.202 0.195 
228 COPE-0228    (0)   :  0.197 0.182 0.203 0.028 0.196 0.195 
229 COPE-0229    (0)   :  0.187 0.211 0.190 0.007 0.213 0.191 
230 COPE-0230    (0)   :  0.202 0.183 0.206 0.010 0.200 0.199 
231 COPE-0231    (0)   :  0.178 0.216 0.185 0.006 0.245 0.170 
232 COPE-0232    (0)   :  0.200 0.173 0.243 0.014 0.170 0.199 
233 COPE-0233    (0)   :  0.228 0.215 0.159 0.005 0.177 0.216 
234 COPE-0234    (0)   :  0.192 0.175 0.268 0.008 0.158 0.199 
235 COPE-0235    (0)   :  0.189 0.185 0.247 0.006 0.184 0.189 
236 COPE-0236    (0)   :  0.206 0.178 0.204 0.005 0.203 0.204 
237 COPE-0237    (0)   :  0.225 0.224 0.158 0.006 0.177 0.209 
238 COPE-0238    (0)   :  0.162 0.243 0.166 0.007 0.271 0.151 
239 COPE-0239    (0)   :  0.194 0.170 0.245 0.035 0.160 0.195 
240 COPE-0240    (0)   :  0.206 0.200 0.187 0.008 0.190 0.208 
241 COPE-0241    (0)   :  0.161 0.240 0.167 0.007 0.268 0.157 
242 COPE-0242    (0)   :  0.209 0.199 0.189 0.007 0.190 0.206 
243 COPE-0243    (0)   :  0.198 0.172 0.228 0.008 0.189 0.206 
244 COPE-0244    (0)   :  0.184 0.204 0.209 0.009 0.210 0.184 
245 COPE-0245    (0)   :  0.205 0.180 0.207 0.014 0.185 0.208 
246 COPE-0246    (0)   :  0.198 0.181 0.235 0.013 0.176 0.197 
247 COPE-0247    (0)   :  0.195 0.218 0.166 0.017 0.215 0.188 
248 COPE-0248    (0)   :  0.215 0.198 0.188 0.005 0.185 0.210 
249 COPE-0249    (0)   :  0.178 0.186 0.242 0.035 0.175 0.184 
250 COPE-0250    (0)   :  0.196 0.173 0.253 0.016 0.159 0.202 
251 COPE-0251   (14)   :  0.034 0.033 0.025 0.848 0.028 0.032 
252 COPE-0252    (0)   :  0.198 0.169 0.264 0.012 0.161 0.197 
253 COPE-0253    (0)   :  0.217 0.201 0.167 0.008 0.193 0.214 
254 COPE-0254    (0)   :  0.208 0.171 0.216 0.012 0.180 0.212 
255 COPE-0255    (0)   :  0.204 0.197 0.180 0.028 0.188 0.203 
256 COPE-0256    (0)   :  0.204 0.197 0.185 0.011 0.199 0.206 
257 COPE-0257    (0)   :  0.206 0.196 0.194 0.009 0.189 0.207 
258 COPE-0258    (0)   :  0.195 0.197 0.187 0.026 0.198 0.196 
259 COPE-0259    (0)   :  0.201 0.187 0.210 0.006 0.197 0.198 
260 COPE-0260    (0)   :  0.165 0.228 0.175 0.024 0.249 0.158 
261 COPE-0261    (0)   :  0.210 0.172 0.213 0.006 0.185 0.214 
262 COPE-0262    (0)   :  0.195 0.173 0.218 0.027 0.188 0.199 
263 COPE-0263    (0)   :  0.214 0.220 0.175 0.009 0.182 0.200 
264 COPE-0264    (0)   :  0.203 0.190 0.193 0.025 0.193 0.196 
265 COPE-0265    (0)   :  0.216 0.202 0.170 0.010 0.191 0.211 
266 COPE-0266    (0)   :  0.202 0.178 0.212 0.019 0.187 0.202 
267 COPE-0267    (0)   :  0.230 0.214 0.164 0.006 0.170 0.216 
268 COPE-0268    (0)   :  0.229 0.224 0.157 0.012 0.168 0.211 
269 COPE-0269    (0)   :  0.194 0.179 0.237 0.007 0.183 0.200 
270 COPE-0270    (0)   :  0.189 0.183 0.203 0.008 0.213 0.204 
271 COPE-0271    (0)   :  0.187 0.196 0.217 0.008 0.209 0.184 
272 COPE-0272    (0)   :  0.203 0.185 0.220 0.007 0.180 0.205 
273 COPE-0273    (0)   :  0.230 0.206 0.162 0.013 0.175 0.214 
274 COPE-0274   (14)   :  0.018 0.017 0.018 0.911 0.018 0.018 
275 COPE-0275    (0)   :  0.187 0.194 0.217 0.011 0.197 0.195 
276 COPE-0276   (14)   :  0.006 0.006 0.006 0.971 0.006 0.006 
277 COPE-0277   (14)   :  0.203 0.190 0.188 0.015 0.199 0.203 
278 COPE-0278    (0)   :  0.214 0.187 0.187 0.007 0.193 0.213 
279 COPE-0279    (0)   :  0.200 0.181 0.222 0.008 0.188 0.201 
280 COPE-0280    (0)   :  0.013 0.013 0.013 0.936 0.013 0.013 
281 COPE-0281    (0)   :  0.023 0.026 0.025 0.875 0.028 0.024 
282 COPE-0282   (14)   :  0.199 0.171 0.274 0.007 0.150 0.200 
283 COPE-0283    (0)   :  0.210 0.191 0.192 0.007 0.190 0.209 
284 COPE-0284   (14)   :  0.165 0.219 0.181 0.035 0.240 0.159 
285 COPE-0285    (0)   :  0.032 0.032 0.031 0.840 0.034 0.032 
286 COPE-0286    (0)   :  0.185 0.196 0.203 0.014 0.215 0.187 
287 COPE-0287    (0)   :  0.219 0.217 0.156 0.045 0.160 0.202 
288 COPE-0288    (0)   :  0.220 0.205 0.171 0.010 0.176 0.219 
289 COPE-0289    (0)   :  0.206 0.204 0.171 0.008 0.200 0.211 
290 COPE-0290    (0)   :  0.183 0.200 0.189 0.009 0.230 0.190 
291 COPE-0291    (0)   :  0.190 0.202 0.188 0.006 0.224 0.190 
292 COPE-0292   (42)   :  0.013 0.014 0.014 0.932 0.014 0.013 
293 COPE-0293    (0)   :  0.213 0.188 0.183 0.008 0.189 0.219 
294 COPE-0294    (0)   :  0.184 0.191 0.231 0.011 0.194 0.188 
295 COPE-0295    (0)   :  0.214 0.186 0.199 0.008 0.178 0.215 
296 COPE-0296   (14)   :  0.210 0.190 0.189 0.007 0.190 0.213 
297 COPE-0297   (14)   :  0.156 0.232 0.164 0.036 0.256 0.155 
298 COPE-0298    (0)   :  0.200 0.173 0.241 0.011 0.170 0.205 
299 COPE-0299    (0)   :  0.199 0.176 0.217 0.006 0.193 0.210 
300 COPE-0300   (14)   :  0.209 0.213 0.178 0.008 0.191 0.201 
301 COPE-0301   (14)   :  0.222 0.199 0.169 0.011 0.179 0.221 
302 COPE-0302    (0)   :  0.150 0.145 0.126 0.299 0.133 0.147 
303 COPE-0303    (0)   :  0.205 0.180 0.208 0.006 0.199 0.202 
304 COPE-0304    (0)   :  0.200 0.199 0.197 0.007 0.196 0.201 
305 COPE-0305   (14)   :  0.188 0.176 0.234 0.045 0.167 0.189 
306 COPE-0306    (0)   :  0.212 0.187 0.193 0.010 0.191 0.207 
307 COPE-0307   (28)   :  0.008 0.008 0.008 0.961 0.008 0.008 
308 COPE-0308    (0)   :  0.201 0.175 0.259 0.006 0.153 0.206 
309 COPE-0309   (14)   :  0.059 0.057 0.065 0.702 0.057 0.060 
310 COPE-0310   (28)   :  0.038 0.038 0.037 0.812 0.036 0.038 
311 COPE-0311    (0)   :  0.207 0.203 0.183 0.024 0.182 0.202 
312 COPE-0312   (28)   :  0.011 0.010 0.011 0.947 0.011 0.011 
313 COPE-0313    (0)   :  0.212 0.197 0.189 0.009 0.192 0.201 
314 COPE-0314    (0)   :  0.225 0.213 0.171 0.008 0.172 0.212 
315 COPE-0315    (0)   :  0.191 0.213 0.187 0.008 0.216 0.186 
316 COPE-0316    (0)   :  0.186 0.190 0.203 0.022 0.215 0.184 
317 COPE-0317   (14)   :  0.008 0.008 0.008 0.960 0.008 0.008 
318 COPE-0318    (0)   :  0.193 0.194 0.211 0.006 0.205 0.191 
319 COPE-0319    (0)   :  0.195 0.185 0.247 0.007 0.172 0.194 
320 COPE-0320   (14)   :  0.200 0.191 0.213 0.015 0.180 0.201 
321 COPE-0321   (14)   :  0.212 0.204 0.181 0.012 0.187 0.205 
322 COPE-0322   (14)   :  0.179 0.206 0.206 0.006 0.227 0.175 
323 COPE-0323    (0)   :  0.212 0.210 0.176 0.016 0.180 0.206 
324 COPE-0324    (0)   :  0.166 0.237 0.170 0.007 0.253 0.167 
325 COPE-0325   (14)   :  0.202 0.196 0.183 0.013 0.200 0.206 
326 COPE-0326    (0)   :  0.217 0.187 0.186 0.007 0.180 0.223 
327 COPE-0327   (14)   :  0.212 0.194 0.187 0.010 0.188 0.208 
328 COPE-0328    (0)   :  0.197 0.187 0.207 0.005 0.211 0.193 
329 COPE-0329   (28)   :  0.176 0.228 0.173 0.012 0.239 0.172 
330 COPE-0330    (0)   :  0.215 0.206 0.177 0.022 0.174 0.205 
331 COPE-0331    (0)   :  0.225 0.205 0.163 0.006 0.181 0.220 
332 COPE-0332   (14)   :  0.208 0.178 0.214 0.007 0.188 0.204 
333 COPE-0333    (0)   :  0.188 0.180 0.147 0.139 0.166 0.181 
334 COPE-0334   (28)   :  0.053 0.054 0.050 0.741 0.050 0.053 
335 COPE-0335    (0)   :  0.160 0.243 0.168 0.007 0.263 0.160 
336 COPE-0336    (0)   :  0.196 0.203 0.194 0.006 0.201 0.199 
337 COPE-0337   (28)   :  0.018 0.021 0.018 0.904 0.022 0.017 
338 COPE-0338    (0)   :  0.213 0.211 0.173 0.024 0.179 0.201 
339 COPE-0339    (0)   :  0.210 0.204 0.170 0.006 0.191 0.218 
340 COPE-0340   (14)   :  0.011 0.012 0.011 0.943 0.012 0.011 
341 COPE-0341    (0)   :  0.201 0.185 0.247 0.007 0.159 0.202 
342 COPE-0342    (0)   :  0.157 0.245 0.167 0.007 0.269 0.155 
343 COPE-0343    (0)   :  0.213 0.188 0.190 0.006 0.186 0.217 
344 COPE-0344   (14)   :  0.010 0.009 0.009 0.954 0.009 0.009 
345 COPE-0345    (0)   :  0.197 0.177 0.259 0.006 0.161 0.199 
346 COPE-0346    (0)   :  0.188 0.190 0.219 0.035 0.179 0.189 
347 COPE-0347    (0)   :  0.202 0.183 0.207 0.007 0.193 0.208 
348 COPE-0348    (0)   :  0.202 0.180 0.210 0.015 0.194 0.200 
349 COPE-0349    (0)   :  0.166 0.230 0.187 0.006 0.250 0.160 
350 COPE-0350    (0)   :  0.192 0.182 0.217 0.006 0.207 0.197 
351 COPE-0351    (0)   :  0.189 0.189 0.207 0.006 0.212 0.198 
352 COPE-0352    (0)   :  0.185 0.196 0.196 0.027 0.215 0.182 
353 COPE-0353    (0)   :  0.203 0.193 0.198 0.006 0.199 0.201 
354 COPE-0354    (0)   :  0.209 0.191 0.194 0.017 0.179 0.209 
355 COPE-0355    (0)   :  0.201 0.196 0.187 0.007 0.203 0.206 
356 COPE-0356    (0)   :  0.208 0.172 0.220 0.008 0.176 0.216 
357 COPE-0357    (0)   :  0.177 0.223 0.184 0.009 0.226 0.180 
358 COPE-0358    (0)   :  0.007 0.008 0.007 0.963 0.008 0.007 
359 COPE-0359   (14)   :  0.193 0.189 0.229 0.009 0.190 0.190 
360 COPE-0360    (0)   :  0.205 0.195 0.190 0.007 0.195 0.208 
361 COPE-0361    (0)   :  0.194 0.174 0.258 0.008 0.170 0.196 
362 COPE-0362    (0)   :  0.164 0.236 0.171 0.007 0.263 0.160 
363 COPE-0363   (14)   :  0.191 0.184 0.245 0.014 0.175 0.191 
364 COPE-0364    (0)   :  0.220 0.207 0.185 0.006 0.178 0.205 
365 COPE-0365    (0)   :  0.223 0.219 0.157 0.028 0.169 0.204 
366 COPE-0366    (0)   :  0.165 0.221 0.180 0.023 0.251 0.161 
367 COPE-0367   (14)   :  0.010 0.010 0.010 0.949 0.010 0.010 
368 COPE-0368    (0)   :  0.219 0.208 0.164 0.009 0.186 0.214 
369 COPE-0369    (0)   :  0.201 0.207 0.187 0.009 0.194 0.202 
370 COPE-0370   (28)   :  0.008 0.008 0.008 0.959 0.008 0.008 
371 COPE-0371    (0)   :  0.219 0.214 0.165 0.012 0.180 0.210 
372 COPE-0372    (0)   :  0.194 0.194 0.177 0.047 0.196 0.193 
373 COPE-0373   (14)   :  0.218 0.193 0.188 0.007 0.173 0.221 
374 COPE-0374    (0)   :  0.214 0.195 0.210 0.008 0.166 0.207 
375 COPE-0375   (14)   :  0.202 0.204 0.204 0.014 0.174 0.203 
376 COPE-0376   (14)   :  0.207 0.173 0.216 0.006 0.185 0.212 
377 COPE-0377    (0)   :  0.064 0.063 0.070 0.675 0.062 0.066 
378 COPE-0378    (0)   :  0.199 0.190 0.191 0.007 0.203 0.209 
379 COPE-0379    (0)   :  0.163 0.236 0.169 0.007 0.264 0.160 
380 COPE-0380   (28)   :  0.035 0.031 0.034 0.833 0.033 0.034 
381 COPE-0381    (0)   :  0.196 0.183 0.223 0.014 0.184 0.200 
382 COPE-0382    (0)   :  0.162 0.240 0.166 0.006 0.268 0.158 
383 COPE-0383    (0)   :  0.180 0.185 0.151 0.163 0.147 0.174 
384 COPE-0384    (0)   :  0.210 0.200 0.182 0.008 0.189 0.212 


Estimated Allele Frequencies in each cluster
First column gives estimated ancestral frequencies


Locus 1 : COPE5 
78 alleles
0.5% missing data
   1   (0.007) 0.001 0.001 0.001 0.642 0.001 0.001 
   2   (0.023) 0.023 0.021 0.027 0.022 0.021 0.024 
   3   (0.013) 0.014 0.013 0.018 0.002 0.013 0.014 
   4   (0.023) 0.024 0.026 0.026 0.002 0.028 0.024 
   5   (0.011) 0.009 0.012 0.009 0.001 0.012 0.009 
   6   (0.019) 0.016 0.018 0.019 0.007 0.019 0.017 
   7   (0.007) 0.003 0.003 0.004 0.001 0.003 0.004 
   8   (0.035) 0.095 0.085 0.086 0.002 0.080 0.094 
   9   (0.020) 0.021 0.022 0.026 0.002 0.022 0.021 
  10   (0.020) 0.021 0.020 0.020 0.001 0.020 0.020 
  11   (0.016) 0.016 0.016 0.013 0.018 0.013 0.015 
  12   (0.017) 0.025 0.024 0.021 0.001 0.024 0.025 
  13   (0.011) 0.012 0.011 0.010 0.002 0.010 0.012 
  14   (0.023) 0.029 0.028 0.027 0.002 0.027 0.028 
  15   (0.017) 0.033 0.033 0.030 0.001 0.033 0.033 
  16   (0.010) 0.006 0.006 0.007 0.001 0.006 0.006 
  17   (0.018) 0.014 0.015 0.015 0.001 0.015 0.015 
  18   (0.017) 0.012 0.015 0.013 0.008 0.017 0.012 
  19   (0.011) 0.009 0.012 0.009 0.001 0.013 0.009 
  20   (0.027) 0.057 0.055 0.046 0.002 0.051 0.056 
  21   (0.022) 0.021 0.023 0.021 0.002 0.024 0.021 
  22   (0.019) 0.014 0.016 0.015 0.010 0.017 0.014 
  23   (0.013) 0.011 0.013 0.011 0.001 0.014 0.011 
  24   (0.015) 0.019 0.017 0.019 0.001 0.018 0.020 
  25   (0.010) 0.008 0.008 0.008 0.001 0.007 0.008 
  26   (0.013) 0.009 0.009 0.010 0.001 0.009 0.009 
  27   (0.012) 0.010 0.009 0.012 0.001 0.010 0.010 
  28   (0.008) 0.002 0.002 0.003 0.021 0.003 0.002 
  29   (0.013) 0.012 0.011 0.012 0.001 0.012 0.012 
  30   (0.020) 0.020 0.021 0.020 0.005 0.019 0.020 
  31   (0.019) 0.018 0.021 0.017 0.001 0.021 0.018 
  32   (0.025) 0.039 0.044 0.035 0.002 0.042 0.038 
  33   (0.006) 0.002 0.002 0.002 0.000 0.002 0.002 
  34   (0.017) 0.021 0.020 0.018 0.001 0.018 0.021 
  35   (0.006) 0.001 0.001 0.001 0.052 0.001 0.001 
  36   (0.006) 0.002 0.002 0.002 0.000 0.002 0.002 
  37   (0.020) 0.025 0.024 0.022 0.023 0.023 0.025 
  38   (0.015) 0.012 0.011 0.014 0.009 0.012 0.012 
  39   (0.015) 0.019 0.016 0.020 0.001 0.018 0.019 
  40   (0.011) 0.009 0.011 0.009 0.001 0.012 0.008 
  41   (0.009) 0.005 0.005 0.005 0.001 0.005 0.005 
  42   (0.006) 0.002 0.002 0.002 0.000 0.002 0.002 
  43   (0.009) 0.005 0.005 0.006 0.001 0.005 0.005 
  44   (0.022) 0.027 0.025 0.031 0.002 0.025 0.027 
  45   (0.006) 0.002 0.002 0.002 0.000 0.002 0.002 
  46   (0.015) 0.019 0.018 0.017 0.001 0.017 0.019 
  47   (0.009) 0.007 0.006 0.007 0.001 0.006 0.007 
  48   (0.006) 0.002 0.002 0.002 0.001 0.003 0.002 
  49   (0.015) 0.016 0.015 0.019 0.001 0.015 0.016 
  50   (0.013) 0.011 0.012 0.013 0.002 0.012 0.011 
  51   (0.014) 0.013 0.014 0.012 0.019 0.012 0.013 
  52   (0.013) 0.013 0.012 0.011 0.001 0.012 0.013 
  53   (0.006) 0.001 0.001 0.001 0.031 0.001 0.001 
  54   (0.006) 0.001 0.001 0.001 0.073 0.001 0.001 
  55   (0.010) 0.007 0.007 0.008 0.001 0.008 0.008 
  56   (0.011) 0.011 0.011 0.010 0.001 0.011 0.011 
  57   (0.013) 0.010 0.013 0.011 0.001 0.014 0.010 
  58   (0.009) 0.006 0.005 0.007 0.001 0.006 0.006 
  59   (0.011) 0.011 0.010 0.015 0.001 0.010 0.012 
  60   (0.010) 0.008 0.008 0.008 0.001 0.008 0.008 
  61   (0.006) 0.002 0.002 0.002 0.000 0.002 0.002 
  62   (0.013) 0.012 0.011 0.012 0.001 0.012 0.012 
  63   (0.011) 0.016 0.014 0.017 0.001 0.014 0.017 
  64   (0.009) 0.005 0.005 0.005 0.001 0.005 0.005 
  65   (0.020) 0.020 0.021 0.020 0.001 0.022 0.019 
  66   (0.009) 0.009 0.008 0.009 0.001 0.009 0.009 
  67   (0.010) 0.006 0.006 0.007 0.001 0.007 0.006 
  68   (0.012) 0.010 0.013 0.011 0.001 0.014 0.010 
  69   (0.006) 0.002 0.002 0.002 0.000 0.002 0.002 
  70   (0.006) 0.002 0.002 0.002 0.000 0.002 0.002 
  71   (0.010) 0.006 0.006 0.007 0.001 0.006 0.006 
  72   (0.006) 0.002 0.002 0.002 0.000 0.002 0.002 
  73   (0.006) 0.002 0.002 0.002 0.001 0.002 0.002 
  74   (0.006) 0.002 0.002 0.002 0.000 0.002 0.002 
  75   (0.009) 0.005 0.005 0.005 0.001 0.005 0.005 
  76   (0.006) 0.002 0.002 0.003 0.000 0.002 0.002 
  77   (0.008) 0.003 0.004 0.004 0.001 0.004 0.003 
  78   (0.006) 0.002 0.002 0.002 0.000 0.002 0.002 

Locus 2 : COPE9 
12 alleles
8.3% missing data
   1   (0.413) 0.475 0.474 0.458 0.408 0.466 0.474 
   2   (0.142) 0.136 0.128 0.151 0.259 0.129 0.138 
   3   (0.050) 0.050 0.049 0.048 0.029 0.050 0.050 
   4   (0.074) 0.071 0.082 0.071 0.027 0.085 0.070 
   5   (0.037) 0.025 0.026 0.025 0.024 0.028 0.025 
   6   (0.130) 0.137 0.135 0.132 0.055 0.133 0.136 
   7   (0.039) 0.025 0.026 0.030 0.066 0.026 0.025 
   8   (0.081) 0.070 0.070 0.072 0.082 0.073 0.070 
   9   (0.011) 0.004 0.004 0.004 0.001 0.004 0.004 
  10   (0.009) 0.001 0.001 0.001 0.048 0.001 0.001 
  11   (0.008) 0.003 0.003 0.003 0.001 0.003 0.003 
  12   (0.008) 0.003 0.002 0.003 0.001 0.003 0.003 

Locus 3 : CPER26 
12 alleles
2.6% missing data
   1   (0.230) 0.236 0.235 0.231 0.137 0.231 0.237 
   2   (0.034) 0.021 0.027 0.021 0.148 0.029 0.021 
   3   (0.083) 0.075 0.080 0.086 0.008 0.084 0.075 
   4   (0.499) 0.584 0.576 0.581 0.061 0.577 0.585 
   5   (0.056) 0.046 0.044 0.041 0.298 0.041 0.044 
   6   (0.030) 0.015 0.015 0.015 0.308 0.014 0.015 
   7   (0.013) 0.006 0.005 0.006 0.001 0.005 0.006 
   8   (0.018) 0.007 0.007 0.008 0.023 0.008 0.008 
   9   (0.008) 0.002 0.002 0.002 0.004 0.002 0.002 
  10   (0.012) 0.003 0.003 0.003 0.010 0.003 0.003 
  11   (0.008) 0.002 0.002 0.003 0.001 0.003 0.002 
  12   (0.008) 0.002 0.002 0.003 0.001 0.003 0.002 

Locus 4 : CPER92 
12 alleles
6.8% missing data
   1   (0.619) 0.674 0.691 0.670 0.513 0.700 0.672 
   2   (0.114) 0.137 0.125 0.146 0.276 0.119 0.140 
   3   (0.088) 0.090 0.086 0.086 0.045 0.083 0.090 
   4   (0.015) 0.008 0.008 0.007 0.019 0.007 0.008 
   5   (0.039) 0.026 0.024 0.027 0.034 0.023 0.026 
   6   (0.035) 0.028 0.027 0.026 0.008 0.027 0.028 
   7   (0.019) 0.008 0.008 0.008 0.035 0.008 0.008 
   8   (0.012) 0.003 0.003 0.003 0.035 0.003 0.003 
   9   (0.021) 0.010 0.013 0.011 0.018 0.014 0.010 
  10   (0.017) 0.008 0.008 0.008 0.016 0.008 0.008 
  11   (0.013) 0.006 0.006 0.006 0.001 0.005 0.006 
  12   (0.008) 0.002 0.002 0.003 0.001 0.003 0.002 

Locus 5 : CPER99 
5 alleles
1.0% missing data
   1   (0.013) 0.003 0.003 0.003 0.341 0.003 0.003 
   2   (0.870) 0.932 0.932 0.929 0.090 0.931 0.931 
   3   (0.080) 0.054 0.053 0.056 0.476 0.054 0.054 
   4   (0.013) 0.003 0.003 0.003 0.030 0.003 0.003 
   5   (0.024) 0.009 0.009 0.009 0.064 0.009 0.009 

Locus 6 : CPER119 
22 alleles
5.5% missing data
   1   (0.009) 0.001 0.001 0.001 0.106 0.001 0.001 
   2   (0.080) 0.095 0.093 0.086 0.045 0.087 0.094 
   3   (0.036) 0.033 0.031 0.033 0.052 0.029 0.032 
   4   (0.008) 0.002 0.003 0.002 0.001 0.003 0.002 
   5   (0.160) 0.169 0.178 0.175 0.094 0.188 0.169 
   6   (0.070) 0.066 0.082 0.073 0.080 0.085 0.066 
   7   (0.069) 0.094 0.091 0.089 0.079 0.078 0.092 
   8   (0.082) 0.075 0.077 0.076 0.101 0.079 0.075 
   9   (0.115) 0.134 0.130 0.136 0.067 0.131 0.134 
  10   (0.061) 0.064 0.057 0.067 0.033 0.062 0.064 
  11   (0.021) 0.013 0.013 0.017 0.023 0.012 0.014 
  12   (0.085) 0.110 0.103 0.104 0.010 0.099 0.109 
  13   (0.016) 0.006 0.006 0.007 0.011 0.007 0.006 
  14   (0.028) 0.038 0.037 0.034 0.009 0.037 0.039 
  15   (0.026) 0.022 0.021 0.018 0.064 0.019 0.021 
  16   (0.022) 0.010 0.010 0.011 0.029 0.010 0.010 
  17   (0.024) 0.012 0.013 0.012 0.095 0.014 0.012 
  18   (0.017) 0.010 0.010 0.009 0.008 0.010 0.010 
  19   (0.011) 0.003 0.003 0.003 0.025 0.003 0.003 
  20   (0.037) 0.032 0.030 0.034 0.060 0.034 0.034 
  21   (0.012) 0.007 0.006 0.007 0.005 0.006 0.007 
  22   (0.010) 0.006 0.005 0.005 0.001 0.006 0.006 

Locus 7 : CPER188 
15 alleles
1.6% missing data
   1   (0.598) 0.674 0.679 0.667 0.820 0.676 0.673 
   2   (0.112) 0.100 0.101 0.103 0.091 0.106 0.101 
   3   (0.032) 0.025 0.024 0.028 0.002 0.023 0.025 
   4   (0.040) 0.032 0.031 0.032 0.003 0.031 0.032 
   5   (0.089) 0.113 0.109 0.106 0.006 0.108 0.113 
   6   (0.016) 0.006 0.006 0.007 0.008 0.006 0.006 
   7   (0.017) 0.010 0.010 0.013 0.006 0.009 0.010 
   8   (0.023) 0.012 0.012 0.014 0.008 0.013 0.012 
   9   (0.009) 0.001 0.001 0.001 0.040 0.001 0.001 
  10   (0.008) 0.001 0.001 0.001 0.010 0.001 0.001 
  11   (0.018) 0.011 0.011 0.013 0.001 0.011 0.011 
  12   (0.015) 0.007 0.007 0.007 0.001 0.007 0.007 
  13   (0.008) 0.002 0.002 0.002 0.003 0.002 0.002 
  14   (0.008) 0.003 0.002 0.003 0.001 0.002 0.003 
  15   (0.008) 0.002 0.002 0.002 0.001 0.002 0.002 

Values of parameters used in structure:
DATAFILE=../Data/microsats.structure,	OUTFILE=../Structure_Results/06_K_06.out,	NUMINDS=384,	NUMLOCI=7,	MISSING=-9,	LABEL=1,	POPDATA=0,	POPFLAG=0,	PHENOTYPE=0,	EXTRACOLS=0,	MAXPOPS=6,	BURNIN=1000000,	NUMREPS=10000000,	USEPOPINFO=0,	INFERALPHA=1,	INFERLAMBDA=0,	POPSPECIFICLAMBDA=0,	POPALPHAS=0,	COMPUTEPROB=1,	NOADMIX=0,	ADMBURNIN=500,	UPDATEFREQ=100,	PRINTLIKES=0,	INTERMEDSAVE=0,	PRINTKLD=0,	PRINTNET=1,	PRINTLAMBDA=1,	ANCESTDIST=0,	NUMBOXES=1000,	ANCESTPINT=0.90000,	GENSBACK=2,	MIGRPRIOR=0.01000,	PRINTQHAT=0,	PRINTQSUM=1,	ALPHA=1.0000,	FREQSCORR=1,	FPRIORMEAN=0.0100,	FPRIORSD=0.0500,	ONEFST=0,	LAMBDA=1.0000,	UNIFPRIORALPHA=1,	ALPHAMAX=10.0000,	ALPHAPRIORA=1.0000,	ALPHAPRIORB=2.0000,	ALPHAPROPSD=0.0250,	STARTATPOPINFO=0,	RANDOMIZE=0,	LINKAGE=0,	METROFREQ=10,	REPORTHITRATE=0,	MARKOVPHASE=-1,	PHASED=0,	PLOIDY=2,	PHASEINFO=0	LOCPRIOR=0, 	LOCPRIORINIT=1.000000, 	LOCDATA=0, 	LOCISPOP=0, 	LOCPRIORSTEP=0.100000, 	MAXLOCPRIOR=20.000000, 	SEED=3624275,	
[STRAT parameters]:    NUMSIMSTATS=1000,	PHENOTYPECOL=-9,	POOLFREQ=10,	LOCUSxONLY=0,	EMERROR=0.00100,	MISSINGPHENO=-9,	