

----------------------------------------------------
STRUCTURE by Pritchard, Stephens and Donnelly (2000)
     and Falush, Stephens and Pritchard (2003)
       Code by Pritchard, Falush and Hubisz
             Version 2.3.4 (Jul 2012)
----------------------------------------------------



Command line arguments:   /home/jason/Programs/structure -K 12 -i ../Data/microsats.structure -m Structure_Run/mainparams -e Structure_Run/extraparams -D 29989156 -o ../Structure_Results/06_K_12.out 
Input File:    ../Data/microsats.structure

Run parameters:
   384 individuals
   7 loci
   12 populations assumed
   1000000 Burn-in period
   10000000 Reps
RANDOMIZE turned off


--------------------------------------------
Overall proportion of membership of the
sample in each of the 12 clusters

Inferred Clusters
  1      2      3      4      5      6      7      8      9     10     11     12    
0.081  0.081  0.082  0.108  0.081  0.081  0.081  0.081  0.081  0.081  0.081  0.081  

--------------------------------------------

Allele-freq. divergence among pops (Net nucleotide distance),
computed using point estimates of P.

      1       2       3       4       5       6       7       8       9      10      11      12      
 1      -    0.0002  0.0001  0.1694  0.0000  0.0001  0.0003  0.0003  0.0002  0.0001  0.0002  0.0001  
 2   0.0002     -    0.0001  0.1703  0.0002  0.0003  0.0002  0.0001  0.0001  0.0001  0.0001  0.0002  
 3   0.0001  0.0001     -    0.1689  0.0001  0.0002  0.0003  0.0002  0.0002  0.0001  0.0003  0.0001  
 4   0.1694  0.1703  0.1689     -    0.1691  0.1691  0.1709  0.1702  0.1711  0.1700  0.1712  0.1688  
 5   0.0000  0.0002  0.0001  0.1691     -    0.0001  0.0003  0.0003  0.0002  0.0001  0.0002  0.0001  
 6   0.0001  0.0003  0.0002  0.1691  0.0001     -    0.0003  0.0005  0.0002  0.0001  0.0003  0.0001  
 7   0.0003  0.0002  0.0003  0.1709  0.0003  0.0003     -    0.0002  0.0001  0.0001  0.0001  0.0003  
 8   0.0003  0.0001  0.0002  0.1702  0.0003  0.0005  0.0002     -    0.0003  0.0002  0.0001  0.0003  
 9   0.0002  0.0001  0.0002  0.1711  0.0002  0.0002  0.0001  0.0003     -    0.0001  0.0001  0.0002  
10   0.0001  0.0001  0.0001  0.1700  0.0001  0.0001  0.0001  0.0002  0.0001     -    0.0001  0.0001  
11   0.0002  0.0001  0.0003  0.1712  0.0002  0.0003  0.0001  0.0001  0.0001  0.0001     -    0.0002  
12   0.0001  0.0002  0.0001  0.1688  0.0001  0.0001  0.0003  0.0003  0.0002  0.0001  0.0002     -    

Average distances (expected heterozygosity) between individuals in same cluster:
cluster  1  : 0.6258 
cluster  2  : 0.6237 
cluster  3  : 0.6269 
cluster  4  : 0.6307 
cluster  5  : 0.6272 
cluster  6  : 0.6278 
cluster  7  : 0.6240 
cluster  8  : 0.6240 
cluster  9  : 0.6226 
cluster 10  : 0.6245 
cluster 11  : 0.6230 
cluster 12  : 0.6290 

--------------------------------------------
Estimated Ln Prob of Data   = -9230.6
Mean value of ln likelihood = -7624.4
Variance of ln likelihood   = 3212.5
Mean value of alpha         = 0.0491

Mean value of Fst_1         = 0.1107
Mean value of Fst_2         = 0.1111
Mean value of Fst_3         = 0.1044
Mean value of Fst_4         = 0.2128
Mean value of Fst_5         = 0.1069
Mean value of Fst_6         = 0.1092
Mean value of Fst_7         = 0.1136
Mean value of Fst_8         = 0.1138
Mean value of Fst_9         = 0.1089
Mean value of Fst_10         = 0.1096
Mean value of Fst_11         = 0.1151
Mean value of Fst_12         = 0.1087


Inferred ancestry of individuals:
        Label (%Miss) :  Inferred clusters
  1 COPE-0001    (0)   :  0.009 0.009 0.009 0.905 0.009 0.009 0.009 0.009 0.009 0.009 0.009 0.008 
  2 COPE-0002    (0)   :  0.087 0.086 0.093 0.011 0.089 0.097 0.092 0.092 0.084 0.086 0.083 0.100 
  3 COPE-0003    (0)   :  0.090 0.095 0.098 0.007 0.096 0.095 0.085 0.082 0.098 0.090 0.079 0.087 
  4 COPE-0004    (0)   :  0.090 0.078 0.090 0.011 0.087 0.107 0.097 0.092 0.076 0.089 0.079 0.105 
  5 COPE-0005    (0)   :  0.089 0.082 0.083 0.022 0.089 0.099 0.099 0.086 0.082 0.086 0.088 0.096 
  6 COPE-0006    (0)   :  0.088 0.089 0.093 0.018 0.091 0.091 0.087 0.087 0.090 0.088 0.088 0.089 
  7 COPE-0007    (0)   :  0.086 0.084 0.077 0.006 0.084 0.097 0.100 0.092 0.089 0.093 0.097 0.094 
  8 COPE-0008    (0)   :  0.101 0.088 0.086 0.008 0.099 0.086 0.082 0.090 0.083 0.093 0.096 0.087 
  9 COPE-0009    (0)   :  0.085 0.101 0.095 0.016 0.092 0.096 0.082 0.088 0.090 0.084 0.082 0.089 
 10 COPE-0010    (0)   :  0.086 0.087 0.097 0.007 0.088 0.090 0.090 0.090 0.098 0.092 0.083 0.091 
 11 COPE-0011   (14)   :  0.014 0.013 0.013 0.856 0.013 0.015 0.013 0.013 0.012 0.013 0.012 0.014 
 12 COPE-0012   (14)   :  0.102 0.089 0.090 0.006 0.103 0.088 0.080 0.083 0.089 0.092 0.090 0.086 
 13 COPE-0013    (0)   :  0.093 0.100 0.094 0.006 0.094 0.101 0.080 0.079 0.100 0.089 0.075 0.088 
 14 COPE-0014    (0)   :  0.081 0.110 0.083 0.008 0.070 0.060 0.101 0.130 0.089 0.088 0.103 0.076 
 15 COPE-0015    (0)   :  0.086 0.098 0.087 0.007 0.078 0.072 0.096 0.114 0.090 0.091 0.101 0.082 
 16 COPE-0016    (0)   :  0.088 0.100 0.095 0.009 0.092 0.093 0.082 0.093 0.080 0.076 0.093 0.099 
 17 COPE-0017    (0)   :  0.037 0.045 0.038 0.559 0.035 0.033 0.043 0.050 0.040 0.038 0.045 0.037 
 18 COPE-0018    (0)   :  0.090 0.087 0.092 0.007 0.092 0.096 0.089 0.084 0.093 0.091 0.088 0.091 
 19 COPE-0019    (0)   :  0.092 0.100 0.096 0.006 0.092 0.094 0.084 0.085 0.095 0.090 0.080 0.087 
 20 COPE-0020    (0)   :  0.087 0.092 0.089 0.007 0.090 0.092 0.094 0.087 0.095 0.089 0.090 0.088 
 21 COPE-0021    (0)   :  0.084 0.087 0.082 0.006 0.082 0.084 0.105 0.096 0.095 0.097 0.102 0.081 
 22 COPE-0022    (0)   :  0.105 0.090 0.087 0.006 0.101 0.092 0.080 0.083 0.086 0.090 0.092 0.089 
 23 COPE-0023    (0)   :  0.087 0.089 0.097 0.008 0.094 0.095 0.087 0.090 0.090 0.092 0.080 0.091 
 24 COPE-0024   (14)   :  0.091 0.084 0.076 0.006 0.087 0.098 0.102 0.081 0.092 0.092 0.101 0.090 
 25 COPE-0025    (0)   :  0.086 0.082 0.091 0.047 0.093 0.090 0.081 0.077 0.088 0.089 0.082 0.094 
 26 COPE-0026    (0)   :  0.091 0.088 0.091 0.005 0.085 0.087 0.086 0.097 0.087 0.096 0.090 0.097 
 27 COPE-0027    (0)   :  0.095 0.100 0.093 0.006 0.097 0.096 0.082 0.079 0.098 0.090 0.077 0.086 
 28 COPE-0028    (0)   :  0.090 0.087 0.103 0.005 0.095 0.081 0.082 0.091 0.090 0.092 0.087 0.096 
 29 COPE-0029    (0)   :  0.088 0.096 0.088 0.005 0.091 0.093 0.087 0.093 0.083 0.080 0.098 0.099 
 30 COPE-0030   (14)   :  0.026 0.025 0.027 0.711 0.026 0.028 0.025 0.026 0.026 0.027 0.026 0.027 
 31 COPE-0031    (0)   :  0.092 0.086 0.087 0.010 0.084 0.084 0.084 0.099 0.087 0.095 0.098 0.092 
 32 COPE-0032    (0)   :  0.086 0.087 0.103 0.009 0.095 0.091 0.084 0.087 0.090 0.094 0.082 0.093 
 33 COPE-0033    (0)   :  0.088 0.088 0.098 0.011 0.094 0.091 0.084 0.088 0.091 0.091 0.082 0.094 
 34 COPE-0034    (0)   :  0.093 0.087 0.085 0.009 0.087 0.097 0.090 0.097 0.080 0.086 0.090 0.099 
 35 COPE-0035   (14)   :  0.090 0.086 0.100 0.007 0.096 0.089 0.082 0.084 0.092 0.091 0.084 0.100 
 36 COPE-0036   (14)   :  0.083 0.087 0.075 0.006 0.085 0.091 0.113 0.085 0.098 0.088 0.105 0.083 
 37 COPE-0037    (0)   :  0.089 0.087 0.088 0.023 0.088 0.093 0.092 0.081 0.092 0.090 0.090 0.088 
 38 COPE-0038    (0)   :  0.097 0.090 0.088 0.006 0.094 0.090 0.080 0.090 0.086 0.096 0.092 0.092 
 39 COPE-0039    (0)   :  0.091 0.085 0.088 0.046 0.093 0.091 0.083 0.076 0.092 0.086 0.080 0.088 
 40 COPE-0040   (14)   :  0.082 0.089 0.086 0.077 0.086 0.084 0.082 0.082 0.088 0.085 0.080 0.081 
 41 COPE-0041    (0)   :  0.091 0.091 0.090 0.026 0.091 0.093 0.084 0.085 0.091 0.089 0.084 0.086 
 42 COPE-0042    (0)   :  0.089 0.088 0.106 0.010 0.093 0.087 0.082 0.084 0.095 0.092 0.082 0.092 
 43 COPE-0043    (0)   :  0.084 0.092 0.095 0.005 0.091 0.096 0.089 0.095 0.084 0.082 0.089 0.097 
 44 COPE-0044    (0)   :  0.096 0.081 0.093 0.011 0.094 0.097 0.089 0.088 0.082 0.091 0.081 0.098 
 45 COPE-0045    (0)   :  0.095 0.082 0.087 0.033 0.092 0.096 0.085 0.086 0.082 0.086 0.082 0.092 
 46 COPE-0046    (0)   :  0.024 0.026 0.026 0.729 0.025 0.025 0.024 0.023 0.026 0.024 0.023 0.024 
 47 COPE-0047    (0)   :  0.007 0.007 0.008 0.918 0.007 0.007 0.007 0.007 0.007 0.007 0.007 0.008 
 48 COPE-0048    (0)   :  0.090 0.089 0.103 0.007 0.095 0.087 0.080 0.083 0.097 0.089 0.082 0.099 
 49 COPE-0049    (0)   :  0.092 0.081 0.094 0.016 0.093 0.093 0.089 0.086 0.083 0.090 0.085 0.097 
 50 COPE-0050    (0)   :  0.091 0.091 0.098 0.007 0.095 0.098 0.088 0.079 0.101 0.092 0.073 0.087 
 51 COPE-0051    (0)   :  0.075 0.070 0.102 0.100 0.084 0.068 0.076 0.087 0.081 0.089 0.079 0.090 
 52 COPE-0052    (0)   :  0.083 0.107 0.082 0.010 0.069 0.059 0.102 0.131 0.088 0.088 0.104 0.076 
 53 COPE-0053    (0)   :  0.091 0.100 0.091 0.008 0.091 0.091 0.081 0.095 0.079 0.073 0.101 0.101 
 54 COPE-0054    (0)   :  0.087 0.081 0.067 0.005 0.087 0.095 0.117 0.077 0.100 0.094 0.109 0.080 
 55 COPE-0055    (0)   :  0.107 0.090 0.085 0.005 0.107 0.090 0.077 0.083 0.082 0.091 0.095 0.088 
 56 COPE-0056    (0)   :  0.101 0.089 0.090 0.015 0.102 0.091 0.079 0.083 0.084 0.091 0.086 0.089 
 57 COPE-0057    (0)   :  0.091 0.096 0.092 0.010 0.095 0.094 0.088 0.085 0.093 0.089 0.083 0.085 
 58 COPE-0058    (0)   :  0.090 0.087 0.091 0.009 0.091 0.098 0.093 0.081 0.090 0.086 0.088 0.094 
 59 COPE-0059    (0)   :  0.087 0.097 0.100 0.017 0.097 0.097 0.085 0.070 0.102 0.096 0.073 0.079 
 60 COPE-0060    (0)   :  0.085 0.097 0.097 0.006 0.091 0.090 0.089 0.095 0.085 0.085 0.089 0.091 
 61 COPE-0061    (0)   :  0.091 0.101 0.091 0.010 0.091 0.093 0.079 0.091 0.086 0.076 0.095 0.096 
 62 COPE-0062    (0)   :  0.082 0.097 0.081 0.008 0.073 0.068 0.106 0.117 0.092 0.095 0.107 0.075 
 63 COPE-0063    (0)   :  0.109 0.088 0.083 0.022 0.111 0.085 0.072 0.081 0.080 0.088 0.094 0.085 
 64 COPE-0064    (0)   :  0.091 0.091 0.096 0.008 0.088 0.089 0.089 0.089 0.091 0.093 0.084 0.091 
 65 COPE-0065    (0)   :  0.006 0.006 0.006 0.934 0.006 0.006 0.006 0.006 0.006 0.006 0.006 0.006 
 66 COPE-0066    (0)   :  0.085 0.085 0.110 0.017 0.094 0.085 0.079 0.087 0.092 0.092 0.081 0.095 
 67 COPE-0067   (14)   :  0.028 0.027 0.031 0.686 0.030 0.028 0.027 0.027 0.030 0.028 0.028 0.030 
 68 COPE-0068    (0)   :  0.087 0.096 0.100 0.012 0.098 0.096 0.084 0.077 0.103 0.093 0.075 0.080 
 69 COPE-0069   (14)   :  0.089 0.096 0.092 0.010 0.087 0.086 0.092 0.091 0.095 0.091 0.090 0.080 
 70 COPE-0070    (0)   :  0.089 0.078 0.095 0.011 0.092 0.094 0.092 0.091 0.082 0.092 0.085 0.100 
 71 COPE-0071    (0)   :  0.086 0.084 0.100 0.004 0.092 0.086 0.089 0.088 0.098 0.094 0.087 0.091 
 72 COPE-0072    (0)   :  0.086 0.094 0.098 0.006 0.089 0.089 0.092 0.091 0.095 0.089 0.082 0.089 
 73 COPE-0073   (14)   :  0.033 0.035 0.030 0.616 0.034 0.036 0.040 0.034 0.034 0.032 0.040 0.035 
 74 COPE-0074    (0)   :  0.092 0.087 0.092 0.009 0.093 0.089 0.088 0.083 0.097 0.090 0.085 0.096 
 75 COPE-0075    (0)   :  0.084 0.078 0.110 0.011 0.093 0.079 0.084 0.092 0.089 0.095 0.085 0.101 
 76 COPE-0076    (0)   :  0.097 0.092 0.084 0.006 0.093 0.087 0.091 0.089 0.093 0.089 0.097 0.083 
 77 COPE-0077   (14)   :  0.090 0.091 0.097 0.008 0.093 0.094 0.084 0.082 0.098 0.093 0.082 0.088 
 78 COPE-0078   (14)   :  0.092 0.081 0.081 0.008 0.091 0.099 0.098 0.087 0.086 0.090 0.092 0.096 
 79 COPE-0079    (0)   :  0.090 0.073 0.086 0.008 0.087 0.116 0.100 0.095 0.069 0.088 0.074 0.113 
 80 COPE-0080   (42)   :  0.018 0.019 0.019 0.795 0.018 0.019 0.019 0.019 0.019 0.019 0.018 0.018 
 81 COPE-0081   (14)   :  0.055 0.051 0.051 0.428 0.055 0.052 0.050 0.050 0.051 0.052 0.053 0.052 
 82 COPE-0082   (14)   :  0.091 0.079 0.093 0.043 0.094 0.083 0.080 0.084 0.084 0.090 0.086 0.092 
 83 COPE-0083   (14)   :  0.079 0.116 0.077 0.005 0.058 0.042 0.109 0.157 0.090 0.088 0.113 0.065 
 84 COPE-0084    (0)   :  0.072 0.080 0.076 0.197 0.075 0.073 0.065 0.078 0.062 0.060 0.079 0.084 
 85 COPE-0085    (0)   :  0.088 0.084 0.089 0.009 0.093 0.104 0.088 0.088 0.086 0.087 0.083 0.101 
 86 COPE-0086    (0)   :  0.087 0.086 0.095 0.018 0.089 0.092 0.088 0.086 0.089 0.090 0.089 0.093 
 87 COPE-0087   (14)   :  0.087 0.097 0.098 0.007 0.093 0.090 0.084 0.095 0.083 0.081 0.089 0.096 
 88 COPE-0088   (14)   :  0.086 0.086 0.093 0.024 0.088 0.092 0.091 0.090 0.084 0.086 0.085 0.095 
 89 COPE-0089   (14)   :  0.008 0.008 0.008 0.917 0.008 0.008 0.007 0.008 0.007 0.008 0.007 0.008 
 90 COPE-0090    (0)   :  0.102 0.088 0.086 0.008 0.101 0.094 0.077 0.083 0.084 0.093 0.094 0.091 
 91 COPE-0091   (14)   :  0.082 0.103 0.095 0.005 0.086 0.079 0.093 0.109 0.085 0.081 0.093 0.088 
 92 COPE-0092   (28)   :  0.021 0.020 0.022 0.768 0.022 0.023 0.020 0.020 0.021 0.021 0.019 0.022 
 93 COPE-0093    (0)   :  0.114 0.090 0.082 0.006 0.115 0.086 0.072 0.081 0.082 0.089 0.097 0.085 
 94 COPE-0094    (0)   :  0.089 0.073 0.086 0.027 0.084 0.115 0.098 0.094 0.067 0.085 0.073 0.110 
 95 COPE-0095    (0)   :  0.092 0.097 0.091 0.005 0.091 0.089 0.081 0.094 0.081 0.079 0.098 0.101 
 96 COPE-0096    (0)   :  0.085 0.099 0.090 0.009 0.084 0.077 0.092 0.105 0.085 0.089 0.096 0.087 
 97 COPE-0097    (0)   :  0.088 0.090 0.096 0.007 0.084 0.073 0.090 0.106 0.091 0.095 0.093 0.088 
 98 COPE-0098    (0)   :  0.092 0.087 0.084 0.009 0.085 0.084 0.086 0.103 0.084 0.096 0.098 0.092 
 99 COPE-0099    (0)   :  0.085 0.093 0.097 0.020 0.097 0.094 0.084 0.077 0.096 0.094 0.078 0.084 
100 COPE-0100    (0)   :  0.095 0.091 0.093 0.007 0.093 0.091 0.082 0.082 0.096 0.089 0.087 0.094 
101 COPE-0101    (0)   :  0.091 0.083 0.096 0.044 0.092 0.087 0.080 0.083 0.081 0.089 0.081 0.092 
102 COPE-0102    (0)   :  0.092 0.090 0.092 0.006 0.091 0.095 0.088 0.085 0.095 0.088 0.085 0.094 
103 COPE-0103    (0)   :  0.084 0.087 0.083 0.015 0.081 0.089 0.099 0.106 0.081 0.091 0.091 0.095 
104 COPE-0104   (14)   :  0.096 0.090 0.093 0.007 0.096 0.085 0.082 0.086 0.096 0.090 0.085 0.095 
105 COPE-0105    (0)   :  0.086 0.074 0.108 0.035 0.089 0.073 0.081 0.093 0.089 0.096 0.085 0.091 
106 COPE-0106    (0)   :  0.078 0.078 0.053 0.004 0.080 0.103 0.138 0.069 0.109 0.098 0.116 0.075 
107 COPE-0107    (0)   :  0.022 0.020 0.019 0.783 0.022 0.021 0.018 0.019 0.018 0.019 0.020 0.020 
108 COPE-0108    (0)   :  0.089 0.089 0.091 0.006 0.082 0.079 0.090 0.106 0.088 0.095 0.098 0.086 
109 COPE-0109    (0)   :  0.094 0.084 0.092 0.011 0.091 0.103 0.092 0.087 0.081 0.091 0.076 0.099 
110 COPE-0110   (14)   :  0.087 0.090 0.084 0.013 0.088 0.094 0.097 0.087 0.090 0.086 0.093 0.090 
111 COPE-0111    (0)   :  0.083 0.091 0.081 0.008 0.083 0.089 0.107 0.090 0.095 0.091 0.098 0.084 
112 COPE-0112   (14)   :  0.091 0.091 0.099 0.009 0.092 0.083 0.083 0.086 0.096 0.088 0.085 0.098 
113 COPE-0113    (0)   :  0.092 0.092 0.092 0.016 0.091 0.090 0.085 0.087 0.093 0.090 0.082 0.089 
114 COPE-0114    (0)   :  0.088 0.084 0.072 0.009 0.088 0.097 0.109 0.076 0.098 0.093 0.103 0.082 
115 COPE-0115    (0)   :  0.025 0.028 0.025 0.713 0.023 0.022 0.027 0.032 0.025 0.025 0.028 0.025 
116 COPE-0116   (28)   :  0.011 0.011 0.011 0.880 0.011 0.011 0.011 0.011 0.011 0.011 0.011 0.011 
117 COPE-0117    (0)   :  0.092 0.099 0.092 0.010 0.091 0.089 0.079 0.096 0.079 0.074 0.099 0.099 
118 COPE-0118    (0)   :  0.081 0.086 0.064 0.009 0.077 0.090 0.127 0.085 0.101 0.095 0.112 0.072 
119 COPE-0119    (0)   :  0.086 0.086 0.080 0.011 0.080 0.084 0.099 0.104 0.092 0.096 0.103 0.080 
120 COPE-0120    (0)   :  0.090 0.087 0.099 0.010 0.092 0.096 0.088 0.081 0.094 0.093 0.078 0.092 
121 COPE-0121    (0)   :  0.083 0.095 0.085 0.050 0.083 0.075 0.090 0.093 0.089 0.090 0.089 0.078 
122 COPE-0122    (0)   :  0.088 0.091 0.095 0.008 0.094 0.095 0.089 0.093 0.088 0.089 0.079 0.091 
123 COPE-0123    (0)   :  0.092 0.086 0.094 0.016 0.095 0.095 0.086 0.084 0.087 0.091 0.080 0.094 
124 COPE-0124    (0)   :  0.088 0.090 0.094 0.012 0.095 0.096 0.087 0.085 0.090 0.091 0.083 0.088 
125 COPE-0125    (0)   :  0.093 0.089 0.085 0.006 0.092 0.089 0.092 0.081 0.098 0.088 0.099 0.088 
126 COPE-0126    (0)   :  0.093 0.096 0.092 0.012 0.090 0.088 0.078 0.095 0.079 0.076 0.101 0.100 
127 COPE-0127   (14)   :  0.093 0.085 0.095 0.006 0.091 0.088 0.086 0.091 0.090 0.091 0.090 0.093 
128 COPE-0128    (0)   :  0.085 0.091 0.091 0.016 0.089 0.091 0.094 0.082 0.096 0.090 0.088 0.087 
129 COPE-0129    (0)   :  0.088 0.080 0.087 0.006 0.094 0.109 0.096 0.087 0.084 0.089 0.076 0.104 
130 COPE-0130    (0)   :  0.090 0.093 0.098 0.013 0.096 0.094 0.086 0.077 0.098 0.093 0.078 0.084 
131 COPE-0131   (14)   :  0.083 0.108 0.084 0.008 0.071 0.062 0.101 0.128 0.091 0.089 0.102 0.074 
132 COPE-0132   (14)   :  0.096 0.081 0.074 0.035 0.084 0.095 0.095 0.076 0.088 0.089 0.101 0.085 
133 COPE-0133    (0)   :  0.088 0.097 0.093 0.008 0.092 0.091 0.084 0.098 0.079 0.073 0.095 0.102 
134 COPE-0134    (0)   :  0.086 0.090 0.092 0.007 0.092 0.099 0.093 0.086 0.090 0.089 0.085 0.091 
135 COPE-0135    (0)   :  0.100 0.088 0.094 0.007 0.100 0.089 0.080 0.087 0.087 0.090 0.086 0.092 
136 COPE-0136    (0)   :  0.013 0.013 0.014 0.854 0.014 0.014 0.013 0.013 0.013 0.013 0.013 0.014 
137 COPE-0137    (0)   :  0.094 0.093 0.092 0.011 0.095 0.096 0.081 0.080 0.096 0.089 0.081 0.092 
138 COPE-0138   (14)   :  0.009 0.009 0.009 0.898 0.009 0.009 0.010 0.009 0.010 0.009 0.009 0.009 
139 COPE-0139    (0)   :  0.091 0.095 0.094 0.007 0.096 0.097 0.083 0.080 0.094 0.089 0.083 0.090 
140 COPE-0140   (14)   :  0.023 0.024 0.025 0.737 0.025 0.024 0.023 0.023 0.024 0.024 0.023 0.024 
141 COPE-0141    (0)   :  0.105 0.087 0.085 0.008 0.105 0.092 0.078 0.085 0.082 0.092 0.092 0.089 
142 COPE-0142    (0)   :  0.098 0.089 0.085 0.009 0.098 0.091 0.086 0.084 0.090 0.090 0.094 0.086 
143 COPE-0143    (0)   :  0.095 0.091 0.090 0.009 0.094 0.094 0.082 0.090 0.080 0.082 0.094 0.100 
144 COPE-0144   (14)   :  0.082 0.077 0.085 0.110 0.084 0.086 0.078 0.077 0.078 0.079 0.075 0.088 
145 COPE-0145   (14)   :  0.064 0.066 0.074 0.245 0.073 0.071 0.067 0.064 0.068 0.069 0.066 0.072 
146 COPE-0146   (14)   :  0.092 0.085 0.092 0.027 0.091 0.087 0.081 0.086 0.085 0.087 0.092 0.093 
147 COPE-0147    (0)   :  0.093 0.081 0.083 0.070 0.090 0.093 0.080 0.080 0.077 0.086 0.077 0.089 
148 COPE-0148    (0)   :  0.091 0.096 0.090 0.008 0.091 0.093 0.084 0.095 0.079 0.075 0.097 0.101 
149 COPE-0149    (0)   :  0.090 0.100 0.096 0.006 0.092 0.096 0.083 0.089 0.092 0.085 0.082 0.090 
150 COPE-0150    (0)   :  0.089 0.088 0.106 0.007 0.096 0.086 0.077 0.082 0.097 0.088 0.079 0.103 
151 COPE-0151    (0)   :  0.093 0.094 0.092 0.007 0.095 0.092 0.083 0.085 0.090 0.087 0.090 0.093 
152 COPE-0152   (14)   :  0.089 0.076 0.079 0.124 0.088 0.081 0.069 0.075 0.073 0.082 0.084 0.080 
153 COPE-0153    (0)   :  0.088 0.088 0.089 0.006 0.088 0.094 0.090 0.098 0.088 0.091 0.090 0.091 
154 COPE-0154    (0)   :  0.094 0.091 0.088 0.007 0.093 0.091 0.093 0.083 0.095 0.088 0.092 0.086 
155 COPE-0155    (0)   :  0.088 0.094 0.095 0.005 0.093 0.093 0.088 0.080 0.098 0.091 0.086 0.088 
156 COPE-0156   (14)   :  0.009 0.009 0.009 0.900 0.009 0.009 0.009 0.009 0.009 0.009 0.009 0.009 
157 COPE-0157   (14)   :  0.077 0.064 0.070 0.235 0.079 0.069 0.066 0.066 0.066 0.070 0.069 0.070 
158 COPE-0158    (0)   :  0.084 0.102 0.097 0.009 0.091 0.092 0.085 0.093 0.085 0.077 0.089 0.095 
159 COPE-0159    (0)   :  0.097 0.089 0.087 0.008 0.093 0.096 0.086 0.085 0.086 0.091 0.088 0.095 
160 COPE-0160    (0)   :  0.094 0.081 0.089 0.007 0.094 0.100 0.093 0.086 0.081 0.090 0.089 0.097 
161 COPE-0161    (0)   :  0.092 0.089 0.090 0.012 0.090 0.092 0.090 0.092 0.089 0.087 0.083 0.092 
162 COPE-0162   (14)   :  0.007 0.007 0.007 0.921 0.007 0.007 0.007 0.007 0.007 0.007 0.007 0.007 
163 COPE-0163   (28)   :  0.013 0.013 0.013 0.860 0.013 0.013 0.013 0.013 0.013 0.013 0.013 0.013 
164 COPE-0164    (0)   :  0.090 0.084 0.090 0.025 0.090 0.095 0.083 0.081 0.089 0.092 0.089 0.092 
165 COPE-0165    (0)   :  0.088 0.094 0.098 0.008 0.094 0.095 0.087 0.082 0.097 0.090 0.080 0.088 
166 COPE-0166   (14)   :  0.086 0.088 0.091 0.008 0.091 0.100 0.095 0.086 0.087 0.090 0.085 0.093 
167 COPE-0167    (0)   :  0.086 0.080 0.082 0.008 0.088 0.104 0.104 0.083 0.086 0.091 0.090 0.099 
168 COPE-0168    (0)   :  0.089 0.098 0.092 0.006 0.092 0.090 0.085 0.094 0.084 0.084 0.091 0.094 
169 COPE-0169    (0)   :  0.087 0.097 0.098 0.011 0.095 0.095 0.083 0.078 0.098 0.095 0.076 0.086 
170 COPE-0170    (0)   :  0.100 0.090 0.084 0.024 0.096 0.083 0.083 0.092 0.079 0.088 0.094 0.086 
171 COPE-0171    (0)   :  0.092 0.094 0.085 0.007 0.093 0.089 0.088 0.089 0.089 0.090 0.095 0.089 
172 COPE-0172    (0)   :  0.091 0.084 0.095 0.007 0.089 0.092 0.084 0.092 0.089 0.094 0.092 0.091 
173 COPE-0173   (14)   :  0.084 0.094 0.098 0.054 0.093 0.091 0.080 0.071 0.096 0.091 0.070 0.079 
174 COPE-0174   (28)   :  0.093 0.089 0.093 0.014 0.091 0.090 0.087 0.086 0.090 0.086 0.089 0.094 
175 COPE-0175    (0)   :  0.086 0.084 0.089 0.039 0.087 0.096 0.084 0.086 0.080 0.083 0.089 0.097 
176 COPE-0176    (0)   :  0.095 0.083 0.076 0.008 0.093 0.096 0.102 0.084 0.088 0.091 0.098 0.086 
177 COPE-0177    (0)   :  0.091 0.097 0.095 0.007 0.093 0.094 0.087 0.085 0.093 0.091 0.080 0.086 
178 COPE-0178    (0)   :  0.078 0.078 0.053 0.007 0.081 0.101 0.136 0.069 0.109 0.096 0.115 0.076 
179 COPE-0179    (0)   :  0.093 0.090 0.094 0.009 0.093 0.094 0.088 0.084 0.094 0.089 0.084 0.089 
180 COPE-0180   (14)   :  0.086 0.100 0.101 0.006 0.096 0.098 0.083 0.079 0.100 0.093 0.072 0.086 
181 COPE-0181   (14)   :  0.092 0.097 0.094 0.009 0.092 0.097 0.086 0.083 0.099 0.087 0.078 0.086 
182 COPE-0182    (0)   :  0.092 0.080 0.097 0.005 0.089 0.086 0.079 0.097 0.087 0.101 0.092 0.095 
183 COPE-0183    (0)   :  0.091 0.087 0.092 0.010 0.092 0.092 0.088 0.085 0.090 0.093 0.089 0.090 
184 COPE-0184    (0)   :  0.090 0.081 0.088 0.009 0.090 0.101 0.095 0.089 0.082 0.087 0.089 0.098 
185 COPE-0185    (0)   :  0.095 0.095 0.085 0.006 0.093 0.087 0.082 0.092 0.090 0.093 0.093 0.089 
186 COPE-0186    (0)   :  0.081 0.111 0.079 0.005 0.062 0.050 0.106 0.145 0.091 0.091 0.111 0.068 
187 COPE-0187    (0)   :  0.092 0.081 0.104 0.009 0.098 0.078 0.082 0.093 0.084 0.095 0.088 0.096 
188 COPE-0188    (0)   :  0.027 0.026 0.030 0.698 0.029 0.027 0.025 0.026 0.029 0.026 0.026 0.030 
189 COPE-0189    (0)   :  0.094 0.096 0.094 0.007 0.091 0.094 0.083 0.087 0.096 0.087 0.081 0.089 
190 COPE-0190    (0)   :  0.090 0.080 0.095 0.013 0.088 0.099 0.093 0.093 0.080 0.090 0.080 0.098 
191 COPE-0191    (0)   :  0.086 0.101 0.088 0.010 0.082 0.080 0.095 0.107 0.089 0.087 0.091 0.084 
192 COPE-0192   (14)   :  0.010 0.012 0.010 0.883 0.009 0.008 0.011 0.014 0.011 0.011 0.012 0.010 
193 COPE-0193    (0)   :  0.089 0.088 0.090 0.006 0.089 0.095 0.088 0.088 0.089 0.088 0.096 0.095 
194 COPE-0194    (0)   :  0.086 0.083 0.109 0.009 0.094 0.081 0.081 0.091 0.092 0.093 0.085 0.096 
195 COPE-0195    (0)   :  0.093 0.085 0.096 0.006 0.094 0.092 0.083 0.083 0.093 0.089 0.086 0.100 
196 COPE-0196    (0)   :  0.091 0.087 0.092 0.010 0.091 0.090 0.089 0.091 0.088 0.091 0.089 0.091 
197 COPE-0197    (0)   :  0.086 0.099 0.101 0.007 0.095 0.092 0.086 0.079 0.097 0.090 0.080 0.086 
198 COPE-0198    (0)   :  0.096 0.096 0.095 0.012 0.094 0.097 0.082 0.075 0.096 0.091 0.081 0.084 
199 COPE-0199    (0)   :  0.089 0.101 0.093 0.012 0.093 0.095 0.086 0.081 0.100 0.091 0.075 0.082 
200 COPE-0200   (42)   :  0.089 0.097 0.096 0.009 0.095 0.098 0.086 0.080 0.101 0.090 0.076 0.083 
201 COPE-0201    (0)   :  0.094 0.091 0.091 0.008 0.090 0.078 0.090 0.098 0.090 0.092 0.095 0.083 
202 COPE-0202    (0)   :  0.095 0.082 0.086 0.012 0.090 0.104 0.092 0.093 0.074 0.090 0.081 0.101 
203 COPE-0203    (0)   :  0.097 0.091 0.087 0.006 0.094 0.096 0.086 0.083 0.089 0.091 0.091 0.088 
204 COPE-0204    (0)   :  0.081 0.078 0.076 0.028 0.085 0.088 0.107 0.079 0.099 0.093 0.100 0.085 
205 COPE-0205    (0)   :  0.090 0.087 0.091 0.020 0.087 0.095 0.078 0.088 0.086 0.087 0.094 0.097 
206 COPE-0206    (0)   :  0.085 0.086 0.078 0.005 0.085 0.092 0.108 0.082 0.100 0.095 0.100 0.083 
207 COPE-0207    (0)   :  0.090 0.081 0.071 0.011 0.083 0.094 0.110 0.082 0.096 0.097 0.105 0.080 
208 COPE-0208    (0)   :  0.030 0.029 0.030 0.673 0.031 0.030 0.028 0.029 0.030 0.032 0.030 0.030 
209 COPE-0209    (0)   :  0.088 0.093 0.097 0.006 0.092 0.088 0.089 0.086 0.098 0.092 0.087 0.085 
210 COPE-0210    (0)   :  0.084 0.098 0.099 0.009 0.090 0.087 0.085 0.094 0.088 0.080 0.089 0.096 
211 COPE-0211    (0)   :  0.091 0.089 0.105 0.005 0.096 0.085 0.078 0.080 0.097 0.089 0.081 0.103 
212 COPE-0212    (0)   :  0.094 0.084 0.075 0.011 0.086 0.095 0.100 0.082 0.091 0.093 0.102 0.085 
213 COPE-0213    (0)   :  0.088 0.086 0.090 0.008 0.089 0.092 0.097 0.080 0.096 0.093 0.094 0.088 
214 COPE-0214    (0)   :  0.089 0.099 0.105 0.008 0.099 0.097 0.082 0.069 0.106 0.097 0.068 0.080 
215 COPE-0215    (0)   :  0.082 0.095 0.096 0.055 0.091 0.092 0.081 0.075 0.096 0.090 0.069 0.078 
216 COPE-0216   (14)   :  0.056 0.061 0.061 0.355 0.058 0.058 0.059 0.060 0.057 0.055 0.060 0.061 
217 COPE-0217    (0)   :  0.085 0.079 0.073 0.028 0.084 0.096 0.111 0.074 0.097 0.094 0.099 0.081 
218 COPE-0218    (0)   :  0.091 0.093 0.095 0.009 0.090 0.095 0.083 0.084 0.095 0.091 0.086 0.089 
219 COPE-0219   (14)   :  0.089 0.095 0.100 0.008 0.094 0.095 0.085 0.080 0.099 0.093 0.077 0.086 
220 COPE-0220    (0)   :  0.081 0.080 0.072 0.013 0.085 0.099 0.117 0.074 0.101 0.098 0.102 0.078 
221 COPE-0221    (0)   :  0.108 0.091 0.082 0.017 0.107 0.094 0.076 0.081 0.078 0.088 0.089 0.089 
222 COPE-0222    (0)   :  0.096 0.094 0.088 0.007 0.092 0.087 0.080 0.093 0.083 0.085 0.100 0.096 
223 COPE-0223    (0)   :  0.086 0.097 0.099 0.007 0.095 0.094 0.088 0.087 0.091 0.093 0.077 0.087 
224 COPE-0224    (0)   :  0.087 0.075 0.084 0.019 0.086 0.114 0.098 0.095 0.068 0.087 0.078 0.110 
225 COPE-0225    (0)   :  0.088 0.100 0.105 0.013 0.098 0.098 0.083 0.068 0.106 0.095 0.068 0.078 
226 COPE-0226    (0)   :  0.094 0.089 0.087 0.006 0.095 0.092 0.089 0.087 0.090 0.089 0.090 0.091 
227 COPE-0227    (0)   :  0.088 0.095 0.092 0.006 0.087 0.085 0.093 0.092 0.095 0.095 0.088 0.085 
228 COPE-0228    (0)   :  0.085 0.084 0.075 0.017 0.086 0.096 0.107 0.077 0.099 0.092 0.096 0.086 
229 COPE-0229    (0)   :  0.093 0.091 0.093 0.007 0.094 0.095 0.090 0.078 0.097 0.090 0.084 0.090 
230 COPE-0230    (0)   :  0.095 0.090 0.082 0.010 0.093 0.092 0.093 0.081 0.094 0.085 0.098 0.088 
231 COPE-0231    (0)   :  0.089 0.096 0.094 0.006 0.091 0.094 0.086 0.082 0.098 0.090 0.085 0.089 
232 COPE-0232    (0)   :  0.091 0.083 0.088 0.015 0.087 0.101 0.098 0.087 0.083 0.087 0.084 0.097 
233 COPE-0233    (0)   :  0.092 0.084 0.089 0.005 0.087 0.091 0.084 0.092 0.087 0.095 0.096 0.097 
234 COPE-0234    (0)   :  0.089 0.084 0.090 0.008 0.094 0.101 0.092 0.086 0.083 0.091 0.081 0.098 
235 COPE-0235    (0)   :  0.089 0.093 0.096 0.006 0.096 0.095 0.088 0.091 0.089 0.092 0.079 0.088 
236 COPE-0236    (0)   :  0.090 0.089 0.074 0.005 0.088 0.091 0.105 0.079 0.100 0.086 0.108 0.085 
237 COPE-0237    (0)   :  0.091 0.092 0.087 0.006 0.087 0.088 0.086 0.094 0.091 0.095 0.091 0.091 
238 COPE-0238    (0)   :  0.087 0.104 0.096 0.009 0.093 0.098 0.085 0.083 0.098 0.090 0.074 0.083 
239 COPE-0239    (0)   :  0.088 0.081 0.088 0.036 0.089 0.095 0.091 0.090 0.079 0.085 0.082 0.095 
240 COPE-0240    (0)   :  0.086 0.096 0.093 0.008 0.088 0.089 0.085 0.099 0.081 0.079 0.095 0.099 
241 COPE-0241    (0)   :  0.092 0.100 0.096 0.007 0.094 0.100 0.082 0.079 0.100 0.090 0.074 0.086 
242 COPE-0242    (0)   :  0.085 0.087 0.080 0.006 0.081 0.086 0.106 0.098 0.096 0.094 0.104 0.078 
243 COPE-0243    (0)   :  0.083 0.081 0.112 0.007 0.092 0.079 0.084 0.098 0.088 0.097 0.086 0.094 
244 COPE-0244    (0)   :  0.088 0.085 0.098 0.009 0.093 0.091 0.088 0.086 0.092 0.095 0.084 0.090 
245 COPE-0245    (0)   :  0.086 0.080 0.106 0.011 0.092 0.084 0.080 0.093 0.088 0.094 0.088 0.097 
246 COPE-0246    (0)   :  0.086 0.089 0.091 0.012 0.085 0.087 0.095 0.096 0.087 0.087 0.091 0.093 
247 COPE-0247    (0)   :  0.097 0.090 0.088 0.015 0.096 0.093 0.082 0.082 0.095 0.091 0.085 0.084 
248 COPE-0248    (0)   :  0.091 0.085 0.097 0.005 0.089 0.087 0.083 0.091 0.090 0.097 0.092 0.094 
249 COPE-0249    (0)   :  0.088 0.081 0.091 0.027 0.091 0.101 0.089 0.084 0.083 0.089 0.076 0.098 
250 COPE-0250    (0)   :  0.091 0.081 0.082 0.017 0.091 0.105 0.098 0.084 0.082 0.090 0.082 0.097 
251 COPE-0251   (14)   :  0.032 0.031 0.029 0.668 0.032 0.030 0.027 0.030 0.030 0.031 0.031 0.030 
252 COPE-0252    (0)   :  0.086 0.080 0.092 0.011 0.086 0.105 0.098 0.094 0.079 0.086 0.081 0.104 
253 COPE-0253    (0)   :  0.107 0.091 0.086 0.008 0.107 0.086 0.076 0.084 0.085 0.091 0.094 0.087 
254 COPE-0254    (0)   :  0.088 0.076 0.104 0.014 0.090 0.079 0.086 0.095 0.087 0.098 0.088 0.094 
255 COPE-0255    (0)   :  0.096 0.085 0.095 0.022 0.100 0.089 0.079 0.082 0.085 0.092 0.085 0.089 
256 COPE-0256    (0)   :  0.085 0.097 0.091 0.010 0.090 0.092 0.088 0.094 0.083 0.077 0.098 0.096 
257 COPE-0257    (0)   :  0.079 0.114 0.079 0.007 0.062 0.047 0.107 0.148 0.091 0.088 0.110 0.068 
258 COPE-0258    (0)   :  0.083 0.094 0.092 0.016 0.084 0.074 0.092 0.102 0.093 0.092 0.096 0.082 
259 COPE-0259    (0)   :  0.088 0.089 0.092 0.006 0.087 0.090 0.090 0.087 0.099 0.092 0.089 0.092 
260 COPE-0260    (0)   :  0.086 0.097 0.094 0.023 0.093 0.094 0.085 0.084 0.095 0.091 0.077 0.082 
261 COPE-0261    (0)   :  0.087 0.078 0.098 0.006 0.088 0.079 0.091 0.095 0.094 0.099 0.092 0.092 
262 COPE-0262    (0)   :  0.087 0.087 0.098 0.017 0.092 0.087 0.083 0.091 0.084 0.087 0.088 0.098 
263 COPE-0263    (0)   :  0.087 0.097 0.084 0.007 0.081 0.080 0.088 0.106 0.091 0.096 0.095 0.088 
264 COPE-0264    (0)   :  0.082 0.104 0.080 0.017 0.072 0.063 0.101 0.121 0.093 0.090 0.101 0.076 
265 COPE-0265    (0)   :  0.097 0.087 0.093 0.011 0.093 0.090 0.078 0.083 0.091 0.090 0.092 0.093 
266 COPE-0266    (0)   :  0.085 0.079 0.082 0.018 0.088 0.094 0.103 0.079 0.097 0.095 0.094 0.086 
267 COPE-0267    (0)   :  0.093 0.084 0.086 0.006 0.088 0.097 0.085 0.090 0.086 0.092 0.092 0.101 
268 COPE-0268    (0)   :  0.090 0.086 0.083 0.013 0.082 0.091 0.084 0.095 0.087 0.096 0.096 0.097 
269 COPE-0269    (0)   :  0.083 0.098 0.093 0.006 0.086 0.079 0.095 0.106 0.087 0.085 0.092 0.090 
270 COPE-0270    (0)   :  0.089 0.089 0.108 0.007 0.096 0.086 0.077 0.083 0.096 0.089 0.079 0.102 
271 COPE-0271    (0)   :  0.082 0.098 0.099 0.007 0.090 0.089 0.091 0.097 0.088 0.087 0.085 0.088 
272 COPE-0272    (0)   :  0.099 0.085 0.089 0.007 0.100 0.093 0.086 0.084 0.084 0.092 0.091 0.091 
273 COPE-0273    (0)   :  0.097 0.079 0.075 0.016 0.087 0.098 0.099 0.078 0.090 0.094 0.103 0.086 
274 COPE-0274   (14)   :  0.024 0.024 0.028 0.729 0.026 0.023 0.022 0.023 0.026 0.024 0.024 0.027 
275 COPE-0275    (0)   :  0.093 0.090 0.093 0.009 0.095 0.096 0.086 0.084 0.092 0.090 0.080 0.092 
276 COPE-0276   (14)   :  0.006 0.007 0.006 0.929 0.006 0.006 0.006 0.007 0.007 0.006 0.006 0.006 
277 COPE-0277   (14)   :  0.082 0.100 0.086 0.013 0.087 0.086 0.096 0.097 0.085 0.076 0.101 0.090 
278 COPE-0278    (0)   :  0.078 0.078 0.059 0.007 0.081 0.102 0.132 0.070 0.105 0.098 0.113 0.077 
279 COPE-0279    (0)   :  0.087 0.085 0.084 0.009 0.089 0.093 0.100 0.080 0.095 0.091 0.096 0.090 
280 COPE-0280    (0)   :  0.012 0.012 0.013 0.863 0.013 0.013 0.013 0.012 0.013 0.013 0.012 0.012 
281 COPE-0281    (0)   :  0.031 0.030 0.033 0.652 0.035 0.034 0.031 0.028 0.033 0.034 0.028 0.031 
282 COPE-0282   (14)   :  0.090 0.075 0.085 0.006 0.087 0.119 0.100 0.095 0.066 0.088 0.076 0.113 
283 COPE-0283    (0)   :  0.084 0.083 0.072 0.007 0.083 0.096 0.116 0.078 0.098 0.095 0.105 0.081 
284 COPE-0284   (14)   :  0.085 0.092 0.094 0.032 0.094 0.092 0.086 0.078 0.090 0.089 0.081 0.086 
285 COPE-0285    (0)   :  0.030 0.031 0.029 0.678 0.028 0.028 0.028 0.031 0.030 0.028 0.030 0.028 
286 COPE-0286    (0)   :  0.090 0.087 0.095 0.009 0.097 0.093 0.083 0.078 0.093 0.090 0.087 0.099 
287 COPE-0287    (0)   :  0.086 0.085 0.080 0.028 0.079 0.088 0.084 0.100 0.086 0.094 0.095 0.095 
288 COPE-0288    (0)   :  0.108 0.089 0.084 0.010 0.105 0.097 0.079 0.081 0.080 0.088 0.091 0.090 
289 COPE-0289    (0)   :  0.098 0.095 0.090 0.007 0.087 0.087 0.083 0.093 0.091 0.085 0.095 0.089 
290 COPE-0290    (0)   :  0.090 0.091 0.105 0.007 0.095 0.091 0.079 0.082 0.098 0.088 0.078 0.096 
291 COPE-0291    (0)   :  0.084 0.098 0.091 0.005 0.085 0.078 0.096 0.102 0.097 0.088 0.096 0.080 
292 COPE-0292   (42)   :  0.015 0.015 0.015 0.837 0.015 0.015 0.015 0.014 0.015 0.015 0.014 0.015 
293 COPE-0293    (0)   :  0.104 0.086 0.090 0.008 0.102 0.087 0.078 0.084 0.086 0.092 0.095 0.088 
294 COPE-0294    (0)   :  0.090 0.085 0.091 0.011 0.095 0.095 0.091 0.085 0.091 0.092 0.083 0.091 
295 COPE-0295    (0)   :  0.094 0.085 0.084 0.007 0.091 0.104 0.092 0.087 0.083 0.084 0.090 0.098 
296 COPE-0296   (14)   :  0.099 0.089 0.088 0.007 0.095 0.095 0.084 0.081 0.089 0.090 0.091 0.094 
297 COPE-0297   (14)   :  0.086 0.095 0.099 0.035 0.094 0.097 0.081 0.073 0.099 0.089 0.072 0.079 
298 COPE-0298    (0)   :  0.100 0.084 0.089 0.009 0.098 0.094 0.083 0.086 0.085 0.090 0.089 0.092 
299 COPE-0299    (0)   :  0.091 0.080 0.108 0.006 0.093 0.077 0.081 0.095 0.090 0.096 0.087 0.095 
300 COPE-0300   (14)   :  0.088 0.094 0.089 0.008 0.085 0.090 0.086 0.099 0.084 0.085 0.094 0.098 
301 COPE-0301   (14)   :  0.111 0.090 0.084 0.009 0.113 0.086 0.073 0.083 0.079 0.090 0.097 0.086 
302 COPE-0302    (0)   :  0.081 0.082 0.075 0.166 0.070 0.071 0.071 0.082 0.074 0.071 0.080 0.075 
303 COPE-0303    (0)   :  0.083 0.085 0.068 0.006 0.086 0.098 0.117 0.075 0.103 0.089 0.107 0.083 
304 COPE-0304    (0)   :  0.092 0.085 0.092 0.007 0.091 0.095 0.086 0.085 0.090 0.094 0.090 0.094 
305 COPE-0305   (14)   :  0.082 0.089 0.086 0.034 0.082 0.082 0.094 0.100 0.085 0.085 0.090 0.090 
306 COPE-0306    (0)   :  0.081 0.081 0.060 0.009 0.079 0.094 0.126 0.077 0.106 0.097 0.111 0.078 
307 COPE-0307   (28)   :  0.008 0.008 0.008 0.911 0.008 0.008 0.008 0.008 0.008 0.008 0.008 0.008 
308 COPE-0308    (0)   :  0.094 0.079 0.084 0.006 0.094 0.115 0.095 0.091 0.069 0.088 0.079 0.107 
309 COPE-0309   (14)   :  0.039 0.036 0.040 0.586 0.039 0.039 0.035 0.035 0.037 0.039 0.035 0.039 
310 COPE-0310   (28)   :  0.036 0.050 0.035 0.552 0.029 0.022 0.048 0.065 0.040 0.040 0.050 0.031 
311 COPE-0311    (0)   :  0.086 0.094 0.087 0.020 0.085 0.079 0.092 0.100 0.090 0.091 0.093 0.083 
312 COPE-0312   (28)   :  0.013 0.012 0.011 0.857 0.013 0.014 0.015 0.012 0.014 0.013 0.014 0.012 
313 COPE-0313    (0)   :  0.086 0.091 0.080 0.009 0.078 0.080 0.102 0.105 0.096 0.096 0.101 0.077 
314 COPE-0314    (0)   :  0.091 0.082 0.091 0.007 0.086 0.088 0.082 0.098 0.087 0.098 0.097 0.093 
315 COPE-0315    (0)   :  0.088 0.095 0.087 0.008 0.087 0.087 0.094 0.096 0.094 0.091 0.090 0.083 
316 COPE-0316    (0)   :  0.083 0.088 0.096 0.019 0.091 0.089 0.090 0.085 0.097 0.092 0.083 0.086 
317 COPE-0317   (14)   :  0.009 0.009 0.009 0.905 0.008 0.008 0.009 0.009 0.009 0.009 0.009 0.009 
318 COPE-0318    (0)   :  0.091 0.088 0.094 0.005 0.090 0.088 0.087 0.094 0.093 0.093 0.087 0.088 
319 COPE-0319    (0)   :  0.088 0.084 0.091 0.006 0.091 0.104 0.092 0.091 0.081 0.089 0.082 0.101 
320 COPE-0320   (14)   :  0.098 0.086 0.089 0.015 0.093 0.090 0.086 0.084 0.087 0.088 0.091 0.093 
321 COPE-0321   (14)   :  0.087 0.096 0.085 0.011 0.080 0.075 0.092 0.106 0.093 0.094 0.098 0.081 
322 COPE-0322   (14)   :  0.087 0.094 0.097 0.006 0.095 0.091 0.088 0.089 0.093 0.093 0.083 0.085 
323 COPE-0323    (0)   :  0.079 0.115 0.077 0.008 0.059 0.043 0.108 0.154 0.090 0.089 0.112 0.065 
324 COPE-0324    (0)   :  0.089 0.097 0.100 0.006 0.096 0.098 0.086 0.075 0.102 0.094 0.075 0.082 
325 COPE-0325   (14)   :  0.083 0.105 0.094 0.011 0.089 0.085 0.087 0.103 0.077 0.071 0.098 0.097 
326 COPE-0326    (0)   :  0.102 0.086 0.080 0.007 0.100 0.100 0.090 0.082 0.083 0.086 0.095 0.090 
327 COPE-0327   (14)   :  0.107 0.092 0.088 0.008 0.108 0.090 0.076 0.083 0.084 0.088 0.086 0.090 
328 COPE-0328    (0)   :  0.090 0.093 0.087 0.006 0.090 0.094 0.092 0.083 0.098 0.089 0.090 0.089 
329 COPE-0329   (28)   :  0.088 0.093 0.092 0.013 0.091 0.095 0.091 0.078 0.100 0.094 0.083 0.082 
330 COPE-0330    (0)   :  0.090 0.081 0.092 0.020 0.083 0.090 0.080 0.097 0.087 0.095 0.095 0.089 
331 COPE-0331    (0)   :  0.108 0.090 0.085 0.006 0.109 0.088 0.077 0.082 0.083 0.092 0.096 0.084 
332 COPE-0332   (14)   :  0.085 0.086 0.084 0.006 0.087 0.091 0.104 0.086 0.095 0.089 0.098 0.087 
333 COPE-0333    (0)   :  0.090 0.078 0.077 0.145 0.092 0.078 0.067 0.071 0.071 0.078 0.078 0.076 
334 COPE-0334   (28)   :  0.040 0.050 0.039 0.525 0.035 0.029 0.048 0.062 0.042 0.042 0.051 0.037 
335 COPE-0335    (0)   :  0.089 0.098 0.106 0.006 0.098 0.096 0.084 0.071 0.107 0.095 0.069 0.079 
336 COPE-0336    (0)   :  0.097 0.087 0.092 0.006 0.101 0.096 0.084 0.081 0.089 0.091 0.087 0.091 
337 COPE-0337   (28)   :  0.017 0.018 0.018 0.812 0.017 0.017 0.016 0.016 0.018 0.018 0.016 0.017 
338 COPE-0338    (0)   :  0.087 0.093 0.084 0.020 0.080 0.079 0.087 0.107 0.088 0.093 0.098 0.084 
339 COPE-0339    (0)   :  0.094 0.101 0.090 0.006 0.089 0.085 0.080 0.099 0.080 0.074 0.102 0.100 
340 COPE-0340   (14)   :  0.013 0.013 0.012 0.864 0.013 0.013 0.012 0.012 0.013 0.012 0.012 0.012 
341 COPE-0341    (0)   :  0.090 0.081 0.092 0.007 0.091 0.104 0.087 0.089 0.083 0.091 0.085 0.100 
342 COPE-0342    (0)   :  0.087 0.100 0.099 0.008 0.096 0.097 0.083 0.080 0.099 0.094 0.073 0.084 
343 COPE-0343    (0)   :  0.091 0.081 0.086 0.006 0.090 0.091 0.096 0.086 0.092 0.095 0.096 0.089 
344 COPE-0344   (14)   :  0.011 0.011 0.011 0.876 0.011 0.011 0.012 0.012 0.011 0.011 0.011 0.012 
345 COPE-0345    (0)   :  0.090 0.084 0.089 0.006 0.093 0.101 0.091 0.092 0.081 0.087 0.083 0.101 
346 COPE-0346    (0)   :  0.088 0.087 0.094 0.030 0.091 0.094 0.081 0.084 0.090 0.092 0.083 0.087 
347 COPE-0347    (0)   :  0.091 0.087 0.099 0.006 0.093 0.084 0.084 0.092 0.090 0.091 0.090 0.094 
348 COPE-0348    (0)   :  0.085 0.086 0.087 0.015 0.085 0.085 0.097 0.089 0.096 0.095 0.092 0.088 
349 COPE-0349    (0)   :  0.083 0.101 0.100 0.006 0.092 0.093 0.088 0.087 0.095 0.091 0.079 0.084 
350 COPE-0350    (0)   :  0.088 0.092 0.098 0.006 0.092 0.092 0.087 0.089 0.096 0.090 0.082 0.090 
351 COPE-0351    (0)   :  0.088 0.083 0.111 0.006 0.092 0.079 0.083 0.093 0.092 0.095 0.086 0.091 
352 COPE-0352    (0)   :  0.089 0.087 0.091 0.025 0.094 0.091 0.089 0.081 0.093 0.087 0.086 0.087 
353 COPE-0353    (0)   :  0.081 0.110 0.082 0.005 0.069 0.056 0.105 0.135 0.092 0.087 0.104 0.074 
354 COPE-0354    (0)   :  0.091 0.097 0.087 0.014 0.083 0.073 0.092 0.110 0.085 0.089 0.097 0.081 
355 COPE-0355    (0)   :  0.089 0.103 0.094 0.006 0.092 0.089 0.081 0.099 0.075 0.070 0.098 0.103 
356 COPE-0356    (0)   :  0.090 0.074 0.107 0.008 0.092 0.079 0.085 0.097 0.086 0.098 0.088 0.095 
357 COPE-0357    (0)   :  0.089 0.092 0.102 0.008 0.093 0.094 0.087 0.079 0.099 0.093 0.076 0.087 
358 COPE-0358    (0)   :  0.007 0.007 0.008 0.919 0.008 0.008 0.007 0.007 0.007 0.007 0.007 0.007 
359 COPE-0359   (14)   :  0.089 0.087 0.091 0.009 0.093 0.096 0.090 0.086 0.091 0.090 0.087 0.091 
360 COPE-0360    (0)   :  0.081 0.105 0.084 0.006 0.070 0.060 0.101 0.130 0.091 0.091 0.105 0.074 
361 COPE-0361    (0)   :  0.089 0.087 0.093 0.009 0.093 0.098 0.090 0.090 0.089 0.091 0.080 0.092 
362 COPE-0362    (0)   :  0.086 0.098 0.102 0.007 0.095 0.092 0.088 0.081 0.101 0.092 0.078 0.080 
363 COPE-0363   (14)   :  0.090 0.088 0.095 0.013 0.093 0.098 0.082 0.085 0.090 0.090 0.086 0.091 
364 COPE-0364    (0)   :  0.087 0.092 0.087 0.006 0.077 0.077 0.090 0.115 0.090 0.095 0.100 0.086 
365 COPE-0365    (0)   :  0.080 0.103 0.073 0.018 0.067 0.061 0.096 0.132 0.090 0.095 0.106 0.077 
366 COPE-0366    (0)   :  0.086 0.093 0.102 0.024 0.094 0.091 0.082 0.080 0.094 0.092 0.076 0.086 
367 COPE-0367   (14)   :  0.013 0.012 0.012 0.858 0.013 0.014 0.013 0.013 0.011 0.013 0.012 0.014 
368 COPE-0368    (0)   :  0.096 0.096 0.088 0.009 0.090 0.092 0.079 0.090 0.083 0.079 0.099 0.099 
