

----------------------------------------------------
STRUCTURE by Pritchard, Stephens and Donnelly (2000)
     and Falush, Stephens and Pritchard (2003)
       Code by Pritchard, Falush and Hubisz
             Version 2.3.4 (Jul 2012)
----------------------------------------------------



Command line arguments:   /home/jason/Programs/structure -K 7 -i ../Data/microsats.structure -m Structure_Run/mainparams -e Structure_Run/extraparams -D 51868165 -o ../Structure_Results/06_K_07.out 
Input File:    ../Data/microsats.structure

Run parameters:
   384 individuals
   7 loci
   7 populations assumed
   1000000 Burn-in period
   10000000 Reps
RANDOMIZE turned off


--------------------------------------------
Overall proportion of membership of the
sample in each of the 7 clusters

Inferred Clusters
  1      2      3      4      5      6      7    
0.146  0.146  0.146  0.147  0.122  0.146  0.146  

--------------------------------------------

Allele-freq. divergence among pops (Net nucleotide distance),
computed using point estimates of P.

      1       2       3       4       5       6       7      
 1      -    0.0002  0.0003  0.0003  0.1530  0.0001  0.0002  
 2   0.0002     -    0.0002  0.0004  0.1512  0.0001  0.0003  
 3   0.0003  0.0002     -    0.0005  0.1517  0.0001  0.0004  
 4   0.0003  0.0004  0.0005     -    0.1516  0.0004  0.0008  
 5   0.1530  0.1512  0.1517  0.1516     -    0.1520  0.1535  
 6   0.0001  0.0001  0.0001  0.0004  0.1520     -    0.0001  
 7   0.0002  0.0003  0.0004  0.0008  0.1535  0.0001     -    

Average distances (expected heterozygosity) between individuals in same cluster:
cluster  1  : 0.6225 
cluster  2  : 0.6260 
cluster  3  : 0.6246 
cluster  4  : 0.6222 
cluster  5  : 0.6569 
cluster  6  : 0.6251 
cluster  7  : 0.6217 

--------------------------------------------
Estimated Ln Prob of Data   = -8864.9
Mean value of ln likelihood = -7975.8
Variance of ln likelihood   = 1778.2
Mean value of alpha         = 0.0459

Mean value of Fst_1         = 0.0586
Mean value of Fst_2         = 0.0602
Mean value of Fst_3         = 0.0604
Mean value of Fst_4         = 0.0566
Mean value of Fst_5         = 0.1573
Mean value of Fst_6         = 0.0610
Mean value of Fst_7         = 0.0642


Inferred ancestry of individuals:
        Label (%Miss) :  Inferred clusters
  1 COPE-0001    (0)   :  0.008 0.008 0.008 0.008 0.952 0.008 0.008 
  2 COPE-0002    (0)   :  0.133 0.201 0.159 0.153 0.010 0.179 0.166 
  3 COPE-0003    (0)   :  0.176 0.156 0.147 0.252 0.007 0.142 0.120 
  4 COPE-0004    (0)   :  0.127 0.221 0.162 0.163 0.014 0.173 0.141 
  5 COPE-0005    (0)   :  0.149 0.184 0.150 0.128 0.019 0.171 0.201 
  6 COPE-0006    (0)   :  0.166 0.163 0.155 0.160 0.019 0.168 0.169 
  7 COPE-0007    (0)   :  0.154 0.175 0.161 0.127 0.007 0.172 0.203 
  8 COPE-0008    (0)   :  0.142 0.160 0.216 0.149 0.008 0.166 0.161 
  9 COPE-0009    (0)   :  0.164 0.157 0.142 0.206 0.018 0.161 0.153 
 10 COPE-0010    (0)   :  0.209 0.140 0.178 0.161 0.007 0.160 0.147 
 11 COPE-0011   (14)   :  0.012 0.016 0.014 0.013 0.919 0.014 0.013 
 12 COPE-0012   (14)   :  0.152 0.171 0.189 0.167 0.007 0.161 0.153 
 13 COPE-0013    (0)   :  0.177 0.157 0.135 0.279 0.006 0.139 0.107 
 14 COPE-0014    (0)   :  0.159 0.159 0.142 0.135 0.011 0.171 0.224 
 15 COPE-0015    (0)   :  0.171 0.155 0.158 0.135 0.007 0.171 0.203 
 16 COPE-0016    (0)   :  0.148 0.154 0.151 0.140 0.010 0.188 0.210 
 17 COPE-0017    (0)   :  0.042 0.042 0.040 0.037 0.742 0.045 0.051 
 18 COPE-0018    (0)   :  0.167 0.165 0.150 0.196 0.008 0.163 0.151 
 19 COPE-0019    (0)   :  0.171 0.153 0.147 0.238 0.006 0.150 0.136 
 20 COPE-0020    (0)   :  0.180 0.161 0.155 0.157 0.008 0.166 0.173 
 21 COPE-0021    (0)   :  0.180 0.165 0.146 0.125 0.006 0.165 0.213 
 22 COPE-0022    (0)   :  0.149 0.162 0.205 0.150 0.007 0.166 0.161 
 23 COPE-0023    (0)   :  0.154 0.191 0.174 0.160 0.008 0.171 0.142 
 24 COPE-0024   (14)   :  0.161 0.167 0.168 0.130 0.007 0.173 0.194 
 25 COPE-0025    (0)   :  0.164 0.149 0.167 0.162 0.081 0.151 0.127 
 26 COPE-0026    (0)   :  0.160 0.153 0.181 0.140 0.005 0.178 0.184 
 27 COPE-0027    (0)   :  0.165 0.158 0.158 0.245 0.006 0.145 0.124 
 28 COPE-0028    (0)   :  0.196 0.134 0.187 0.156 0.006 0.164 0.157 
 29 COPE-0029    (0)   :  0.147 0.152 0.154 0.126 0.005 0.193 0.224 
 30 COPE-0030   (14)   :  0.031 0.038 0.036 0.033 0.792 0.036 0.034 
 31 COPE-0031    (0)   :  0.151 0.154 0.199 0.138 0.010 0.172 0.177 
 32 COPE-0032    (0)   :  0.192 0.150 0.193 0.159 0.009 0.161 0.137 
 33 COPE-0033    (0)   :  0.176 0.159 0.178 0.169 0.011 0.163 0.144 
 34 COPE-0034    (0)   :  0.141 0.173 0.175 0.134 0.011 0.177 0.189 
 35 COPE-0035   (14)   :  0.192 0.141 0.192 0.168 0.008 0.161 0.137 
 36 COPE-0036   (14)   :  0.177 0.180 0.142 0.142 0.006 0.167 0.186 
 37 COPE-0037    (0)   :  0.170 0.159 0.159 0.160 0.023 0.161 0.167 
 38 COPE-0038    (0)   :  0.155 0.150 0.211 0.140 0.006 0.168 0.169 
 39 COPE-0039    (0)   :  0.147 0.158 0.143 0.178 0.109 0.140 0.126 
 40 COPE-0040   (14)   :  0.153 0.149 0.135 0.197 0.101 0.139 0.128 
 41 COPE-0041    (0)   :  0.159 0.169 0.155 0.184 0.032 0.160 0.140 
 42 COPE-0042    (0)   :  0.203 0.132 0.186 0.179 0.011 0.157 0.131 
 43 COPE-0043    (0)   :  0.144 0.181 0.161 0.144 0.005 0.187 0.178 
 44 COPE-0044    (0)   :  0.136 0.207 0.164 0.175 0.015 0.167 0.135 
 45 COPE-0045    (0)   :  0.141 0.188 0.173 0.168 0.032 0.161 0.137 
 46 COPE-0046    (0)   :  0.029 0.029 0.026 0.035 0.824 0.028 0.028 
 47 COPE-0047    (0)   :  0.007 0.007 0.007 0.008 0.956 0.007 0.007 
 48 COPE-0048    (0)   :  0.213 0.125 0.199 0.167 0.007 0.154 0.134 
 49 COPE-0049    (0)   :  0.142 0.193 0.167 0.159 0.016 0.172 0.151 
 50 COPE-0050    (0)   :  0.169 0.170 0.144 0.245 0.007 0.144 0.120 
 51 COPE-0051    (0)   :  0.188 0.118 0.176 0.141 0.106 0.144 0.127 
 52 COPE-0052    (0)   :  0.155 0.162 0.150 0.118 0.010 0.174 0.231 
 53 COPE-0053    (0)   :  0.144 0.152 0.149 0.130 0.010 0.193 0.222 
 54 COPE-0054    (0)   :  0.179 0.172 0.146 0.135 0.005 0.162 0.200 
 55 COPE-0055    (0)   :  0.146 0.157 0.218 0.148 0.005 0.165 0.161 
 56 COPE-0056    (0)   :  0.153 0.179 0.171 0.185 0.019 0.157 0.136 
 57 COPE-0057    (0)   :  0.173 0.164 0.150 0.208 0.011 0.155 0.140 
 58 COPE-0058    (0)   :  0.156 0.187 0.163 0.153 0.009 0.172 0.160 
 59 COPE-0059    (0)   :  0.175 0.154 0.133 0.265 0.020 0.137 0.116 
 60 COPE-0060    (0)   :  0.147 0.174 0.152 0.150 0.007 0.183 0.187 
 61 COPE-0061    (0)   :  0.155 0.150 0.146 0.177 0.013 0.178 0.182 
 62 COPE-0062    (0)   :  0.180 0.165 0.142 0.124 0.010 0.162 0.217 
 63 COPE-0063    (0)   :  0.143 0.160 0.209 0.149 0.029 0.158 0.151 
 64 COPE-0064    (0)   :  0.159 0.168 0.160 0.168 0.010 0.164 0.172 
 65 COPE-0065    (0)   :  0.006 0.006 0.006 0.006 0.965 0.006 0.006 
 66 COPE-0066    (0)   :  0.213 0.123 0.188 0.182 0.016 0.153 0.125 
 67 COPE-0067   (14)   :  0.029 0.024 0.028 0.026 0.841 0.026 0.025 
 68 COPE-0068    (0)   :  0.179 0.155 0.135 0.275 0.010 0.136 0.110 
 69 COPE-0069   (14)   :  0.166 0.166 0.147 0.156 0.013 0.159 0.193 
 70 COPE-0070    (0)   :  0.153 0.182 0.173 0.155 0.012 0.171 0.153 
 71 COPE-0071    (0)   :  0.214 0.133 0.180 0.165 0.004 0.155 0.149 
 72 COPE-0072    (0)   :  0.164 0.173 0.149 0.186 0.007 0.166 0.155 
 73 COPE-0073   (14)   :  0.040 0.043 0.038 0.035 0.741 0.048 0.055 
 74 COPE-0074    (0)   :  0.201 0.138 0.194 0.158 0.009 0.156 0.143 
 75 COPE-0075    (0)   :  0.208 0.128 0.201 0.156 0.013 0.159 0.136 
 76 COPE-0076    (0)   :  0.168 0.164 0.162 0.173 0.006 0.161 0.167 
 77 COPE-0077   (14)   :  0.174 0.159 0.165 0.184 0.009 0.159 0.151 
 78 COPE-0078   (14)   :  0.147 0.180 0.175 0.139 0.008 0.172 0.179 
 79 COPE-0079    (0)   :  0.117 0.231 0.165 0.157 0.009 0.181 0.139 
 80 COPE-0080   (42)   :  0.022 0.021 0.020 0.024 0.872 0.021 0.020 
 81 COPE-0081   (14)   :  0.085 0.084 0.094 0.082 0.487 0.085 0.083 
 82 COPE-0082   (14)   :  0.177 0.146 0.185 0.152 0.047 0.155 0.138 
 83 COPE-0083   (14)   :  0.159 0.164 0.138 0.110 0.006 0.174 0.249 
 84 COPE-0084    (0)   :  0.111 0.114 0.117 0.099 0.252 0.146 0.161 
 85 COPE-0085    (0)   :  0.148 0.191 0.162 0.178 0.010 0.167 0.144 
 86 COPE-0086    (0)   :  0.176 0.155 0.168 0.148 0.021 0.169 0.162 
 87 COPE-0087   (14)   :  0.154 0.162 0.160 0.148 0.007 0.183 0.186 
 88 COPE-0088   (14)   :  0.144 0.176 0.156 0.146 0.024 0.174 0.180 
 89 COPE-0089   (14)   :  0.007 0.007 0.008 0.007 0.956 0.007 0.007 
 90 COPE-0090    (0)   :  0.147 0.158 0.213 0.149 0.008 0.166 0.160 
 91 COPE-0091   (14)   :  0.154 0.161 0.150 0.139 0.006 0.186 0.205 
 92 COPE-0092   (28)   :  0.025 0.027 0.024 0.031 0.849 0.024 0.020 
 93 COPE-0093    (0)   :  0.147 0.168 0.209 0.156 0.006 0.160 0.155 
 94 COPE-0094    (0)   :  0.115 0.226 0.160 0.153 0.032 0.177 0.137 
 95 COPE-0095    (0)   :  0.149 0.149 0.164 0.131 0.005 0.189 0.212 
 96 COPE-0096    (0)   :  0.158 0.160 0.150 0.129 0.009 0.173 0.222 
 97 COPE-0097    (0)   :  0.197 0.146 0.168 0.145 0.008 0.162 0.175 
 98 COPE-0098    (0)   :  0.146 0.156 0.211 0.136 0.008 0.171 0.172 
 99 COPE-0099    (0)   :  0.176 0.154 0.143 0.252 0.021 0.139 0.115 
100 COPE-0100    (0)   :  0.176 0.151 0.168 0.196 0.007 0.158 0.144 
101 COPE-0101    (0)   :  0.174 0.141 0.190 0.165 0.044 0.156 0.130 
102 COPE-0102    (0)   :  0.163 0.175 0.169 0.174 0.006 0.166 0.146 
103 COPE-0103    (0)   :  0.140 0.199 0.156 0.147 0.018 0.174 0.168 
104 COPE-0104   (14)   :  0.198 0.135 0.195 0.164 0.007 0.156 0.145 
105 COPE-0105    (0)   :  0.195 0.136 0.175 0.155 0.037 0.155 0.148 
106 COPE-0106    (0)   :  0.185 0.181 0.121 0.121 0.005 0.162 0.225 
107 COPE-0107    (0)   :  0.017 0.019 0.022 0.018 0.886 0.019 0.019 
108 COPE-0108    (0)   :  0.177 0.154 0.175 0.141 0.006 0.167 0.179 
109 COPE-0109    (0)   :  0.135 0.207 0.166 0.172 0.012 0.168 0.140 
110 COPE-0110   (14)   :  0.160 0.177 0.141 0.142 0.014 0.172 0.193 
111 COPE-0111    (0)   :  0.167 0.169 0.138 0.139 0.009 0.168 0.210 
112 COPE-0112   (14)   :  0.202 0.135 0.193 0.166 0.011 0.155 0.139 
113 COPE-0113    (0)   :  0.160 0.163 0.165 0.203 0.023 0.153 0.134 
114 COPE-0114    (0)   :  0.172 0.176 0.140 0.153 0.010 0.163 0.185 
115 COPE-0115    (0)   :  0.023 0.025 0.023 0.021 0.850 0.027 0.031 
116 COPE-0116   (28)   :  0.010 0.010 0.009 0.010 0.942 0.010 0.009 
117 COPE-0117    (0)   :  0.142 0.153 0.151 0.131 0.011 0.194 0.217 
118 COPE-0118    (0)   :  0.179 0.174 0.127 0.121 0.009 0.163 0.227 
119 COPE-0119    (0)   :  0.173 0.156 0.171 0.126 0.010 0.165 0.199 
120 COPE-0120    (0)   :  0.165 0.179 0.162 0.188 0.012 0.157 0.138 
121 COPE-0121    (0)   :  0.161 0.156 0.134 0.143 0.061 0.152 0.193 
122 COPE-0122    (0)   :  0.150 0.193 0.169 0.162 0.008 0.174 0.144 
123 COPE-0123    (0)   :  0.156 0.186 0.178 0.160 0.015 0.167 0.139 
124 COPE-0124    (0)   :  0.148 0.192 0.163 0.165 0.013 0.170 0.149 
125 COPE-0125    (0)   :  0.192 0.155 0.166 0.161 0.007 0.157 0.163 
126 COPE-0126    (0)   :  0.144 0.151 0.156 0.128 0.013 0.191 0.217 
127 COPE-0127   (14)   :  0.175 0.163 0.168 0.156 0.007 0.169 0.163 
128 COPE-0128    (0)   :  0.175 0.171 0.146 0.157 0.020 0.162 0.168 
129 COPE-0129    (0)   :  0.137 0.209 0.158 0.180 0.007 0.171 0.138 
130 COPE-0130    (0)   :  0.171 0.160 0.147 0.241 0.012 0.143 0.125 
131 COPE-0131   (14)   :  0.172 0.163 0.144 0.156 0.010 0.158 0.198 
132 COPE-0132   (14)   :  0.158 0.158 0.167 0.120 0.035 0.165 0.198 
133 COPE-0133    (0)   :  0.138 0.160 0.150 0.128 0.010 0.197 0.217 
134 COPE-0134    (0)   :  0.160 0.189 0.161 0.162 0.007 0.169 0.152 
135 COPE-0135    (0)   :  0.186 0.149 0.192 0.165 0.009 0.157 0.142 
136 COPE-0136    (0)   :  0.012 0.012 0.012 0.014 0.925 0.012 0.012 
137 COPE-0137    (0)   :  0.175 0.157 0.155 0.217 0.013 0.155 0.127 
138 COPE-0138   (14)   :  0.009 0.008 0.008 0.008 0.951 0.008 0.008 
139 COPE-0139    (0)   :  0.173 0.157 0.148 0.235 0.008 0.150 0.128 
140 COPE-0140   (14)   :  0.022 0.020 0.021 0.023 0.873 0.021 0.020 
141 COPE-0141    (0)   :  0.144 0.180 0.194 0.161 0.008 0.165 0.148 
142 COPE-0142    (0)   :  0.159 0.171 0.177 0.163 0.009 0.162 0.159 
143 COPE-0143    (0)   :  0.144 0.168 0.180 0.142 0.009 0.181 0.176 
144 COPE-0144   (14)   :  0.098 0.132 0.107 0.119 0.323 0.117 0.105 
145 COPE-0145   (14)   :  0.100 0.105 0.100 0.106 0.399 0.102 0.087 
146 COPE-0146   (14)   :  0.157 0.155 0.162 0.152 0.030 0.168 0.176 
147 COPE-0147    (0)   :  0.126 0.192 0.171 0.150 0.063 0.160 0.138 
148 COPE-0148    (0)   :  0.142 0.161 0.154 0.129 0.009 0.190 0.215 
149 COPE-0149    (0)   :  0.170 0.158 0.144 0.224 0.007 0.155 0.142 
150 COPE-0150    (0)   :  0.221 0.118 0.207 0.165 0.009 0.153 0.127 
151 COPE-0151    (0)   :  0.161 0.159 0.167 0.183 0.007 0.164 0.160 
152 COPE-0152   (14)   :  0.127 0.150 0.180 0.134 0.121 0.149 0.139 
153 COPE-0153    (0)   :  0.155 0.171 0.180 0.149 0.006 0.168 0.171 
154 COPE-0154    (0)   :  0.171 0.161 0.149 0.193 0.006 0.158 0.161 
155 COPE-0155    (0)   :  0.178 0.162 0.153 0.191 0.006 0.157 0.152 
156 COPE-0156   (14)   :  0.009 0.009 0.009 0.009 0.948 0.009 0.009 
157 COPE-0157   (14)   :  0.102 0.126 0.130 0.110 0.303 0.118 0.109 
158 COPE-0158    (0)   :  0.153 0.154 0.142 0.165 0.009 0.177 0.199 
159 COPE-0159    (0)   :  0.146 0.166 0.192 0.145 0.007 0.171 0.173 
160 COPE-0160    (0)   :  0.145 0.196 0.170 0.153 0.006 0.174 0.155 
161 COPE-0161    (0)   :  0.157 0.185 0.175 0.169 0.012 0.162 0.141 
162 COPE-0162   (14)   :  0.007 0.007 0.007 0.007 0.959 0.007 0.007 
163 COPE-0163   (28)   :  0.013 0.013 0.013 0.013 0.921 0.013 0.013 
164 COPE-0164    (0)   :  0.158 0.155 0.154 0.191 0.034 0.161 0.146 
165 COPE-0165    (0)   :  0.174 0.164 0.154 0.216 0.008 0.151 0.133 
166 COPE-0166   (14)   :  0.150 0.196 0.158 0.156 0.008 0.174 0.158 
167 COPE-0167    (0)   :  0.146 0.201 0.151 0.152 0.008 0.173 0.169 
168 COPE-0168    (0)   :  0.147 0.159 0.161 0.138 0.006 0.183 0.206 
169 COPE-0169    (0)   :  0.174 0.155 0.137 0.267 0.012 0.139 0.115 
170 COPE-0170    (0)   :  0.145 0.166 0.184 0.138 0.036 0.162 0.169 
171 COPE-0171    (0)   :  0.159 0.158 0.161 0.134 0.009 0.171 0.207 
172 COPE-0172    (0)   :  0.173 0.156 0.175 0.149 0.007 0.170 0.171 
173 COPE-0173   (14)   :  0.163 0.152 0.131 0.244 0.068 0.133 0.109 
174 COPE-0174   (28)   :  0.150 0.177 0.163 0.157 0.020 0.167 0.166 
175 COPE-0175    (0)   :  0.137 0.175 0.160 0.136 0.039 0.175 0.177 
176 COPE-0176    (0)   :  0.151 0.190 0.162 0.142 0.010 0.164 0.180 
177 COPE-0177    (0)   :  0.172 0.158 0.141 0.242 0.007 0.151 0.129 
178 COPE-0178    (0)   :  0.188 0.180 0.122 0.130 0.008 0.161 0.212 
179 COPE-0179    (0)   :  0.173 0.168 0.164 0.194 0.009 0.154 0.139 
180 COPE-0180   (14)   :  0.178 0.156 0.137 0.267 0.006 0.142 0.113 
181 COPE-0181   (14)   :  0.173 0.164 0.142 0.242 0.009 0.145 0.124 
182 COPE-0182    (0)   :  0.165 0.149 0.202 0.137 0.005 0.173 0.168 
183 COPE-0183    (0)   :  0.166 0.166 0.160 0.173 0.011 0.162 0.162 
184 COPE-0184    (0)   :  0.151 0.183 0.155 0.132 0.009 0.173 0.197 
185 COPE-0185    (0)   :  0.153 0.152 0.201 0.153 0.006 0.163 0.170 
186 COPE-0186    (0)   :  0.172 0.162 0.145 0.119 0.006 0.168 0.228 
187 COPE-0187    (0)   :  0.196 0.140 0.193 0.158 0.010 0.162 0.141 
188 COPE-0188    (0)   :  0.024 0.021 0.024 0.022 0.866 0.023 0.021 
189 COPE-0189    (0)   :  0.183 0.152 0.161 0.209 0.009 0.152 0.133 
190 COPE-0190    (0)   :  0.141 0.198 0.170 0.167 0.015 0.172 0.138 
191 COPE-0191    (0)   :  0.161 0.168 0.153 0.170 0.013 0.168 0.168 
192 COPE-0192   (14)   :  0.010 0.010 0.009 0.009 0.941 0.010 0.012 
193 COPE-0193    (0)   :  0.160 0.156 0.158 0.150 0.006 0.180 0.188 
194 COPE-0194    (0)   :  0.214 0.123 0.195 0.163 0.009 0.157 0.137 
195 COPE-0195    (0)   :  0.182 0.153 0.190 0.155 0.007 0.165 0.147 
196 COPE-0196    (0)   :  0.170 0.170 0.178 0.151 0.011 0.163 0.158 
197 COPE-0197    (0)   :  0.176 0.160 0.143 0.235 0.007 0.148 0.130 
198 COPE-0198    (0)   :  0.163 0.152 0.172 0.186 0.013 0.156 0.158 
199 COPE-0199    (0)   :  0.174 0.158 0.136 0.263 0.010 0.139 0.120 
200 COPE-0200   (42)   :  0.174 0.161 0.138 0.263 0.010 0.139 0.116 
201 COPE-0201    (0)   :  0.162 0.165 0.175 0.144 0.009 0.165 0.180 
202 COPE-0202    (0)   :  0.131 0.187 0.200 0.149 0.014 0.166 0.153 
203 COPE-0203    (0)   :  0.159 0.166 0.174 0.155 0.006 0.169 0.171 
204 COPE-0204    (0)   :  0.199 0.147 0.151 0.143 0.037 0.157 0.167 
205 COPE-0205    (0)   :  0.152 0.151 0.175 0.141 0.022 0.180 0.179 
206 COPE-0206    (0)   :  0.184 0.169 0.140 0.136 0.005 0.158 0.209 
207 COPE-0207    (0)   :  0.179 0.166 0.147 0.116 0.011 0.165 0.217 
208 COPE-0208    (0)   :  0.027 0.027 0.030 0.030 0.834 0.027 0.025 
209 COPE-0209    (0)   :  0.188 0.153 0.155 0.201 0.007 0.150 0.147 
210 COPE-0210    (0)   :  0.161 0.146 0.149 0.148 0.012 0.179 0.204 
211 COPE-0211    (0)   :  0.217 0.122 0.203 0.170 0.005 0.156 0.128 
212 COPE-0212    (0)   :  0.164 0.162 0.162 0.122 0.012 0.170 0.208 
213 COPE-0213    (0)   :  0.186 0.162 0.157 0.158 0.008 0.160 0.168 
214 COPE-0214    (0)   :  0.178 0.157 0.134 0.274 0.008 0.138 0.111 
215 COPE-0215    (0)   :  0.173 0.151 0.130 0.266 0.037 0.136 0.108 
216 COPE-0216   (14)   :  0.082 0.087 0.083 0.078 0.482 0.092 0.095 
217 COPE-0217    (0)   :  0.173 0.174 0.133 0.128 0.027 0.161 0.204 
218 COPE-0218    (0)   :  0.167 0.155 0.165 0.172 0.009 0.167 0.165 
219 COPE-0219   (14)   :  0.174 0.160 0.144 0.240 0.009 0.146 0.128 
220 COPE-0220    (0)   :  0.183 0.173 0.130 0.147 0.014 0.157 0.195 
221 COPE-0221    (0)   :  0.144 0.158 0.217 0.146 0.014 0.164 0.157 
222 COPE-0222    (0)   :  0.147 0.151 0.187 0.134 0.007 0.179 0.195 
223 COPE-0223    (0)   :  0.169 0.166 0.148 0.234 0.008 0.154 0.121 
224 COPE-0224    (0)   :  0.119 0.220 0.161 0.153 0.022 0.178 0.147 
225 COPE-0225    (0)   :  0.177 0.156 0.130 0.275 0.015 0.135 0.111 
226 COPE-0226    (0)   :  0.149 0.179 0.161 0.154 0.008 0.170 0.179 
227 COPE-0227    (0)   :  0.171 0.161 0.153 0.165 0.006 0.161 0.183 
228 COPE-0228    (0)   :  0.169 0.179 0.137 0.149 0.025 0.162 0.179 
229 COPE-0229    (0)   :  0.164 0.172 0.157 0.192 0.007 0.155 0.153 
230 COPE-0230    (0)   :  0.168 0.177 0.155 0.158 0.010 0.164 0.168 
231 COPE-0231    (0)   :  0.178 0.154 0.153 0.214 0.006 0.154 0.140 
232 COPE-0232    (0)   :  0.142 0.204 0.162 0.158 0.015 0.172 0.148 
233 COPE-0233    (0)   :  0.150 0.155 0.206 0.138 0.005 0.172 0.174 
234 COPE-0234    (0)   :  0.133 0.215 0.166 0.159 0.008 0.176 0.144 
235 COPE-0235    (0)   :  0.151 0.191 0.162 0.177 0.006 0.172 0.141 
236 COPE-0236    (0)   :  0.186 0.166 0.149 0.148 0.005 0.162 0.184 
237 COPE-0237    (0)   :  0.156 0.151 0.206 0.143 0.006 0.169 0.171 
238 COPE-0238    (0)   :  0.175 0.154 0.134 0.269 0.007 0.144 0.117 
239 COPE-0239    (0)   :  0.128 0.199 0.159 0.150 0.035 0.174 0.155 
240 COPE-0240    (0)   :  0.147 0.156 0.151 0.126 0.008 0.188 0.223 
241 COPE-0241    (0)   :  0.178 0.157 0.135 0.279 0.007 0.138 0.107 
242 COPE-0242    (0)   :  0.178 0.166 0.150 0.127 0.006 0.164 0.208 
243 COPE-0243    (0)   :  0.205 0.135 0.191 0.159 0.008 0.163 0.139 
244 COPE-0244    (0)   :  0.168 0.166 0.157 0.202 0.009 0.160 0.138 
245 COPE-0245    (0)   :  0.199 0.134 0.198 0.151 0.013 0.163 0.142 
246 COPE-0246    (0)   :  0.147 0.189 0.161 0.149 0.013 0.175 0.166 
247 COPE-0247    (0)   :  0.161 0.155 0.183 0.185 0.017 0.153 0.146 
248 COPE-0248    (0)   :  0.190 0.138 0.190 0.148 0.005 0.168 0.161 
249 COPE-0249    (0)   :  0.133 0.204 0.152 0.182 0.033 0.164 0.131 
250 COPE-0250    (0)   :  0.136 0.210 0.161 0.151 0.016 0.174 0.153 
251 COPE-0251   (14)   :  0.030 0.030 0.040 0.030 0.802 0.033 0.033 
252 COPE-0252    (0)   :  0.133 0.207 0.166 0.149 0.012 0.180 0.153 
253 COPE-0253    (0)   :  0.148 0.161 0.210 0.163 0.008 0.158 0.152 
254 COPE-0254    (0)   :  0.187 0.153 0.176 0.155 0.013 0.162 0.153 
255 COPE-0255    (0)   :  0.162 0.150 0.194 0.163 0.028 0.158 0.144 
256 COPE-0256    (0)   :  0.149 0.154 0.144 0.132 0.011 0.187 0.224 
257 COPE-0257    (0)   :  0.170 0.163 0.147 0.119 0.008 0.168 0.224 
258 COPE-0258    (0)   :  0.176 0.153 0.154 0.152 0.024 0.160 0.181 
259 COPE-0259    (0)   :  0.195 0.145 0.174 0.154 0.006 0.163 0.162 
260 COPE-0260    (0)   :  0.170 0.156 0.136 0.243 0.024 0.145 0.125 
261 COPE-0261    (0)   :  0.206 0.142 0.171 0.153 0.006 0.161 0.160 
262 COPE-0262    (0)   :  0.179 0.145 0.176 0.147 0.024 0.170 0.160 
263 COPE-0263    (0)   :  0.157 0.158 0.173 0.138 0.009 0.171 0.195 
264 COPE-0264    (0)   :  0.179 0.161 0.154 0.133 0.023 0.158 0.193 
265 COPE-0265    (0)   :  0.158 0.154 0.196 0.161 0.010 0.165 0.156 
266 COPE-0266    (0)   :  0.178 0.172 0.150 0.145 0.019 0.161 0.175 
267 COPE-0267    (0)   :  0.146 0.161 0.205 0.135 0.006 0.175 0.172 
268 COPE-0268    (0)   :  0.148 0.151 0.205 0.130 0.013 0.175 0.178 
269 COPE-0269    (0)   :  0.142 0.184 0.151 0.144 0.007 0.181 0.190 
270 COPE-0270    (0)   :  0.217 0.121 0.200 0.174 0.007 0.154 0.126 
271 COPE-0271    (0)   :  0.163 0.168 0.151 0.176 0.008 0.171 0.163 
272 COPE-0272    (0)   :  0.153 0.188 0.172 0.157 0.007 0.167 0.156 
273 COPE-0273    (0)   :  0.162 0.161 0.181 0.126 0.014 0.168 0.188 
274 COPE-0274   (14)   :  0.023 0.017 0.022 0.020 0.880 0.020 0.018 
275 COPE-0275    (0)   :  0.175 0.165 0.173 0.177 0.011 0.160 0.138 
276 COPE-0276   (14)   :  0.006 0.006 0.006 0.006 0.964 0.006 0.006 
277 COPE-0277   (14)   :  0.153 0.157 0.139 0.129 0.014 0.185 0.222 
278 COPE-0278    (0)   :  0.180 0.179 0.127 0.128 0.007 0.163 0.216 
279 COPE-0279    (0)   :  0.172 0.175 0.156 0.149 0.008 0.168 0.172 
280 COPE-0280    (0)   :  0.013 0.013 0.013 0.014 0.922 0.013 0.013 
281 COPE-0281    (0)   :  0.028 0.028 0.026 0.035 0.837 0.025 0.022 
282 COPE-0282   (14)   :  0.117 0.230 0.167 0.156 0.007 0.181 0.142 
283 COPE-0283    (0)   :  0.173 0.175 0.137 0.127 0.007 0.164 0.216 
284 COPE-0284   (14)   :  0.171 0.158 0.140 0.233 0.036 0.146 0.117 
285 COPE-0285    (0)   :  0.032 0.032 0.030 0.033 0.808 0.032 0.033 
286 COPE-0286    (0)   :  0.180 0.155 0.171 0.192 0.014 0.157 0.131 
287 COPE-0287    (0)   :  0.142 0.151 0.194 0.125 0.042 0.168 0.178 
288 COPE-0288    (0)   :  0.144 0.164 0.214 0.146 0.010 0.165 0.158 
289 COPE-0289    (0)   :  0.156 0.160 0.172 0.158 0.008 0.170 0.176 
290 COPE-0290    (0)   :  0.204 0.134 0.178 0.207 0.009 0.150 0.119 
291 COPE-0291    (0)   :  0.181 0.160 0.150 0.175 0.006 0.161 0.167 
292 COPE-0292   (42)   :  0.014 0.014 0.014 0.015 0.917 0.014 0.013 
293 COPE-0293    (0)   :  0.160 0.162 0.199 0.155 0.008 0.161 0.155 
294 COPE-0294    (0)   :  0.153 0.189 0.157 0.181 0.011 0.164 0.145 
295 COPE-0295    (0)   :  0.146 0.187 0.162 0.146 0.008 0.172 0.179 
296 COPE-0296   (14)   :  0.167 0.152 0.189 0.151 0.007 0.166 0.167 
297 COPE-0297   (14)   :  0.172 0.153 0.131 0.268 0.035 0.135 0.107 
298 COPE-0298    (0)   :  0.144 0.198 0.173 0.163 0.011 0.168 0.144 
299 COPE-0299    (0)   :  0.209 0.127 0.195 0.162 0.006 0.158 0.142 
300 COPE-0300   (14)   :  0.149 0.157 0.162 0.137 0.008 0.184 0.203 
301 COPE-0301   (14)   :  0.142 0.162 0.218 0.152 0.010 0.162 0.154 
302 COPE-0302    (0)   :  0.111 0.117 0.111 0.097 0.280 0.130 0.154 
303 COPE-0303    (0)   :  0.178 0.183 0.135 0.153 0.006 0.163 0.181 
304 COPE-0304    (0)   :  0.159 0.167 0.170 0.166 0.007 0.172 0.159 
305 COPE-0305   (14)   :  0.136 0.192 0.151 0.150 0.043 0.168 0.161 
306 COPE-0306    (0)   :  0.189 0.175 0.127 0.122 0.009 0.159 0.219 
307 COPE-0307   (28)   :  0.008 0.008 0.008 0.008 0.952 0.008 0.008 
308 COPE-0308    (0)   :  0.120 0.221 0.173 0.158 0.006 0.179 0.144 
309 COPE-0309   (14)   :  0.053 0.054 0.059 0.054 0.677 0.054 0.048 
310 COPE-0310   (28)   :  0.041 0.041 0.036 0.031 0.752 0.043 0.056 
311 COPE-0311    (0)   :  0.165 0.161 0.161 0.130 0.023 0.161 0.199 
312 COPE-0312   (28)   :  0.012 0.012 0.011 0.011 0.932 0.011 0.012 
313 COPE-0313    (0)   :  0.191 0.161 0.149 0.132 0.009 0.157 0.200 
314 COPE-0314    (0)   :  0.161 0.148 0.203 0.138 0.008 0.170 0.172 
315 COPE-0315    (0)   :  0.170 0.168 0.149 0.189 0.008 0.156 0.161 
316 COPE-0316    (0)   :  0.195 0.141 0.165 0.180 0.023 0.154 0.141 
317 COPE-0317   (14)   :  0.008 0.008 0.008 0.008 0.951 0.008 0.009 
318 COPE-0318    (0)   :  0.181 0.161 0.166 0.176 0.006 0.162 0.148 
319 COPE-0319    (0)   :  0.140 0.196 0.167 0.164 0.007 0.175 0.152 
320 COPE-0320   (14)   :  0.149 0.177 0.180 0.155 0.015 0.167 0.157 
321 COPE-0321   (14)   :  0.183 0.150 0.171 0.135 0.011 0.160 0.189 
322 COPE-0322   (14)   :  0.177 0.162 0.153 0.207 0.006 0.158 0.136 
323 COPE-0323    (0)   :  0.161 0.162 0.142 0.109 0.014 0.170 0.241 
324 COPE-0324    (0)   :  0.176 0.158 0.136 0.258 0.006 0.141 0.125 
325 COPE-0325   (14)   :  0.144 0.152 0.141 0.124 0.012 0.193 0.234 
326 COPE-0326    (0)   :  0.146 0.187 0.184 0.153 0.007 0.164 0.160 
327 COPE-0327   (14)   :  0.149 0.163 0.207 0.165 0.009 0.161 0.145 
328 COPE-0328    (0)   :  0.186 0.162 0.158 0.173 0.006 0.162 0.153 
329 COPE-0329   (28)   :  0.176 0.159 0.138 0.229 0.012 0.145 0.141 
330 COPE-0330    (0)   :  0.168 0.147 0.189 0.139 0.022 0.169 0.166 
331 COPE-0331    (0)   :  0.143 0.160 0.217 0.152 0.006 0.164 0.158 
332 COPE-0332   (14)   :  0.174 0.178 0.152 0.144 0.007 0.169 0.177 
333 COPE-0333    (0)   :  0.129 0.135 0.179 0.143 0.145 0.140 0.130 
334 COPE-0334   (28)   :  0.051 0.052 0.051 0.043 0.686 0.053 0.064 
335 COPE-0335    (0)   :  0.180 0.157 0.134 0.272 0.007 0.136 0.113 
336 COPE-0336    (0)   :  0.159 0.165 0.189 0.180 0.006 0.158 0.143 
337 COPE-0337   (28)   :  0.020 0.019 0.018 0.025 0.884 0.018 0.017 
338 COPE-0338    (0)   :  0.169 0.148 0.167 0.130 0.025 0.170 0.191 
339 COPE-0339    (0)   :  0.142 0.153 0.154 0.123 0.007 0.195 0.226 
340 COPE-0340   (14)   :  0.011 0.012 0.012 0.013 0.930 0.011 0.011 
341 COPE-0341    (0)   :  0.135 0.198 0.178 0.152 0.007 0.177 0.154 
342 COPE-0342    (0)   :  0.177 0.156 0.132 0.282 0.007 0.138 0.108 
343 COPE-0343    (0)   :  0.176 0.164 0.169 0.144 0.006 0.164 0.177 
344 COPE-0344   (14)   :  0.009 0.010 0.010 0.009 0.942 0.010 0.010 
345 COPE-0345    (0)   :  0.131 0.206 0.165 0.155 0.006 0.180 0.157 
346 COPE-0346    (0)   :  0.154 0.174 0.168 0.160 0.035 0.163 0.147 
347 COPE-0347    (0)   :  0.186 0.145 0.179 0.158 0.007 0.165 0.160 
348 COPE-0348    (0)   :  0.201 0.143 0.169 0.152 0.015 0.160 0.161 
349 COPE-0349    (0)   :  0.174 0.161 0.136 0.249 0.006 0.152 0.122 
350 COPE-0350    (0)   :  0.204 0.138 0.184 0.169 0.006 0.157 0.141 
351 COPE-0351    (0)   :  0.205 0.129 0.183 0.184 0.006 0.155 0.138 
352 COPE-0352    (0)   :  0.165 0.171 0.147 0.190 0.027 0.158 0.142 
353 COPE-0353    (0)   :  0.175 0.163 0.156 0.139 0.006 0.165 0.196 
354 COPE-0354    (0)   :  0.161 0.170 0.167 0.141 0.017 0.163 0.180 
355 COPE-0355    (0)   :  0.141 0.149 0.148 0.125 0.006 0.197 0.232 
356 COPE-0356    (0)   :  0.185 0.156 0.185 0.156 0.008 0.164 0.146 
357 COPE-0357    (0)   :  0.170 0.167 0.154 0.213 0.009 0.149 0.138 
358 COPE-0358    (0)   :  0.008 0.007 0.007 0.009 0.955 0.007 0.007 
359 COPE-0359   (14)   :  0.153 0.183 0.158 0.169 0.009 0.170 0.159 
360 COPE-0360    (0)   :  0.175 0.160 0.147 0.133 0.006 0.166 0.212 
361 COPE-0361    (0)   :  0.153 0.194 0.171 0.159 0.008 0.173 0.143 
362 COPE-0362    (0)   :  0.181 0.156 0.136 0.259 0.007 0.141 0.120 
363 COPE-0363   (14)   :  0.145 0.189 0.167 0.158 0.014 0.173 0.154 
364 COPE-0364    (0)   :  0.178 0.148 0.183 0.135 0.006 0.170 0.181 
365 COPE-0365    (0)   :  0.155 0.149 0.180 0.117 0.027 0.168 0.204 
366 COPE-0366    (0)   :  0.184 0.144 0.144 0.248 0.023 0.145 0.113 
367 COPE-0367   (14)   :  0.010 0.011 0.012 0.010 0.935 0.011 0.011 
368 COPE-0368    (0)   :  0.150 0.151 0.166 0.129 0.010 0.189 0.206 
369 COPE-0369    (0)   :  0.156 0.163 0.183 0.164 0.009 0.163 0.161 
370 COPE-0370   (28)   :  0.008 0.009 0.009 0.008 0.949 0.008 0.008 
371 COPE-0371    (0)   :  0.155 0.153 0.187 0.133 0.012 0.167 0.194 
372 COPE-0372    (0)   :  0.163 0.164 0.133 0.149 0.049 0.154 0.189 
373 COPE-0373   (14)   :  0.139 0.182 0.193 0.147 0.007 0.168 0.164 
374 COPE-0374    (0)   :  0.147 0.178 0.169 0.138 0.008 0.178 0.182 
375 COPE-0375   (14)   :  0.149 0.171 0.159 0.126 0.013 0.175 0.207 
376 COPE-0376   (14)   :  0.203 0.142 0.179 0.156 0.006 0.161 0.153 
377 COPE-0377    (0)   :  0.055 0.067 0.061 0.063 0.642 0.059 0.053 
378 COPE-0378    (0)   :  0.167 0.146 0.154 0.137 0.007 0.180 0.210 
379 COPE-0379    (0)   :  0.176 0.158 0.137 0.274 0.007 0.139 0.109 
380 COPE-0380   (28)   :  0.039 0.035 0.029 0.030 0.794 0.034 0.039 
381 COPE-0381    (0)   :  0.149 0.183 0.163 0.156 0.013 0.168 0.167 
382 COPE-0382    (0)   :  0.177 0.158 0.134 0.276 0.006 0.137 0.112 
383 COPE-0383    (0)   :  0.136 0.142 0.146 0.104 0.127 0.152 0.192 
384 COPE-0384    (0)   :  0.165 0.154 0.155 0.129 0.008 0.176 0.213 


Estimated Allele Frequencies in each cluster
First column gives estimated ancestral frequencies


Locus 1 : COPE5 
78 alleles
0.5% missing data
   1   (0.007) 0.001 0.001 0.001 0.001 0.658 0.001 0.001 
   2   (0.022) 0.021 0.027 0.023 0.023 0.019 0.025 0.023 
   3   (0.013) 0.012 0.017 0.014 0.013 0.002 0.016 0.014 
   4   (0.023) 0.026 0.024 0.024 0.029 0.002 0.025 0.024 
   5   (0.011) 0.010 0.010 0.010 0.014 0.001 0.009 0.008 
   6   (0.019) 0.017 0.020 0.017 0.022 0.006 0.017 0.015 
   7   (0.007) 0.003 0.004 0.003 0.003 0.001 0.004 0.003 
   8   (0.036) 0.086 0.096 0.085 0.072 0.002 0.091 0.104 
   9   (0.019) 0.021 0.025 0.021 0.023 0.001 0.022 0.020 
  10   (0.019) 0.021 0.019 0.021 0.019 0.001 0.020 0.020 
  11   (0.015) 0.014 0.014 0.017 0.013 0.016 0.015 0.016 
  12   (0.017) 0.022 0.023 0.028 0.024 0.001 0.023 0.022 
  13   (0.010) 0.010 0.011 0.013 0.010 0.001 0.011 0.011 
  14   (0.023) 0.026 0.027 0.031 0.027 0.002 0.028 0.026 
  15   (0.016) 0.029 0.030 0.029 0.026 0.001 0.037 0.044 
  16   (0.010) 0.007 0.006 0.007 0.006 0.001 0.006 0.006 
  17   (0.017) 0.016 0.015 0.015 0.015 0.001 0.014 0.014 
  18   (0.016) 0.014 0.013 0.012 0.019 0.007 0.013 0.012 
  19   (0.011) 0.011 0.010 0.009 0.015 0.001 0.009 0.007 
  20   (0.029) 0.051 0.050 0.058 0.047 0.002 0.055 0.059 
  21   (0.023) 0.023 0.021 0.021 0.025 0.002 0.021 0.021 
  22   (0.019) 0.016 0.015 0.014 0.018 0.009 0.015 0.014 
  23   (0.013) 0.012 0.011 0.012 0.015 0.001 0.011 0.010 
  24   (0.015) 0.022 0.017 0.019 0.016 0.001 0.018 0.020 
  25   (0.010) 0.007 0.008 0.008 0.007 0.001 0.008 0.008 
  26   (0.013) 0.009 0.010 0.009 0.010 0.001 0.009 0.008 
  27   (0.012) 0.011 0.009 0.011 0.010 0.001 0.010 0.008 
  28   (0.008) 0.003 0.002 0.003 0.003 0.020 0.002 0.002 
  29   (0.013) 0.014 0.010 0.013 0.011 0.001 0.011 0.010 
  30   (0.019) 0.019 0.021 0.021 0.020 0.004 0.020 0.019 
  31   (0.019) 0.020 0.017 0.018 0.022 0.001 0.019 0.018 
  32   (0.025) 0.040 0.037 0.041 0.047 0.002 0.037 0.035 
  33   (0.006) 0.002 0.002 0.002 0.002 0.000 0.002 0.002 
  34   (0.017) 0.019 0.019 0.022 0.017 0.001 0.020 0.021 
  35   (0.006) 0.001 0.001 0.001 0.001 0.053 0.001 0.001 
  36   (0.006) 0.002 0.002 0.002 0.002 0.000 0.002 0.002 
  37   (0.021) 0.024 0.024 0.023 0.020 0.021 0.025 0.030 
  38   (0.016) 0.013 0.012 0.013 0.012 0.008 0.013 0.012 
  39   (0.014) 0.020 0.020 0.016 0.017 0.001 0.019 0.020 
  40   (0.011) 0.010 0.010 0.009 0.014 0.001 0.009 0.008 
  41   (0.009) 0.006 0.004 0.005 0.005 0.001 0.005 0.004 
  42   (0.006) 0.002 0.002 0.002 0.002 0.000 0.002 0.002 
  43   (0.009) 0.005 0.005 0.005 0.005 0.001 0.005 0.004 
  44   (0.023) 0.026 0.029 0.028 0.027 0.002 0.028 0.024 
  45   (0.006) 0.002 0.002 0.002 0.002 0.000 0.002 0.002 
  46   (0.015) 0.018 0.018 0.019 0.015 0.001 0.018 0.020 
  47   (0.009) 0.006 0.007 0.006 0.006 0.001 0.007 0.006 
  48   (0.006) 0.002 0.002 0.002 0.003 0.000 0.002 0.002 
  49   (0.015) 0.014 0.017 0.015 0.014 0.001 0.017 0.017 
  50   (0.013) 0.011 0.012 0.011 0.013 0.002 0.012 0.010 
  51   (0.014) 0.013 0.013 0.013 0.010 0.015 0.014 0.018 
  52   (0.013) 0.013 0.011 0.015 0.011 0.001 0.012 0.011 
  53   (0.007) 0.001 0.001 0.001 0.001 0.031 0.001 0.001 
  54   (0.006) 0.001 0.001 0.001 0.001 0.075 0.001 0.001 
  55   (0.010) 0.009 0.006 0.008 0.007 0.001 0.007 0.007 
  56   (0.011) 0.011 0.011 0.009 0.009 0.001 0.011 0.013 
  57   (0.013) 0.013 0.011 0.010 0.016 0.001 0.010 0.009 
  58   (0.009) 0.007 0.005 0.007 0.006 0.001 0.006 0.005 
  59   (0.011) 0.009 0.015 0.011 0.011 0.001 0.012 0.010 
  60   (0.010) 0.008 0.008 0.007 0.007 0.001 0.008 0.010 
  61   (0.006) 0.002 0.002 0.002 0.003 0.000 0.002 0.002 
  62   (0.012) 0.012 0.012 0.012 0.011 0.001 0.012 0.012 
  63   (0.011) 0.018 0.014 0.016 0.015 0.001 0.015 0.015 
  64   (0.010) 0.005 0.005 0.005 0.005 0.001 0.005 0.005 
  65   (0.018) 0.022 0.021 0.018 0.022 0.001 0.019 0.021 
  66   (0.010) 0.010 0.009 0.008 0.008 0.001 0.009 0.010 
  67   (0.009) 0.007 0.005 0.007 0.007 0.001 0.006 0.005 
  68   (0.012) 0.012 0.011 0.010 0.016 0.001 0.010 0.008 
  69   (0.006) 0.002 0.002 0.002 0.003 0.000 0.002 0.002 
  70   (0.006) 0.002 0.002 0.002 0.002 0.000 0.002 0.002 
  71   (0.010) 0.006 0.007 0.006 0.006 0.001 0.007 0.006 
  72   (0.006) 0.002 0.002 0.002 0.002 0.000 0.002 0.002 
  73   (0.006) 0.002 0.002 0.002 0.002 0.001 0.002 0.002 
  74   (0.006) 0.002 0.002 0.002 0.002 0.000 0.002 0.002 
  75   (0.009) 0.005 0.004 0.005 0.006 0.001 0.005 0.004 
  76   (0.006) 0.002 0.002 0.002 0.002 0.000 0.002 0.002 
  77   (0.007) 0.004 0.004 0.003 0.004 0.001 0.003 0.003 
  78   (0.006) 0.002 0.002 0.002 0.002 0.000 0.002 0.002 

Locus 2 : COPE9 
12 alleles
8.3% missing data
   1   (0.412) 0.468 0.464 0.480 0.466 0.409 0.465 0.469 
   2   (0.142) 0.135 0.142 0.137 0.129 0.264 0.140 0.136 
   3   (0.049) 0.052 0.052 0.042 0.046 0.026 0.049 0.058 
   4   (0.073) 0.076 0.073 0.068 0.089 0.025 0.074 0.073 
   5   (0.036) 0.028 0.024 0.026 0.030 0.023 0.024 0.022 
   6   (0.131) 0.132 0.132 0.142 0.131 0.053 0.138 0.134 
   7   (0.039) 0.024 0.030 0.026 0.029 0.068 0.026 0.023 
   8   (0.081) 0.072 0.072 0.067 0.070 0.080 0.071 0.075 
   9   (0.011) 0.005 0.004 0.004 0.004 0.001 0.004 0.005 
  10   (0.009) 0.001 0.001 0.001 0.001 0.050 0.001 0.001 
  11   (0.008) 0.003 0.002 0.003 0.002 0.001 0.003 0.002 
  12   (0.008) 0.002 0.003 0.003 0.002 0.001 0.003 0.003 

Locus 3 : CPER26 
12 alleles
2.6% missing data
   1   (0.232) 0.233 0.234 0.242 0.231 0.130 0.235 0.236 
   2   (0.033) 0.025 0.022 0.021 0.033 0.151 0.021 0.019 
   3   (0.082) 0.081 0.082 0.077 0.092 0.007 0.078 0.068 
   4   (0.499) 0.579 0.582 0.576 0.568 0.055 0.585 0.593 
   5   (0.055) 0.044 0.042 0.044 0.038 0.304 0.043 0.048 
   6   (0.030) 0.014 0.015 0.016 0.014 0.315 0.015 0.015 
   7   (0.014) 0.006 0.006 0.006 0.006 0.001 0.006 0.005 
   8   (0.018) 0.009 0.007 0.008 0.008 0.023 0.007 0.007 
   9   (0.008) 0.002 0.002 0.002 0.002 0.004 0.002 0.002 
  10   (0.012) 0.003 0.003 0.003 0.003 0.010 0.003 0.003 
  11   (0.008) 0.003 0.002 0.002 0.003 0.001 0.002 0.002 
  12   (0.008) 0.002 0.002 0.003 0.003 0.001 0.002 0.002 

Locus 4 : CPER92 
12 alleles
6.8% missing data
   1   (0.621) 0.696 0.669 0.664 0.695 0.511 0.676 0.688 
   2   (0.108) 0.118 0.147 0.148 0.127 0.281 0.135 0.121 
   3   (0.090) 0.085 0.086 0.088 0.080 0.045 0.091 0.093 
   4   (0.015) 0.007 0.007 0.007 0.006 0.018 0.008 0.010 
   5   (0.040) 0.025 0.025 0.027 0.023 0.033 0.026 0.025 
   6   (0.036) 0.027 0.027 0.030 0.026 0.007 0.027 0.026 
   7   (0.019) 0.009 0.008 0.007 0.008 0.035 0.008 0.009 
   8   (0.012) 0.003 0.003 0.003 0.003 0.035 0.003 0.003 
   9   (0.021) 0.012 0.011 0.010 0.016 0.018 0.011 0.009 
  10   (0.017) 0.009 0.008 0.007 0.007 0.015 0.008 0.009 
  11   (0.013) 0.006 0.006 0.006 0.005 0.001 0.006 0.006 
  12   (0.008) 0.003 0.002 0.003 0.002 0.001 0.002 0.002 

Locus 5 : CPER99 
5 alleles
1.0% missing data
   1   (0.013) 0.003 0.003 0.003 0.003 0.347 0.003 0.003 
   2   (0.869) 0.932 0.929 0.933 0.932 0.081 0.928 0.927 
   3   (0.080) 0.053 0.056 0.052 0.053 0.478 0.057 0.059 
   4   (0.013) 0.003 0.003 0.003 0.003 0.030 0.003 0.003 
   5   (0.024) 0.009 0.009 0.009 0.009 0.065 0.009 0.009 

Locus 6 : CPER119 
22 alleles
5.5% missing data
   1   (0.009) 0.001 0.001 0.001 0.001 0.111 0.001 0.001 
   2   (0.080) 0.086 0.090 0.103 0.086 0.042 0.091 0.092 
   3   (0.037) 0.029 0.034 0.030 0.027 0.054 0.033 0.037 
   4   (0.008) 0.003 0.002 0.002 0.003 0.001 0.002 0.002 
   5   (0.161) 0.174 0.181 0.171 0.201 0.093 0.171 0.158 
   6   (0.069) 0.075 0.076 0.066 0.099 0.080 0.068 0.061 
   7   (0.070) 0.077 0.094 0.097 0.079 0.080 0.092 0.090 
   8   (0.083) 0.077 0.077 0.073 0.080 0.104 0.076 0.076 
   9   (0.115) 0.133 0.137 0.122 0.120 0.060 0.138 0.155 
  10   (0.060) 0.072 0.061 0.061 0.058 0.032 0.062 0.064 
  11   (0.021) 0.012 0.016 0.014 0.013 0.023 0.014 0.012 
  12   (0.087) 0.113 0.098 0.110 0.094 0.010 0.104 0.108 
  13   (0.016) 0.006 0.006 0.006 0.007 0.010 0.006 0.005 
  14   (0.024) 0.032 0.034 0.035 0.029 0.007 0.042 0.047 
  15   (0.027) 0.019 0.019 0.021 0.018 0.068 0.020 0.022 
  16   (0.023) 0.011 0.011 0.010 0.011 0.030 0.010 0.010 
  17   (0.024) 0.013 0.011 0.013 0.015 0.100 0.012 0.010 
  18   (0.017) 0.010 0.010 0.012 0.010 0.007 0.010 0.009 
  19   (0.011) 0.003 0.003 0.003 0.003 0.024 0.003 0.003 
  20   (0.035) 0.040 0.026 0.037 0.033 0.059 0.031 0.027 
  21   (0.013) 0.006 0.007 0.007 0.007 0.004 0.007 0.007 
  22   (0.010) 0.006 0.006 0.005 0.005 0.001 0.005 0.007 

Locus 7 : CPER188 
15 alleles
1.6% missing data
   1   (0.594) 0.670 0.675 0.675 0.682 0.822 0.672 0.669 
   2   (0.112) 0.104 0.098 0.102 0.105 0.090 0.102 0.100 
   3   (0.032) 0.023 0.028 0.025 0.024 0.002 0.026 0.024 
   4   (0.041) 0.031 0.032 0.033 0.031 0.003 0.032 0.031 
   5   (0.090) 0.115 0.107 0.108 0.097 0.006 0.111 0.124 
   6   (0.016) 0.007 0.006 0.007 0.006 0.008 0.006 0.006 
   7   (0.017) 0.009 0.012 0.011 0.010 0.006 0.011 0.010 
   8   (0.023) 0.012 0.013 0.012 0.015 0.007 0.012 0.010 
   9   (0.009) 0.001 0.001 0.001 0.001 0.041 0.001 0.001 
  10   (0.008) 0.001 0.001 0.001 0.001 0.010 0.001 0.001 
  11   (0.018) 0.010 0.013 0.011 0.012 0.001 0.011 0.010 
  12   (0.015) 0.008 0.007 0.007 0.007 0.001 0.007 0.007 
  13   (0.008) 0.002 0.002 0.002 0.002 0.003 0.002 0.002 
  14   (0.008) 0.003 0.003 0.002 0.002 0.001 0.003 0.003 
  15   (0.008) 0.003 0.002 0.002 0.002 0.001 0.002 0.003 

Values of parameters used in structure:
DATAFILE=../Data/microsats.structure,	OUTFILE=../Structure_Results/06_K_07.out,	NUMINDS=384,	NUMLOCI=7,	MISSING=-9,	LABEL=1,	POPDATA=0,	POPFLAG=0,	PHENOTYPE=0,	EXTRACOLS=0,	MAXPOPS=7,	BURNIN=1000000,	NUMREPS=10000000,	USEPOPINFO=0,	INFERALPHA=1,	INFERLAMBDA=0,	POPSPECIFICLAMBDA=0,	POPALPHAS=0,	COMPUTEPROB=1,	NOADMIX=0,	ADMBURNIN=500,	UPDATEFREQ=100,	PRINTLIKES=0,	INTERMEDSAVE=0,	PRINTKLD=0,	PRINTNET=1,	PRINTLAMBDA=1,	ANCESTDIST=0,	NUMBOXES=1000,	ANCESTPINT=0.90000,	GENSBACK=2,	MIGRPRIOR=0.01000,	PRINTQHAT=0,	PRINTQSUM=1,	ALPHA=1.0000,	FREQSCORR=1,	FPRIORMEAN=0.0100,	FPRIORSD=0.0500,	ONEFST=0,	LAMBDA=1.0000,	UNIFPRIORALPHA=1,	ALPHAMAX=10.0000,	ALPHAPRIORA=1.0000,	ALPHAPRIORB=2.0000,	ALPHAPROPSD=0.0250,	STARTATPOPINFO=0,	RANDOMIZE=0,	LINKAGE=0,	METROFREQ=10,	REPORTHITRATE=0,	MARKOVPHASE=-1,	PHASED=0,	PLOIDY=2,	PHASEINFO=0	LOCPRIOR=0, 	LOCPRIORINIT=1.000000, 	LOCDATA=0, 	LOCISPOP=0, 	LOCPRIORSTEP=0.100000, 	MAXLOCPRIOR=20.000000, 	SEED=51868165,	
[STRAT parameters]:    NUMSIMSTATS=1000,	PHENOTYPECOL=-9,	POOLFREQ=10,	LOCUSxONLY=0,	EMERROR=0.00100,	MISSINGPHENO=-9,	