

----------------------------------------------------
STRUCTURE by Pritchard, Stephens and Donnelly (2000)
     and Falush, Stephens and Pritchard (2003)
       Code by Pritchard, Falush and Hubisz
             Version 2.3.4 (Jul 2012)
----------------------------------------------------



Command line arguments:   /home/jason/Programs/structure -K 5 -i ../Data/microsats.structure -m Structure_Run/mainparams -e Structure_Run/extraparams -D 19467783 -o ../Structure_Results/06_K_05.out 
Input File:    ../Data/microsats.structure

Run parameters:
   384 individuals
   7 loci
   5 populations assumed
   1000000 Burn-in period
   10000000 Reps
RANDOMIZE turned off


--------------------------------------------
Overall proportion of membership of the
sample in each of the 5 clusters

Inferred Clusters
  1      2      3      4      5    
0.129  0.217  0.217  0.218  0.219  

--------------------------------------------

Allele-freq. divergence among pops (Net nucleotide distance),
computed using point estimates of P.

      1       2       3       4       5      
 1      -    0.1425  0.1431  0.1427  0.1416  
 2   0.1425     -    0.0002  0.0000  0.0001  
 3   0.1431  0.0002     -    0.0001  0.0003  
 4   0.1427  0.0000  0.0001     -    0.0001  
 5   0.1416  0.0001  0.0003  0.0001     -    

Average distances (expected heterozygosity) between individuals in same cluster:
cluster  1  : 0.6683 
cluster  2  : 0.6238 
cluster  3  : 0.6217 
cluster  4  : 0.6227 
cluster  5  : 0.6257 

--------------------------------------------
Estimated Ln Prob of Data   = -8815.3
Mean value of ln likelihood = -8219.9
Variance of ln likelihood   = 1190.9
Mean value of alpha         = 0.0429

Mean value of Fst_1         = 0.1351
Mean value of Fst_2         = 0.0388
Mean value of Fst_3         = 0.0429
Mean value of Fst_4         = 0.0394
Mean value of Fst_5         = 0.0368


Inferred ancestry of individuals:
        Label (%Miss) :  Inferred clusters
  1 COPE-0001    (0)   :  0.970 0.007 0.007 0.007 0.007 
  2 COPE-0002    (0)   :  0.011 0.232 0.248 0.230 0.279 
  3 COPE-0003    (0)   :  0.006 0.248 0.191 0.262 0.294 
  4 COPE-0004    (0)   :  0.017 0.242 0.235 0.230 0.276 
  5 COPE-0005    (0)   :  0.018 0.229 0.289 0.248 0.216 
  6 COPE-0006    (0)   :  0.019 0.247 0.234 0.244 0.255 
  7 COPE-0007    (0)   :  0.007 0.222 0.307 0.259 0.206 
  8 COPE-0008    (0)   :  0.008 0.240 0.303 0.236 0.213 
  9 COPE-0009    (0)   :  0.017 0.242 0.213 0.251 0.277 
 10 COPE-0010    (0)   :  0.007 0.271 0.204 0.245 0.273 
 11 COPE-0011   (14)   :  0.954 0.011 0.011 0.011 0.013 
 12 COPE-0012   (14)   :  0.007 0.264 0.270 0.234 0.225 
 13 COPE-0013    (0)   :  0.006 0.253 0.181 0.263 0.297 
 14 COPE-0014    (0)   :  0.012 0.225 0.269 0.269 0.225 
 15 COPE-0015    (0)   :  0.007 0.243 0.271 0.262 0.218 
 16 COPE-0016    (0)   :  0.010 0.227 0.272 0.252 0.240 
 17 COPE-0017    (0)   :  0.851 0.036 0.039 0.038 0.036 
 18 COPE-0018    (0)   :  0.008 0.255 0.232 0.245 0.261 
 19 COPE-0019    (0)   :  0.006 0.248 0.226 0.261 0.260 
 20 COPE-0020    (0)   :  0.008 0.262 0.220 0.250 0.260 
 21 COPE-0021    (0)   :  0.006 0.257 0.262 0.263 0.212 
 22 COPE-0022    (0)   :  0.007 0.239 0.273 0.239 0.242 
 23 COPE-0023    (0)   :  0.008 0.240 0.217 0.237 0.299 
 24 COPE-0024   (14)   :  0.006 0.235 0.298 0.247 0.214 
 25 COPE-0025    (0)   :  0.086 0.236 0.201 0.227 0.249 
 26 COPE-0026    (0)   :  0.005 0.220 0.315 0.255 0.205 
 27 COPE-0027    (0)   :  0.006 0.250 0.218 0.260 0.266 
 28 COPE-0028    (0)   :  0.006 0.260 0.248 0.246 0.240 
 29 COPE-0029    (0)   :  0.005 0.219 0.312 0.255 0.209 
 30 COPE-0030   (14)   :  0.847 0.037 0.039 0.037 0.040 
 31 COPE-0031    (0)   :  0.010 0.225 0.315 0.248 0.202 
 32 COPE-0032    (0)   :  0.009 0.246 0.212 0.243 0.290 
 33 COPE-0033    (0)   :  0.010 0.242 0.213 0.243 0.291 
 34 COPE-0034    (0)   :  0.010 0.223 0.313 0.250 0.205 
 35 COPE-0035   (14)   :  0.008 0.262 0.215 0.245 0.270 
 36 COPE-0036   (14)   :  0.006 0.268 0.231 0.243 0.252 
 37 COPE-0037    (0)   :  0.022 0.243 0.241 0.249 0.245 
 38 COPE-0038    (0)   :  0.006 0.229 0.306 0.253 0.206 
 39 COPE-0039    (0)   :  0.162 0.211 0.180 0.214 0.233 
 40 COPE-0040   (14)   :  0.103 0.222 0.198 0.231 0.246 
 41 COPE-0041    (0)   :  0.032 0.246 0.216 0.240 0.265 
 42 COPE-0042    (0)   :  0.010 0.253 0.196 0.259 0.282 
 43 COPE-0043    (0)   :  0.005 0.235 0.248 0.235 0.276 
 44 COPE-0044    (0)   :  0.019 0.243 0.227 0.235 0.276 
 45 COPE-0045    (0)   :  0.032 0.253 0.225 0.235 0.255 
 46 COPE-0046    (0)   :  0.887 0.028 0.027 0.029 0.029 
 47 COPE-0047    (0)   :  0.972 0.007 0.007 0.007 0.007 
 48 COPE-0048    (0)   :  0.007 0.257 0.192 0.257 0.287 
 49 COPE-0049    (0)   :  0.015 0.249 0.243 0.228 0.265 
 50 COPE-0050    (0)   :  0.007 0.248 0.192 0.260 0.294 
 51 COPE-0051    (0)   :  0.131 0.239 0.195 0.213 0.222 
 52 COPE-0052    (0)   :  0.011 0.222 0.297 0.267 0.204 
 53 COPE-0053    (0)   :  0.013 0.219 0.295 0.256 0.218 
 54 COPE-0054    (0)   :  0.005 0.274 0.263 0.246 0.212 
 55 COPE-0055    (0)   :  0.005 0.241 0.291 0.242 0.220 
 56 COPE-0056    (0)   :  0.017 0.255 0.222 0.241 0.264 
 57 COPE-0057    (0)   :  0.010 0.259 0.211 0.249 0.271 
 58 COPE-0058    (0)   :  0.009 0.262 0.232 0.232 0.264 
 59 COPE-0059    (0)   :  0.029 0.248 0.193 0.257 0.273 
 60 COPE-0060    (0)   :  0.007 0.230 0.240 0.240 0.282 
 61 COPE-0061    (0)   :  0.016 0.235 0.252 0.255 0.243 
 62 COPE-0062    (0)   :  0.011 0.256 0.262 0.264 0.208 
 63 COPE-0063    (0)   :  0.025 0.255 0.283 0.225 0.211 
 64 COPE-0064    (0)   :  0.010 0.227 0.269 0.259 0.235 
 65 COPE-0065    (0)   :  0.978 0.005 0.005 0.005 0.006 
 66 COPE-0066    (0)   :  0.014 0.264 0.182 0.253 0.287 
 67 COPE-0067   (14)   :  0.908 0.024 0.021 0.023 0.024 
 68 COPE-0068    (0)   :  0.010 0.250 0.184 0.263 0.293 
 69 COPE-0069   (14)   :  0.014 0.235 0.257 0.263 0.230 
 70 COPE-0070    (0)   :  0.013 0.247 0.263 0.226 0.252 
 71 COPE-0071    (0)   :  0.004 0.274 0.205 0.255 0.262 
 72 COPE-0072    (0)   :  0.007 0.235 0.213 0.246 0.299 
 73 COPE-0073   (14)   :  0.826 0.041 0.049 0.044 0.039 
 74 COPE-0074    (0)   :  0.008 0.256 0.208 0.249 0.279 
 75 COPE-0075    (0)   :  0.022 0.262 0.217 0.241 0.258 
 76 COPE-0076    (0)   :  0.006 0.262 0.246 0.247 0.239 
 77 COPE-0077   (14)   :  0.008 0.242 0.228 0.255 0.267 
 78 COPE-0078   (14)   :  0.008 0.237 0.301 0.239 0.216 
 79 COPE-0079    (0)   :  0.012 0.241 0.240 0.223 0.284 
 80 COPE-0080   (42)   :  0.914 0.022 0.020 0.022 0.022 
 81 COPE-0081   (14)   :  0.540 0.117 0.121 0.113 0.110 
 82 COPE-0082   (14)   :  0.040 0.272 0.242 0.222 0.224 
 83 COPE-0083   (14)   :  0.008 0.225 0.289 0.274 0.204 
 84 COPE-0084    (0)   :  0.332 0.152 0.185 0.168 0.163 
 85 COPE-0085    (0)   :  0.010 0.255 0.237 0.236 0.262 
 86 COPE-0086    (0)   :  0.023 0.255 0.232 0.237 0.254 
 87 COPE-0087   (14)   :  0.007 0.233 0.239 0.240 0.281 
 88 COPE-0088   (14)   :  0.025 0.231 0.259 0.236 0.249 
 89 COPE-0089   (14)   :  0.972 0.007 0.007 0.007 0.007 
 90 COPE-0090    (0)   :  0.007 0.241 0.294 0.240 0.218 
 91 COPE-0091   (14)   :  0.006 0.227 0.248 0.248 0.271 
 92 COPE-0092   (28)   :  0.895 0.027 0.023 0.026 0.029 
 93 COPE-0093    (0)   :  0.007 0.265 0.281 0.230 0.218 
 94 COPE-0094    (0)   :  0.051 0.229 0.230 0.216 0.274 
 95 COPE-0095    (0)   :  0.005 0.219 0.310 0.252 0.215 
 96 COPE-0096    (0)   :  0.008 0.231 0.288 0.261 0.212 
 97 COPE-0097    (0)   :  0.008 0.274 0.243 0.255 0.220 
 98 COPE-0098    (0)   :  0.008 0.224 0.319 0.248 0.201 
 99 COPE-0099    (0)   :  0.020 0.248 0.186 0.255 0.291 
100 COPE-0100    (0)   :  0.007 0.253 0.233 0.251 0.256 
101 COPE-0101    (0)   :  0.044 0.247 0.211 0.241 0.257 
102 COPE-0102    (0)   :  0.006 0.253 0.220 0.247 0.274 
103 COPE-0103    (0)   :  0.017 0.242 0.263 0.231 0.247 
104 COPE-0104   (14)   :  0.007 0.259 0.231 0.248 0.255 
105 COPE-0105    (0)   :  0.036 0.292 0.228 0.229 0.215 
106 COPE-0106    (0)   :  0.005 0.267 0.259 0.262 0.208 
107 COPE-0107    (0)   :  0.941 0.014 0.016 0.015 0.015 
108 COPE-0108    (0)   :  0.006 0.261 0.267 0.252 0.214 
109 COPE-0109    (0)   :  0.014 0.238 0.227 0.240 0.281 
110 COPE-0110   (14)   :  0.015 0.254 0.254 0.248 0.230 
111 COPE-0111    (0)   :  0.010 0.240 0.255 0.261 0.235 
112 COPE-0112   (14)   :  0.011 0.253 0.201 0.255 0.280 
113 COPE-0113    (0)   :  0.025 0.246 0.216 0.248 0.265 
114 COPE-0114    (0)   :  0.011 0.264 0.249 0.249 0.227 
115 COPE-0115    (0)   :  0.913 0.020 0.025 0.022 0.020 
116 COPE-0116   (28)   :  0.964 0.009 0.009 0.009 0.009 
117 COPE-0117    (0)   :  0.014 0.220 0.296 0.249 0.222 
118 COPE-0118    (0)   :  0.011 0.246 0.261 0.268 0.215 
119 COPE-0119    (0)   :  0.011 0.251 0.287 0.248 0.204 
120 COPE-0120    (0)   :  0.011 0.241 0.211 0.249 0.287 
121 COPE-0121    (0)   :  0.061 0.234 0.239 0.250 0.216 
122 COPE-0122    (0)   :  0.007 0.239 0.223 0.235 0.296 
123 COPE-0123    (0)   :  0.014 0.241 0.218 0.237 0.291 
124 COPE-0124    (0)   :  0.013 0.243 0.227 0.237 0.280 
125 COPE-0125    (0)   :  0.007 0.286 0.232 0.244 0.231 
126 COPE-0126    (0)   :  0.015 0.216 0.314 0.254 0.201 
127 COPE-0127   (14)   :  0.007 0.285 0.244 0.239 0.224 
128 COPE-0128    (0)   :  0.021 0.254 0.220 0.244 0.261 
129 COPE-0129    (0)   :  0.007 0.254 0.228 0.232 0.279 
130 COPE-0130    (0)   :  0.012 0.247 0.207 0.259 0.275 
131 COPE-0131   (14)   :  0.011 0.240 0.253 0.265 0.231 
132 COPE-0132   (14)   :  0.032 0.221 0.300 0.249 0.197 
133 COPE-0133    (0)   :  0.013 0.220 0.275 0.244 0.248 
134 COPE-0134    (0)   :  0.007 0.246 0.224 0.238 0.285 
135 COPE-0135    (0)   :  0.009 0.261 0.219 0.243 0.269 
136 COPE-0136    (0)   :  0.955 0.011 0.011 0.011 0.012 
137 COPE-0137    (0)   :  0.012 0.252 0.191 0.255 0.289 
138 COPE-0138   (14)   :  0.971 0.007 0.007 0.007 0.007 
139 COPE-0139    (0)   :  0.008 0.252 0.198 0.258 0.284 
140 COPE-0140   (14)   :  0.919 0.020 0.018 0.021 0.022 
141 COPE-0141    (0)   :  0.009 0.265 0.267 0.227 0.231 
142 COPE-0142    (0)   :  0.008 0.263 0.263 0.238 0.228 
143 COPE-0143    (0)   :  0.008 0.234 0.285 0.236 0.237 
144 COPE-0144   (14)   :  0.524 0.118 0.112 0.115 0.131 
145 COPE-0145   (14)   :  0.419 0.139 0.124 0.142 0.175 
146 COPE-0146   (14)   :  0.029 0.248 0.267 0.241 0.214 
147 COPE-0147    (0)   :  0.072 0.221 0.230 0.222 0.255 
148 COPE-0148    (0)   :  0.011 0.217 0.303 0.243 0.226 
149 COPE-0149    (0)   :  0.007 0.246 0.207 0.255 0.285 
150 COPE-0150    (0)   :  0.012 0.254 0.189 0.254 0.291 
151 COPE-0151    (0)   :  0.007 0.247 0.249 0.252 0.245 
152 COPE-0152   (14)   :  0.120 0.220 0.249 0.209 0.202 
153 COPE-0153    (0)   :  0.006 0.234 0.273 0.249 0.238 
154 COPE-0154    (0)   :  0.006 0.259 0.238 0.254 0.243 
155 COPE-0155    (0)   :  0.006 0.257 0.212 0.253 0.272 
156 COPE-0156   (14)   :  0.968 0.008 0.008 0.008 0.008 
157 COPE-0157   (14)   :  0.369 0.155 0.180 0.145 0.150 
158 COPE-0158    (0)   :  0.009 0.229 0.249 0.259 0.253 
159 COPE-0159    (0)   :  0.007 0.219 0.307 0.251 0.216 
160 COPE-0160    (0)   :  0.006 0.265 0.251 0.225 0.253 
161 COPE-0161    (0)   :  0.011 0.246 0.213 0.245 0.284 
162 COPE-0162   (14)   :  0.974 0.006 0.007 0.007 0.006 
163 COPE-0163   (28)   :  0.951 0.012 0.012 0.012 0.012 
164 COPE-0164    (0)   :  0.039 0.244 0.237 0.238 0.241 
165 COPE-0165    (0)   :  0.008 0.249 0.203 0.255 0.286 
166 COPE-0166   (14)   :  0.008 0.241 0.236 0.233 0.282 
167 COPE-0167    (0)   :  0.007 0.250 0.264 0.228 0.251 
168 COPE-0168    (0)   :  0.006 0.222 0.298 0.255 0.219 
169 COPE-0169    (0)   :  0.015 0.244 0.195 0.262 0.283 
170 COPE-0170    (0)   :  0.043 0.235 0.266 0.239 0.217 
171 COPE-0171    (0)   :  0.009 0.232 0.281 0.261 0.217 
172 COPE-0172    (0)   :  0.006 0.255 0.264 0.245 0.230 
173 COPE-0173   (14)   :  0.068 0.230 0.181 0.243 0.278 
174 COPE-0174   (28)   :  0.024 0.241 0.244 0.233 0.258 
175 COPE-0175    (0)   :  0.038 0.223 0.278 0.227 0.234 
176 COPE-0176    (0)   :  0.010 0.264 0.274 0.234 0.219 
177 COPE-0177    (0)   :  0.007 0.252 0.213 0.255 0.273 
178 COPE-0178    (0)   :  0.008 0.282 0.239 0.250 0.221 
179 COPE-0179    (0)   :  0.008 0.258 0.210 0.249 0.275 
180 COPE-0180   (14)   :  0.006 0.250 0.189 0.258 0.298 
181 COPE-0181   (14)   :  0.010 0.254 0.193 0.256 0.288 
182 COPE-0182    (0)   :  0.005 0.247 0.307 0.239 0.202 
183 COPE-0183    (0)   :  0.011 0.257 0.241 0.244 0.247 
184 COPE-0184    (0)   :  0.009 0.238 0.286 0.251 0.216 
185 COPE-0185    (0)   :  0.007 0.230 0.285 0.260 0.218 
186 COPE-0186    (0)   :  0.006 0.246 0.271 0.271 0.207 
187 COPE-0187    (0)   :  0.010 0.285 0.227 0.236 0.242 
188 COPE-0188    (0)   :  0.936 0.016 0.015 0.016 0.017 
189 COPE-0189    (0)   :  0.010 0.250 0.199 0.257 0.283 
190 COPE-0190    (0)   :  0.015 0.251 0.222 0.236 0.276 
191 COPE-0191    (0)   :  0.012 0.243 0.238 0.251 0.256 
192 COPE-0192   (14)   :  0.964 0.009 0.010 0.009 0.009 
193 COPE-0193    (0)   :  0.007 0.238 0.279 0.248 0.229 
194 COPE-0194    (0)   :  0.011 0.264 0.199 0.254 0.271 
195 COPE-0195    (0)   :  0.007 0.255 0.226 0.242 0.269 
196 COPE-0196    (0)   :  0.010 0.247 0.236 0.246 0.262 
197 COPE-0197    (0)   :  0.007 0.248 0.193 0.259 0.294 
198 COPE-0198    (0)   :  0.012 0.234 0.271 0.258 0.225 
199 COPE-0199    (0)   :  0.012 0.252 0.199 0.261 0.276 
200 COPE-0200   (42)   :  0.010 0.249 0.193 0.261 0.287 
201 COPE-0201    (0)   :  0.008 0.259 0.283 0.241 0.209 
202 COPE-0202    (0)   :  0.017 0.228 0.278 0.236 0.241 
203 COPE-0203    (0)   :  0.006 0.240 0.266 0.249 0.238 
204 COPE-0204    (0)   :  0.043 0.284 0.219 0.234 0.220 
205 COPE-0205    (0)   :  0.021 0.227 0.281 0.240 0.230 
206 COPE-0206    (0)   :  0.005 0.259 0.246 0.263 0.227 
207 COPE-0207    (0)   :  0.010 0.237 0.288 0.263 0.203 
208 COPE-0208    (0)   :  0.912 0.022 0.022 0.022 0.022 
209 COPE-0209    (0)   :  0.007 0.254 0.200 0.260 0.279 
210 COPE-0210    (0)   :  0.010 0.230 0.249 0.265 0.247 
211 COPE-0211    (0)   :  0.005 0.258 0.191 0.257 0.289 
212 COPE-0212    (0)   :  0.011 0.224 0.302 0.257 0.207 
213 COPE-0213    (0)   :  0.007 0.264 0.233 0.248 0.248 
214 COPE-0214    (0)   :  0.009 0.248 0.191 0.261 0.290 
215 COPE-0215    (0)   :  0.034 0.243 0.179 0.252 0.292 
216 COPE-0216   (14)   :  0.597 0.097 0.101 0.099 0.106 
217 COPE-0217    (0)   :  0.028 0.247 0.263 0.253 0.210 
218 COPE-0218    (0)   :  0.009 0.234 0.265 0.253 0.239 
219 COPE-0219   (14)   :  0.009 0.245 0.206 0.261 0.280 
220 COPE-0220    (0)   :  0.014 0.269 0.240 0.249 0.227 
221 COPE-0221    (0)   :  0.018 0.235 0.276 0.243 0.228 
222 COPE-0222    (0)   :  0.006 0.215 0.326 0.252 0.200 
223 COPE-0223    (0)   :  0.008 0.249 0.200 0.249 0.294 
224 COPE-0224    (0)   :  0.024 0.241 0.260 0.214 0.262 
225 COPE-0225    (0)   :  0.018 0.247 0.190 0.261 0.284 
226 COPE-0226    (0)   :  0.009 0.243 0.265 0.241 0.242 
227 COPE-0227    (0)   :  0.006 0.233 0.265 0.268 0.227 
228 COPE-0228    (0)   :  0.033 0.255 0.230 0.242 0.240 
229 COPE-0229    (0)   :  0.008 0.246 0.235 0.250 0.262 
230 COPE-0230    (0)   :  0.009 0.281 0.239 0.240 0.231 
231 COPE-0231    (0)   :  0.006 0.255 0.206 0.259 0.275 
232 COPE-0232    (0)   :  0.014 0.256 0.230 0.231 0.268 
233 COPE-0233    (0)   :  0.005 0.227 0.311 0.249 0.208 
234 COPE-0234    (0)   :  0.008 0.239 0.237 0.232 0.284 
235 COPE-0235    (0)   :  0.005 0.248 0.222 0.236 0.289 
236 COPE-0236    (0)   :  0.005 0.284 0.238 0.247 0.226 
237 COPE-0237    (0)   :  0.006 0.222 0.297 0.259 0.216 
238 COPE-0238    (0)   :  0.007 0.252 0.195 0.260 0.286 
239 COPE-0239    (0)   :  0.035 0.234 0.248 0.221 0.262 
240 COPE-0240    (0)   :  0.008 0.223 0.299 0.258 0.212 
241 COPE-0241    (0)   :  0.007 0.253 0.180 0.262 0.298 
242 COPE-0242    (0)   :  0.007 0.252 0.271 0.253 0.217 
243 COPE-0243    (0)   :  0.008 0.268 0.218 0.244 0.263 
244 COPE-0244    (0)   :  0.009 0.255 0.222 0.242 0.272 
245 COPE-0245    (0)   :  0.015 0.258 0.242 0.239 0.246 
246 COPE-0246    (0)   :  0.013 0.246 0.244 0.231 0.266 
247 COPE-0247    (0)   :  0.018 0.237 0.235 0.256 0.254 
248 COPE-0248    (0)   :  0.005 0.249 0.280 0.246 0.221 
249 COPE-0249    (0)   :  0.040 0.239 0.224 0.227 0.270 
250 COPE-0250    (0)   :  0.018 0.238 0.241 0.230 0.272 
251 COPE-0251   (14)   :  0.893 0.024 0.031 0.027 0.024 
252 COPE-0252    (0)   :  0.012 0.242 0.238 0.228 0.280 
253 COPE-0253    (0)   :  0.008 0.250 0.270 0.242 0.230 
254 COPE-0254    (0)   :  0.011 0.298 0.237 0.232 0.222 
255 COPE-0255    (0)   :  0.024 0.254 0.244 0.243 0.236 
256 COPE-0256    (0)   :  0.011 0.227 0.288 0.257 0.217 
257 COPE-0257    (0)   :  0.009 0.236 0.256 0.266 0.232 
258 COPE-0258    (0)   :  0.028 0.243 0.244 0.256 0.229 
259 COPE-0259    (0)   :  0.007 0.255 0.237 0.253 0.248 
260 COPE-0260    (0)   :  0.028 0.250 0.200 0.251 0.272 
261 COPE-0261    (0)   :  0.006 0.298 0.232 0.241 0.222 
262 COPE-0262    (0)   :  0.032 0.255 0.227 0.235 0.251 
263 COPE-0263    (0)   :  0.009 0.217 0.303 0.262 0.209 
264 COPE-0264    (0)   :  0.025 0.241 0.237 0.255 0.241 
265 COPE-0265    (0)   :  0.010 0.251 0.281 0.240 0.218 
266 COPE-0266    (0)   :  0.018 0.265 0.232 0.240 0.246 
267 COPE-0267    (0)   :  0.006 0.225 0.318 0.244 0.206 
268 COPE-0268    (0)   :  0.012 0.217 0.321 0.251 0.199 
269 COPE-0269    (0)   :  0.007 0.233 0.252 0.238 0.269 
270 COPE-0270    (0)   :  0.008 0.256 0.184 0.257 0.295 
271 COPE-0271    (0)   :  0.008 0.235 0.213 0.243 0.301 
272 COPE-0272    (0)   :  0.007 0.266 0.251 0.234 0.241 
273 COPE-0273    (0)   :  0.013 0.238 0.305 0.245 0.199 
274 COPE-0274   (14)   :  0.938 0.016 0.014 0.016 0.016 
275 COPE-0275    (0)   :  0.011 0.242 0.205 0.250 0.292 
276 COPE-0276   (14)   :  0.977 0.006 0.006 0.006 0.006 
277 COPE-0277   (14)   :  0.016 0.239 0.267 0.258 0.220 
278 COPE-0278    (0)   :  0.007 0.262 0.268 0.255 0.209 
279 COPE-0279    (0)   :  0.008 0.256 0.238 0.239 0.259 
280 COPE-0280    (0)   :  0.951 0.012 0.012 0.012 0.013 
281 COPE-0281    (0)   :  0.906 0.024 0.020 0.024 0.025 
282 COPE-0282   (14)   :  0.007 0.242 0.257 0.219 0.274 
283 COPE-0283    (0)   :  0.008 0.247 0.270 0.257 0.218 
284 COPE-0284   (14)   :  0.034 0.242 0.185 0.248 0.291 
285 COPE-0285    (0)   :  0.876 0.031 0.031 0.031 0.030 
286 COPE-0286    (0)   :  0.012 0.247 0.199 0.252 0.290 
287 COPE-0287    (0)   :  0.050 0.203 0.311 0.246 0.191 
288 COPE-0288    (0)   :  0.010 0.236 0.283 0.242 0.229 
289 COPE-0289    (0)   :  0.008 0.244 0.279 0.247 0.222 
290 COPE-0290    (0)   :  0.008 0.257 0.180 0.260 0.296 
291 COPE-0291    (0)   :  0.006 0.253 0.211 0.260 0.269 
292 COPE-0292   (42)   :  0.947 0.014 0.013 0.013 0.014 
293 COPE-0293    (0)   :  0.008 0.276 0.267 0.235 0.214 
294 COPE-0294    (0)   :  0.011 0.251 0.224 0.240 0.274 
295 COPE-0295    (0)   :  0.008 0.255 0.277 0.236 0.224 
296 COPE-0296   (14)   :  0.007 0.241 0.270 0.247 0.235 
297 COPE-0297   (14)   :  0.040 0.245 0.177 0.253 0.286 
298 COPE-0298    (0)   :  0.012 0.263 0.240 0.228 0.258 
299 COPE-0299    (0)   :  0.006 0.277 0.228 0.248 0.241 
300 COPE-0300   (14)   :  0.007 0.219 0.309 0.254 0.211 
301 COPE-0301   (14)   :  0.012 0.255 0.289 0.231 0.213 
302 COPE-0302    (0)   :  0.326 0.153 0.202 0.177 0.142 
303 COPE-0303    (0)   :  0.006 0.280 0.230 0.242 0.241 
304 COPE-0304    (0)   :  0.007 0.257 0.261 0.236 0.239 
305 COPE-0305   (14)   :  0.049 0.227 0.238 0.228 0.258 
306 COPE-0306    (0)   :  0.011 0.268 0.251 0.259 0.212 
307 COPE-0307   (28)   :  0.970 0.008 0.008 0.008 0.007 
308 COPE-0308    (0)   :  0.006 0.249 0.263 0.216 0.266 
309 COPE-0309   (14)   :  0.730 0.066 0.065 0.068 0.071 
310 COPE-0310   (28)   :  0.870 0.031 0.035 0.034 0.029 
311 COPE-0311    (0)   :  0.022 0.230 0.275 0.255 0.218 
312 COPE-0312   (28)   :  0.959 0.011 0.010 0.010 0.010 
313 COPE-0313    (0)   :  0.009 0.263 0.250 0.258 0.221 
314 COPE-0314    (0)   :  0.008 0.232 0.301 0.248 0.211 
315 COPE-0315    (0)   :  0.008 0.249 0.242 0.254 0.247 
316 COPE-0316    (0)   :  0.020 0.259 0.199 0.248 0.274 
317 COPE-0317   (14)   :  0.969 0.008 0.008 0.008 0.008 
318 COPE-0318    (0)   :  0.005 0.263 0.214 0.250 0.268 
319 COPE-0319    (0)   :  0.007 0.233 0.252 0.234 0.274 
320 COPE-0320   (14)   :  0.015 0.249 0.253 0.231 0.252 
321 COPE-0321   (14)   :  0.011 0.245 0.267 0.262 0.215 
322 COPE-0322   (14)   :  0.006 0.257 0.199 0.248 0.289 
323 COPE-0323    (0)   :  0.017 0.223 0.290 0.270 0.200 
324 COPE-0324    (0)   :  0.007 0.250 0.202 0.266 0.275 
325 COPE-0325   (14)   :  0.014 0.221 0.283 0.263 0.219 
326 COPE-0326    (0)   :  0.007 0.266 0.278 0.226 0.222 
327 COPE-0327   (14)   :  0.011 0.247 0.256 0.244 0.242 
328 COPE-0328    (0)   :  0.005 0.266 0.215 0.248 0.265 
329 COPE-0329   (28)   :  0.013 0.253 0.222 0.257 0.255 
330 COPE-0330    (0)   :  0.021 0.236 0.279 0.242 0.222 
331 COPE-0331    (0)   :  0.006 0.249 0.296 0.235 0.215 
332 COPE-0332   (14)   :  0.007 0.267 0.235 0.242 0.249 
333 COPE-0333    (0)   :  0.130 0.216 0.235 0.213 0.206 
334 COPE-0334   (28)   :  0.798 0.049 0.056 0.052 0.046 
335 COPE-0335    (0)   :  0.007 0.249 0.189 0.264 0.291 
336 COPE-0336    (0)   :  0.006 0.245 0.232 0.252 0.265 
337 COPE-0337   (28)   :  0.926 0.019 0.017 0.019 0.020 
338 COPE-0338    (0)   :  0.021 0.222 0.295 0.256 0.206 
339 COPE-0339    (0)   :  0.007 0.214 0.318 0.258 0.205 
340 COPE-0340   (14)   :  0.957 0.011 0.010 0.011 0.011 
341 COPE-0341    (0)   :  0.007 0.236 0.256 0.229 0.272 
342 COPE-0342    (0)   :  0.008 0.247 0.184 0.262 0.299 
343 COPE-0343    (0)   :  0.006 0.276 0.263 0.242 0.213 
344 COPE-0344   (14)   :  0.965 0.009 0.009 0.009 0.009 
345 COPE-0345    (0)   :  0.007 0.235 0.260 0.228 0.270 
346 COPE-0346    (0)   :  0.034 0.229 0.229 0.238 0.269 
347 COPE-0347    (0)   :  0.007 0.280 0.232 0.244 0.237 
348 COPE-0348    (0)   :  0.015 0.264 0.232 0.249 0.240 
349 COPE-0349    (0)   :  0.006 0.241 0.191 0.254 0.308 
350 COPE-0350    (0)   :  0.006 0.261 0.199 0.248 0.285 
351 COPE-0351    (0)   :  0.006 0.272 0.212 0.249 0.261 
352 COPE-0352    (0)   :  0.027 0.259 0.206 0.245 0.263 
353 COPE-0353    (0)   :  0.006 0.245 0.233 0.259 0.258 
354 COPE-0354    (0)   :  0.016 0.257 0.259 0.247 0.221 
355 COPE-0355    (0)   :  0.007 0.218 0.295 0.253 0.228 
356 COPE-0356    (0)   :  0.007 0.298 0.242 0.228 0.224 
357 COPE-0357    (0)   :  0.009 0.239 0.217 0.259 0.277 
358 COPE-0358    (0)   :  0.972 0.007 0.007 0.007 0.007 
359 COPE-0359   (14)   :  0.009 0.250 0.237 0.236 0.269 
360 COPE-0360    (0)   :  0.007 0.250 0.255 0.267 0.221 
361 COPE-0361    (0)   :  0.008 0.253 0.224 0.234 0.282 
362 COPE-0362    (0)   :  0.007 0.251 0.187 0.261 0.294 
363 COPE-0363   (14)   :  0.015 0.239 0.236 0.235 0.276 
364 COPE-0364    (0)   :  0.006 0.236 0.280 0.255 0.224 
365 COPE-0365    (0)   :  0.027 0.209 0.315 0.258 0.192 
366 COPE-0366    (0)   :  0.021 0.254 0.179 0.255 0.291 
367 COPE-0367   (14)   :  0.963 0.009 0.010 0.009 0.009 
368 COPE-0368    (0)   :  0.009 0.215 0.320 0.253 0.204 
369 COPE-0369    (0)   :  0.009 0.234 0.259 0.252 0.246 
370 COPE-0370   (28)   :  0.969 0.008 0.008 0.008 0.008 
371 COPE-0371    (0)   :  0.012 0.226 0.301 0.258 0.203 
372 COPE-0372    (0)   :  0.046 0.233 0.250 0.253 0.218 
373 COPE-0373   (14)   :  0.007 0.255 0.286 0.230 0.222 
374 COPE-0374    (0)   :  0.008 0.234 0.294 0.237 0.227 
375 COPE-0375   (14)   :  0.014 0.221 0.290 0.253 0.223 
376 COPE-0376   (14)   :  0.006 0.295 0.229 0.240 0.230 
377 COPE-0377    (0)   :  0.708 0.076 0.069 0.071 0.076 
378 COPE-0378    (0)   :  0.007 0.238 0.257 0.262 0.236 
379 COPE-0379    (0)   :  0.008 0.254 0.183 0.260 0.295 
380 COPE-0380   (28)   :  0.871 0.036 0.031 0.032 0.030 
381 COPE-0381    (0)   :  0.015 0.249 0.246 0.240 0.250 
382 COPE-0382    (0)   :  0.006 0.254 0.188 0.264 0.288 
383 COPE-0383    (0)   :  0.182 0.180 0.255 0.217 0.167 
384 COPE-0384    (0)   :  0.008 0.235 0.280 0.265 0.212 


Estimated Allele Frequencies in each cluster
First column gives estimated ancestral frequencies


Locus 1 : COPE5 
78 alleles
0.5% missing data
   1   (0.007) 0.625 0.001 0.001 0.001 0.001 
   2   (0.023) 0.027 0.022 0.023 0.022 0.024 
   3   (0.013) 0.002 0.013 0.014 0.013 0.016 
   4   (0.022) 0.002 0.025 0.023 0.025 0.028 
   5   (0.011) 0.001 0.010 0.009 0.010 0.011 
   6   (0.019) 0.008 0.018 0.015 0.018 0.020 
   7   (0.008) 0.001 0.003 0.003 0.003 0.004 
   8   (0.035) 0.003 0.088 0.099 0.088 0.080 
   9   (0.019) 0.002 0.023 0.021 0.022 0.025 
  10   (0.019) 0.001 0.020 0.021 0.021 0.020 
  11   (0.015) 0.020 0.013 0.017 0.015 0.013 
  12   (0.017) 0.001 0.024 0.025 0.023 0.022 
  13   (0.010) 0.002 0.011 0.012 0.010 0.010 
  14   (0.022) 0.002 0.027 0.029 0.027 0.027 
  15   (0.018) 0.001 0.030 0.037 0.034 0.030 
  16   (0.010) 0.001 0.007 0.005 0.006 0.007 
  17   (0.017) 0.001 0.015 0.013 0.015 0.016 
  18   (0.018) 0.009 0.014 0.012 0.014 0.015 
  19   (0.011) 0.001 0.010 0.008 0.010 0.011 
  20   (0.027) 0.002 0.051 0.061 0.054 0.046 
  21   (0.021) 0.002 0.022 0.020 0.022 0.022 
  22   (0.019) 0.010 0.015 0.014 0.015 0.016 
  23   (0.012) 0.001 0.012 0.011 0.012 0.012 
  24   (0.016) 0.001 0.020 0.019 0.020 0.018 
  25   (0.010) 0.001 0.008 0.008 0.007 0.008 
  26   (0.013) 0.001 0.009 0.008 0.009 0.010 
  27   (0.012) 0.001 0.010 0.008 0.010 0.012 
  28   (0.009) 0.021 0.002 0.002 0.002 0.003 
  29   (0.014) 0.001 0.012 0.011 0.012 0.012 
  30   (0.019) 0.005 0.019 0.021 0.020 0.020 
  31   (0.019) 0.001 0.019 0.019 0.020 0.019 
  32   (0.025) 0.002 0.039 0.038 0.040 0.040 
  33   (0.006) 0.000 0.002 0.002 0.002 0.002 
  34   (0.016) 0.001 0.019 0.023 0.019 0.017 
  35   (0.006) 0.050 0.001 0.001 0.001 0.001 
  36   (0.006) 0.000 0.002 0.002 0.002 0.002 
  37   (0.020) 0.025 0.023 0.027 0.025 0.021 
  38   (0.015) 0.010 0.013 0.011 0.012 0.013 
  39   (0.015) 0.001 0.020 0.017 0.018 0.019 
  40   (0.011) 0.001 0.010 0.008 0.010 0.011 
  41   (0.009) 0.001 0.005 0.004 0.005 0.005 
  42   (0.006) 0.001 0.002 0.002 0.002 0.002 
  43   (0.008) 0.001 0.005 0.004 0.005 0.005 
  44   (0.022) 0.002 0.028 0.027 0.026 0.028 
  45   (0.006) 0.001 0.002 0.002 0.002 0.002 
  46   (0.015) 0.001 0.018 0.020 0.018 0.016 
  47   (0.010) 0.001 0.007 0.007 0.006 0.007 
  48   (0.006) 0.001 0.002 0.002 0.002 0.002 
  49   (0.015) 0.001 0.015 0.016 0.015 0.017 
  50   (0.013) 0.002 0.011 0.010 0.011 0.014 
  51   (0.014) 0.021 0.012 0.014 0.013 0.011 
  52   (0.013) 0.001 0.013 0.014 0.012 0.011 
  53   (0.007) 0.030 0.001 0.001 0.001 0.001 
  54   (0.006) 0.071 0.001 0.001 0.001 0.001 
  55   (0.011) 0.001 0.008 0.007 0.008 0.008 
  56   (0.010) 0.001 0.011 0.011 0.011 0.010 
  57   (0.013) 0.001 0.012 0.009 0.012 0.013 
  58   (0.009) 0.001 0.006 0.005 0.006 0.007 
  59   (0.011) 0.001 0.012 0.012 0.011 0.013 
  60   (0.010) 0.001 0.008 0.009 0.008 0.007 
  61   (0.006) 0.000 0.002 0.002 0.002 0.002 
  62   (0.013) 0.001 0.012 0.011 0.012 0.012 
  63   (0.010) 0.001 0.019 0.015 0.015 0.014 
  64   (0.009) 0.001 0.005 0.005 0.005 0.005 
  65   (0.019) 0.001 0.021 0.019 0.021 0.021 
  66   (0.009) 0.001 0.010 0.009 0.009 0.009 
  67   (0.010) 0.001 0.007 0.005 0.006 0.007 
  68   (0.012) 0.001 0.011 0.009 0.012 0.013 
  69   (0.006) 0.000 0.002 0.002 0.002 0.002 
  70   (0.006) 0.000 0.002 0.002 0.002 0.002 
  71   (0.010) 0.001 0.007 0.006 0.006 0.007 
  72   (0.006) 0.000 0.002 0.002 0.002 0.002 
  73   (0.006) 0.001 0.002 0.002 0.002 0.002 
  74   (0.006) 0.000 0.002 0.002 0.002 0.002 
  75   (0.009) 0.001 0.005 0.004 0.005 0.006 
  76   (0.006) 0.000 0.002 0.002 0.002 0.002 
  77   (0.008) 0.001 0.004 0.003 0.004 0.004 
  78   (0.006) 0.001 0.002 0.002 0.002 0.002 

Locus 2 : COPE9 
12 alleles
8.3% missing data
   1   (0.414) 0.406 0.470 0.479 0.470 0.461 
   2   (0.139) 0.254 0.137 0.134 0.134 0.143 
   3   (0.050) 0.032 0.051 0.050 0.050 0.046 
   4   (0.076) 0.029 0.074 0.072 0.078 0.079 
   5   (0.036) 0.025 0.027 0.023 0.025 0.026 
   6   (0.129) 0.057 0.132 0.139 0.134 0.134 
   7   (0.039) 0.064 0.026 0.024 0.026 0.030 
   8   (0.081) 0.085 0.071 0.069 0.071 0.071 
   9   (0.010) 0.001 0.005 0.004 0.004 0.004 
  10   (0.009) 0.046 0.001 0.001 0.001 0.001 
  11   (0.008) 0.001 0.003 0.003 0.003 0.003 
  12   (0.008) 0.001 0.003 0.003 0.003 0.003 

Locus 3 : CPER26 
12 alleles
2.6% missing data
   1   (0.230) 0.146 0.230 0.236 0.233 0.233 
   2   (0.036) 0.145 0.024 0.020 0.025 0.026 
   3   (0.084) 0.009 0.081 0.071 0.080 0.089 
   4   (0.496) 0.067 0.585 0.590 0.580 0.573 
   5   (0.055) 0.291 0.042 0.046 0.044 0.040 
   6   (0.030) 0.301 0.014 0.016 0.015 0.015 
   7   (0.013) 0.001 0.006 0.005 0.006 0.006 
   8   (0.019) 0.023 0.008 0.007 0.008 0.008 
   9   (0.008) 0.006 0.002 0.002 0.002 0.002 
  10   (0.012) 0.011 0.003 0.003 0.003 0.003 
  11   (0.008) 0.001 0.002 0.002 0.002 0.003 
  12   (0.008) 0.001 0.002 0.002 0.002 0.003 

Locus 4 : CPER92 
12 alleles
6.8% missing data
   1   (0.616) 0.516 0.677 0.672 0.688 0.685 
   2   (0.122) 0.271 0.138 0.137 0.127 0.135 
   3   (0.083) 0.046 0.085 0.094 0.087 0.082 
   4   (0.015) 0.020 0.007 0.008 0.008 0.007 
   5   (0.038) 0.034 0.025 0.025 0.024 0.025 
   6   (0.035) 0.009 0.028 0.027 0.027 0.026 
   7   (0.019) 0.034 0.008 0.007 0.008 0.008 
   8   (0.012) 0.033 0.003 0.003 0.003 0.003 
   9   (0.022) 0.019 0.012 0.010 0.012 0.013 
  10   (0.017) 0.017 0.008 0.008 0.008 0.007 
  11   (0.013) 0.001 0.006 0.006 0.006 0.006 
  12   (0.008) 0.001 0.002 0.002 0.002 0.003 

Locus 5 : CPER99 
5 alleles
1.0% missing data
   1   (0.013) 0.336 0.003 0.002 0.003 0.003 
   2   (0.872) 0.100 0.932 0.932 0.932 0.932 
   3   (0.079) 0.473 0.053 0.054 0.053 0.053 
   4   (0.013) 0.029 0.003 0.003 0.003 0.003 
   5   (0.023) 0.063 0.009 0.009 0.009 0.009 

Locus 6 : CPER119 
22 alleles
5.5% missing data
   1   (0.009) 0.101 0.001 0.001 0.001 0.001 
   2   (0.079) 0.048 0.087 0.096 0.090 0.087 
   3   (0.035) 0.050 0.030 0.035 0.032 0.030 
   4   (0.008) 0.001 0.002 0.002 0.003 0.003 
   5   (0.159) 0.096 0.181 0.164 0.173 0.183 
   6   (0.073) 0.081 0.073 0.064 0.076 0.083 
   7   (0.070) 0.079 0.082 0.101 0.087 0.084 
   8   (0.080) 0.098 0.079 0.076 0.076 0.076 
   9   (0.117) 0.073 0.131 0.134 0.135 0.132 
  10   (0.061) 0.035 0.069 0.059 0.063 0.062 
  11   (0.022) 0.023 0.013 0.012 0.013 0.015 
  12   (0.081) 0.011 0.109 0.109 0.105 0.099 
  13   (0.015) 0.011 0.006 0.006 0.006 0.007 
  14   (0.029) 0.012 0.033 0.045 0.038 0.034 
  15   (0.025) 0.062 0.019 0.023 0.020 0.018 
  16   (0.022) 0.028 0.011 0.010 0.010 0.011 
  17   (0.023) 0.090 0.013 0.011 0.013 0.014 
  18   (0.016) 0.008 0.010 0.009 0.009 0.010 
  19   (0.011) 0.025 0.003 0.002 0.003 0.003 
  20   (0.041) 0.062 0.035 0.028 0.034 0.037 
  21   (0.012) 0.006 0.007 0.007 0.006 0.007 
  22   (0.010) 0.001 0.006 0.005 0.006 0.005 

Locus 7 : CPER188 
15 alleles
1.6% missing data
   1   (0.603) 0.819 0.673 0.676 0.673 0.671 
   2   (0.110) 0.091 0.101 0.099 0.103 0.105 
   3   (0.031) 0.002 0.025 0.026 0.024 0.026 
   4   (0.039) 0.003 0.032 0.032 0.031 0.032 
   5   (0.088) 0.006 0.110 0.114 0.113 0.104 
   6   (0.016) 0.009 0.007 0.006 0.006 0.006 
   7   (0.017) 0.007 0.010 0.010 0.010 0.012 
   8   (0.023) 0.008 0.013 0.011 0.012 0.014 
   9   (0.009) 0.039 0.001 0.001 0.001 0.001 
  10   (0.008) 0.009 0.001 0.001 0.001 0.001 
  11   (0.018) 0.001 0.011 0.011 0.011 0.013 
  12   (0.015) 0.001 0.007 0.007 0.007 0.007 
  13   (0.008) 0.003 0.002 0.002 0.002 0.002 
  14   (0.008) 0.001 0.003 0.003 0.003 0.002 
  15   (0.008) 0.001 0.002 0.003 0.003 0.002 

Values of parameters used in structure:
DATAFILE=../Data/microsats.structure,	OUTFILE=../Structure_Results/06_K_05.out,	NUMINDS=384,	NUMLOCI=7,	MISSING=-9,	LABEL=1,	POPDATA=0,	POPFLAG=0,	PHENOTYPE=0,	EXTRACOLS=0,	MAXPOPS=5,	BURNIN=1000000,	NUMREPS=10000000,	USEPOPINFO=0,	INFERALPHA=1,	INFERLAMBDA=0,	POPSPECIFICLAMBDA=0,	POPALPHAS=0,	COMPUTEPROB=1,	NOADMIX=0,	ADMBURNIN=500,	UPDATEFREQ=100,	PRINTLIKES=0,	INTERMEDSAVE=0,	PRINTKLD=0,	PRINTNET=1,	PRINTLAMBDA=1,	ANCESTDIST=0,	NUMBOXES=1000,	ANCESTPINT=0.90000,	GENSBACK=2,	MIGRPRIOR=0.01000,	PRINTQHAT=0,	PRINTQSUM=1,	ALPHA=1.0000,	FREQSCORR=1,	FPRIORMEAN=0.0100,	FPRIORSD=0.0500,	ONEFST=0,	LAMBDA=1.0000,	UNIFPRIORALPHA=1,	ALPHAMAX=10.0000,	ALPHAPRIORA=1.0000,	ALPHAPRIORB=2.0000,	ALPHAPROPSD=0.0250,	STARTATPOPINFO=0,	RANDOMIZE=0,	LINKAGE=0,	METROFREQ=10,	REPORTHITRATE=0,	MARKOVPHASE=-1,	PHASED=0,	PLOIDY=2,	PHASEINFO=0	LOCPRIOR=0, 	LOCPRIORINIT=1.000000, 	LOCDATA=0, 	LOCISPOP=0, 	LOCPRIORSTEP=0.100000, 	MAXLOCPRIOR=20.000000, 	SEED=19467783,	
[STRAT parameters]:    NUMSIMSTATS=1000,	PHENOTYPECOL=-9,	POOLFREQ=10,	LOCUSxONLY=0,	EMERROR=0.00100,	MISSINGPHENO=-9,	