

----------------------------------------------------
STRUCTURE by Pritchard, Stephens and Donnelly (2000)
     and Falush, Stephens and Pritchard (2003)
       Code by Pritchard, Falush and Hubisz
             Version 2.3.4 (Jul 2012)
----------------------------------------------------



Command line arguments:   /home/jason/Programs/structure -K 6 -i ../Data/microsats.structure -m Structure_Run/mainparams -e Structure_Run/extraparams -D 99586697 -o ../Structure_Results/07_K_06.out 
Input File:    ../Data/microsats.structure

Run parameters:
   384 individuals
   7 loci
   6 populations assumed
   1000000 Burn-in period
   10000000 Reps
RANDOMIZE turned off


--------------------------------------------
Overall proportion of membership of the
sample in each of the 6 clusters

Inferred Clusters
  1      2      3      4      5      6    
0.175  0.175  0.175  0.125  0.175  0.175  

--------------------------------------------

Allele-freq. divergence among pops (Net nucleotide distance),
computed using point estimates of P.

      1       2       3       4       5       6      
 1      -    0.0000  0.0001  0.1471  0.0000  0.0001  
 2   0.0000     -    0.0001  0.1470  0.0001  0.0001  
 3   0.0001  0.0001     -    0.1478  0.0001  0.0001  
 4   0.1471  0.1470  0.1478     -    0.1468  0.1475  
 5   0.0000  0.0001  0.0001  0.1468     -    0.0001  
 6   0.0001  0.0001  0.0001  0.1475  0.0001     -    

Average distances (expected heterozygosity) between individuals in same cluster:
cluster  1  : 0.6241 
cluster  2  : 0.6232 
cluster  3  : 0.6239 
cluster  4  : 0.6628 
cluster  5  : 0.6258 
cluster  6  : 0.6215 

--------------------------------------------
Estimated Ln Prob of Data   = -8851.0
Mean value of ln likelihood = -8090.0
Variance of ln likelihood   = 1522.0
Mean value of alpha         = 0.0444

Mean value of Fst_1         = 0.0495
Mean value of Fst_2         = 0.0489
Mean value of Fst_3         = 0.0497
Mean value of Fst_4         = 0.1456
Mean value of Fst_5         = 0.0481
Mean value of Fst_6         = 0.0520


Inferred ancestry of individuals:
        Label (%Miss) :  Inferred clusters
  1 COPE-0001    (0)   :  0.008 0.008 0.008 0.961 0.008 0.008 
  2 COPE-0002    (0)   :  0.203 0.193 0.179 0.010 0.216 0.198 
  3 COPE-0003    (0)   :  0.200 0.233 0.167 0.006 0.195 0.198 
  4 COPE-0004    (0)   :  0.205 0.199 0.174 0.015 0.218 0.189 
  5 COPE-0005    (0)   :  0.204 0.183 0.182 0.018 0.204 0.208 
  6 COPE-0006    (0)   :  0.206 0.193 0.193 0.019 0.205 0.186 
  7 COPE-0007    (0)   :  0.201 0.187 0.192 0.007 0.196 0.218 
  8 COPE-0008    (0)   :  0.178 0.194 0.224 0.008 0.170 0.226 
  9 COPE-0009    (0)   :  0.202 0.223 0.170 0.017 0.193 0.195 
 10 COPE-0010    (0)   :  0.196 0.194 0.233 0.007 0.206 0.165 
 11 COPE-0011   (14)   :  0.013 0.012 0.012 0.937 0.014 0.012 
 12 COPE-0012   (14)   :  0.183 0.193 0.225 0.007 0.187 0.204 
 13 COPE-0013    (0)   :  0.199 0.241 0.158 0.006 0.194 0.201 
 14 COPE-0014    (0)   :  0.200 0.188 0.186 0.011 0.203 0.212 
 15 COPE-0015    (0)   :  0.202 0.185 0.206 0.007 0.195 0.205 
 16 COPE-0016    (0)   :  0.210 0.199 0.184 0.010 0.199 0.198 
 17 COPE-0017    (0)   :  0.040 0.039 0.040 0.798 0.041 0.042 
 18 COPE-0018    (0)   :  0.210 0.207 0.182 0.008 0.202 0.191 
 19 COPE-0019    (0)   :  0.207 0.226 0.174 0.006 0.189 0.199 
 20 COPE-0020    (0)   :  0.199 0.195 0.212 0.008 0.201 0.186 
 21 COPE-0021    (0)   :  0.205 0.179 0.206 0.006 0.199 0.206 
 22 COPE-0022    (0)   :  0.187 0.198 0.213 0.007 0.178 0.218 
 23 COPE-0023    (0)   :  0.199 0.193 0.194 0.008 0.220 0.186 
 24 COPE-0024   (14)   :  0.198 0.190 0.202 0.006 0.188 0.215 
 25 COPE-0025    (0)   :  0.182 0.181 0.192 0.083 0.198 0.163 
 26 COPE-0026    (0)   :  0.194 0.194 0.206 0.005 0.183 0.216 
 27 COPE-0027    (0)   :  0.204 0.226 0.174 0.006 0.187 0.203 
 28 COPE-0028    (0)   :  0.197 0.186 0.232 0.006 0.206 0.174 
 29 COPE-0029    (0)   :  0.207 0.190 0.198 0.005 0.191 0.209 
 30 COPE-0030   (14)   :  0.037 0.036 0.035 0.817 0.038 0.037 
 31 COPE-0031    (0)   :  0.187 0.196 0.210 0.010 0.173 0.223 
 32 COPE-0032    (0)   :  0.198 0.194 0.216 0.009 0.213 0.170 
 33 COPE-0033    (0)   :  0.194 0.202 0.198 0.011 0.209 0.186 
 34 COPE-0034    (0)   :  0.194 0.192 0.198 0.010 0.189 0.217 
 35 COPE-0035   (14)   :  0.194 0.196 0.219 0.008 0.211 0.172 
 36 COPE-0036   (14)   :  0.199 0.186 0.217 0.006 0.213 0.180 
 37 COPE-0037    (0)   :  0.194 0.195 0.196 0.022 0.194 0.198 
 38 COPE-0038    (0)   :  0.182 0.192 0.213 0.006 0.171 0.235 
 39 COPE-0039    (0)   :  0.177 0.186 0.162 0.132 0.174 0.169 
 40 COPE-0040   (14)   :  0.186 0.201 0.159 0.101 0.174 0.179 
 41 COPE-0041    (0)   :  0.195 0.197 0.188 0.032 0.201 0.188 
 42 COPE-0042    (0)   :  0.189 0.203 0.214 0.011 0.207 0.176 
 43 COPE-0043    (0)   :  0.202 0.191 0.188 0.005 0.210 0.203 
 44 COPE-0044    (0)   :  0.200 0.204 0.179 0.017 0.208 0.191 
 45 COPE-0045    (0)   :  0.197 0.194 0.193 0.032 0.203 0.180 
 46 COPE-0046    (0)   :  0.030 0.031 0.026 0.854 0.029 0.030 
 47 COPE-0047    (0)   :  0.007 0.007 0.007 0.964 0.007 0.007 
 48 COPE-0048    (0)   :  0.189 0.200 0.228 0.007 0.208 0.167 
 49 COPE-0049    (0)   :  0.201 0.193 0.191 0.015 0.219 0.180 
 50 COPE-0050    (0)   :  0.205 0.234 0.158 0.007 0.194 0.201 
 51 COPE-0051    (0)   :  0.178 0.169 0.206 0.114 0.193 0.142 
 52 COPE-0052    (0)   :  0.203 0.180 0.192 0.011 0.194 0.221 
 53 COPE-0053    (0)   :  0.211 0.192 0.189 0.012 0.192 0.205 
 54 COPE-0054    (0)   :  0.197 0.180 0.225 0.005 0.189 0.204 
 55 COPE-0055    (0)   :  0.179 0.195 0.228 0.005 0.169 0.224 
 56 COPE-0056    (0)   :  0.193 0.209 0.192 0.019 0.198 0.189 
 57 COPE-0057    (0)   :  0.197 0.216 0.191 0.010 0.196 0.189 
 58 COPE-0058    (0)   :  0.201 0.190 0.204 0.009 0.220 0.176 
 59 COPE-0059    (0)   :  0.206 0.231 0.157 0.022 0.185 0.200 
 60 COPE-0060    (0)   :  0.196 0.195 0.185 0.007 0.213 0.204 
 61 COPE-0061    (0)   :  0.209 0.215 0.178 0.014 0.188 0.196 
 62 COPE-0062    (0)   :  0.202 0.174 0.207 0.010 0.196 0.211 
 63 COPE-0063    (0)   :  0.174 0.188 0.228 0.028 0.171 0.211 
 64 COPE-0064    (0)   :  0.203 0.205 0.184 0.010 0.188 0.210 
 65 COPE-0065    (0)   :  0.006 0.006 0.006 0.972 0.006 0.006 
 66 COPE-0066    (0)   :  0.183 0.202 0.222 0.015 0.209 0.168 
 67 COPE-0067   (14)   :  0.025 0.025 0.027 0.875 0.026 0.023 
 68 COPE-0068    (0)   :  0.203 0.240 0.154 0.010 0.191 0.201 
 69 COPE-0069   (14)   :  0.199 0.190 0.190 0.014 0.192 0.215 
 70 COPE-0070    (0)   :  0.199 0.192 0.194 0.012 0.217 0.186 
 71 COPE-0071    (0)   :  0.196 0.193 0.234 0.004 0.206 0.167 
 72 COPE-0072    (0)   :  0.189 0.208 0.176 0.007 0.202 0.218 
 73 COPE-0073   (14)   :  0.047 0.041 0.044 0.781 0.043 0.044 
 74 COPE-0074    (0)   :  0.194 0.196 0.227 0.009 0.201 0.173 
 75 COPE-0075    (0)   :  0.195 0.190 0.229 0.016 0.214 0.157 
 76 COPE-0076    (0)   :  0.193 0.202 0.208 0.006 0.190 0.201 
 77 COPE-0077   (14)   :  0.204 0.208 0.187 0.008 0.194 0.198 
 78 COPE-0078   (14)   :  0.194 0.190 0.202 0.008 0.193 0.212 
 79 COPE-0079    (0)   :  0.205 0.197 0.169 0.010 0.228 0.190 
 80 COPE-0080   (42)   :  0.022 0.022 0.021 0.891 0.022 0.021 
 81 COPE-0081   (14)   :  0.095 0.098 0.105 0.509 0.092 0.101 
 82 COPE-0082   (14)   :  0.184 0.181 0.226 0.044 0.197 0.167 
 83 COPE-0083   (14)   :  0.203 0.174 0.195 0.007 0.200 0.222 
 84 COPE-0084    (0)   :  0.150 0.135 0.136 0.294 0.143 0.142 
 85 COPE-0085    (0)   :  0.206 0.200 0.183 0.010 0.215 0.186 
 86 COPE-0086    (0)   :  0.205 0.185 0.204 0.022 0.212 0.172 
 87 COPE-0087   (14)   :  0.197 0.197 0.192 0.008 0.211 0.195 
 88 COPE-0088   (14)   :  0.198 0.191 0.181 0.025 0.212 0.192 
 89 COPE-0089   (14)   :  0.007 0.007 0.007 0.964 0.007 0.007 
 90 COPE-0090    (0)   :  0.180 0.194 0.223 0.007 0.171 0.224 
 91 COPE-0091   (14)   :  0.196 0.192 0.192 0.006 0.212 0.202 
 92 COPE-0092   (28)   :  0.026 0.027 0.023 0.872 0.027 0.025 
 93 COPE-0093    (0)   :  0.179 0.192 0.233 0.006 0.177 0.213 
 94 COPE-0094    (0)   :  0.200 0.192 0.165 0.037 0.221 0.185 
 95 COPE-0095    (0)   :  0.199 0.200 0.201 0.005 0.185 0.211 
 96 COPE-0096    (0)   :  0.203 0.186 0.192 0.008 0.201 0.210 
 97 COPE-0097    (0)   :  0.203 0.178 0.227 0.008 0.204 0.179 
 98 COPE-0098    (0)   :  0.184 0.196 0.214 0.008 0.170 0.228 
 99 COPE-0099    (0)   :  0.204 0.228 0.163 0.020 0.192 0.192 
100 COPE-0100    (0)   :  0.194 0.211 0.201 0.007 0.194 0.194 
101 COPE-0101    (0)   :  0.181 0.192 0.213 0.044 0.196 0.173 
102 COPE-0102    (0)   :  0.195 0.202 0.200 0.006 0.213 0.184 
103 COPE-0103    (0)   :  0.200 0.187 0.183 0.018 0.218 0.194 
104 COPE-0104   (14)   :  0.190 0.194 0.233 0.007 0.197 0.178 
105 COPE-0105    (0)   :  0.192 0.175 0.231 0.036 0.207 0.159 
106 COPE-0106    (0)   :  0.211 0.170 0.213 0.005 0.197 0.204 
107 COPE-0107    (0)   :  0.017 0.017 0.018 0.915 0.016 0.018 
108 COPE-0108    (0)   :  0.195 0.185 0.218 0.006 0.191 0.206 
109 COPE-0109    (0)   :  0.204 0.206 0.174 0.013 0.209 0.194 
110 COPE-0110   (14)   :  0.205 0.182 0.199 0.015 0.199 0.201 
111 COPE-0111    (0)   :  0.204 0.185 0.193 0.009 0.203 0.207 
112 COPE-0112   (14)   :  0.184 0.200 0.220 0.011 0.207 0.178 
113 COPE-0113    (0)   :  0.192 0.211 0.186 0.024 0.193 0.193 
114 COPE-0114    (0)   :  0.199 0.186 0.208 0.011 0.198 0.198 
115 COPE-0115    (0)   :  0.023 0.022 0.023 0.884 0.023 0.024 
116 COPE-0116   (28)   :  0.010 0.010 0.009 0.953 0.009 0.009 
117 COPE-0117    (0)   :  0.206 0.195 0.190 0.013 0.193 0.203 
118 COPE-0118    (0)   :  0.202 0.173 0.204 0.010 0.195 0.216 
119 COPE-0119    (0)   :  0.191 0.178 0.213 0.010 0.179 0.228 
120 COPE-0120    (0)   :  0.204 0.212 0.181 0.012 0.198 0.193 
121 COPE-0121    (0)   :  0.190 0.181 0.186 0.061 0.186 0.196 
122 COPE-0122    (0)   :  0.198 0.196 0.188 0.008 0.222 0.187 
123 COPE-0123    (0)   :  0.199 0.197 0.192 0.014 0.217 0.181 
124 COPE-0124    (0)   :  0.204 0.195 0.185 0.013 0.212 0.191 
125 COPE-0125    (0)   :  0.197 0.187 0.233 0.007 0.203 0.174 
126 COPE-0126    (0)   :  0.203 0.194 0.196 0.015 0.183 0.208 
127 COPE-0127   (14)   :  0.202 0.184 0.218 0.007 0.211 0.178 
128 COPE-0128    (0)   :  0.199 0.192 0.205 0.020 0.200 0.184 
129 COPE-0129    (0)   :  0.207 0.203 0.173 0.007 0.224 0.187 
130 COPE-0130    (0)   :  0.208 0.228 0.164 0.012 0.189 0.200 
131 COPE-0131   (14)   :  0.198 0.193 0.189 0.011 0.192 0.217 
132 COPE-0132   (14)   :  0.188 0.179 0.199 0.033 0.177 0.224 
133 COPE-0133    (0)   :  0.209 0.186 0.182 0.011 0.201 0.211 
134 COPE-0134    (0)   :  0.195 0.196 0.194 0.007 0.212 0.196 
135 COPE-0135    (0)   :  0.190 0.198 0.228 0.009 0.200 0.176 
136 COPE-0136    (0)   :  0.012 0.012 0.011 0.941 0.012 0.012 
137 COPE-0137    (0)   :  0.195 0.215 0.183 0.013 0.200 0.194 
138 COPE-0138   (14)   :  0.008 0.008 0.008 0.962 0.008 0.007 
139 COPE-0139    (0)   :  0.198 0.223 0.176 0.008 0.198 0.196 
140 COPE-0140   (14)   :  0.020 0.021 0.020 0.898 0.021 0.020 
141 COPE-0141    (0)   :  0.184 0.196 0.220 0.009 0.191 0.200 
142 COPE-0142    (0)   :  0.190 0.194 0.218 0.009 0.184 0.204 
143 COPE-0143    (0)   :  0.198 0.197 0.203 0.008 0.187 0.207 
144 COPE-0144   (14)   :  0.124 0.127 0.108 0.399 0.124 0.118 
145 COPE-0145   (14)   :  0.111 0.118 0.114 0.414 0.121 0.121 
146 COPE-0146   (14)   :  0.198 0.191 0.201 0.030 0.185 0.195 
147 COPE-0147    (0)   :  0.192 0.190 0.174 0.066 0.190 0.188 
148 COPE-0148    (0)   :  0.209 0.191 0.189 0.010 0.194 0.207 
149 COPE-0149    (0)   :  0.201 0.227 0.171 0.007 0.196 0.199 
150 COPE-0150    (0)   :  0.189 0.197 0.234 0.010 0.209 0.162 
151 COPE-0151    (0)   :  0.197 0.213 0.196 0.007 0.187 0.200 
152 COPE-0152   (14)   :  0.168 0.172 0.191 0.118 0.158 0.193 
153 COPE-0153    (0)   :  0.198 0.195 0.198 0.006 0.186 0.217 
154 COPE-0154    (0)   :  0.204 0.213 0.194 0.006 0.188 0.195 
155 COPE-0155    (0)   :  0.203 0.214 0.198 0.006 0.195 0.184 
156 COPE-0156   (14)   :  0.008 0.008 0.008 0.958 0.008 0.008 
157 COPE-0157   (14)   :  0.128 0.131 0.144 0.327 0.134 0.136 
158 COPE-0158    (0)   :  0.210 0.208 0.173 0.009 0.200 0.200 
159 COPE-0159    (0)   :  0.193 0.194 0.201 0.007 0.181 0.224 
160 COPE-0160    (0)   :  0.198 0.194 0.201 0.006 0.220 0.181 
161 COPE-0161    (0)   :  0.192 0.199 0.196 0.011 0.215 0.186 
162 COPE-0162   (14)   :  0.007 0.007 0.007 0.967 0.007 0.007 
163 COPE-0163   (28)   :  0.013 0.013 0.013 0.936 0.013 0.013 
164 COPE-0164    (0)   :  0.198 0.204 0.182 0.035 0.191 0.190 
165 COPE-0165    (0)   :  0.200 0.220 0.178 0.008 0.200 0.194 
166 COPE-0166   (14)   :  0.201 0.192 0.185 0.008 0.220 0.195 
167 COPE-0167    (0)   :  0.207 0.190 0.183 0.008 0.220 0.192 
168 COPE-0168    (0)   :  0.204 0.194 0.195 0.006 0.192 0.209 
169 COPE-0169    (0)   :  0.200 0.238 0.155 0.013 0.191 0.202 
170 COPE-0170    (0)   :  0.183 0.182 0.204 0.041 0.179 0.211 
171 COPE-0171    (0)   :  0.199 0.186 0.200 0.009 0.191 0.216 
172 COPE-0172    (0)   :  0.201 0.190 0.209 0.006 0.200 0.194 
173 COPE-0173   (14)   :  0.192 0.225 0.147 0.068 0.179 0.189 
174 COPE-0174   (28)   :  0.195 0.197 0.194 0.022 0.200 0.192 
175 COPE-0175    (0)   :  0.200 0.189 0.177 0.039 0.204 0.191 
176 COPE-0176    (0)   :  0.193 0.179 0.215 0.010 0.200 0.202 
177 COPE-0177    (0)   :  0.206 0.229 0.171 0.007 0.192 0.195 
178 COPE-0178    (0)   :  0.203 0.175 0.225 0.008 0.204 0.185 
179 COPE-0179    (0)   :  0.201 0.209 0.196 0.008 0.201 0.185 
180 COPE-0180   (14)   :  0.200 0.238 0.161 0.006 0.196 0.199 
181 COPE-0181   (14)   :  0.202 0.228 0.168 0.009 0.195 0.197 
182 COPE-0182    (0)   :  0.185 0.190 0.220 0.005 0.183 0.217 
183 COPE-0183    (0)   :  0.205 0.200 0.196 0.011 0.196 0.193 
184 COPE-0184    (0)   :  0.206 0.186 0.189 0.009 0.204 0.206 
185 COPE-0185    (0)   :  0.188 0.199 0.204 0.006 0.174 0.228 
186 COPE-0186    (0)   :  0.203 0.177 0.204 0.006 0.196 0.214 
187 COPE-0187    (0)   :  0.195 0.188 0.233 0.010 0.212 0.163 
188 COPE-0188    (0)   :  0.019 0.020 0.021 0.901 0.021 0.018 
189 COPE-0189    (0)   :  0.190 0.217 0.191 0.010 0.202 0.190 
190 COPE-0190    (0)   :  0.203 0.195 0.188 0.015 0.220 0.180 
191 COPE-0191    (0)   :  0.197 0.202 0.194 0.013 0.198 0.196 
192 COPE-0192   (14)   :  0.009 0.009 0.009 0.953 0.009 0.010 
193 COPE-0193    (0)   :  0.205 0.198 0.200 0.007 0.190 0.201 
194 COPE-0194    (0)   :  0.191 0.192 0.235 0.010 0.209 0.163 
195 COPE-0195    (0)   :  0.195 0.195 0.221 0.007 0.205 0.176 
196 COPE-0196    (0)   :  0.197 0.194 0.205 0.011 0.199 0.195 
197 COPE-0197    (0)   :  0.204 0.232 0.169 0.007 0.193 0.195 
198 COPE-0198    (0)   :  0.192 0.206 0.188 0.012 0.176 0.225 
199 COPE-0199    (0)   :  0.207 0.233 0.162 0.010 0.191 0.197 
200 COPE-0200   (42)   :  0.207 0.235 0.158 0.010 0.191 0.200 
201 COPE-0201    (0)   :  0.188 0.183 0.221 0.009 0.188 0.211 
202 COPE-0202    (0)   :  0.195 0.197 0.193 0.015 0.182 0.219 
203 COPE-0203    (0)   :  0.195 0.194 0.201 0.006 0.189 0.213 
204 COPE-0204    (0)   :  0.196 0.171 0.229 0.038 0.205 0.161 
205 COPE-0205    (0)   :  0.196 0.198 0.199 0.021 0.180 0.206 
206 COPE-0206    (0)   :  0.202 0.186 0.210 0.005 0.194 0.204 
207 COPE-0207    (0)   :  0.200 0.176 0.204 0.011 0.187 0.222 
208 COPE-0208    (0)   :  0.024 0.026 0.025 0.875 0.024 0.026 
209 COPE-0209    (0)   :  0.193 0.220 0.185 0.007 0.194 0.201 
210 COPE-0210    (0)   :  0.201 0.199 0.187 0.011 0.203 0.198 
211 COPE-0211    (0)   :  0.185 0.201 0.230 0.005 0.210 0.169 
212 COPE-0212    (0)   :  0.197 0.182 0.201 0.011 0.185 0.224 
213 COPE-0213    (0)   :  0.199 0.192 0.215 0.008 0.202 0.184 
214 COPE-0214    (0)   :  0.205 0.241 0.153 0.008 0.190 0.204 
215 COPE-0215    (0)   :  0.197 0.233 0.151 0.036 0.188 0.196 
216 COPE-0216   (14)   :  0.096 0.090 0.090 0.537 0.096 0.091 
217 COPE-0217    (0)   :  0.203 0.175 0.198 0.027 0.192 0.206 
218 COPE-0218    (0)   :  0.199 0.202 0.193 0.009 0.189 0.208 
219 COPE-0219   (14)   :  0.204 0.234 0.164 0.009 0.188 0.200 
220 COPE-0220    (0)   :  0.209 0.182 0.204 0.014 0.197 0.194 
221 COPE-0221    (0)   :  0.182 0.191 0.216 0.016 0.169 0.227 
222 COPE-0222    (0)   :  0.189 0.198 0.208 0.006 0.174 0.224 
223 COPE-0223    (0)   :  0.195 0.222 0.173 0.008 0.207 0.194 
224 COPE-0224    (0)   :  0.201 0.192 0.170 0.022 0.225 0.189 
225 COPE-0225    (0)   :  0.204 0.239 0.151 0.015 0.188 0.202 
226 COPE-0226    (0)   :  0.199 0.193 0.202 0.008 0.198 0.200 
227 COPE-0227    (0)   :  0.201 0.200 0.187 0.006 0.189 0.216 
228 COPE-0228    (0)   :  0.203 0.186 0.197 0.028 0.198 0.188 
229 COPE-0229    (0)   :  0.204 0.212 0.190 0.007 0.191 0.197 
230 COPE-0230    (0)   :  0.198 0.188 0.222 0.010 0.202 0.180 
231 COPE-0231    (0)   :  0.205 0.222 0.186 0.006 0.192 0.188 
232 COPE-0232    (0)   :  0.199 0.194 0.194 0.014 0.222 0.176 
233 COPE-0233    (0)   :  0.189 0.197 0.214 0.005 0.172 0.224 
234 COPE-0234    (0)   :  0.206 0.196 0.178 0.008 0.224 0.189 
235 COPE-0235    (0)   :  0.201 0.200 0.185 0.006 0.221 0.188 
236 COPE-0236    (0)   :  0.201 0.182 0.230 0.005 0.202 0.179 
237 COPE-0237    (0)   :  0.187 0.198 0.202 0.006 0.171 0.237 
238 COPE-0238    (0)   :  0.206 0.239 0.160 0.007 0.191 0.197 
239 COPE-0239    (0)   :  0.195 0.190 0.175 0.034 0.218 0.187 
240 COPE-0240    (0)   :  0.210 0.188 0.187 0.008 0.198 0.209 
241 COPE-0241    (0)   :  0.198 0.242 0.158 0.007 0.194 0.202 
242 COPE-0242    (0)   :  0.202 0.181 0.205 0.007 0.193 0.212 
243 COPE-0243    (0)   :  0.201 0.189 0.225 0.008 0.216 0.161 
244 COPE-0244    (0)   :  0.203 0.209 0.184 0.009 0.209 0.186 
245 COPE-0245    (0)   :  0.193 0.190 0.229 0.014 0.200 0.175 
246 COPE-0246    (0)   :  0.198 0.190 0.194 0.013 0.215 0.190 
247 COPE-0247    (0)   :  0.197 0.207 0.187 0.017 0.180 0.212 
248 COPE-0248    (0)   :  0.192 0.189 0.227 0.005 0.190 0.197 
249 COPE-0249    (0)   :  0.202 0.202 0.163 0.035 0.212 0.187 
250 COPE-0250    (0)   :  0.204 0.191 0.180 0.016 0.218 0.191 
251 COPE-0251   (14)   :  0.029 0.031 0.032 0.848 0.027 0.034 
252 COPE-0252    (0)   :  0.203 0.188 0.185 0.012 0.221 0.192 
253 COPE-0253    (0)   :  0.181 0.198 0.225 0.008 0.176 0.212 
254 COPE-0254    (0)   :  0.201 0.180 0.228 0.012 0.215 0.164 
255 COPE-0255    (0)   :  0.187 0.189 0.213 0.027 0.184 0.199 
256 COPE-0256    (0)   :  0.213 0.186 0.187 0.011 0.198 0.205 
257 COPE-0257    (0)   :  0.195 0.181 0.203 0.009 0.201 0.211 
258 COPE-0258    (0)   :  0.198 0.188 0.194 0.026 0.197 0.198 
259 COPE-0259    (0)   :  0.200 0.192 0.224 0.006 0.199 0.178 
260 COPE-0260    (0)   :  0.205 0.223 0.165 0.024 0.190 0.192 
261 COPE-0261    (0)   :  0.203 0.178 0.239 0.006 0.211 0.162 
262 COPE-0262    (0)   :  0.204 0.182 0.208 0.027 0.211 0.167 
263 COPE-0263    (0)   :  0.193 0.192 0.193 0.009 0.187 0.227 
264 COPE-0264    (0)   :  0.192 0.182 0.206 0.025 0.199 0.196 
265 COPE-0265    (0)   :  0.185 0.197 0.219 0.010 0.180 0.210 
266 COPE-0266    (0)   :  0.198 0.186 0.212 0.019 0.204 0.180 
267 COPE-0267    (0)   :  0.187 0.196 0.210 0.006 0.175 0.227 
268 COPE-0268    (0)   :  0.184 0.193 0.205 0.012 0.171 0.235 
269 COPE-0269    (0)   :  0.199 0.192 0.188 0.007 0.214 0.199 
270 COPE-0270    (0)   :  0.185 0.203 0.224 0.008 0.211 0.169 
271 COPE-0271    (0)   :  0.190 0.204 0.184 0.008 0.211 0.203 
272 COPE-0272    (0)   :  0.198 0.190 0.207 0.007 0.208 0.189 
273 COPE-0273    (0)   :  0.188 0.185 0.211 0.013 0.176 0.228 
274 COPE-0274   (14)   :  0.017 0.018 0.019 0.912 0.018 0.016 
275 COPE-0275    (0)   :  0.194 0.208 0.190 0.011 0.208 0.188 
276 COPE-0276   (14)   :  0.006 0.006 0.006 0.971 0.006 0.006 
277 COPE-0277   (14)   :  0.208 0.182 0.196 0.015 0.200 0.199 
278 COPE-0278    (0)   :  0.211 0.173 0.207 0.007 0.199 0.203 
279 COPE-0279    (0)   :  0.201 0.192 0.207 0.008 0.212 0.180 
280 COPE-0280    (0)   :  0.013 0.013 0.013 0.936 0.013 0.013 
281 COPE-0281    (0)   :  0.025 0.027 0.023 0.875 0.025 0.025 
282 COPE-0282   (14)   :  0.204 0.196 0.172 0.007 0.229 0.193 
283 COPE-0283    (0)   :  0.206 0.177 0.201 0.007 0.199 0.209 
284 COPE-0284   (14)   :  0.192 0.221 0.163 0.035 0.193 0.195 
285 COPE-0285    (0)   :  0.032 0.032 0.032 0.841 0.032 0.032 
286 COPE-0286    (0)   :  0.189 0.208 0.200 0.013 0.207 0.183 
287 COPE-0287    (0)   :  0.181 0.187 0.194 0.045 0.168 0.226 
288 COPE-0288    (0)   :  0.183 0.193 0.216 0.010 0.172 0.226 
289 COPE-0289    (0)   :  0.193 0.199 0.209 0.008 0.185 0.207 
290 COPE-0290    (0)   :  0.187 0.218 0.202 0.009 0.208 0.177 
291 COPE-0291    (0)   :  0.194 0.211 0.193 0.006 0.200 0.197 
292 COPE-0292   (42)   :  0.014 0.014 0.013 0.932 0.014 0.013 
293 COPE-0293    (0)   :  0.184 0.188 0.235 0.008 0.187 0.197 
294 COPE-0294    (0)   :  0.206 0.202 0.180 0.011 0.211 0.190 
295 COPE-0295    (0)   :  0.201 0.189 0.202 0.008 0.202 0.199 
296 COPE-0296   (14)   :  0.191 0.192 0.218 0.007 0.188 0.204 
297 COPE-0297   (14)   :  0.196 0.234 0.152 0.036 0.188 0.193 
298 COPE-0298    (0)   :  0.196 0.190 0.206 0.011 0.212 0.184 
299 COPE-0299    (0)   :  0.194 0.187 0.240 0.006 0.206 0.168 
300 COPE-0300   (14)   :  0.200 0.198 0.190 0.008 0.191 0.213 
301 COPE-0301   (14)   :  0.176 0.191 0.232 0.011 0.172 0.218 
302 COPE-0302    (0)   :  0.142 0.132 0.136 0.301 0.137 0.152 
303 COPE-0303    (0)   :  0.202 0.186 0.216 0.006 0.211 0.180 
304 COPE-0304    (0)   :  0.198 0.199 0.199 0.007 0.202 0.196 
305 COPE-0305   (14)   :  0.195 0.188 0.177 0.044 0.207 0.189 
306 COPE-0306    (0)   :  0.204 0.172 0.218 0.010 0.191 0.205 
307 COPE-0307   (28)   :  0.008 0.008 0.008 0.961 0.008 0.008 
308 COPE-0308    (0)   :  0.199 0.196 0.180 0.006 0.222 0.196 
309 COPE-0309   (14)   :  0.060 0.059 0.060 0.702 0.061 0.058 
310 COPE-0310   (28)   :  0.037 0.034 0.037 0.813 0.037 0.041 
311 COPE-0311    (0)   :  0.193 0.184 0.195 0.023 0.188 0.217 
312 COPE-0312   (28)   :  0.011 0.010 0.011 0.947 0.011 0.010 
313 COPE-0313    (0)   :  0.198 0.181 0.216 0.009 0.190 0.207 
314 COPE-0314    (0)   :  0.187 0.191 0.213 0.008 0.180 0.221 
315 COPE-0315    (0)   :  0.201 0.204 0.188 0.008 0.192 0.207 
316 COPE-0316    (0)   :  0.196 0.199 0.210 0.022 0.203 0.170 
317 COPE-0317   (14)   :  0.008 0.008 0.008 0.960 0.008 0.008 
318 COPE-0318    (0)   :  0.198 0.197 0.204 0.006 0.205 0.189 
319 COPE-0319    (0)   :  0.199 0.201 0.178 0.007 0.218 0.197 
320 COPE-0320   (14)   :  0.192 0.197 0.202 0.015 0.198 0.196 
321 COPE-0321   (14)   :  0.194 0.186 0.209 0.011 0.188 0.211 
322 COPE-0322   (14)   :  0.199 0.212 0.185 0.006 0.205 0.193 
323 COPE-0323    (0)   :  0.200 0.172 0.195 0.016 0.195 0.223 
324 COPE-0324    (0)   :  0.206 0.233 0.161 0.007 0.191 0.202 
325 COPE-0325   (14)   :  0.210 0.185 0.187 0.013 0.198 0.206 
326 COPE-0326    (0)   :  0.188 0.189 0.221 0.007 0.191 0.204 
327 COPE-0327   (14)   :  0.187 0.199 0.217 0.010 0.181 0.206 
328 COPE-0328    (0)   :  0.197 0.199 0.213 0.005 0.208 0.177 
329 COPE-0329   (28)   :  0.207 0.218 0.172 0.012 0.188 0.203 
330 COPE-0330    (0)   :  0.191 0.188 0.209 0.022 0.181 0.209 
331 COPE-0331    (0)   :  0.177 0.192 0.230 0.006 0.170 0.225 
332 COPE-0332   (14)   :  0.200 0.186 0.217 0.007 0.211 0.180 
333 COPE-0333    (0)   :  0.159 0.174 0.191 0.139 0.152 0.186 
334 COPE-0334   (28)   :  0.051 0.048 0.052 0.741 0.050 0.057 
335 COPE-0335    (0)   :  0.203 0.243 0.153 0.007 0.190 0.204 
336 COPE-0336    (0)   :  0.200 0.204 0.195 0.006 0.193 0.202 
337 COPE-0337   (28)   :  0.019 0.021 0.017 0.905 0.019 0.019 
338 COPE-0338    (0)   :  0.192 0.182 0.200 0.023 0.185 0.217 
339 COPE-0339    (0)   :  0.206 0.193 0.198 0.006 0.188 0.208 
340 COPE-0340   (14)   :  0.011 0.012 0.011 0.944 0.011 0.011 
341 COPE-0341    (0)   :  0.204 0.196 0.182 0.007 0.210 0.201 
342 COPE-0342    (0)   :  0.202 0.243 0.151 0.007 0.194 0.203 
343 COPE-0343    (0)   :  0.198 0.184 0.226 0.006 0.192 0.194 
344 COPE-0344   (14)   :  0.009 0.009 0.009 0.954 0.009 0.010 
345 COPE-0345    (0)   :  0.201 0.198 0.176 0.006 0.222 0.196 
346 COPE-0346    (0)   :  0.200 0.194 0.181 0.035 0.197 0.194 
347 COPE-0347    (0)   :  0.198 0.188 0.225 0.007 0.209 0.174 
348 COPE-0348    (0)   :  0.198 0.184 0.226 0.015 0.203 0.174 
349 COPE-0349    (0)   :  0.197 0.230 0.162 0.006 0.197 0.208 
350 COPE-0350    (0)   :  0.193 0.198 0.226 0.006 0.207 0.169 
351 COPE-0351    (0)   :  0.193 0.199 0.223 0.006 0.206 0.173 
352 COPE-0352    (0)   :  0.198 0.206 0.183 0.026 0.202 0.185 
353 COPE-0353    (0)   :  0.191 0.189 0.204 0.006 0.208 0.201 
354 COPE-0354    (0)   :  0.192 0.179 0.214 0.017 0.196 0.203 
355 COPE-0355    (0)   :  0.213 0.192 0.189 0.007 0.197 0.202 
356 COPE-0356    (0)   :  0.197 0.182 0.229 0.008 0.217 0.168 
357 COPE-0357    (0)   :  0.200 0.223 0.174 0.009 0.190 0.204 
358 COPE-0358    (0)   :  0.007 0.008 0.007 0.964 0.007 0.007 
359 COPE-0359   (14)   :  0.204 0.199 0.186 0.009 0.215 0.187 
360 COPE-0360    (0)   :  0.203 0.182 0.203 0.007 0.201 0.204 
361 COPE-0361    (0)   :  0.200 0.192 0.200 0.008 0.221 0.179 
362 COPE-0362    (0)   :  0.199 0.237 0.160 0.007 0.194 0.203 
363 COPE-0363   (14)   :  0.206 0.196 0.182 0.014 0.211 0.191 
364 COPE-0364    (0)   :  0.193 0.190 0.212 0.006 0.187 0.212 
365 COPE-0365    (0)   :  0.186 0.181 0.196 0.028 0.174 0.236 
366 COPE-0366    (0)   :  0.189 0.226 0.177 0.022 0.195 0.190 
367 COPE-0367   (14)   :  0.010 0.010 0.010 0.949 0.010 0.011 
368 COPE-0368    (0)   :  0.196 0.195 0.201 0.009 0.182 0.217 
369 COPE-0369    (0)   :  0.199 0.202 0.197 0.009 0.185 0.208 
370 COPE-0370   (28)   :  0.008 0.008 0.008 0.959 0.008 0.008 
371 COPE-0371    (0)   :  0.189 0.187 0.205 0.012 0.177 0.230 
372 COPE-0372    (0)   :  0.195 0.182 0.186 0.047 0.186 0.204 
373 COPE-0373   (14)   :  0.188 0.191 0.213 0.007 0.188 0.213 
374 COPE-0374    (0)   :  0.197 0.193 0.191 0.008 0.208 0.202 
375 COPE-0375   (14)   :  0.195 0.184 0.187 0.013 0.200 0.221 
376 COPE-0376   (14)   :  0.201 0.182 0.231 0.006 0.215 0.164 
377 COPE-0377    (0)   :  0.065 0.066 0.065 0.675 0.067 0.063 
378 COPE-0378    (0)   :  0.200 0.191 0.203 0.007 0.204 0.195 
379 COPE-0379    (0)   :  0.199 0.238 0.158 0.007 0.196 0.202 
380 COPE-0380   (28)   :  0.034 0.031 0.037 0.833 0.034 0.031 
381 COPE-0381    (0)   :  0.196 0.192 0.197 0.014 0.209 0.192 
382 COPE-0382    (0)   :  0.204 0.241 0.158 0.006 0.192 0.199 
383 COPE-0383    (0)   :  0.164 0.155 0.163 0.162 0.160 0.196 
384 COPE-0384    (0)   :  0.202 0.184 0.202 0.008 0.196 0.207 


Estimated Allele Frequencies in each cluster
First column gives estimated ancestral frequencies


Locus 1 : COPE5 
78 alleles
0.5% missing data
   1   (0.007) 0.001 0.001 0.001 0.642 0.001 0.001 
   2   (0.022) 0.023 0.023 0.022 0.022 0.024 0.023 
   3   (0.012) 0.014 0.014 0.013 0.002 0.015 0.014 
   4   (0.022) 0.025 0.027 0.024 0.002 0.026 0.025 
   5   (0.011) 0.011 0.011 0.009 0.001 0.010 0.010 
   6   (0.018) 0.018 0.019 0.016 0.007 0.018 0.017 
   7   (0.007) 0.004 0.004 0.003 0.001 0.004 0.003 
   8   (0.036) 0.089 0.082 0.090 0.002 0.087 0.093 
   9   (0.019) 0.023 0.023 0.021 0.002 0.024 0.021 
  10   (0.019) 0.020 0.020 0.021 0.001 0.020 0.020 
  11   (0.015) 0.014 0.014 0.015 0.018 0.013 0.017 
  12   (0.017) 0.022 0.024 0.026 0.001 0.021 0.025 
  13   (0.011) 0.010 0.010 0.012 0.002 0.010 0.012 
  14   (0.023) 0.027 0.028 0.028 0.002 0.026 0.028 
  15   (0.018) 0.034 0.032 0.031 0.001 0.033 0.034 
  16   (0.010) 0.006 0.006 0.007 0.001 0.006 0.005 
  17   (0.017) 0.015 0.015 0.015 0.001 0.015 0.014 
  18   (0.017) 0.014 0.015 0.012 0.008 0.014 0.014 
  19   (0.010) 0.010 0.012 0.009 0.001 0.010 0.010 
  20   (0.027) 0.052 0.052 0.056 0.002 0.049 0.057 
  21   (0.022) 0.022 0.023 0.021 0.002 0.022 0.022 
  22   (0.019) 0.016 0.016 0.014 0.010 0.015 0.015 
  23   (0.013) 0.012 0.013 0.011 0.001 0.011 0.012 
  24   (0.015) 0.019 0.017 0.021 0.001 0.020 0.017 
  25   (0.010) 0.008 0.008 0.008 0.001 0.008 0.008 
  26   (0.013) 0.009 0.009 0.009 0.001 0.010 0.009 
  27   (0.012) 0.010 0.010 0.011 0.001 0.011 0.009 
  28   (0.008) 0.002 0.002 0.002 0.021 0.003 0.002 
  29   (0.014) 0.011 0.011 0.013 0.001 0.012 0.010 
  30   (0.020) 0.020 0.021 0.020 0.005 0.019 0.021 
  31   (0.019) 0.019 0.020 0.018 0.001 0.018 0.019 
  32   (0.025) 0.039 0.042 0.038 0.002 0.037 0.042 
  33   (0.006) 0.002 0.002 0.002 0.000 0.002 0.002 
  34   (0.017) 0.019 0.019 0.020 0.001 0.018 0.021 
  35   (0.007) 0.001 0.001 0.001 0.052 0.001 0.001 
  36   (0.006) 0.002 0.002 0.002 0.000 0.002 0.002 
  37   (0.021) 0.024 0.022 0.024 0.023 0.024 0.025 
  38   (0.015) 0.013 0.012 0.013 0.009 0.013 0.011 
  39   (0.015) 0.019 0.017 0.020 0.001 0.020 0.017 
  40   (0.010) 0.010 0.011 0.009 0.001 0.010 0.010 
  41   (0.008) 0.005 0.005 0.005 0.001 0.005 0.004 
  42   (0.006) 0.002 0.002 0.002 0.000 0.002 0.002 
  43   (0.009) 0.005 0.005 0.005 0.001 0.005 0.005 
  44   (0.023) 0.027 0.027 0.026 0.002 0.029 0.025 
  45   (0.006) 0.002 0.002 0.002 0.000 0.002 0.002 
  46   (0.015) 0.018 0.017 0.019 0.001 0.017 0.019 
  47   (0.010) 0.006 0.006 0.006 0.001 0.007 0.006 
  48   (0.006) 0.002 0.002 0.002 0.001 0.002 0.002 
  49   (0.015) 0.016 0.016 0.015 0.001 0.017 0.016 
  50   (0.013) 0.011 0.012 0.011 0.002 0.012 0.012 
  51   (0.014) 0.013 0.012 0.013 0.019 0.013 0.014 
  52   (0.013) 0.012 0.012 0.014 0.001 0.012 0.013 
  53   (0.006) 0.001 0.001 0.001 0.031 0.001 0.001 
  54   (0.006) 0.001 0.001 0.001 0.073 0.001 0.001 
  55   (0.010) 0.007 0.007 0.009 0.001 0.008 0.007 
  56   (0.011) 0.011 0.010 0.011 0.001 0.011 0.011 
  57   (0.013) 0.012 0.013 0.010 0.001 0.012 0.011 
  58   (0.009) 0.006 0.006 0.007 0.001 0.006 0.005 
  59   (0.011) 0.012 0.011 0.010 0.001 0.013 0.011 
  60   (0.010) 0.008 0.008 0.008 0.001 0.008 0.008 
  61   (0.006) 0.002 0.002 0.002 0.000 0.002 0.002 
  62   (0.013) 0.011 0.011 0.012 0.001 0.012 0.011 
  63   (0.011) 0.016 0.014 0.018 0.001 0.017 0.013 
  64   (0.009) 0.005 0.005 0.005 0.001 0.005 0.005 
  65   (0.019) 0.021 0.021 0.020 0.001 0.020 0.021 
  66   (0.010) 0.009 0.009 0.010 0.001 0.009 0.008 
  67   (0.010) 0.006 0.006 0.007 0.001 0.006 0.006 
  68   (0.012) 0.011 0.013 0.010 0.001 0.011 0.011 
  69   (0.006) 0.002 0.002 0.002 0.000 0.002 0.002 
  70   (0.006) 0.002 0.002 0.002 0.000 0.002 0.002 
  71   (0.010) 0.007 0.006 0.006 0.001 0.007 0.006 
  72   (0.006) 0.002 0.002 0.002 0.000 0.002 0.002 
  73   (0.006) 0.002 0.002 0.002 0.001 0.002 0.002 
  74   (0.006) 0.002 0.002 0.002 0.000 0.002 0.002 
  75   (0.009) 0.005 0.005 0.005 0.001 0.005 0.005 
  76   (0.006) 0.002 0.002 0.002 0.000 0.002 0.002 
  77   (0.008) 0.004 0.004 0.003 0.001 0.004 0.003 
  78   (0.006) 0.002 0.002 0.002 0.000 0.002 0.002 

Locus 2 : COPE9 
12 alleles
8.3% missing data
   1   (0.413) 0.464 0.468 0.476 0.408 0.463 0.477 
   2   (0.142) 0.139 0.134 0.136 0.259 0.143 0.131 
   3   (0.050) 0.051 0.047 0.050 0.029 0.049 0.050 
   4   (0.074) 0.077 0.081 0.070 0.027 0.074 0.077 
   5   (0.037) 0.025 0.027 0.027 0.024 0.026 0.024 
   6   (0.130) 0.133 0.136 0.136 0.055 0.133 0.135 
   7   (0.038) 0.027 0.028 0.024 0.066 0.028 0.025 
   8   (0.081) 0.072 0.071 0.070 0.082 0.071 0.070 
   9   (0.011) 0.004 0.004 0.005 0.001 0.004 0.004 
  10   (0.009) 0.001 0.001 0.001 0.048 0.001 0.001 
  11   (0.008) 0.003 0.003 0.003 0.001 0.003 0.003 
  12   (0.008) 0.003 0.003 0.003 0.001 0.003 0.003 

Locus 3 : CPER26 
12 alleles
2.6% missing data
   1   (0.231) 0.232 0.234 0.236 0.137 0.231 0.238 
   2   (0.034) 0.024 0.027 0.021 0.148 0.023 0.024 
   3   (0.083) 0.080 0.084 0.076 0.008 0.084 0.077 
   4   (0.499) 0.583 0.576 0.585 0.061 0.581 0.578 
   5   (0.056) 0.043 0.041 0.044 0.298 0.042 0.046 
   6   (0.030) 0.015 0.015 0.015 0.308 0.015 0.016 
   7   (0.013) 0.006 0.006 0.006 0.001 0.006 0.005 
   8   (0.018) 0.007 0.007 0.008 0.023 0.008 0.007 
   9   (0.008) 0.002 0.002 0.002 0.004 0.002 0.002 
  10   (0.012) 0.003 0.003 0.003 0.010 0.003 0.003 
  11   (0.008) 0.002 0.002 0.002 0.001 0.003 0.002 
  12   (0.008) 0.002 0.003 0.002 0.001 0.002 0.002 

Locus 4 : CPER92 
12 alleles
6.8% missing data
   1   (0.618) 0.684 0.686 0.673 0.513 0.679 0.684 
   2   (0.115) 0.130 0.131 0.139 0.276 0.136 0.131 
   3   (0.088) 0.088 0.085 0.088 0.045 0.087 0.087 
   4   (0.015) 0.007 0.007 0.007 0.019 0.007 0.008 
   5   (0.039) 0.025 0.025 0.026 0.034 0.026 0.024 
   6   (0.035) 0.026 0.027 0.029 0.008 0.026 0.027 
   7   (0.019) 0.008 0.008 0.008 0.035 0.008 0.008 
   8   (0.012) 0.003 0.003 0.003 0.035 0.003 0.003 
   9   (0.021) 0.012 0.013 0.011 0.018 0.012 0.012 
  10   (0.017) 0.008 0.007 0.008 0.016 0.008 0.008 
  11   (0.013) 0.006 0.006 0.006 0.001 0.006 0.006 
  12   (0.008) 0.002 0.002 0.003 0.001 0.003 0.002 

Locus 5 : CPER99 
5 alleles
1.0% missing data
   1   (0.013) 0.003 0.003 0.003 0.341 0.003 0.003 
   2   (0.870) 0.929 0.931 0.932 0.090 0.929 0.932 
   3   (0.080) 0.056 0.053 0.053 0.475 0.055 0.053 
   4   (0.013) 0.003 0.003 0.003 0.030 0.003 0.003 
   5   (0.024) 0.009 0.009 0.009 0.064 0.009 0.009 

Locus 6 : CPER119 
22 alleles
5.5% missing data
   1   (0.009) 0.001 0.001 0.001 0.106 0.001 0.001 
   2   (0.080) 0.088 0.090 0.094 0.045 0.085 0.097 
   3   (0.036) 0.032 0.030 0.030 0.052 0.033 0.033 
   4   (0.008) 0.003 0.003 0.002 0.001 0.002 0.002 
   5   (0.160) 0.176 0.183 0.172 0.094 0.177 0.172 
   6   (0.070) 0.076 0.083 0.064 0.080 0.074 0.075 
   7   (0.069) 0.087 0.088 0.086 0.079 0.086 0.095 
   8   (0.083) 0.078 0.077 0.076 0.101 0.077 0.075 
   9   (0.116) 0.134 0.128 0.131 0.067 0.137 0.135 
  10   (0.061) 0.063 0.059 0.070 0.033 0.065 0.057 
  11   (0.021) 0.014 0.014 0.013 0.023 0.015 0.013 
  12   (0.085) 0.104 0.100 0.112 0.010 0.104 0.104 
  13   (0.016) 0.006 0.007 0.006 0.011 0.007 0.006 
  14   (0.028) 0.038 0.036 0.036 0.010 0.035 0.038 
  15   (0.026) 0.019 0.020 0.020 0.064 0.019 0.022 
  16   (0.022) 0.010 0.011 0.010 0.029 0.011 0.010 
  17   (0.024) 0.012 0.013 0.012 0.095 0.013 0.012 
  18   (0.017) 0.009 0.010 0.010 0.008 0.009 0.010 
  19   (0.011) 0.003 0.003 0.003 0.025 0.003 0.003 
  20   (0.037) 0.032 0.033 0.036 0.060 0.035 0.028 
  21   (0.012) 0.007 0.007 0.007 0.005 0.007 0.007 
  22   (0.010) 0.006 0.005 0.006 0.001 0.005 0.006 

Locus 7 : CPER188 
15 alleles
1.6% missing data
   1   (0.598) 0.673 0.677 0.671 0.820 0.671 0.677 
   2   (0.112) 0.102 0.103 0.102 0.091 0.103 0.099 
   3   (0.032) 0.026 0.025 0.024 0.002 0.027 0.024 
   4   (0.040) 0.032 0.032 0.032 0.003 0.032 0.031 
   5   (0.089) 0.109 0.105 0.115 0.006 0.108 0.113 
   6   (0.016) 0.006 0.006 0.007 0.008 0.007 0.006 
   7   (0.017) 0.011 0.010 0.010 0.006 0.011 0.010 
   8   (0.023) 0.013 0.013 0.012 0.008 0.013 0.012 
   9   (0.008) 0.001 0.001 0.001 0.040 0.001 0.001 
  10   (0.008) 0.001 0.001 0.001 0.010 0.001 0.001 
  11   (0.018) 0.011 0.012 0.010 0.001 0.012 0.011 
  12   (0.015) 0.007 0.007 0.008 0.001 0.007 0.007 
  13   (0.008) 0.002 0.002 0.002 0.003 0.002 0.002 
  14   (0.008) 0.003 0.002 0.003 0.001 0.003 0.003 
  15   (0.008) 0.002 0.002 0.002 0.001 0.002 0.003 

Values of parameters used in structure:
DATAFILE=../Data/microsats.structure,	OUTFILE=../Structure_Results/07_K_06.out,	NUMINDS=384,	NUMLOCI=7,	MISSING=-9,	LABEL=1,	POPDATA=0,	POPFLAG=0,	PHENOTYPE=0,	EXTRACOLS=0,	MAXPOPS=6,	BURNIN=1000000,	NUMREPS=10000000,	USEPOPINFO=0,	INFERALPHA=1,	INFERLAMBDA=0,	POPSPECIFICLAMBDA=0,	POPALPHAS=0,	COMPUTEPROB=1,	NOADMIX=0,	ADMBURNIN=500,	UPDATEFREQ=100,	PRINTLIKES=0,	INTERMEDSAVE=0,	PRINTKLD=0,	PRINTNET=1,	PRINTLAMBDA=1,	ANCESTDIST=0,	NUMBOXES=1000,	ANCESTPINT=0.90000,	GENSBACK=2,	MIGRPRIOR=0.01000,	PRINTQHAT=0,	PRINTQSUM=1,	ALPHA=1.0000,	FREQSCORR=1,	FPRIORMEAN=0.0100,	FPRIORSD=0.0500,	ONEFST=0,	LAMBDA=1.0000,	UNIFPRIORALPHA=1,	ALPHAMAX=10.0000,	ALPHAPRIORA=1.0000,	ALPHAPRIORB=2.0000,	ALPHAPROPSD=0.0250,	STARTATPOPINFO=0,	RANDOMIZE=0,	LINKAGE=0,	METROFREQ=10,	REPORTHITRATE=0,	MARKOVPHASE=-1,	PHASED=0,	PLOIDY=2,	PHASEINFO=0	LOCPRIOR=0, 	LOCPRIORINIT=1.000000, 	LOCDATA=0, 	LOCISPOP=0, 	LOCPRIORSTEP=0.100000, 	MAXLOCPRIOR=20.000000, 	SEED=99586697,	
[STRAT parameters]:    NUMSIMSTATS=1000,	PHENOTYPECOL=-9,	POOLFREQ=10,	LOCUSxONLY=0,	EMERROR=0.00100,	MISSINGPHENO=-9,	