

----------------------------------------------------
STRUCTURE by Pritchard, Stephens and Donnelly (2000)
     and Falush, Stephens and Pritchard (2003)
       Code by Pritchard, Falush and Hubisz
             Version 2.3.4 (Jul 2012)
----------------------------------------------------



Command line arguments:   /home/jason/Programs/structure -K 8 -i ../Data/microsats.structure -m Structure_Run/mainparams -e Structure_Run/extraparams -D 92383480 -o ../Structure_Results/07_K_08.out 
Input File:    ../Data/microsats.structure

Run parameters:
   384 individuals
   7 loci
   8 populations assumed
   1000000 Burn-in period
   10000000 Reps
RANDOMIZE turned off


--------------------------------------------
Overall proportion of membership of the
sample in each of the 8 clusters

Inferred Clusters
  1      2      3      4      5      6      7      8    
0.126  0.126  0.126  0.126  0.125  0.118  0.126  0.126  

--------------------------------------------

Allele-freq. divergence among pops (Net nucleotide distance),
computed using point estimates of P.

      1       2       3       4       5       6       7       8      
 1      -    0.0003  0.0001  0.0002  0.0001  0.1560  0.0001  0.0002  
 2   0.0003     -    0.0001  0.0001  0.0003  0.1576  0.0001  0.0002  
 3   0.0001  0.0001     -    0.0001  0.0001  0.1568  0.0000  0.0001  
 4   0.0002  0.0001  0.0001     -    0.0002  0.1563  0.0001  0.0001  
 5   0.0001  0.0003  0.0001  0.0002     -    0.1562  0.0001  0.0001  
 6   0.1560  0.1576  0.1568  0.1563  0.1562     -    0.1566  0.1563  
 7   0.0001  0.0001  0.0000  0.0001  0.0001  0.1566     -    0.0001  
 8   0.0002  0.0002  0.0001  0.0001  0.0001  0.1563  0.0001     -    

Average distances (expected heterozygosity) between individuals in same cluster:
cluster  1  : 0.6266 
cluster  2  : 0.6197 
cluster  3  : 0.6225 
cluster  4  : 0.6252 
cluster  5  : 0.6269 
cluster  6  : 0.6510 
cluster  7  : 0.6242 
cluster  8  : 0.6244 

--------------------------------------------
Estimated Ln Prob of Data   = -8933.2
Mean value of ln likelihood = -7885.2
Variance of ln likelihood   = 2096.1
Mean value of alpha         = 0.0468

Mean value of Fst_1         = 0.0699
Mean value of Fst_2         = 0.0713
Mean value of Fst_3         = 0.0703
Mean value of Fst_4         = 0.0671
Mean value of Fst_5         = 0.0698
Mean value of Fst_6         = 0.1690
Mean value of Fst_7         = 0.0700
Mean value of Fst_8         = 0.0713


Inferred ancestry of individuals:
        Label (%Miss) :  Inferred clusters
  1 COPE-0001    (0)   :  0.008 0.008 0.008 0.008 0.008 0.942 0.008 0.008 
  2 COPE-0002    (0)   :  0.151 0.116 0.128 0.138 0.162 0.011 0.139 0.155 
  3 COPE-0003    (0)   :  0.118 0.172 0.151 0.160 0.112 0.007 0.137 0.144 
  4 COPE-0004    (0)   :  0.161 0.107 0.124 0.137 0.167 0.013 0.142 0.149 
  5 COPE-0005    (0)   :  0.144 0.125 0.140 0.124 0.160 0.020 0.142 0.145 
  6 COPE-0006    (0)   :  0.133 0.134 0.143 0.138 0.152 0.018 0.139 0.142 
  7 COPE-0007    (0)   :  0.143 0.131 0.144 0.130 0.154 0.007 0.147 0.144 
  8 COPE-0008    (0)   :  0.153 0.148 0.144 0.129 0.128 0.008 0.152 0.137 
  9 COPE-0009    (0)   :  0.117 0.148 0.144 0.150 0.135 0.018 0.126 0.163 
 10 COPE-0010    (0)   :  0.163 0.147 0.127 0.158 0.138 0.007 0.147 0.114 
 11 COPE-0011   (14)   :  0.015 0.011 0.013 0.013 0.015 0.905 0.014 0.013 
 12 COPE-0012   (14)   :  0.145 0.150 0.145 0.135 0.136 0.007 0.148 0.134 
 13 COPE-0013    (0)   :  0.112 0.181 0.149 0.172 0.104 0.006 0.133 0.144 
 14 COPE-0014    (0)   :  0.125 0.149 0.156 0.130 0.147 0.010 0.134 0.148 
 15 COPE-0015    (0)   :  0.138 0.148 0.151 0.132 0.142 0.007 0.140 0.142 
 16 COPE-0016    (0)   :  0.125 0.125 0.145 0.136 0.155 0.010 0.124 0.181 
 17 COPE-0017    (0)   :  0.042 0.045 0.046 0.042 0.047 0.688 0.043 0.047 
 18 COPE-0018    (0)   :  0.130 0.142 0.149 0.145 0.144 0.008 0.137 0.146 
 19 COPE-0019    (0)   :  0.117 0.162 0.150 0.161 0.119 0.006 0.136 0.150 
 20 COPE-0020    (0)   :  0.138 0.146 0.134 0.146 0.147 0.008 0.141 0.139 
 21 COPE-0021    (0)   :  0.140 0.155 0.145 0.132 0.151 0.006 0.142 0.130 
 22 COPE-0022    (0)   :  0.151 0.146 0.143 0.132 0.130 0.007 0.150 0.142 
 23 COPE-0023    (0)   :  0.155 0.123 0.127 0.150 0.156 0.008 0.145 0.136 
 24 COPE-0024   (14)   :  0.139 0.140 0.137 0.131 0.153 0.006 0.147 0.147 
 25 COPE-0025    (0)   :  0.141 0.123 0.129 0.143 0.131 0.074 0.135 0.124 
 26 COPE-0026    (0)   :  0.150 0.130 0.147 0.136 0.138 0.005 0.147 0.147 
 27 COPE-0027    (0)   :  0.119 0.170 0.149 0.160 0.112 0.006 0.139 0.146 
 28 COPE-0028    (0)   :  0.166 0.139 0.140 0.154 0.130 0.006 0.142 0.124 
 29 COPE-0029    (0)   :  0.126 0.126 0.148 0.132 0.158 0.005 0.127 0.177 
 30 COPE-0030   (14)   :  0.034 0.029 0.032 0.032 0.035 0.770 0.034 0.034 
 31 COPE-0031    (0)   :  0.150 0.136 0.148 0.130 0.136 0.010 0.144 0.146 
 32 COPE-0032    (0)   :  0.168 0.135 0.131 0.158 0.135 0.009 0.144 0.119 
 33 COPE-0033    (0)   :  0.152 0.137 0.135 0.153 0.138 0.012 0.143 0.130 
 34 COPE-0034    (0)   :  0.147 0.125 0.143 0.128 0.151 0.011 0.142 0.154 
 35 COPE-0035   (14)   :  0.166 0.137 0.137 0.157 0.127 0.008 0.144 0.125 
 36 COPE-0036   (14)   :  0.134 0.144 0.134 0.139 0.163 0.006 0.148 0.131 
 37 COPE-0037    (0)   :  0.138 0.147 0.136 0.141 0.136 0.023 0.140 0.138 
 38 COPE-0038    (0)   :  0.153 0.141 0.150 0.132 0.123 0.006 0.152 0.142 
 39 COPE-0039    (0)   :  0.120 0.129 0.127 0.141 0.130 0.090 0.131 0.133 
 40 COPE-0040   (14)   :  0.113 0.139 0.134 0.136 0.121 0.097 0.127 0.134 
 41 COPE-0041    (0)   :  0.131 0.137 0.140 0.147 0.141 0.031 0.136 0.138 
 42 COPE-0042    (0)   :  0.158 0.146 0.140 0.159 0.120 0.011 0.146 0.121 
 43 COPE-0043    (0)   :  0.144 0.120 0.133 0.139 0.161 0.005 0.136 0.163 
 44 COPE-0044    (0)   :  0.152 0.119 0.130 0.140 0.156 0.014 0.142 0.147 
 45 COPE-0045    (0)   :  0.146 0.120 0.131 0.139 0.148 0.031 0.142 0.142 
 46 COPE-0046    (0)   :  0.026 0.030 0.029 0.030 0.027 0.800 0.028 0.030 
 47 COPE-0047    (0)   :  0.007 0.007 0.007 0.007 0.007 0.948 0.007 0.008 
 48 COPE-0048    (0)   :  0.169 0.146 0.133 0.165 0.122 0.007 0.145 0.113 
 49 COPE-0049    (0)   :  0.152 0.114 0.136 0.141 0.157 0.016 0.141 0.143 
 50 COPE-0050    (0)   :  0.123 0.161 0.143 0.157 0.122 0.007 0.137 0.149 
 51 COPE-0051    (0)   :  0.166 0.123 0.127 0.142 0.111 0.105 0.128 0.099 
 52 COPE-0052    (0)   :  0.130 0.142 0.160 0.124 0.150 0.010 0.136 0.149 
 53 COPE-0053    (0)   :  0.120 0.128 0.144 0.133 0.158 0.009 0.123 0.184 
 54 COPE-0054    (0)   :  0.133 0.159 0.140 0.131 0.156 0.005 0.149 0.128 
 55 COPE-0055    (0)   :  0.152 0.150 0.144 0.131 0.124 0.005 0.154 0.140 
 56 COPE-0056    (0)   :  0.141 0.139 0.139 0.142 0.140 0.018 0.145 0.136 
 57 COPE-0057    (0)   :  0.124 0.154 0.142 0.153 0.134 0.011 0.142 0.141 
 58 COPE-0058    (0)   :  0.148 0.117 0.137 0.140 0.162 0.009 0.145 0.141 
 59 COPE-0059    (0)   :  0.112 0.179 0.146 0.159 0.105 0.019 0.134 0.146 
 60 COPE-0060    (0)   :  0.137 0.134 0.138 0.138 0.153 0.007 0.132 0.162 
 61 COPE-0061    (0)   :  0.117 0.136 0.148 0.141 0.145 0.012 0.125 0.177 
 62 COPE-0062    (0)   :  0.133 0.158 0.156 0.126 0.149 0.009 0.141 0.128 
 63 COPE-0063    (0)   :  0.147 0.147 0.140 0.127 0.128 0.027 0.149 0.133 
 64 COPE-0064    (0)   :  0.138 0.138 0.144 0.136 0.142 0.009 0.142 0.150 
 65 COPE-0065    (0)   :  0.006 0.006 0.006 0.006 0.006 0.959 0.006 0.006 
 66 COPE-0066    (0)   :  0.168 0.151 0.133 0.167 0.114 0.016 0.142 0.109 
 67 COPE-0067   (14)   :  0.030 0.027 0.027 0.029 0.026 0.808 0.028 0.025 
 68 COPE-0068    (0)   :  0.111 0.181 0.150 0.164 0.103 0.010 0.134 0.146 
 69 COPE-0069   (14)   :  0.127 0.156 0.153 0.132 0.139 0.013 0.138 0.141 
 70 COPE-0070    (0)   :  0.164 0.118 0.138 0.135 0.151 0.012 0.142 0.142 
 71 COPE-0071    (0)   :  0.164 0.150 0.131 0.162 0.132 0.004 0.145 0.111 
 72 COPE-0072    (0)   :  0.135 0.148 0.140 0.145 0.141 0.007 0.136 0.149 
 73 COPE-0073   (14)   :  0.037 0.040 0.041 0.040 0.047 0.708 0.039 0.048 
 74 COPE-0074    (0)   :  0.162 0.139 0.136 0.156 0.132 0.009 0.144 0.122 
 75 COPE-0075    (0)   :  0.187 0.132 0.138 0.159 0.121 0.013 0.142 0.109 
 76 COPE-0076    (0)   :  0.131 0.155 0.144 0.140 0.139 0.006 0.146 0.139 
 77 COPE-0077   (14)   :  0.135 0.144 0.145 0.143 0.134 0.009 0.143 0.148 
 78 COPE-0078   (14)   :  0.150 0.132 0.137 0.128 0.152 0.008 0.149 0.144 
 79 COPE-0079    (0)   :  0.174 0.094 0.119 0.135 0.174 0.008 0.146 0.150 
 80 COPE-0080   (42)   :  0.019 0.022 0.022 0.022 0.021 0.854 0.020 0.021 
 81 COPE-0081   (14)   :  0.077 0.078 0.075 0.074 0.073 0.471 0.077 0.074 
 82 COPE-0082   (14)   :  0.156 0.132 0.135 0.139 0.130 0.046 0.142 0.119 
 83 COPE-0083   (14)   :  0.128 0.156 0.163 0.120 0.152 0.006 0.135 0.140 
 84 COPE-0084    (0)   :  0.097 0.096 0.112 0.104 0.124 0.230 0.096 0.141 
 85 COPE-0085    (0)   :  0.150 0.123 0.131 0.144 0.150 0.010 0.140 0.152 
 86 COPE-0086    (0)   :  0.145 0.127 0.139 0.142 0.150 0.021 0.141 0.136 
 87 COPE-0087   (14)   :  0.136 0.130 0.139 0.140 0.153 0.007 0.132 0.163 
 88 COPE-0088   (14)   :  0.142 0.120 0.141 0.131 0.153 0.025 0.136 0.153 
 89 COPE-0089   (14)   :  0.008 0.007 0.007 0.007 0.007 0.948 0.007 0.007 
 90 COPE-0090    (0)   :  0.152 0.148 0.143 0.131 0.128 0.008 0.150 0.141 
 91 COPE-0091   (14)   :  0.132 0.139 0.142 0.137 0.150 0.006 0.132 0.164 
 92 COPE-0092   (28)   :  0.024 0.024 0.024 0.026 0.023 0.829 0.024 0.025 
 93 COPE-0093    (0)   :  0.148 0.152 0.145 0.130 0.133 0.006 0.152 0.134 
 94 COPE-0094    (0)   :  0.169 0.093 0.115 0.131 0.172 0.030 0.143 0.146 
 95 COPE-0095    (0)   :  0.130 0.130 0.148 0.131 0.152 0.005 0.126 0.179 
 96 COPE-0096    (0)   :  0.132 0.139 0.153 0.129 0.150 0.009 0.134 0.154 
 97 COPE-0097    (0)   :  0.161 0.148 0.144 0.146 0.136 0.008 0.141 0.117 
 98 COPE-0098    (0)   :  0.155 0.137 0.147 0.129 0.133 0.008 0.148 0.144 
 99 COPE-0099    (0)   :  0.119 0.168 0.143 0.158 0.114 0.022 0.134 0.142 
100 COPE-0100    (0)   :  0.135 0.153 0.146 0.153 0.128 0.007 0.139 0.140 
101 COPE-0101    (0)   :  0.154 0.136 0.131 0.148 0.122 0.045 0.139 0.123 
102 COPE-0102    (0)   :  0.147 0.129 0.143 0.148 0.144 0.006 0.141 0.143 
103 COPE-0103    (0)   :  0.154 0.119 0.133 0.132 0.158 0.017 0.142 0.146 
104 COPE-0104   (14)   :  0.160 0.144 0.138 0.152 0.127 0.007 0.150 0.123 
105 COPE-0105    (0)   :  0.166 0.139 0.138 0.150 0.128 0.037 0.137 0.105 
106 COPE-0106    (0)   :  0.126 0.167 0.130 0.131 0.169 0.005 0.147 0.125 
107 COPE-0107    (0)   :  0.021 0.019 0.019 0.019 0.018 0.865 0.020 0.020 
108 COPE-0108    (0)   :  0.148 0.143 0.151 0.134 0.141 0.006 0.145 0.132 
109 COPE-0109    (0)   :  0.158 0.114 0.127 0.140 0.159 0.012 0.142 0.149 
110 COPE-0110   (14)   :  0.133 0.140 0.134 0.135 0.156 0.014 0.140 0.147 
111 COPE-0111    (0)   :  0.130 0.154 0.139 0.132 0.153 0.009 0.136 0.146 
112 COPE-0112   (14)   :  0.159 0.145 0.139 0.158 0.125 0.011 0.145 0.119 
113 COPE-0113    (0)   :  0.133 0.147 0.140 0.152 0.130 0.021 0.140 0.137 
114 COPE-0114    (0)   :  0.125 0.151 0.142 0.136 0.154 0.010 0.147 0.134 
115 COPE-0115    (0)   :  0.026 0.026 0.028 0.025 0.028 0.813 0.025 0.029 
116 COPE-0116   (28)   :  0.010 0.010 0.010 0.010 0.010 0.930 0.010 0.010 
117 COPE-0117    (0)   :  0.123 0.128 0.148 0.131 0.156 0.011 0.122 0.182 
118 COPE-0118    (0)   :  0.122 0.164 0.142 0.127 0.163 0.009 0.141 0.131 
119 COPE-0119    (0)   :  0.141 0.148 0.152 0.126 0.143 0.010 0.147 0.132 
120 COPE-0120    (0)   :  0.145 0.137 0.134 0.145 0.143 0.012 0.142 0.144 
121 COPE-0121    (0)   :  0.123 0.151 0.139 0.128 0.138 0.060 0.129 0.133 
122 COPE-0122    (0)   :  0.160 0.121 0.125 0.144 0.158 0.008 0.146 0.138 
123 COPE-0123    (0)   :  0.159 0.124 0.130 0.146 0.152 0.015 0.144 0.131 
124 COPE-0124    (0)   :  0.148 0.123 0.131 0.142 0.157 0.013 0.144 0.142 
125 COPE-0125    (0)   :  0.144 0.149 0.133 0.148 0.144 0.007 0.152 0.123 
126 COPE-0126    (0)   :  0.124 0.128 0.150 0.129 0.155 0.012 0.124 0.179 
127 COPE-0127   (14)   :  0.154 0.133 0.147 0.141 0.144 0.007 0.141 0.133 
128 COPE-0128    (0)   :  0.132 0.143 0.132 0.142 0.154 0.019 0.145 0.133 
129 COPE-0129    (0)   :  0.161 0.114 0.129 0.142 0.156 0.006 0.144 0.147 
130 COPE-0130    (0)   :  0.122 0.167 0.147 0.153 0.114 0.012 0.137 0.148 
131 COPE-0131   (14)   :  0.126 0.160 0.158 0.131 0.139 0.009 0.138 0.138 
132 COPE-0132   (14)   :  0.129 0.146 0.136 0.126 0.142 0.038 0.144 0.139 
133 COPE-0133    (0)   :  0.125 0.123 0.141 0.134 0.161 0.009 0.124 0.182 
134 COPE-0134    (0)   :  0.148 0.132 0.130 0.144 0.155 0.007 0.144 0.140 
135 COPE-0135    (0)   :  0.162 0.137 0.130 0.152 0.136 0.008 0.150 0.125 
136 COPE-0136    (0)   :  0.013 0.013 0.013 0.013 0.013 0.910 0.013 0.013 
137 COPE-0137    (0)   :  0.125 0.149 0.145 0.164 0.129 0.013 0.138 0.138 
138 COPE-0138   (14)   :  0.009 0.009 0.008 0.009 0.009 0.941 0.009 0.008 
139 COPE-0139    (0)   :  0.120 0.157 0.149 0.164 0.123 0.008 0.133 0.145 
140 COPE-0140   (14)   :  0.022 0.023 0.022 0.024 0.021 0.844 0.022 0.022 
141 COPE-0141    (0)   :  0.147 0.140 0.144 0.132 0.144 0.008 0.147 0.138 
142 COPE-0142    (0)   :  0.137 0.148 0.144 0.136 0.142 0.009 0.148 0.136 
143 COPE-0143    (0)   :  0.136 0.122 0.146 0.135 0.157 0.009 0.135 0.160 
144 COPE-0144   (14)   :  0.105 0.096 0.102 0.106 0.117 0.254 0.103 0.118 
145 COPE-0145   (14)   :  0.091 0.086 0.086 0.097 0.093 0.370 0.088 0.089 
146 COPE-0146   (14)   :  0.132 0.134 0.146 0.133 0.144 0.029 0.135 0.147 
147 COPE-0147    (0)   :  0.149 0.110 0.121 0.130 0.147 0.066 0.138 0.139 
148 COPE-0148    (0)   :  0.128 0.126 0.141 0.132 0.159 0.009 0.126 0.180 
149 COPE-0149    (0)   :  0.119 0.158 0.146 0.154 0.127 0.007 0.131 0.157 
150 COPE-0150    (0)   :  0.176 0.143 0.132 0.171 0.118 0.008 0.144 0.108 
151 COPE-0151    (0)   :  0.126 0.142 0.146 0.145 0.141 0.007 0.138 0.155 
152 COPE-0152   (14)   :  0.134 0.122 0.125 0.119 0.122 0.124 0.131 0.123 
153 COPE-0153    (0)   :  0.147 0.131 0.146 0.135 0.143 0.006 0.148 0.144 
154 COPE-0154    (0)   :  0.122 0.156 0.147 0.146 0.136 0.006 0.141 0.146 
155 COPE-0155    (0)   :  0.128 0.145 0.139 0.149 0.146 0.006 0.143 0.144 
156 COPE-0156   (14)   :  0.009 0.009 0.009 0.009 0.009 0.939 0.009 0.009 
157 COPE-0157   (14)   :  0.110 0.098 0.101 0.098 0.105 0.281 0.106 0.101 
158 COPE-0158    (0)   :  0.119 0.140 0.145 0.139 0.148 0.009 0.123 0.178 
159 COPE-0159    (0)   :  0.151 0.134 0.140 0.132 0.138 0.008 0.150 0.148 
160 COPE-0160    (0)   :  0.163 0.115 0.134 0.136 0.159 0.006 0.147 0.140 
161 COPE-0161    (0)   :  0.152 0.125 0.136 0.148 0.147 0.012 0.143 0.139 
162 COPE-0162   (14)   :  0.007 0.007 0.007 0.007 0.007 0.952 0.007 0.007 
163 COPE-0163   (28)   :  0.013 0.013 0.013 0.013 0.013 0.907 0.013 0.013 
164 COPE-0164    (0)   :  0.126 0.137 0.149 0.143 0.135 0.032 0.133 0.145 
165 COPE-0165    (0)   :  0.132 0.153 0.144 0.153 0.127 0.008 0.139 0.145 
166 COPE-0166   (14)   :  0.154 0.123 0.129 0.139 0.160 0.008 0.143 0.144 
167 COPE-0167    (0)   :  0.152 0.125 0.130 0.132 0.163 0.008 0.144 0.146 
168 COPE-0168    (0)   :  0.137 0.131 0.144 0.134 0.147 0.006 0.135 0.167 
169 COPE-0169    (0)   :  0.115 0.176 0.148 0.165 0.105 0.011 0.135 0.145 
170 COPE-0170    (0)   :  0.139 0.139 0.145 0.129 0.136 0.031 0.146 0.135 
171 COPE-0171    (0)   :  0.134 0.144 0.145 0.133 0.144 0.009 0.141 0.151 
172 COPE-0172    (0)   :  0.147 0.130 0.149 0.137 0.147 0.007 0.145 0.139 
173 COPE-0173   (14)   :  0.111 0.162 0.137 0.148 0.108 0.067 0.129 0.139 
174 COPE-0174   (28)   :  0.140 0.134 0.140 0.138 0.148 0.018 0.137 0.145 
175 COPE-0175    (0)   :  0.140 0.107 0.140 0.128 0.157 0.040 0.133 0.156 
176 COPE-0176    (0)   :  0.144 0.144 0.135 0.128 0.156 0.009 0.146 0.138 
177 COPE-0177    (0)   :  0.117 0.164 0.150 0.159 0.120 0.007 0.134 0.149 
178 COPE-0178    (0)   :  0.127 0.161 0.130 0.134 0.168 0.007 0.150 0.123 
179 COPE-0179    (0)   :  0.138 0.146 0.142 0.150 0.135 0.009 0.141 0.138 
180 COPE-0180   (14)   :  0.119 0.178 0.147 0.165 0.106 0.006 0.135 0.144 
181 COPE-0181   (14)   :  0.120 0.164 0.144 0.159 0.122 0.009 0.138 0.144 
182 COPE-0182    (0)   :  0.161 0.134 0.151 0.135 0.133 0.005 0.146 0.135 
183 COPE-0183    (0)   :  0.139 0.143 0.143 0.139 0.146 0.011 0.140 0.139 
184 COPE-0184    (0)   :  0.151 0.123 0.141 0.127 0.159 0.009 0.143 0.147 
185 COPE-0185    (0)   :  0.146 0.145 0.149 0.136 0.124 0.007 0.152 0.142 
186 COPE-0186    (0)   :  0.133 0.156 0.161 0.125 0.147 0.005 0.139 0.135 
187 COPE-0187    (0)   :  0.180 0.136 0.140 0.150 0.126 0.010 0.144 0.115 
188 COPE-0188    (0)   :  0.027 0.023 0.023 0.026 0.023 0.831 0.024 0.023 
189 COPE-0189    (0)   :  0.137 0.158 0.145 0.157 0.124 0.009 0.137 0.133 
190 COPE-0190    (0)   :  0.159 0.114 0.128 0.143 0.155 0.015 0.142 0.143 
191 COPE-0191    (0)   :  0.131 0.143 0.145 0.143 0.143 0.012 0.135 0.148 
192 COPE-0192   (14)   :  0.010 0.011 0.011 0.010 0.011 0.928 0.010 0.010 
193 COPE-0193    (0)   :  0.130 0.130 0.149 0.137 0.154 0.006 0.133 0.160 
194 COPE-0194    (0)   :  0.174 0.142 0.134 0.165 0.123 0.009 0.143 0.109 
195 COPE-0195    (0)   :  0.158 0.127 0.140 0.150 0.143 0.007 0.141 0.134 
196 COPE-0196    (0)   :  0.150 0.134 0.140 0.140 0.141 0.011 0.145 0.138 
197 COPE-0197    (0)   :  0.119 0.162 0.143 0.154 0.126 0.007 0.137 0.152 
198 COPE-0198    (0)   :  0.126 0.156 0.153 0.145 0.117 0.014 0.143 0.147 
199 COPE-0199    (0)   :  0.111 0.176 0.147 0.163 0.111 0.011 0.135 0.146 
200 COPE-0200   (42)   :  0.113 0.173 0.149 0.160 0.112 0.009 0.134 0.149 
201 COPE-0201    (0)   :  0.143 0.150 0.150 0.128 0.141 0.009 0.145 0.134 
202 COPE-0202    (0)   :  0.165 0.118 0.132 0.132 0.147 0.014 0.147 0.145 
203 COPE-0203    (0)   :  0.138 0.144 0.141 0.139 0.139 0.006 0.147 0.146 
204 COPE-0204    (0)   :  0.144 0.148 0.129 0.145 0.146 0.034 0.145 0.109 
205 COPE-0205    (0)   :  0.132 0.122 0.149 0.133 0.150 0.022 0.130 0.161 
206 COPE-0206    (0)   :  0.132 0.161 0.136 0.135 0.156 0.005 0.144 0.131 
207 COPE-0207    (0)   :  0.131 0.161 0.139 0.125 0.152 0.011 0.148 0.133 
208 COPE-0208    (0)   :  0.029 0.029 0.029 0.030 0.027 0.799 0.029 0.028 
209 COPE-0209    (0)   :  0.132 0.159 0.143 0.150 0.129 0.007 0.144 0.136 
210 COPE-0210    (0)   :  0.129 0.138 0.144 0.141 0.145 0.012 0.128 0.165 
211 COPE-0211    (0)   :  0.172 0.144 0.136 0.168 0.118 0.005 0.145 0.111 
212 COPE-0212    (0)   :  0.134 0.150 0.138 0.130 0.148 0.012 0.146 0.142 
213 COPE-0213    (0)   :  0.140 0.147 0.141 0.143 0.147 0.008 0.146 0.129 
214 COPE-0214    (0)   :  0.112 0.182 0.149 0.163 0.103 0.008 0.136 0.147 
215 COPE-0215    (0)   :  0.111 0.175 0.143 0.160 0.101 0.039 0.131 0.141 
216 COPE-0216   (14)   :  0.078 0.076 0.080 0.079 0.087 0.438 0.075 0.088 
217 COPE-0217    (0)   :  0.130 0.153 0.133 0.127 0.156 0.027 0.144 0.130 
218 COPE-0218    (0)   :  0.131 0.140 0.151 0.142 0.134 0.009 0.141 0.150 
219 COPE-0219   (14)   :  0.121 0.163 0.147 0.154 0.119 0.009 0.135 0.152 
220 COPE-0220    (0)   :  0.129 0.159 0.133 0.135 0.156 0.014 0.146 0.128 
221 COPE-0221    (0)   :  0.152 0.144 0.140 0.131 0.122 0.015 0.153 0.143 
222 COPE-0222    (0)   :  0.140 0.139 0.147 0.129 0.141 0.007 0.134 0.164 
223 COPE-0223    (0)   :  0.130 0.157 0.139 0.160 0.124 0.008 0.139 0.143 
224 COPE-0224    (0)   :  0.169 0.098 0.119 0.131 0.170 0.021 0.143 0.150 
225 COPE-0225    (0)   :  0.109 0.183 0.147 0.163 0.103 0.015 0.133 0.146 
226 COPE-0226    (0)   :  0.140 0.136 0.139 0.136 0.152 0.007 0.140 0.150 
227 COPE-0227    (0)   :  0.132 0.150 0.152 0.140 0.136 0.006 0.142 0.143 
228 COPE-0228    (0)   :  0.129 0.145 0.128 0.137 0.157 0.022 0.147 0.136 
229 COPE-0229    (0)   :  0.134 0.145 0.140 0.145 0.140 0.007 0.143 0.147 
230 COPE-0230    (0)   :  0.132 0.138 0.137 0.140 0.155 0.010 0.150 0.137 
231 COPE-0231    (0)   :  0.127 0.150 0.144 0.153 0.133 0.006 0.139 0.148 
232 COPE-0232    (0)   :  0.154 0.110 0.131 0.141 0.164 0.014 0.143 0.142 
233 COPE-0233    (0)   :  0.151 0.136 0.146 0.132 0.136 0.005 0.146 0.149 
234 COPE-0234    (0)   :  0.164 0.106 0.125 0.139 0.168 0.008 0.146 0.145 
235 COPE-0235    (0)   :  0.154 0.127 0.130 0.143 0.155 0.006 0.146 0.139 
236 COPE-0236    (0)   :  0.134 0.150 0.132 0.142 0.155 0.005 0.154 0.127 
237 COPE-0237    (0)   :  0.148 0.139 0.153 0.133 0.125 0.006 0.152 0.144 
238 COPE-0238    (0)   :  0.110 0.173 0.149 0.166 0.110 0.007 0.132 0.153 
239 COPE-0239    (0)   :  0.154 0.108 0.129 0.130 0.158 0.034 0.140 0.147 
240 COPE-0240    (0)   :  0.130 0.126 0.149 0.130 0.154 0.008 0.131 0.172 
241 COPE-0241    (0)   :  0.113 0.183 0.148 0.170 0.103 0.007 0.134 0.143 
242 COPE-0242    (0)   :  0.136 0.149 0.150 0.126 0.152 0.006 0.146 0.135 
243 COPE-0243    (0)   :  0.180 0.136 0.138 0.157 0.126 0.008 0.143 0.112 
244 COPE-0244    (0)   :  0.141 0.142 0.145 0.149 0.136 0.009 0.139 0.139 
245 COPE-0245    (0)   :  0.171 0.137 0.140 0.151 0.124 0.012 0.143 0.121 
246 COPE-0246    (0)   :  0.145 0.128 0.138 0.138 0.158 0.013 0.134 0.146 
247 COPE-0247    (0)   :  0.136 0.154 0.146 0.138 0.118 0.017 0.149 0.143 
248 COPE-0248    (0)   :  0.161 0.138 0.143 0.146 0.133 0.005 0.145 0.129 
249 COPE-0249    (0)   :  0.148 0.116 0.125 0.142 0.151 0.033 0.136 0.150 
250 COPE-0250    (0)   :  0.163 0.111 0.122 0.134 0.167 0.015 0.144 0.143 
251 COPE-0251   (14)   :  0.035 0.032 0.033 0.031 0.028 0.775 0.034 0.032 
252 COPE-0252    (0)   :  0.166 0.107 0.122 0.136 0.169 0.012 0.141 0.146 
253 COPE-0253    (0)   :  0.146 0.153 0.146 0.133 0.127 0.008 0.149 0.138 
254 COPE-0254    (0)   :  0.170 0.138 0.143 0.145 0.136 0.013 0.139 0.116 
255 COPE-0255    (0)   :  0.151 0.144 0.140 0.140 0.120 0.028 0.143 0.134 
256 COPE-0256    (0)   :  0.122 0.128 0.147 0.132 0.158 0.011 0.126 0.176 
257 COPE-0257    (0)   :  0.131 0.154 0.159 0.126 0.149 0.008 0.138 0.135 
258 COPE-0258    (0)   :  0.134 0.146 0.152 0.136 0.139 0.022 0.139 0.132 
259 COPE-0259    (0)   :  0.150 0.138 0.138 0.149 0.140 0.006 0.149 0.130 
260 COPE-0260    (0)   :  0.118 0.163 0.144 0.156 0.119 0.024 0.133 0.143 
261 COPE-0261    (0)   :  0.167 0.148 0.139 0.154 0.137 0.006 0.144 0.106 
262 COPE-0262    (0)   :  0.152 0.127 0.139 0.146 0.144 0.022 0.135 0.136 
263 COPE-0263    (0)   :  0.140 0.136 0.156 0.133 0.137 0.008 0.146 0.143 
264 COPE-0264    (0)   :  0.134 0.147 0.152 0.133 0.145 0.021 0.138 0.129 
265 COPE-0265    (0)   :  0.144 0.146 0.147 0.137 0.131 0.011 0.142 0.143 
266 COPE-0266    (0)   :  0.139 0.143 0.132 0.138 0.154 0.018 0.148 0.128 
267 COPE-0267    (0)   :  0.152 0.131 0.144 0.130 0.139 0.006 0.148 0.150 
268 COPE-0268    (0)   :  0.148 0.129 0.151 0.129 0.133 0.013 0.149 0.148 
269 COPE-0269    (0)   :  0.139 0.133 0.138 0.135 0.154 0.007 0.135 0.159 
270 COPE-0270    (0)   :  0.174 0.148 0.135 0.168 0.116 0.007 0.144 0.110 
271 COPE-0271    (0)   :  0.136 0.146 0.137 0.148 0.143 0.008 0.133 0.150 
272 COPE-0272    (0)   :  0.145 0.131 0.141 0.136 0.152 0.007 0.150 0.138 
273 COPE-0273    (0)   :  0.137 0.150 0.137 0.128 0.143 0.015 0.151 0.139 
274 COPE-0274   (14)   :  0.024 0.021 0.021 0.024 0.019 0.850 0.021 0.019 
275 COPE-0275    (0)   :  0.154 0.140 0.137 0.150 0.139 0.011 0.141 0.128 
276 COPE-0276   (14)   :  0.006 0.006 0.006 0.006 0.006 0.957 0.006 0.006 
277 COPE-0277   (14)   :  0.122 0.138 0.139 0.133 0.159 0.014 0.129 0.166 
278 COPE-0278    (0)   :  0.126 0.160 0.131 0.131 0.166 0.007 0.147 0.131 
279 COPE-0279    (0)   :  0.138 0.135 0.140 0.140 0.158 0.009 0.143 0.135 
280 COPE-0280    (0)   :  0.013 0.013 0.013 0.013 0.013 0.908 0.013 0.013 
281 COPE-0281    (0)   :  0.026 0.030 0.028 0.031 0.027 0.802 0.028 0.027 
282 COPE-0282   (14)   :  0.174 0.095 0.118 0.134 0.174 0.006 0.147 0.151 
283 COPE-0283    (0)   :  0.130 0.159 0.135 0.129 0.161 0.007 0.144 0.135 
284 COPE-0284   (14)   :  0.119 0.161 0.140 0.157 0.117 0.036 0.130 0.139 
285 COPE-0285    (0)   :  0.030 0.033 0.034 0.032 0.032 0.775 0.031 0.033 
286 COPE-0286    (0)   :  0.145 0.137 0.139 0.163 0.133 0.013 0.140 0.131 
287 COPE-0287    (0)   :  0.148 0.121 0.149 0.128 0.130 0.037 0.145 0.142 
288 COPE-0288    (0)   :  0.152 0.144 0.139 0.131 0.129 0.010 0.152 0.144 
289 COPE-0289    (0)   :  0.133 0.145 0.149 0.135 0.141 0.008 0.135 0.154 
290 COPE-0290    (0)   :  0.157 0.160 0.138 0.169 0.113 0.008 0.138 0.117 
291 COPE-0291    (0)   :  0.128 0.154 0.145 0.147 0.140 0.006 0.140 0.141 
292 COPE-0292   (42)   :  0.014 0.014 0.014 0.014 0.014 0.902 0.014 0.014 
293 COPE-0293    (0)   :  0.151 0.150 0.142 0.137 0.135 0.008 0.146 0.130 
294 COPE-0294    (0)   :  0.145 0.132 0.135 0.143 0.152 0.012 0.143 0.140 
295 COPE-0295    (0)   :  0.150 0.123 0.136 0.130 0.160 0.008 0.143 0.150 
296 COPE-0296   (14)   :  0.150 0.142 0.139 0.140 0.133 0.007 0.149 0.141 
297 COPE-0297   (14)   :  0.113 0.174 0.143 0.161 0.103 0.035 0.131 0.140 
298 COPE-0298    (0)   :  0.150 0.125 0.133 0.140 0.158 0.010 0.148 0.136 
299 COPE-0299    (0)   :  0.177 0.143 0.136 0.159 0.124 0.006 0.146 0.109 
300 COPE-0300   (14)   :  0.134 0.126 0.150 0.132 0.148 0.008 0.137 0.165 
301 COPE-0301   (14)   :  0.153 0.152 0.143 0.129 0.127 0.009 0.151 0.136 
302 COPE-0302    (0)   :  0.098 0.108 0.117 0.099 0.111 0.250 0.101 0.115 
303 COPE-0303    (0)   :  0.128 0.147 0.134 0.140 0.163 0.006 0.151 0.130 
304 COPE-0304    (0)   :  0.143 0.130 0.150 0.139 0.145 0.007 0.141 0.145 
305 COPE-0305   (14)   :  0.140 0.120 0.131 0.133 0.155 0.040 0.134 0.148 
306 COPE-0306    (0)   :  0.129 0.167 0.132 0.129 0.162 0.009 0.148 0.124 
307 COPE-0307   (28)   :  0.008 0.008 0.008 0.008 0.008 0.944 0.008 0.008 
308 COPE-0308    (0)   :  0.170 0.104 0.122 0.134 0.167 0.006 0.147 0.150 
309 COPE-0309   (14)   :  0.052 0.045 0.049 0.051 0.049 0.655 0.051 0.049 
310 COPE-0310   (28)   :  0.041 0.049 0.051 0.038 0.047 0.689 0.043 0.043 
311 COPE-0311    (0)   :  0.133 0.139 0.154 0.129 0.143 0.023 0.141 0.137 
312 COPE-0312   (28)   :  0.012 0.013 0.012 0.012 0.013 0.915 0.012 0.012 
313 COPE-0313    (0)   :  0.138 0.157 0.145 0.132 0.149 0.008 0.146 0.125 
314 COPE-0314    (0)   :  0.158 0.131 0.150 0.134 0.132 0.008 0.149 0.138 
315 COPE-0315    (0)   :  0.130 0.156 0.144 0.144 0.135 0.008 0.143 0.140 
316 COPE-0316    (0)   :  0.147 0.151 0.132 0.154 0.131 0.022 0.141 0.121 
317 COPE-0317   (14)   :  0.008 0.008 0.009 0.008 0.009 0.942 0.008 0.008 
318 COPE-0318    (0)   :  0.147 0.145 0.138 0.150 0.140 0.006 0.146 0.129 
319 COPE-0319    (0)   :  0.158 0.114 0.133 0.138 0.156 0.007 0.146 0.148 
320 COPE-0320   (14)   :  0.147 0.138 0.142 0.134 0.144 0.014 0.141 0.140 
321 COPE-0321   (14)   :  0.141 0.148 0.153 0.135 0.135 0.011 0.145 0.131 
322 COPE-0322   (14)   :  0.137 0.152 0.140 0.155 0.134 0.006 0.141 0.135 
323 COPE-0323    (0)   :  0.127 0.154 0.164 0.121 0.148 0.011 0.138 0.135 
324 COPE-0324    (0)   :  0.116 0.177 0.148 0.160 0.111 0.006 0.135 0.147 
325 COPE-0325   (14)   :  0.120 0.132 0.144 0.131 0.158 0.012 0.121 0.183 
326 COPE-0326    (0)   :  0.148 0.140 0.135 0.131 0.151 0.007 0.150 0.138 
327 COPE-0327   (14)   :  0.147 0.141 0.141 0.137 0.134 0.009 0.151 0.140 
328 COPE-0328    (0)   :  0.136 0.143 0.141 0.149 0.146 0.006 0.147 0.133 
329 COPE-0329   (28)   :  0.121 0.172 0.143 0.154 0.119 0.012 0.137 0.142 
330 COPE-0330    (0)   :  0.152 0.127 0.149 0.133 0.136 0.022 0.147 0.134 
331 COPE-0331    (0)   :  0.151 0.153 0.144 0.129 0.126 0.006 0.154 0.136 
332 COPE-0332   (14)   :  0.138 0.137 0.136 0.141 0.160 0.007 0.148 0.133 
333 COPE-0333    (0)   :  0.126 0.130 0.123 0.115 0.106 0.151 0.127 0.122 
334 COPE-0334   (28)   :  0.050 0.055 0.059 0.047 0.053 0.632 0.052 0.052 
335 COPE-0335    (0)   :  0.112 0.182 0.148 0.163 0.105 0.007 0.136 0.147 
336 COPE-0336    (0)   :  0.145 0.143 0.144 0.143 0.130 0.006 0.148 0.142 
337 COPE-0337   (28)   :  0.017 0.021 0.019 0.020 0.017 0.868 0.018 0.019 
338 COPE-0338    (0)   :  0.137 0.130 0.156 0.132 0.140 0.023 0.146 0.137 
339 COPE-0339    (0)   :  0.123 0.129 0.151 0.129 0.157 0.006 0.123 0.181 
340 COPE-0340   (14)   :  0.012 0.012 0.012 0.012 0.012 0.917 0.012 0.012 
341 COPE-0341    (0)   :  0.162 0.110 0.131 0.138 0.157 0.007 0.148 0.148 
342 COPE-0342    (0)   :  0.110 0.183 0.149 0.167 0.103 0.007 0.134 0.147 
343 COPE-0343    (0)   :  0.150 0.148 0.137 0.139 0.145 0.006 0.145 0.129 
344 COPE-0344   (14)   :  0.011 0.010 0.010 0.010 0.010 0.929 0.010 0.010 
345 COPE-0345    (0)   :  0.159 0.110 0.128 0.135 0.165 0.006 0.144 0.153 
346 COPE-0346    (0)   :  0.139 0.123 0.138 0.139 0.145 0.034 0.142 0.139 
347 COPE-0347    (0)   :  0.155 0.141 0.143 0.150 0.135 0.007 0.138 0.130 
348 COPE-0348    (0)   :  0.154 0.143 0.133 0.149 0.139 0.015 0.146 0.119 
349 COPE-0349    (0)   :  0.120 0.173 0.144 0.163 0.116 0.006 0.133 0.146 
350 COPE-0350    (0)   :  0.158 0.145 0.130 0.162 0.134 0.006 0.144 0.121 
351 COPE-0351    (0)   :  0.167 0.150 0.137 0.160 0.122 0.006 0.143 0.116 
352 COPE-0352    (0)   :  0.126 0.142 0.141 0.147 0.139 0.027 0.139 0.139 
353 COPE-0353    (0)   :  0.134 0.147 0.156 0.135 0.145 0.006 0.140 0.137 
354 COPE-0354    (0)   :  0.144 0.143 0.148 0.130 0.143 0.016 0.143 0.132 
355 COPE-0355    (0)   :  0.121 0.125 0.146 0.132 0.159 0.006 0.119 0.190 
356 COPE-0356    (0)   :  0.177 0.135 0.143 0.147 0.133 0.008 0.141 0.118 
357 COPE-0357    (0)   :  0.131 0.154 0.142 0.148 0.126 0.009 0.144 0.146 
358 COPE-0358    (0)   :  0.007 0.008 0.008 0.008 0.007 0.947 0.007 0.008 
359 COPE-0359   (14)   :  0.141 0.126 0.144 0.139 0.158 0.009 0.140 0.143 
360 COPE-0360    (0)   :  0.135 0.154 0.158 0.131 0.144 0.006 0.138 0.134 
361 COPE-0361    (0)   :  0.162 0.117 0.127 0.143 0.161 0.008 0.149 0.133 
362 COPE-0362    (0)   :  0.116 0.178 0.146 0.163 0.111 0.007 0.137 0.144 
363 COPE-0363   (14)   :  0.147 0.117 0.133 0.139 0.160 0.014 0.144 0.146 
364 COPE-0364    (0)   :  0.147 0.131 0.159 0.133 0.138 0.006 0.152 0.135 
365 COPE-0365    (0)   :  0.141 0.138 0.159 0.126 0.133 0.022 0.145 0.136 
366 COPE-0366    (0)   :  0.128 0.167 0.140 0.168 0.106 0.022 0.136 0.134 
367 COPE-0367   (14)   :  0.012 0.011 0.011 0.011 0.012 0.919 0.012 0.012 
368 COPE-0368    (0)   :  0.128 0.129 0.146 0.133 0.150 0.010 0.131 0.173 
369 COPE-0369    (0)   :  0.147 0.140 0.140 0.135 0.133 0.009 0.147 0.149 
370 COPE-0370   (28)   :  0.009 0.009 0.009 0.009 0.009 0.939 0.009 0.009 
371 COPE-0371    (0)   :  0.145 0.147 0.151 0.129 0.129 0.012 0.147 0.140 
372 COPE-0372    (0)   :  0.118 0.152 0.142 0.129 0.141 0.047 0.136 0.135 
373 COPE-0373   (14)   :  0.153 0.135 0.134 0.132 0.146 0.007 0.150 0.144 
374 COPE-0374    (0)   :  0.148 0.110 0.150 0.131 0.160 0.008 0.142 0.151 
375 COPE-0375   (14)   :  0.137 0.138 0.156 0.125 0.148 0.011 0.145 0.141 
376 COPE-0376   (14)   :  0.175 0.142 0.144 0.154 0.130 0.006 0.140 0.109 
377 COPE-0377    (0)   :  0.059 0.052 0.053 0.055 0.057 0.612 0.057 0.055 
378 COPE-0378    (0)   :  0.135 0.138 0.145 0.140 0.148 0.007 0.130 0.158 
379 COPE-0379    (0)   :  0.112 0.178 0.149 0.168 0.108 0.007 0.134 0.143 
380 COPE-0380   (28)   :  0.033 0.037 0.032 0.034 0.038 0.759 0.036 0.031 
381 COPE-0381    (0)   :  0.148 0.132 0.138 0.141 0.151 0.012 0.138 0.141 
382 COPE-0382    (0)   :  0.111 0.180 0.150 0.168 0.105 0.006 0.135 0.147 
383 COPE-0383    (0)   :  0.125 0.132 0.151 0.114 0.133 0.083 0.135 0.127 
384 COPE-0384    (0)   :  0.137 0.145 0.146 0.135 0.145 0.008 0.135 0.148 


Estimated Allele Frequencies in each cluster
First column gives estimated ancestral frequencies


Locus 1 : COPE5 
78 alleles
0.5% missing data
   1   (0.007) 0.001 0.001 0.001 0.001 0.001 0.674 0.001 0.001 
   2   (0.022) 0.025 0.021 0.023 0.024 0.026 0.015 0.024 0.026 
   3   (0.014) 0.015 0.012 0.013 0.014 0.017 0.002 0.014 0.016 
   4   (0.023) 0.024 0.026 0.025 0.027 0.024 0.001 0.024 0.027 
   5   (0.011) 0.009 0.012 0.011 0.011 0.008 0.001 0.010 0.010 
   6   (0.019) 0.018 0.018 0.017 0.019 0.018 0.005 0.018 0.018 
   7   (0.008) 0.004 0.003 0.003 0.003 0.004 0.001 0.004 0.004 
   8   (0.034) 0.089 0.089 0.084 0.082 0.099 0.002 0.092 0.089 
   9   (0.020) 0.023 0.020 0.021 0.022 0.024 0.001 0.022 0.022 
  10   (0.019) 0.020 0.019 0.021 0.020 0.020 0.001 0.021 0.020 
  11   (0.015) 0.015 0.014 0.016 0.014 0.014 0.015 0.016 0.015 
  12   (0.016) 0.024 0.025 0.024 0.023 0.022 0.001 0.025 0.023 
  13   (0.010) 0.011 0.011 0.011 0.010 0.010 0.001 0.011 0.010 
  14   (0.024) 0.029 0.027 0.028 0.027 0.027 0.002 0.028 0.028 
  15   (0.015) 0.028 0.030 0.034 0.030 0.036 0.001 0.029 0.041 
  16   (0.009) 0.007 0.006 0.006 0.007 0.006 0.001 0.006 0.005 
  17   (0.018) 0.015 0.015 0.014 0.015 0.015 0.001 0.015 0.014 
  18   (0.017) 0.012 0.016 0.014 0.015 0.012 0.007 0.013 0.014 
  19   (0.011) 0.009 0.012 0.010 0.012 0.008 0.001 0.010 0.010 
  20   (0.029) 0.053 0.053 0.056 0.050 0.052 0.002 0.052 0.055 
  21   (0.023) 0.021 0.023 0.022 0.023 0.021 0.001 0.022 0.023 
  22   (0.019) 0.014 0.016 0.016 0.016 0.015 0.008 0.015 0.016 
  23   (0.013) 0.011 0.013 0.012 0.013 0.010 0.001 0.012 0.012 
  24   (0.015) 0.021 0.019 0.020 0.019 0.018 0.001 0.019 0.016 
  25   (0.010) 0.008 0.008 0.008 0.008 0.008 0.001 0.008 0.008 
  26   (0.013) 0.009 0.009 0.009 0.009 0.009 0.001 0.009 0.009 
  27   (0.012) 0.011 0.009 0.009 0.011 0.009 0.001 0.010 0.008 
  28   (0.008) 0.003 0.003 0.003 0.003 0.003 0.019 0.003 0.003 
  29   (0.013) 0.013 0.011 0.011 0.012 0.010 0.001 0.012 0.010 
  30   (0.019) 0.021 0.019 0.019 0.020 0.020 0.004 0.021 0.021 
  31   (0.019) 0.018 0.019 0.019 0.020 0.018 0.001 0.018 0.020 
  32   (0.025) 0.037 0.043 0.040 0.041 0.033 0.002 0.039 0.039 
  33   (0.006) 0.002 0.002 0.002 0.002 0.002 0.000 0.002 0.002 
  34   (0.018) 0.020 0.019 0.021 0.018 0.019 0.001 0.020 0.020 
  35   (0.007) 0.001 0.001 0.001 0.001 0.001 0.054 0.001 0.001 
  36   (0.006) 0.002 0.002 0.002 0.002 0.002 0.000 0.002 0.002 
  37   (0.021) 0.023 0.025 0.027 0.023 0.026 0.019 0.024 0.025 
  38   (0.016) 0.014 0.012 0.012 0.013 0.013 0.007 0.012 0.012 
  39   (0.014) 0.018 0.018 0.018 0.018 0.021 0.001 0.020 0.017 
  40   (0.011) 0.008 0.011 0.010 0.011 0.009 0.001 0.009 0.010 
  41   (0.008) 0.005 0.005 0.005 0.005 0.004 0.001 0.005 0.004 
  42   (0.007) 0.002 0.002 0.002 0.002 0.002 0.000 0.002 0.002 
  43   (0.009) 0.005 0.004 0.005 0.005 0.005 0.001 0.005 0.005 
  44   (0.022) 0.030 0.023 0.026 0.027 0.028 0.002 0.027 0.026 
  45   (0.006) 0.002 0.002 0.002 0.002 0.002 0.000 0.002 0.002 
  46   (0.016) 0.018 0.018 0.019 0.017 0.019 0.001 0.019 0.018 
  47   (0.010) 0.007 0.005 0.006 0.006 0.007 0.001 0.006 0.007 
  48   (0.006) 0.002 0.002 0.002 0.002 0.002 0.000 0.002 0.002 
  49   (0.015) 0.016 0.014 0.015 0.015 0.018 0.001 0.016 0.017 
  50   (0.013) 0.011 0.012 0.011 0.012 0.012 0.002 0.011 0.012 
  51   (0.012) 0.013 0.015 0.016 0.012 0.014 0.011 0.014 0.013 
  52   (0.014) 0.013 0.012 0.012 0.012 0.011 0.001 0.012 0.012 
  53   (0.007) 0.001 0.001 0.001 0.001 0.001 0.032 0.001 0.001 
  54   (0.006) 0.001 0.001 0.001 0.001 0.001 0.076 0.001 0.001 
  55   (0.010) 0.009 0.008 0.007 0.008 0.007 0.001 0.007 0.006 
  56   (0.010) 0.010 0.012 0.011 0.010 0.012 0.001 0.011 0.010 
  57   (0.013) 0.010 0.013 0.012 0.013 0.010 0.001 0.011 0.011 
  58   (0.009) 0.007 0.006 0.006 0.007 0.006 0.001 0.006 0.005 
  59   (0.010) 0.014 0.009 0.010 0.011 0.014 0.001 0.012 0.012 
  60   (0.010) 0.008 0.008 0.008 0.007 0.008 0.001 0.008 0.008 
  61   (0.006) 0.002 0.002 0.002 0.002 0.002 0.000 0.002 0.002 
  62   (0.013) 0.012 0.012 0.012 0.012 0.012 0.001 0.012 0.011 
  63   (0.011) 0.018 0.016 0.016 0.017 0.015 0.001 0.015 0.012 
  64   (0.009) 0.005 0.005 0.005 0.005 0.005 0.001 0.005 0.005 
  65   (0.019) 0.019 0.023 0.020 0.021 0.020 0.001 0.020 0.020 
  66   (0.009) 0.009 0.009 0.009 0.009 0.010 0.001 0.010 0.009 
  67   (0.010) 0.007 0.006 0.006 0.007 0.005 0.001 0.006 0.005 
  68   (0.013) 0.010 0.013 0.011 0.013 0.009 0.001 0.011 0.011 
  69   (0.006) 0.002 0.002 0.002 0.002 0.002 0.000 0.002 0.002 
  70   (0.006) 0.002 0.002 0.002 0.002 0.002 0.000 0.002 0.002 
  71   (0.010) 0.006 0.006 0.007 0.006 0.007 0.001 0.006 0.006 
  72   (0.006) 0.002 0.002 0.002 0.002 0.002 0.000 0.002 0.002 
  73   (0.006) 0.002 0.002 0.002 0.002 0.002 0.001 0.002 0.002 
  74   (0.006) 0.002 0.002 0.002 0.002 0.002 0.000 0.002 0.002 
  75   (0.009) 0.005 0.005 0.005 0.005 0.004 0.001 0.005 0.004 
  76   (0.006) 0.002 0.002 0.002 0.002 0.002 0.000 0.002 0.002 
  77   (0.007) 0.003 0.004 0.004 0.004 0.003 0.001 0.003 0.003 
  78   (0.006) 0.002 0.002 0.002 0.002 0.002 0.000 0.002 0.002 

Locus 2 : COPE9 
12 alleles
8.3% missing data
   1   (0.412) 0.472 0.477 0.474 0.464 0.458 0.409 0.473 0.461 
   2   (0.142) 0.146 0.126 0.132 0.137 0.145 0.270 0.136 0.137 
   3   (0.048) 0.046 0.054 0.049 0.049 0.055 0.023 0.051 0.049 
   4   (0.072) 0.067 0.080 0.078 0.079 0.071 0.023 0.072 0.080 
   5   (0.036) 0.026 0.027 0.026 0.028 0.023 0.022 0.026 0.023 
   6   (0.133) 0.136 0.128 0.135 0.135 0.135 0.050 0.134 0.140 
   7   (0.039) 0.028 0.024 0.025 0.027 0.028 0.070 0.026 0.027 
   8   (0.082) 0.069 0.072 0.072 0.071 0.074 0.079 0.072 0.073 
   9   (0.011) 0.004 0.005 0.004 0.004 0.004 0.001 0.004 0.004 
  10   (0.009) 0.001 0.001 0.001 0.001 0.001 0.052 0.001 0.001 
  11   (0.008) 0.003 0.003 0.003 0.003 0.003 0.001 0.003 0.002 
  12   (0.008) 0.003 0.002 0.003 0.003 0.003 0.001 0.003 0.003 

Locus 3 : CPER26 
12 alleles
2.6% missing data
   1   (0.232) 0.238 0.236 0.237 0.233 0.234 0.122 0.236 0.237 
   2   (0.033) 0.020 0.028 0.024 0.026 0.019 0.154 0.022 0.023 
   3   (0.083) 0.081 0.080 0.077 0.085 0.077 0.007 0.079 0.077 
   4   (0.499) 0.578 0.576 0.579 0.575 0.588 0.050 0.579 0.583 
   5   (0.055) 0.043 0.044 0.045 0.041 0.044 0.310 0.045 0.042 
   6   (0.030) 0.015 0.014 0.016 0.015 0.016 0.322 0.015 0.016 
   7   (0.014) 0.006 0.005 0.005 0.006 0.006 0.001 0.006 0.005 
   8   (0.018) 0.008 0.008 0.007 0.008 0.007 0.021 0.008 0.007 
   9   (0.008) 0.002 0.002 0.002 0.002 0.002 0.003 0.002 0.002 
  10   (0.012) 0.003 0.003 0.003 0.003 0.003 0.009 0.003 0.003 
  11   (0.009) 0.002 0.002 0.002 0.003 0.002 0.001 0.002 0.002 
  12   (0.008) 0.002 0.002 0.002 0.003 0.002 0.001 0.003 0.002 

Locus 4 : CPER92 
12 alleles
6.8% missing data
   1   (0.624) 0.664 0.699 0.686 0.686 0.673 0.509 0.677 0.683 
   2   (0.105) 0.147 0.119 0.126 0.128 0.138 0.288 0.137 0.130 
   3   (0.091) 0.089 0.082 0.088 0.086 0.089 0.043 0.085 0.091 
   4   (0.014) 0.007 0.008 0.009 0.007 0.008 0.017 0.008 0.008 
   5   (0.040) 0.027 0.023 0.025 0.025 0.026 0.032 0.026 0.025 
   6   (0.036) 0.028 0.028 0.026 0.027 0.027 0.007 0.028 0.026 
   7   (0.018) 0.008 0.009 0.008 0.008 0.009 0.035 0.008 0.008 
   8   (0.012) 0.003 0.003 0.003 0.003 0.003 0.036 0.003 0.003 
   9   (0.021) 0.010 0.013 0.012 0.013 0.010 0.018 0.011 0.012 
  10   (0.017) 0.008 0.009 0.008 0.008 0.009 0.014 0.008 0.008 
  11   (0.013) 0.006 0.006 0.006 0.006 0.006 0.001 0.006 0.006 
  12   (0.008) 0.003 0.002 0.002 0.003 0.002 0.001 0.002 0.002 

Locus 5 : CPER99 
5 alleles
1.0% missing data
   1   (0.013) 0.003 0.003 0.003 0.003 0.003 0.352 0.003 0.003 
   2   (0.870) 0.931 0.932 0.930 0.930 0.926 0.073 0.931 0.926 
   3   (0.080) 0.054 0.053 0.055 0.055 0.059 0.480 0.054 0.059 
   4   (0.013) 0.003 0.003 0.003 0.003 0.003 0.030 0.003 0.003 
   5   (0.024) 0.009 0.009 0.009 0.009 0.009 0.065 0.009 0.009 

Locus 6 : CPER119 
22 alleles
5.5% missing data
   1   (0.009) 0.001 0.001 0.001 0.001 0.001 0.116 0.001 0.001 
   2   (0.080) 0.094 0.092 0.091 0.088 0.086 0.040 0.094 0.093 
   3   (0.037) 0.032 0.029 0.033 0.029 0.035 0.055 0.031 0.033 
   4   (0.008) 0.002 0.003 0.003 0.003 0.002 0.001 0.002 0.002 
   5   (0.162) 0.167 0.179 0.175 0.181 0.172 0.092 0.175 0.177 
   6   (0.069) 0.067 0.081 0.074 0.079 0.067 0.080 0.072 0.076 
   7   (0.068) 0.096 0.078 0.088 0.083 0.091 0.079 0.091 0.091 
   8   (0.084) 0.074 0.078 0.077 0.077 0.077 0.108 0.075 0.077 
   9   (0.115) 0.129 0.137 0.137 0.130 0.144 0.052 0.132 0.138 
  10   (0.060) 0.066 0.066 0.059 0.065 0.066 0.030 0.065 0.055 
