

----------------------------------------------------
STRUCTURE by Pritchard, Stephens and Donnelly (2000)
     and Falush, Stephens and Pritchard (2003)
       Code by Pritchard, Falush and Hubisz
             Version 2.3.4 (Jul 2012)
----------------------------------------------------



Command line arguments:   /home/jason/Programs/structure -K 10 -i ../Data/microsats.structure -m Structure_Run/mainparams -e Structure_Run/extraparams -D 26689591 -o ../Structure_Results/07_K_10.out 
Input File:    ../Data/microsats.structure

Run parameters:
   384 individuals
   7 loci
   10 populations assumed
   1000000 Burn-in period
   10000000 Reps
RANDOMIZE turned off


--------------------------------------------
Overall proportion of membership of the
sample in each of the 10 clusters

Inferred Clusters
  1      2      3      4      5      6      7      8      9     10    
0.099  0.098  0.099  0.099  0.112  0.099  0.098  0.099  0.099  0.098  

--------------------------------------------

Allele-freq. divergence among pops (Net nucleotide distance),
computed using point estimates of P.

      1       2       3       4       5       6       7       8       9      10      
 1      -    0.0002  0.0001  0.0000  0.1649  0.0001  0.0001  0.0001  0.0001  0.0001  
 2   0.0002     -    0.0003  0.0002  0.1647  0.0002  0.0001  0.0002  0.0001  0.0001  
 3   0.0001  0.0003     -    0.0001  0.1634  0.0001  0.0001  0.0001  0.0001  0.0002  
 4   0.0000  0.0002  0.0001     -    0.1638  0.0001  0.0001  0.0001  0.0001  0.0001  
 5   0.1649  0.1647  0.1634  0.1638     -    0.1641  0.1641  0.1633  0.1641  0.1645  
 6   0.0001  0.0002  0.0001  0.0001  0.1641     -    0.0000  0.0000  0.0000  0.0001  
 7   0.0001  0.0001  0.0001  0.0001  0.1641  0.0000     -    0.0001  0.0001  0.0001  
 8   0.0001  0.0002  0.0001  0.0001  0.1633  0.0000  0.0001     -    0.0001  0.0002  
 9   0.0001  0.0001  0.0001  0.0001  0.1641  0.0000  0.0001  0.0001     -    0.0002  
10   0.0001  0.0001  0.0002  0.0001  0.1645  0.0001  0.0001  0.0002  0.0002     -    

Average distances (expected heterozygosity) between individuals in same cluster:
cluster  1  : 0.6228 
cluster  2  : 0.6236 
cluster  3  : 0.6257 
cluster  4  : 0.6261 
cluster  5  : 0.6397 
cluster  6  : 0.6244 
cluster  7  : 0.6254 
cluster  8  : 0.6253 
cluster  9  : 0.6248 
cluster 10  : 0.6254 

--------------------------------------------
Estimated Ln Prob of Data   = -9062.0
Mean value of ln likelihood = -7741.5
Variance of ln likelihood   = 2640.9
Mean value of alpha         = 0.0483

Mean value of Fst_1         = 0.0920
Mean value of Fst_2         = 0.0939
Mean value of Fst_3         = 0.0882
Mean value of Fst_4         = 0.0864
Mean value of Fst_5         = 0.1920
Mean value of Fst_6         = 0.0877
Mean value of Fst_7         = 0.0897
Mean value of Fst_8         = 0.0889
Mean value of Fst_9         = 0.0905
Mean value of Fst_10         = 0.0913


Inferred ancestry of individuals:
        Label (%Miss) :  Inferred clusters
  1 COPE-0001    (0)   :  0.009 0.008 0.009 0.009 0.923 0.009 0.008 0.009 0.008 0.008 
  2 COPE-0002    (0)   :  0.102 0.111 0.115 0.117 0.011 0.104 0.106 0.112 0.109 0.114 
  3 COPE-0003    (0)   :  0.103 0.101 0.123 0.112 0.007 0.120 0.104 0.121 0.120 0.090 
  4 COPE-0004    (0)   :  0.100 0.122 0.111 0.103 0.012 0.101 0.109 0.116 0.106 0.120 
  5 COPE-0005    (0)   :  0.107 0.131 0.105 0.099 0.021 0.096 0.111 0.104 0.107 0.117 
  6 COPE-0006    (0)   :  0.111 0.106 0.105 0.120 0.018 0.112 0.111 0.104 0.107 0.105 
  7 COPE-0007    (0)   :  0.116 0.126 0.105 0.103 0.007 0.102 0.110 0.103 0.102 0.127 
  8 COPE-0008    (0)   :  0.115 0.114 0.106 0.098 0.008 0.116 0.111 0.122 0.107 0.102 
  9 COPE-0009    (0)   :  0.106 0.099 0.118 0.115 0.017 0.114 0.102 0.114 0.116 0.100 
 10 COPE-0010    (0)   :  0.110 0.104 0.108 0.114 0.007 0.115 0.117 0.105 0.105 0.116 
 11 COPE-0011   (14)   :  0.013 0.014 0.014 0.013 0.879 0.012 0.014 0.014 0.013 0.013 
 12 COPE-0012   (14)   :  0.105 0.115 0.110 0.101 0.007 0.117 0.114 0.122 0.116 0.094 
 13 COPE-0013    (0)   :  0.100 0.099 0.131 0.111 0.006 0.118 0.101 0.127 0.119 0.088 
 14 COPE-0014    (0)   :  0.124 0.099 0.114 0.129 0.009 0.106 0.093 0.098 0.099 0.129 
 15 COPE-0015    (0)   :  0.121 0.104 0.109 0.118 0.007 0.109 0.103 0.102 0.105 0.123 
 16 COPE-0016    (0)   :  0.117 0.106 0.123 0.113 0.010 0.100 0.099 0.105 0.125 0.102 
 17 COPE-0017    (0)   :  0.046 0.042 0.044 0.047 0.609 0.041 0.040 0.041 0.042 0.048 
 18 COPE-0018    (0)   :  0.109 0.108 0.107 0.116 0.008 0.117 0.114 0.110 0.107 0.105 
 19 COPE-0019    (0)   :  0.110 0.103 0.116 0.113 0.006 0.119 0.108 0.116 0.117 0.092 
 20 COPE-0020    (0)   :  0.107 0.113 0.104 0.114 0.007 0.112 0.109 0.111 0.110 0.113 
 21 COPE-0021    (0)   :  0.116 0.124 0.096 0.106 0.006 0.104 0.112 0.102 0.105 0.129 
 22 COPE-0022    (0)   :  0.114 0.114 0.102 0.097 0.007 0.116 0.120 0.124 0.111 0.096 
 23 COPE-0023    (0)   :  0.098 0.103 0.113 0.128 0.008 0.114 0.113 0.110 0.101 0.112 
 24 COPE-0024   (14)   :  0.112 0.134 0.094 0.098 0.006 0.102 0.116 0.105 0.111 0.121 
 25 COPE-0025    (0)   :  0.097 0.095 0.104 0.116 0.059 0.111 0.104 0.108 0.098 0.108 
 26 COPE-0026    (0)   :  0.126 0.099 0.111 0.111 0.005 0.112 0.108 0.107 0.105 0.115 
 27 COPE-0027    (0)   :  0.105 0.105 0.119 0.107 0.006 0.119 0.109 0.122 0.118 0.090 
 28 COPE-0028    (0)   :  0.116 0.089 0.117 0.118 0.005 0.113 0.109 0.107 0.112 0.115 
 29 COPE-0029    (0)   :  0.119 0.108 0.120 0.111 0.005 0.101 0.102 0.103 0.123 0.108 
 30 COPE-0030   (14)   :  0.029 0.029 0.029 0.030 0.737 0.029 0.030 0.029 0.028 0.029 
 31 COPE-0031    (0)   :  0.125 0.103 0.110 0.109 0.010 0.118 0.103 0.109 0.100 0.114 
 32 COPE-0032    (0)   :  0.103 0.094 0.116 0.121 0.009 0.114 0.116 0.110 0.103 0.113 
 33 COPE-0033    (0)   :  0.106 0.097 0.116 0.118 0.011 0.114 0.113 0.110 0.107 0.107 
 34 COPE-0034    (0)   :  0.114 0.117 0.112 0.105 0.010 0.100 0.107 0.110 0.110 0.116 
 35 COPE-0035   (14)   :  0.109 0.093 0.115 0.116 0.007 0.116 0.113 0.109 0.108 0.114 
 36 COPE-0036   (14)   :  0.107 0.133 0.094 0.109 0.006 0.109 0.114 0.098 0.103 0.126 
 37 COPE-0037    (0)   :  0.106 0.116 0.106 0.104 0.023 0.106 0.109 0.108 0.111 0.112 
 38 COPE-0038    (0)   :  0.120 0.103 0.108 0.106 0.007 0.112 0.115 0.114 0.106 0.109 
 39 COPE-0039    (0)   :  0.100 0.102 0.103 0.109 0.061 0.108 0.099 0.111 0.107 0.100 
 40 COPE-0040   (14)   :  0.100 0.096 0.100 0.109 0.085 0.109 0.099 0.104 0.099 0.099 
 41 COPE-0041    (0)   :  0.101 0.101 0.105 0.120 0.028 0.116 0.107 0.111 0.104 0.107 
 42 COPE-0042    (0)   :  0.111 0.090 0.124 0.113 0.010 0.112 0.110 0.111 0.111 0.108 
 43 COPE-0043    (0)   :  0.107 0.107 0.120 0.114 0.005 0.105 0.103 0.112 0.114 0.114 
 44 COPE-0044    (0)   :  0.100 0.116 0.112 0.104 0.012 0.107 0.110 0.119 0.109 0.110 
 45 COPE-0045    (0)   :  0.097 0.110 0.106 0.107 0.032 0.112 0.111 0.113 0.104 0.108 
 46 COPE-0046    (0)   :  0.026 0.026 0.028 0.027 0.760 0.027 0.025 0.028 0.028 0.025 
 47 COPE-0047    (0)   :  0.007 0.007 0.008 0.008 0.933 0.007 0.007 0.007 0.008 0.007 
 48 COPE-0048    (0)   :  0.109 0.088 0.121 0.112 0.007 0.114 0.114 0.109 0.111 0.115 
 49 COPE-0049    (0)   :  0.104 0.110 0.108 0.113 0.016 0.109 0.114 0.113 0.105 0.109 
 50 COPE-0050    (0)   :  0.103 0.107 0.122 0.107 0.007 0.113 0.102 0.123 0.120 0.095 
 51 COPE-0051    (0)   :  0.101 0.075 0.115 0.097 0.105 0.102 0.106 0.096 0.100 0.102 
 52 COPE-0052    (0)   :  0.125 0.099 0.110 0.128 0.011 0.107 0.095 0.094 0.099 0.133 
 53 COPE-0053    (0)   :  0.120 0.109 0.124 0.111 0.008 0.098 0.096 0.103 0.131 0.101 
 54 COPE-0054    (0)   :  0.113 0.146 0.082 0.096 0.005 0.106 0.123 0.098 0.110 0.120 
 55 COPE-0055    (0)   :  0.115 0.115 0.101 0.095 0.005 0.118 0.120 0.126 0.111 0.094 
 56 COPE-0056    (0)   :  0.101 0.110 0.106 0.107 0.016 0.118 0.116 0.121 0.109 0.095 
 57 COPE-0057    (0)   :  0.104 0.110 0.108 0.110 0.010 0.120 0.112 0.114 0.111 0.101 
 58 COPE-0058    (0)   :  0.099 0.115 0.108 0.116 0.009 0.113 0.112 0.110 0.101 0.117 
 59 COPE-0059    (0)   :  0.102 0.109 0.120 0.101 0.018 0.112 0.106 0.122 0.124 0.085 
 60 COPE-0060    (0)   :  0.108 0.108 0.119 0.119 0.007 0.104 0.104 0.108 0.114 0.109 
 61 COPE-0061    (0)   :  0.116 0.106 0.124 0.111 0.010 0.104 0.096 0.107 0.128 0.097 
 62 COPE-0062    (0)   :  0.120 0.111 0.101 0.119 0.009 0.107 0.105 0.098 0.099 0.131 
 63 COPE-0063    (0)   :  0.105 0.114 0.098 0.094 0.024 0.120 0.119 0.125 0.111 0.090 
 64 COPE-0064    (0)   :  0.116 0.109 0.112 0.110 0.009 0.111 0.106 0.111 0.108 0.107 
 65 COPE-0065    (0)   :  0.006 0.006 0.006 0.006 0.946 0.006 0.006 0.006 0.006 0.006 
 66 COPE-0066    (0)   :  0.108 0.083 0.130 0.111 0.017 0.113 0.111 0.109 0.111 0.109 
 67 COPE-0067   (14)   :  0.028 0.024 0.029 0.029 0.746 0.029 0.029 0.028 0.028 0.029 
 68 COPE-0068    (0)   :  0.102 0.104 0.128 0.105 0.011 0.116 0.101 0.125 0.126 0.083 
 69 COPE-0069   (14)   :  0.112 0.115 0.109 0.112 0.011 0.107 0.107 0.109 0.110 0.107 
 70 COPE-0070    (0)   :  0.104 0.116 0.115 0.103 0.011 0.101 0.112 0.115 0.109 0.112 
 71 COPE-0071    (0)   :  0.113 0.095 0.112 0.115 0.005 0.114 0.114 0.105 0.109 0.118 
 72 COPE-0072    (0)   :  0.105 0.108 0.120 0.116 0.006 0.106 0.104 0.114 0.113 0.108 
 73 COPE-0073   (14)   :  0.040 0.044 0.037 0.037 0.653 0.035 0.038 0.035 0.042 0.040 
 74 COPE-0074    (0)   :  0.110 0.099 0.110 0.111 0.009 0.114 0.116 0.108 0.110 0.113 
 75 COPE-0075    (0)   :  0.110 0.083 0.130 0.107 0.012 0.110 0.116 0.108 0.111 0.114 
 76 COPE-0076    (0)   :  0.110 0.120 0.103 0.104 0.006 0.116 0.112 0.112 0.113 0.104 
 77 COPE-0077   (14)   :  0.110 0.107 0.113 0.111 0.008 0.113 0.110 0.115 0.114 0.099 
 78 COPE-0078   (14)   :  0.109 0.131 0.102 0.097 0.008 0.099 0.114 0.113 0.110 0.117 
 79 COPE-0079    (0)   :  0.093 0.130 0.116 0.098 0.008 0.094 0.111 0.118 0.107 0.124 
 80 COPE-0080   (42)   :  0.020 0.019 0.020 0.021 0.822 0.020 0.019 0.020 0.020 0.020 
 81 COPE-0081   (14)   :  0.062 0.062 0.059 0.059 0.445 0.064 0.063 0.064 0.062 0.059 
 82 COPE-0082   (14)   :  0.106 0.096 0.103 0.105 0.045 0.113 0.114 0.109 0.105 0.103 
 83 COPE-0083   (14)   :  0.130 0.098 0.109 0.135 0.005 0.105 0.090 0.092 0.093 0.143 
 84 COPE-0084    (0)   :  0.096 0.084 0.098 0.090 0.209 0.080 0.079 0.083 0.102 0.080 
 85 COPE-0085    (0)   :  0.100 0.116 0.116 0.107 0.010 0.106 0.107 0.117 0.109 0.112 
 86 COPE-0086    (0)   :  0.111 0.105 0.104 0.117 0.019 0.113 0.112 0.103 0.108 0.107 
 87 COPE-0087   (14)   :  0.111 0.105 0.121 0.117 0.007 0.105 0.104 0.106 0.119 0.103 
 88 COPE-0088   (14)   :  0.107 0.113 0.114 0.110 0.024 0.104 0.105 0.106 0.109 0.108 
 89 COPE-0089   (14)   :  0.007 0.008 0.008 0.007 0.932 0.008 0.008 0.008 0.008 0.007 
 90 COPE-0090    (0)   :  0.116 0.113 0.102 0.097 0.008 0.117 0.119 0.123 0.108 0.097 
 91 COPE-0091   (14)   :  0.115 0.106 0.119 0.120 0.005 0.105 0.102 0.103 0.115 0.111 
 92 COPE-0092   (28)   :  0.021 0.023 0.025 0.023 0.795 0.023 0.022 0.024 0.023 0.022 
 93 COPE-0093    (0)   :  0.105 0.120 0.098 0.094 0.006 0.123 0.123 0.128 0.113 0.089 
 94 COPE-0094    (0)   :  0.091 0.125 0.114 0.098 0.029 0.093 0.108 0.116 0.103 0.123 
 95 COPE-0095    (0)   :  0.122 0.107 0.122 0.112 0.005 0.102 0.099 0.102 0.125 0.103 
 96 COPE-0096    (0)   :  0.121 0.106 0.112 0.118 0.009 0.106 0.101 0.103 0.105 0.119 
 97 COPE-0097    (0)   :  0.121 0.093 0.113 0.115 0.007 0.111 0.113 0.097 0.109 0.119 
 98 COPE-0098    (0)   :  0.125 0.104 0.109 0.107 0.009 0.118 0.103 0.111 0.098 0.116 
 99 COPE-0099    (0)   :  0.100 0.101 0.112 0.118 0.021 0.119 0.105 0.118 0.112 0.095 
100 COPE-0100    (0)   :  0.109 0.101 0.113 0.116 0.007 0.117 0.109 0.117 0.110 0.103 
101 COPE-0101    (0)   :  0.102 0.093 0.117 0.105 0.045 0.111 0.107 0.111 0.105 0.103 
102 COPE-0102    (0)   :  0.103 0.103 0.114 0.117 0.006 0.116 0.110 0.113 0.106 0.112 
103 COPE-0103    (0)   :  0.106 0.117 0.113 0.109 0.016 0.099 0.104 0.110 0.103 0.125 
104 COPE-0104   (14)   :  0.113 0.096 0.106 0.114 0.007 0.117 0.115 0.111 0.110 0.110 
105 COPE-0105    (0)   :  0.114 0.084 0.113 0.109 0.036 0.114 0.114 0.101 0.109 0.106 
106 COPE-0106    (0)   :  0.112 0.165 0.070 0.090 0.004 0.097 0.127 0.089 0.112 0.134 
107 COPE-0107    (0)   :  0.020 0.020 0.019 0.019 0.820 0.021 0.021 0.022 0.020 0.018 
108 COPE-0108    (0)   :  0.121 0.100 0.108 0.115 0.006 0.117 0.106 0.104 0.105 0.118 
109 COPE-0109    (0)   :  0.102 0.116 0.111 0.105 0.011 0.104 0.112 0.116 0.109 0.113 
110 COPE-0110   (14)   :  0.109 0.124 0.104 0.105 0.013 0.103 0.110 0.104 0.114 0.114 
111 COPE-0111    (0)   :  0.113 0.129 0.099 0.106 0.009 0.102 0.107 0.104 0.109 0.122 
112 COPE-0112   (14)   :  0.108 0.090 0.120 0.114 0.010 0.115 0.112 0.110 0.108 0.114 
113 COPE-0113    (0)   :  0.105 0.101 0.114 0.117 0.018 0.117 0.104 0.114 0.107 0.103 
114 COPE-0114    (0)   :  0.108 0.140 0.090 0.100 0.009 0.107 0.122 0.099 0.111 0.115 
115 COPE-0115    (0)   :  0.030 0.026 0.028 0.030 0.754 0.026 0.025 0.025 0.027 0.030 
116 COPE-0116   (28)   :  0.010 0.010 0.011 0.011 0.904 0.011 0.010 0.011 0.011 0.010 
117 COPE-0117    (0)   :  0.121 0.108 0.125 0.112 0.010 0.099 0.095 0.102 0.128 0.100 
118 COPE-0118    (0)   :  0.113 0.151 0.083 0.102 0.009 0.095 0.120 0.093 0.106 0.130 
119 COPE-0119    (0)   :  0.123 0.114 0.090 0.107 0.010 0.109 0.115 0.104 0.100 0.128 
120 COPE-0120    (0)   :  0.105 0.109 0.113 0.109 0.011 0.111 0.110 0.116 0.110 0.106 
121 COPE-0121    (0)   :  0.109 0.108 0.099 0.110 0.056 0.101 0.099 0.102 0.103 0.112 
122 COPE-0122    (0)   :  0.099 0.109 0.116 0.121 0.008 0.108 0.114 0.110 0.105 0.110 
123 COPE-0123    (0)   :  0.100 0.106 0.110 0.117 0.016 0.109 0.119 0.112 0.104 0.107 
124 COPE-0124    (0)   :  0.101 0.108 0.105 0.125 0.012 0.116 0.114 0.109 0.101 0.109 
125 COPE-0125    (0)   :  0.110 0.121 0.101 0.104 0.006 0.114 0.118 0.104 0.114 0.108 
126 COPE-0126    (0)   :  0.124 0.107 0.123 0.111 0.012 0.100 0.096 0.100 0.127 0.101 
127 COPE-0127   (14)   :  0.114 0.107 0.112 0.111 0.007 0.113 0.111 0.106 0.113 0.107 
128 COPE-0128    (0)   :  0.105 0.114 0.098 0.116 0.018 0.115 0.110 0.105 0.104 0.116 
129 COPE-0129    (0)   :  0.096 0.124 0.119 0.102 0.006 0.100 0.110 0.117 0.111 0.115 
130 COPE-0130    (0)   :  0.106 0.107 0.119 0.104 0.013 0.115 0.103 0.123 0.119 0.090 
131 COPE-0131   (14)   :  0.122 0.102 0.110 0.124 0.008 0.110 0.097 0.102 0.102 0.125 
132 COPE-0132   (14)   :  0.110 0.130 0.085 0.098 0.038 0.098 0.114 0.102 0.108 0.117 
133 COPE-0133    (0)   :  0.118 0.106 0.123 0.113 0.009 0.099 0.097 0.104 0.128 0.103 
134 COPE-0134    (0)   :  0.100 0.115 0.109 0.115 0.007 0.109 0.113 0.109 0.107 0.116 
135 COPE-0135    (0)   :  0.105 0.102 0.111 0.109 0.008 0.117 0.119 0.117 0.108 0.104 
136 COPE-0136    (0)   :  0.013 0.013 0.014 0.013 0.881 0.013 0.013 0.013 0.014 0.013 
137 COPE-0137    (0)   :  0.100 0.096 0.113 0.126 0.012 0.120 0.105 0.116 0.109 0.104 
138 COPE-0138   (14)   :  0.009 0.010 0.009 0.009 0.918 0.009 0.009 0.009 0.009 0.009 
139 COPE-0139    (0)   :  0.106 0.099 0.119 0.119 0.007 0.118 0.101 0.120 0.112 0.097 
140 COPE-0140   (14)   :  0.023 0.022 0.025 0.026 0.786 0.024 0.023 0.024 0.024 0.023 
141 COPE-0141    (0)   :  0.103 0.119 0.104 0.100 0.008 0.117 0.119 0.122 0.112 0.096 
142 COPE-0142    (0)   :  0.110 0.119 0.100 0.103 0.009 0.117 0.117 0.114 0.110 0.101 
143 COPE-0143    (0)   :  0.115 0.108 0.112 0.109 0.009 0.106 0.111 0.110 0.115 0.103 
144 COPE-0144   (14)   :  0.092 0.092 0.095 0.099 0.161 0.092 0.087 0.096 0.094 0.092 
145 COPE-0145   (14)   :  0.070 0.069 0.081 0.091 0.296 0.081 0.076 0.082 0.077 0.078 
146 COPE-0146   (14)   :  0.117 0.105 0.107 0.108 0.028 0.112 0.106 0.107 0.109 0.101 
147 COPE-0147    (0)   :  0.099 0.106 0.098 0.099 0.070 0.106 0.113 0.108 0.101 0.099 
148 COPE-0148    (0)   :  0.119 0.112 0.120 0.110 0.009 0.098 0.099 0.104 0.125 0.104 
149 COPE-0149    (0)   :  0.107 0.104 0.125 0.112 0.007 0.112 0.102 0.115 0.120 0.097 
150 COPE-0150    (0)   :  0.108 0.080 0.124 0.114 0.008 0.114 0.117 0.108 0.111 0.117 
151 COPE-0151    (0)   :  0.111 0.104 0.112 0.116 0.007 0.116 0.109 0.113 0.114 0.098 
152 COPE-0152   (14)   :  0.102 0.096 0.090 0.089 0.126 0.103 0.107 0.106 0.094 0.087 
153 COPE-0153    (0)   :  0.117 0.107 0.105 0.110 0.006 0.111 0.110 0.110 0.105 0.118 
154 COPE-0154    (0)   :  0.110 0.118 0.103 0.105 0.007 0.116 0.110 0.112 0.115 0.103 
155 COPE-0155    (0)   :  0.106 0.108 0.102 0.119 0.006 0.121 0.111 0.111 0.109 0.108 
156 COPE-0156   (14)   :  0.009 0.009 0.009 0.009 0.919 0.009 0.009 0.009 0.009 0.009 
157 COPE-0157   (14)   :  0.079 0.088 0.082 0.077 0.254 0.083 0.084 0.090 0.086 0.077 
158 COPE-0158    (0)   :  0.116 0.105 0.124 0.112 0.009 0.102 0.099 0.108 0.124 0.101 
159 COPE-0159    (0)   :  0.115 0.113 0.103 0.103 0.008 0.111 0.115 0.116 0.109 0.107 
160 COPE-0160    (0)   :  0.099 0.121 0.111 0.104 0.007 0.108 0.117 0.115 0.104 0.116 
161 COPE-0161    (0)   :  0.100 0.104 0.111 0.117 0.012 0.113 0.109 0.115 0.103 0.115 
162 COPE-0162   (14)   :  0.007 0.007 0.007 0.007 0.937 0.007 0.007 0.007 0.007 0.007 
163 COPE-0163   (28)   :  0.013 0.013 0.013 0.013 0.882 0.013 0.013 0.013 0.013 0.013 
164 COPE-0164    (0)   :  0.108 0.101 0.108 0.111 0.028 0.115 0.109 0.111 0.105 0.103 
165 COPE-0165    (0)   :  0.104 0.106 0.118 0.110 0.008 0.112 0.107 0.119 0.116 0.101 
166 COPE-0166   (14)   :  0.101 0.119 0.112 0.113 0.008 0.104 0.112 0.109 0.107 0.117 
167 COPE-0167    (0)   :  0.105 0.135 0.102 0.100 0.008 0.100 0.115 0.110 0.109 0.117 
168 COPE-0168    (0)   :  0.119 0.107 0.115 0.112 0.006 0.105 0.106 0.107 0.116 0.107 
169 COPE-0169    (0)   :  0.106 0.105 0.129 0.104 0.011 0.113 0.102 0.123 0.118 0.089 
170 COPE-0170    (0)   :  0.108 0.107 0.101 0.108 0.027 0.110 0.115 0.116 0.104 0.105 
171 COPE-0171    (0)   :  0.116 0.113 0.104 0.111 0.008 0.108 0.111 0.110 0.109 0.110 
172 COPE-0172    (0)   :  0.118 0.103 0.109 0.116 0.007 0.115 0.112 0.107 0.105 0.109 
173 COPE-0173   (14)   :  0.098 0.103 0.114 0.102 0.059 0.107 0.101 0.115 0.113 0.087 
174 COPE-0174   (28)   :  0.109 0.109 0.109 0.112 0.015 0.109 0.107 0.113 0.112 0.105 
175 COPE-0175    (0)   :  0.106 0.110 0.111 0.108 0.040 0.099 0.107 0.106 0.102 0.109 
176 COPE-0176    (0)   :  0.105 0.136 0.096 0.095 0.009 0.105 0.116 0.113 0.112 0.114 
177 COPE-0177    (0)   :  0.104 0.104 0.114 0.114 0.007 0.120 0.108 0.117 0.114 0.098 
178 COPE-0178    (0)   :  0.112 0.161 0.071 0.090 0.007 0.100 0.128 0.088 0.111 0.132 
179 COPE-0179    (0)   :  0.106 0.105 0.109 0.115 0.009 0.118 0.111 0.113 0.109 0.106 
180 COPE-0180   (14)   :  0.102 0.105 0.132 0.105 0.006 0.114 0.103 0.122 0.123 0.088 
181 COPE-0181   (14)   :  0.105 0.104 0.116 0.113 0.009 0.119 0.104 0.119 0.115 0.097 
182 COPE-0182    (0)   :  0.122 0.094 0.115 0.110 0.005 0.119 0.115 0.109 0.103 0.109 
183 COPE-0183    (0)   :  0.112 0.109 0.105 0.115 0.011 0.117 0.113 0.108 0.106 0.104 
184 COPE-0184    (0)   :  0.108 0.128 0.110 0.101 0.009 0.097 0.112 0.108 0.109 0.118 
185 COPE-0185    (0)   :  0.120 0.107 0.107 0.107 0.007 0.114 0.113 0.115 0.104 0.106 
186 COPE-0186    (0)   :  0.125 0.101 0.109 0.129 0.005 0.107 0.095 0.095 0.095 0.139 
187 COPE-0187    (0)   :  0.108 0.090 0.124 0.105 0.010 0.112 0.119 0.112 0.112 0.109 
188 COPE-0188    (0)   :  0.026 0.022 0.029 0.027 0.764 0.026 0.026 0.026 0.027 0.028 
189 COPE-0189    (0)   :  0.106 0.097 0.121 0.117 0.008 0.116 0.106 0.116 0.113 0.099 
190 COPE-0190    (0)   :  0.098 0.110 0.115 0.112 0.014 0.110 0.110 0.113 0.104 0.115 
191 COPE-0191    (0)   :  0.110 0.105 0.111 0.118 0.011 0.111 0.103 0.109 0.109 0.113 
192 COPE-0192   (14)   :  0.012 0.010 0.011 0.012 0.903 0.011 0.010 0.010 0.010 0.012 
193 COPE-0193    (0)   :  0.117 0.109 0.111 0.111 0.006 0.107 0.110 0.106 0.115 0.107 
194 COPE-0194    (0)   :  0.111 0.083 0.124 0.116 0.009 0.113 0.112 0.106 0.110 0.116 
195 COPE-0195    (0)   :  0.108 0.096 0.114 0.116 0.006 0.116 0.113 0.108 0.109 0.113 
196 COPE-0196    (0)   :  0.106 0.106 0.108 0.114 0.011 0.110 0.112 0.112 0.105 0.114 
197 COPE-0197    (0)   :  0.103 0.105 0.114 0.116 0.007 0.116 0.107 0.117 0.115 0.100 
198 COPE-0198    (0)   :  0.108 0.113 0.114 0.103 0.013 0.107 0.109 0.118 0.118 0.095 
199 COPE-0199    (0)   :  0.104 0.106 0.117 0.107 0.012 0.120 0.109 0.118 0.118 0.090 
200 COPE-0200   (42)   :  0.103 0.105 0.122 0.107 0.009 0.118 0.100 0.124 0.123 0.088 
201 COPE-0201    (0)   :  0.115 0.109 0.107 0.110 0.009 0.115 0.109 0.108 0.109 0.109 
202 COPE-0202    (0)   :  0.111 0.115 0.107 0.095 0.013 0.106 0.115 0.119 0.105 0.114 
203 COPE-0203    (0)   :  0.108 0.114 0.103 0.109 0.006 0.112 0.113 0.115 0.112 0.106 
204 COPE-0204    (0)   :  0.112 0.120 0.090 0.102 0.030 0.106 0.121 0.090 0.108 0.122 
205 COPE-0205    (0)   :  0.118 0.101 0.112 0.113 0.022 0.108 0.108 0.106 0.110 0.102 
206 COPE-0206    (0)   :  0.114 0.135 0.087 0.105 0.005 0.106 0.116 0.099 0.107 0.125 
207 COPE-0207    (0)   :  0.115 0.140 0.082 0.098 0.011 0.099 0.119 0.101 0.104 0.130 
208 COPE-0208    (0)   :  0.030 0.028 0.030 0.032 0.730 0.031 0.029 0.031 0.029 0.030 
209 COPE-0209    (0)   :  0.108 0.106 0.113 0.114 0.006 0.111 0.108 0.114 0.113 0.108 
210 COPE-0210    (0)   :  0.118 0.100 0.123 0.114 0.011 0.103 0.102 0.105 0.118 0.106 
211 COPE-0211    (0)   :  0.109 0.081 0.124 0.115 0.005 0.116 0.114 0.109 0.112 0.116 
212 COPE-0212    (0)   :  0.114 0.132 0.090 0.102 0.012 0.101 0.115 0.105 0.109 0.122 
213 COPE-0213    (0)   :  0.109 0.117 0.100 0.111 0.008 0.112 0.116 0.106 0.105 0.116 
214 COPE-0214    (0)   :  0.101 0.109 0.131 0.099 0.008 0.111 0.103 0.128 0.129 0.080 
215 COPE-0215    (0)   :  0.097 0.101 0.125 0.100 0.048 0.111 0.099 0.118 0.118 0.083 
216 COPE-0216   (14)   :  0.069 0.067 0.070 0.072 0.386 0.066 0.065 0.067 0.069 0.069 
217 COPE-0217    (0)   :  0.108 0.142 0.084 0.094 0.028 0.098 0.118 0.098 0.109 0.121 
218 COPE-0218    (0)   :  0.113 0.106 0.113 0.113 0.009 0.111 0.106 0.113 0.113 0.102 
219 COPE-0219   (14)   :  0.107 0.109 0.120 0.104 0.009 0.113 0.105 0.121 0.120 0.094 
220 COPE-0220    (0)   :  0.110 0.144 0.083 0.096 0.014 0.103 0.122 0.097 0.110 0.122 
221 COPE-0221    (0)   :  0.109 0.109 0.100 0.096 0.016 0.113 0.125 0.126 0.112 0.094 
222 COPE-0222    (0)   :  0.124 0.109 0.115 0.107 0.007 0.109 0.102 0.109 0.116 0.104 
223 COPE-0223    (0)   :  0.101 0.103 0.121 0.118 0.007 0.120 0.108 0.113 0.111 0.098 
224 COPE-0224    (0)   :  0.094 0.130 0.114 0.096 0.020 0.092 0.109 0.117 0.106 0.122 
225 COPE-0225    (0)   :  0.101 0.110 0.130 0.098 0.014 0.109 0.101 0.127 0.128 0.080 
226 COPE-0226    (0)   :  0.109 0.117 0.107 0.108 0.007 0.110 0.110 0.111 0.114 0.108 
227 COPE-0227    (0)   :  0.115 0.108 0.114 0.113 0.006 0.110 0.104 0.109 0.108 0.114 
228 COPE-0228    (0)   :  0.107 0.134 0.087 0.102 0.019 0.105 0.115 0.100 0.112 0.118 
229 COPE-0229    (0)   :  0.107 0.115 0.108 0.105 0.007 0.114 0.111 0.116 0.116 0.100 
230 COPE-0230    (0)   :  0.105 0.129 0.100 0.104 0.010 0.113 0.116 0.106 0.113 0.103 
231 COPE-0231    (0)   :  0.108 0.106 0.109 0.115 0.006 0.119 0.108 0.112 0.112 0.105 
232 COPE-0232    (0)   :  0.097 0.117 0.109 0.109 0.015 0.109 0.113 0.111 0.101 0.119 
233 COPE-0233    (0)   :  0.125 0.105 0.108 0.107 0.005 0.118 0.106 0.110 0.102 0.113 
234 COPE-0234    (0)   :  0.099 0.119 0.111 0.114 0.008 0.102 0.118 0.114 0.103 0.111 
235 COPE-0235    (0)   :  0.099 0.109 0.114 0.123 0.006 0.112 0.115 0.110 0.105 0.108 
236 COPE-0236    (0)   :  0.111 0.136 0.093 0.102 0.005 0.112 0.120 0.097 0.114 0.112 
237 COPE-0237    (0)   :  0.123 0.103 0.110 0.109 0.006 0.112 0.108 0.110 0.101 0.118 
238 COPE-0238    (0)   :  0.103 0.106 0.122 0.109 0.008 0.119 0.105 0.117 0.121 0.090 
239 COPE-0239    (0)   :  0.100 0.118 0.112 0.105 0.034 0.099 0.108 0.110 0.105 0.110 
240 COPE-0240    (0)   :  0.122 0.106 0.119 0.113 0.008 0.100 0.101 0.104 0.116 0.110 
241 COPE-0241    (0)   :  0.100 0.099 0.132 0.109 0.007 0.118 0.101 0.124 0.121 0.088 
242 COPE-0242    (0)   :  0.118 0.124 0.089 0.107 0.006 0.107 0.116 0.102 0.102 0.128 
243 COPE-0243    (0)   :  0.110 0.087 0.126 0.114 0.008 0.113 0.115 0.105 0.108 0.114 
244 COPE-0244    (0)   :  0.107 0.104 0.117 0.112 0.009 0.115 0.113 0.114 0.110 0.100 
245 COPE-0245    (0)   :  0.114 0.087 0.118 0.110 0.012 0.115 0.117 0.109 0.108 0.110 
246 COPE-0246    (0)   :  0.105 0.110 0.110 0.116 0.013 0.109 0.108 0.110 0.104 0.116 
247 COPE-0247    (0)   :  0.107 0.108 0.106 0.104 0.016 0.116 0.114 0.122 0.112 0.094 
248 COPE-0248    (0)   :  0.121 0.093 0.110 0.112 0.005 0.119 0.113 0.109 0.106 0.112 
249 COPE-0249    (0)   :  0.098 0.112 0.115 0.105 0.030 0.102 0.104 0.116 0.108 0.110 
250 COPE-0250    (0)   :  0.098 0.128 0.106 0.104 0.016 0.095 0.116 0.113 0.109 0.117 
251 COPE-0251   (14)   :  0.034 0.031 0.030 0.030 0.719 0.032 0.032 0.033 0.030 0.030 
252 COPE-0252    (0)   :  0.096 0.116 0.114 0.110 0.012 0.102 0.108 0.114 0.107 0.122 
253 COPE-0253    (0)   :  0.110 0.114 0.102 0.098 0.008 0.122 0.116 0.127 0.112 0.093 
254 COPE-0254    (0)   :  0.113 0.098 0.113 0.107 0.014 0.113 0.119 0.105 0.110 0.108 
255 COPE-0255    (0)   :  0.104 0.098 0.112 0.105 0.024 0.112 0.117 0.117 0.111 0.099 
256 COPE-0256    (0)   :  0.118 0.113 0.118 0.110 0.010 0.098 0.102 0.102 0.121 0.107 
257 COPE-0257    (0)   :  0.126 0.098 0.109 0.133 0.008 0.106 0.092 0.096 0.093 0.140 
258 COPE-0258    (0)   :  0.113 0.100 0.112 0.118 0.019 0.110 0.103 0.103 0.102 0.121 
259 COPE-0259    (0)   :  0.116 0.104 0.104 0.116 0.006 0.115 0.113 0.105 0.107 0.114 
260 COPE-0260    (0)   :  0.103 0.105 0.114 0.111 0.024 0.115 0.106 0.112 0.115 0.095 
261 COPE-0261    (0)   :  0.118 0.097 0.108 0.110 0.006 0.113 0.122 0.097 0.112 0.117 
262 COPE-0262    (0)   :  0.113 0.098 0.112 0.117 0.019 0.110 0.109 0.103 0.112 0.106 
263 COPE-0263    (0)   :  0.123 0.100 0.114 0.117 0.007 0.110 0.102 0.102 0.098 0.126 
264 COPE-0264    (0)   :  0.117 0.101 0.105 0.124 0.019 0.109 0.099 0.100 0.097 0.130 
265 COPE-0265    (0)   :  0.113 0.104 0.110 0.108 0.011 0.118 0.110 0.115 0.112 0.100 
266 COPE-0266    (0)   :  0.107 0.128 0.092 0.103 0.018 0.108 0.117 0.102 0.106 0.120 
267 COPE-0267    (0)   :  0.116 0.115 0.108 0.105 0.006 0.109 0.111 0.113 0.102 0.115 
268 COPE-0268    (0)   :  0.124 0.103 0.108 0.108 0.013 0.112 0.107 0.106 0.096 0.122 
269 COPE-0269    (0)   :  0.113 0.108 0.116 0.121 0.006 0.105 0.101 0.106 0.107 0.118 
270 COPE-0270    (0)   :  0.109 0.080 0.129 0.113 0.007 0.113 0.114 0.108 0.112 0.115 
271 COPE-0271    (0)   :  0.105 0.104 0.121 0.120 0.007 0.109 0.107 0.109 0.111 0.108 
272 COPE-0272    (0)   :  0.103 0.116 0.104 0.106 0.007 0.113 0.124 0.116 0.108 0.102 
273 COPE-0273    (0)   :  0.113 0.133 0.084 0.097 0.016 0.103 0.119 0.106 0.107 0.122 
274 COPE-0274   (14)   :  0.023 0.019 0.026 0.024 0.790 0.024 0.024 0.023 0.024 0.025 
275 COPE-0275    (0)   :  0.102 0.104 0.115 0.115 0.010 0.108 0.116 0.114 0.110 0.106 
276 COPE-0276   (14)   :  0.006 0.006 0.006 0.006 0.943 0.006 0.006 0.006 0.006 0.006 
277 COPE-0277   (14)   :  0.117 0.117 0.114 0.111 0.013 0.098 0.101 0.101 0.118 0.109 
278 COPE-0278    (0)   :  0.111 0.160 0.074 0.091 0.007 0.097 0.125 0.092 0.112 0.131 
279 COPE-0279    (0)   :  0.107 0.121 0.099 0.113 0.009 0.111 0.116 0.103 0.104 0.116 
280 COPE-0280    (0)   :  0.013 0.013 0.013 0.013 0.884 0.013 0.013 0.013 0.013 0.013 
281 COPE-0281    (0)   :  0.030 0.031 0.033 0.032 0.716 0.033 0.030 0.034 0.032 0.030 
282 COPE-0282   (14)   :  0.093 0.134 0.117 0.095 0.006 0.093 0.113 0.119 0.107 0.124 
283 COPE-0283    (0)   :  0.112 0.146 0.083 0.098 0.007 0.099 0.117 0.101 0.110 0.126 
284 COPE-0284   (14)   :  0.099 0.096 0.114 0.117 0.034 0.113 0.104 0.114 0.108 0.099 
285 COPE-0285    (0)   :  0.032 0.030 0.031 0.032 0.721 0.031 0.029 0.031 0.032 0.030 
286 COPE-0286    (0)   :  0.101 0.093 0.118 0.121 0.010 0.117 0.108 0.118 0.105 0.109 
287 COPE-0287    (0)   :  0.126 0.100 0.110 0.108 0.032 0.108 0.102 0.100 0.091 0.123 
288 COPE-0288    (0)   :  0.108 0.112 0.100 0.098 0.010 0.112 0.124 0.125 0.113 0.099 
289 COPE-0289    (0)   :  0.116 0.108 0.116 0.112 0.008 0.112 0.102 0.109 0.115 0.104 
290 COPE-0290    (0)   :  0.106 0.085 0.130 0.112 0.008 0.116 0.110 0.114 0.114 0.104 
291 COPE-0291    (0)   :  0.112 0.106 0.113 0.120 0.006 0.110 0.102 0.108 0.108 0.116 
292 COPE-0292   (42)   :  0.014 0.014 0.015 0.015 0.869 0.015 0.015 0.015 0.015 0.014 
293 COPE-0293    (0)   :  0.111 0.111 0.105 0.100 0.008 0.121 0.116 0.119 0.112 0.096 
294 COPE-0294    (0)   :  0.104 0.109 0.106 0.118 0.012 0.113 0.114 0.111 0.107 0.108 
295 COPE-0295    (0)   :  0.106 0.128 0.110 0.100 0.008 0.098 0.112 0.109 0.114 0.114 
296 COPE-0296   (14)   :  0.111 0.111 0.101 0.109 0.007 0.111 0.117 0.114 0.111 0.108 
297 COPE-0297   (14)   :  0.099 0.101 0.128 0.102 0.036 0.111 0.098 0.121 0.120 0.084 
298 COPE-0298    (0)   :  0.100 0.115 0.105 0.108 0.010 0.114 0.115 0.118 0.109 0.106 
299 COPE-0299    (0)   :  0.115 0.083 0.123 0.112 0.006 0.114 0.118 0.107 0.111 0.112 
300 COPE-0300   (14)   :  0.123 0.104 0.116 0.113 0.008 0.105 0.102 0.106 0.111 0.113 
301 COPE-0301   (14)   :  0.109 0.117 0.101 0.093 0.009 0.122 0.120 0.129 0.111 0.090 
302 COPE-0302    (0)   :  0.096 0.086 0.092 0.092 0.209 0.083 0.080 0.083 0.092 0.087 
303 COPE-0303    (0)   :  0.107 0.142 0.086 0.102 0.006 0.107 0.123 0.095 0.110 0.121 
304 COPE-0304    (0)   :  0.111 0.109 0.112 0.110 0.007 0.115 0.113 0.110 0.106 0.107 
305 COPE-0305   (14)   :  0.106 0.107 0.110 0.116 0.035 0.102 0.099 0.106 0.101 0.118 
306 COPE-0306    (0)   :  0.114 0.154 0.074 0.095 0.009 0.100 0.122 0.091 0.109 0.132 
307 COPE-0307   (28)   :  0.008 0.008 0.008 0.008 0.927 0.008 0.008 0.008 0.008 0.008 
308 COPE-0308    (0)   :  0.094 0.131 0.114 0.095 0.006 0.097 0.115 0.121 0.109 0.118 
309 COPE-0309   (14)   :  0.042 0.041 0.041 0.044 0.616 0.045 0.043 0.044 0.042 0.042 
310 COPE-0310   (28)   :  0.050 0.040 0.044 0.053 0.600 0.043 0.038 0.039 0.038 0.055 
311 COPE-0311    (0)   :  0.116 0.103 0.104 0.116 0.022 0.107 0.105 0.104 0.101 0.120 
312 COPE-0312   (28)   :  0.013 0.015 0.011 0.012 0.884 0.013 0.014 0.012 0.013 0.014 
313 COPE-0313    (0)   :  0.120 0.120 0.091 0.110 0.008 0.109 0.110 0.099 0.103 0.131 
314 COPE-0314    (0)   :  0.125 0.097 0.110 0.112 0.007 0.116 0.112 0.107 0.098 0.115 
315 COPE-0315    (0)   :  0.113 0.113 0.107 0.111 0.008 0.113 0.107 0.108 0.110 0.109 
316 COPE-0316    (0)   :  0.107 0.103 0.108 0.112 0.020 0.114 0.113 0.106 0.108 0.108 
317 COPE-0317   (14)   :  0.009 0.009 0.009 0.009 0.923 0.008 0.008 0.008 0.008 0.009 
318 COPE-0318    (0)   :  0.108 0.101 0.110 0.119 0.005 0.113 0.111 0.111 0.109 0.113 
319 COPE-0319    (0)   :  0.103 0.116 0.118 0.107 0.007 0.102 0.111 0.114 0.107 0.114 
320 COPE-0320   (14)   :  0.109 0.112 0.103 0.104 0.014 0.113 0.114 0.118 0.109 0.103 
321 COPE-0321   (14)   :  0.119 0.102 0.107 0.115 0.011 0.109 0.105 0.102 0.102 0.128 
322 COPE-0322   (14)   :  0.103 0.103 0.114 0.122 0.006 0.115 0.111 0.110 0.109 0.107 
323 COPE-0323    (0)   :  0.130 0.096 0.108 0.133 0.008 0.106 0.090 0.093 0.092 0.143 
324 COPE-0324    (0)   :  0.104 0.110 0.128 0.102 0.006 0.112 0.102 0.125 0.124 0.088 
325 COPE-0325   (14)   :  0.122 0.108 0.123 0.114 0.011 0.096 0.095 0.102 0.126 0.104 
326 COPE-0326    (0)   :  0.102 0.130 0.098 0.095 0.007 0.109 0.120 0.116 0.115 0.108 
327 COPE-0327   (14)   :  0.105 0.107 0.102 0.104 0.008 0.120 0.121 0.125 0.111 0.095 
328 COPE-0328    (0)   :  0.107 0.111 0.104 0.121 0.006 0.116 0.114 0.106 0.106 0.109 
329 COPE-0329   (28)   :  0.107 0.114 0.110 0.104 0.013 0.113 0.110 0.114 0.116 0.099 
330 COPE-0330    (0)   :  0.124 0.094 0.104 0.113 0.021 0.114 0.112 0.106 0.099 0.112 
331 COPE-0331    (0)   :  0.111 0.117 0.101 0.093 0.006 0.120 0.120 0.127 0.112 0.093 
332 COPE-0332   (14)   :  0.106 0.121 0.098 0.113 0.007 0.114 0.111 0.103 0.104 0.123 
333 COPE-0333    (0)   :  0.092 0.096 0.090 0.085 0.151 0.100 0.102 0.107 0.096 0.081 
334 COPE-0334   (28)   :  0.053 0.044 0.048 0.055 0.563 0.048 0.044 0.045 0.043 0.056 
335 COPE-0335    (0)   :  0.102 0.109 0.131 0.099 0.007 0.110 0.103 0.128 0.128 0.083 
336 COPE-0336    (0)   :  0.103 0.106 0.108 0.110 0.006 0.117 0.118 0.121 0.111 0.099 
337 COPE-0337   (28)   :  0.018 0.017 0.019 0.018 0.837 0.018 0.017 0.019 0.018 0.017 
338 COPE-0338    (0)   :  0.122 0.094 0.106 0.120 0.021 0.110 0.102 0.101 0.100 0.124 
339 COPE-0339    (0)   :  0.124 0.107 0.124 0.114 0.006 0.099 0.096 0.101 0.128 0.103 
340 COPE-0340   (14)   :  0.012 0.012 0.012 0.012 0.890 0.013 0.012 0.013 0.012 0.011 
341 COPE-0341    (0)   :  0.108 0.115 0.112 0.107 0.007 0.104 0.115 0.115 0.104 0.112 
342 COPE-0342    (0)   :  0.103 0.105 0.131 0.105 0.008 0.115 0.101 0.126 0.120 0.087 
343 COPE-0343    (0)   :  0.115 0.119 0.097 0.102 0.006 0.110 0.118 0.106 0.111 0.117 
344 COPE-0344   (14)   :  0.011 0.011 0.011 0.011 0.901 0.011 0.011 0.011 0.010 0.012 
345 COPE-0345    (0)   :  0.103 0.119 0.115 0.110 0.006 0.101 0.112 0.113 0.108 0.114 
346 COPE-0346    (0)   :  0.107 0.103 0.104 0.118 0.031 0.111 0.113 0.108 0.102 0.104 
347 COPE-0347    (0)   :  0.114 0.094 0.116 0.117 0.006 0.114 0.108 0.108 0.113 0.109 
348 COPE-0348    (0)   :  0.115 0.108 0.101 0.109 0.015 0.110 0.116 0.100 0.107 0.119 
349 COPE-0349    (0)   :  0.103 0.103 0.126 0.113 0.006 0.112 0.105 0.118 0.117 0.096 
350 COPE-0350    (0)   :  0.107 0.098 0.111 0.118 0.006 0.118 0.114 0.110 0.107 0.111 
351 COPE-0351    (0)   :  0.113 0.085 0.124 0.112 0.006 0.116 0.115 0.108 0.113 0.106 
352 COPE-0352    (0)   :  0.101 0.106 0.109 0.115 0.026 0.114 0.104 0.112 0.109 0.103 
353 COPE-0353    (0)   :  0.120 0.097 0.109 0.132 0.005 0.110 0.095 0.100 0.097 0.136 
354 COPE-0354    (0)   :  0.114 0.104 0.107 0.115 0.015 0.110 0.108 0.108 0.104 0.115 
355 COPE-0355    (0)   :  0.121 0.106 0.127 0.113 0.006 0.096 0.095 0.103 0.132 0.100 
356 COPE-0356    (0)   :  0.110 0.095 0.119 0.105 0.008 0.113 0.120 0.111 0.111 0.108 
357 COPE-0357    (0)   :  0.108 0.108 0.119 0.104 0.008 0.112 0.106 0.121 0.116 0.098 
358 COPE-0358    (0)   :  0.007 0.007 0.008 0.008 0.933 0.008 0.007 0.008 0.008 0.007 
359 COPE-0359   (14)   :  0.105 0.112 0.107 0.119 0.009 0.113 0.115 0.109 0.104 0.106 
360 COPE-0360    (0)   :  0.120 0.101 0.111 0.126 0.006 0.109 0.098 0.098 0.098 0.133 
361 COPE-0361    (0)   :  0.098 0.109 0.110 0.120 0.009 0.112 0.119 0.108 0.103 0.112 
362 COPE-0362    (0)   :  0.104 0.106 0.129 0.105 0.007 0.110 0.103 0.121 0.122 0.093 
363 COPE-0363   (14)   :  0.107 0.107 0.106 0.121 0.013 0.113 0.116 0.108 0.103 0.105 
364 COPE-0364    (0)   :  0.128 0.092 0.106 0.124 0.006 0.113 0.104 0.102 0.097 0.129 
365 COPE-0365    (0)   :  0.131 0.095 0.108 0.121 0.018 0.110 0.095 0.096 0.090 0.137 
366 COPE-0366    (0)   :  0.103 0.095 0.129 0.108 0.023 0.115 0.106 0.114 0.115 0.092 
367 COPE-0367   (14)   :  0.012 0.013 0.013 0.012 0.889 0.012 0.012 0.013 0.012 0.013 
368 COPE-0368    (0)   :  0.118 0.111 0.117 0.110 0.010 0.101 0.102 0.104 0.124 0.103 
369 COPE-0369    (0)   :  0.111 0.109 0.106 0.104 0.008 0.115 0.116 0.118 0.112 0.099 
370 COPE-0370   (28)   :  0.009 0.009 0.009 0.009 0.919 0.009 0.009 0.009 0.009 0.009 
371 COPE-0371    (0)   :  0.120 0.107 0.102 0.110 0.013 0.111 0.106 0.113 0.105 0.114 
372 COPE-0372    (0)   :  0.105 0.127 0.097 0.100 0.046 0.099 0.111 0.101 0.109 0.104 
373 COPE-0373   (14)   :  0.103 0.123 0.101 0.098 0.007 0.107 0.119 0.119 0.113 0.111 
374 COPE-0374    (0)   :  0.110 0.113 0.116 0.110 0.008 0.108 0.111 0.109 0.101 0.115 
375 COPE-0375   (14)   :  0.125 0.098 0.110 0.128 0.009 0.107 0.097 0.098 0.095 0.134 
376 COPE-0376   (14)   :  0.116 0.087 0.120 0.110 0.006 0.114 0.117 0.104 0.112 0.113 
377 COPE-0377    (0)   :  0.045 0.049 0.047 0.047 0.569 0.048 0.048 0.051 0.048 0.047 
378 COPE-0378    (0)   :  0.120 0.102 0.121 0.117 0.006 0.102 0.099 0.102 0.115 0.115 
379 COPE-0379    (0)   :  0.102 0.100 0.128 0.112 0.007 0.117 0.100 0.125 0.119 0.090 
380 COPE-0380   (28)   :  0.035 0.045 0.026 0.031 0.688 0.032 0.039 0.029 0.035 0.039 
381 COPE-0381    (0)   :  0.107 0.106 0.114 0.116 0.010 0.107 0.104 0.112 0.107 0.118 
382 COPE-0382    (0)   :  0.102 0.103 0.127 0.107 0.006 0.118 0.101 0.127 0.123 0.086 
383 COPE-0383    (0)   :  0.126 0.089 0.104 0.125 0.048 0.104 0.089 0.092 0.087 0.135 
384 COPE-0384    (0)   :  0.120 0.106 0.113 0.113 0.007 0.104 0.103 0.101 0.113 0.119 


Estimated Allele Frequencies in each cluster
First column gives estimated ancestral frequencies


Locus 1 : COPE5 
78 alleles
0.5% missing data
   1   (0.007) 0.001 0.001 0.001 0.001 0.700 0.001 0.001 0.001 0.001 0.001 
   2   (0.022) 0.024 0.025 0.025 0.025 0.010 0.024 0.024 0.025 0.024 0.025 
   3   (0.014) 0.013 0.015 0.016 0.015 0.001 0.013 0.014 0.015 0.015 0.015 
   4   (0.023) 0.024 0.023 0.028 0.026 0.001 0.025 0.024 0.025 0.027 0.023 
   5   (0.011) 0.009 0.010 0.011 0.010 0.001 0.011 0.010 0.011 0.011 0.008 
   6   (0.019) 0.017 0.018 0.018 0.018 0.004 0.018 0.018 0.019 0.019 0.018 
   7   (0.007) 0.003 0.004 0.004 0.004 0.001 0.003 0.003 0.004 0.003 0.004 
   8   (0.033) 0.089 0.115 0.076 0.079 0.002 0.081 0.097 0.086 0.092 0.100 
   9   (0.021) 0.020 0.022 0.021 0.023 0.001 0.022 0.023 0.021 0.021 0.021 
  10   (0.019) 0.021 0.018 0.019 0.021 0.001 0.020 0.020 0.019 0.019 0.020 
  11   (0.015) 0.017 0.014 0.016 0.016 0.013 0.015 0.014 0.014 0.013 0.017 
  12   (0.016) 0.023 0.025 0.021 0.021 0.001 0.026 0.025 0.026 0.024 0.020 
  13   (0.011) 0.010 0.012 0.010 0.010 0.001 0.011 0.011 0.012 0.011 0.010 
  14   (0.024) 0.028 0.026 0.027 0.026 0.002 0.028 0.029 0.029 0.027 0.025 
  15   (0.016) 0.035 0.031 0.036 0.034 0.001 0.029 0.029 0.030 0.036 0.031 
  16   (0.010) 0.006 0.006 0.006 0.006 0.001 0.006 0.006 0.006 0.006 0.006 
  17   (0.018) 0.014 0.014 0.014 0.015 0.001 0.015 0.015 0.014 0.014 0.015 
  18   (0.016) 0.013 0.013 0.015 0.014 0.006 0.014 0.013 0.015 0.014 0.012 
  19   (0.012) 0.009 0.009 0.011 0.010 0.001 0.011 0.009 0.011 0.011 0.008 
  20   (0.030) 0.058 0.050 0.054 0.053 0.002 0.054 0.050 0.052 0.052 0.053 
  21   (0.023) 0.021 0.022 0.023 0.021 0.001 0.023 0.021 0.023 0.023 0.020 
  22   (0.018) 0.015 0.015 0.015 0.016 0.007 0.016 0.015 0.015 0.015 0.015 
  23   (0.013) 0.011 0.011 0.012 0.012 0.001 0.012 0.012 0.012 0.012 0.010 
  24   (0.015) 0.020 0.016 0.020 0.020 0.001 0.019 0.019 0.017 0.018 0.021 
  25   (0.009) 0.008 0.008 0.007 0.008 0.001 0.008 0.008 0.008 0.008 0.007 
  26   (0.013) 0.008 0.008 0.009 0.010 0.001 0.009 0.009 0.009 0.009 0.009 
  27   (0.012) 0.009 0.008 0.010 0.010 0.001 0.010 0.010 0.010 0.009 0.010 
  28   (0.008) 0.003 0.003 0.003 0.003 0.016 0.003 0.003 0.003 0.003 0.003 
  29   (0.014) 0.011 0.009 0.012 0.012 0.001 0.012 0.012 0.011 0.011 0.012 
  30   (0.019) 0.020 0.020 0.020 0.019 0.003 0.020 0.021 0.021 0.020 0.019 
  31   (0.020) 0.019 0.018 0.020 0.019 0.001 0.019 0.018 0.019 0.020 0.018 
  32   (0.025) 0.038 0.037 0.041 0.037 0.001 0.039 0.039 0.042 0.041 0.034 
  33   (0.006) 0.002 0.002 0.002 0.002 0.000 0.002 0.002 0.002 0.002 0.002 
  34   (0.019) 0.020 0.019 0.019 0.019 0.001 0.020 0.020 0.019 0.018 0.020 
  35   (0.007) 0.001 0.001 0.001 0.001 0.056 0.001 0.001 0.001 0.001 0.001 
  36   (0.006) 0.002 0.002 0.002 0.002 0.000 0.002 0.002 0.002 0.002 0.002 
  37   (0.020) 0.028 0.023 0.026 0.028 0.014 0.025 0.023 0.023 0.025 0.027 
  38   (0.015) 0.012 0.011 0.013 0.013 0.006 0.013 0.013 0.012 0.013 0.012 
  39   (0.014) 0.018 0.023 0.016 0.018 0.001 0.019 0.021 0.017 0.018 0.021 
  40   (0.011) 0.009 0.009 0.010 0.010 0.001 0.010 0.009 0.010 0.010 0.009 
  41   (0.008) 0.005 0.004 0.005 0.005 0.001 0.005 0.005 0.005 0.005 0.005 
  42   (0.006) 0.002 0.002 0.002 0.002 0.000 0.002 0.002 0.002 0.002 0.002 
  43   (0.008) 0.004 0.005 0.005 0.005 0.001 0.005 0.005 0.005 0.005 0.005 
  44   (0.023) 0.026 0.027 0.029 0.026 0.001 0.026 0.028 0.028 0.027 0.027 
  45   (0.006) 0.002 0.002 0.002 0.002 0.000 0.002 0.002 0.002 0.002 0.002 
