

----------------------------------------------------
STRUCTURE by Pritchard, Stephens and Donnelly (2000)
     and Falush, Stephens and Pritchard (2003)
       Code by Pritchard, Falush and Hubisz
             Version 2.3.4 (Jul 2012)
----------------------------------------------------



Command line arguments:   /home/jason/Programs/structure -K 9 -i ../Data/microsats.structure -m Structure_Run/mainparams -e Structure_Run/extraparams -D 84781076 -o ../Structure_Results/07_K_09.out 
Input File:    ../Data/microsats.structure

Run parameters:
   384 individuals
   7 loci
   9 populations assumed
   1000000 Burn-in period
   10000000 Reps
RANDOMIZE turned off


--------------------------------------------
Overall proportion of membership of the
sample in each of the 9 clusters

Inferred Clusters
  1      2      3      4      5      6      7      8      9    
0.111  0.110  0.110  0.110  0.111  0.111  0.115  0.110  0.111  

--------------------------------------------

Allele-freq. divergence among pops (Net nucleotide distance),
computed using point estimates of P.

      1       2       3       4       5       6       7       8       9      
 1      -    0.0000  0.0001  0.0000  0.0000  0.0001  0.1604  0.0002  0.0000  
 2   0.0000     -    0.0001  0.0000  0.0001  0.0001  0.1606  0.0001  0.0000  
 3   0.0001  0.0001     -    0.0001  0.0001  0.0001  0.1598  0.0003  0.0002  
 4   0.0000  0.0000  0.0001     -    0.0001  0.0001  0.1612  0.0001  0.0001  
 5   0.0000  0.0001  0.0001  0.0001     -    0.0001  0.1598  0.0003  0.0001  
 6   0.0001  0.0001  0.0001  0.0001  0.0001     -    0.1596  0.0003  0.0001  
 7   0.1604  0.1606  0.1598  0.1612  0.1598  0.1596     -    0.1616  0.1607  
 8   0.0002  0.0001  0.0003  0.0001  0.0003  0.0003  0.1616     -    0.0002  
 9   0.0000  0.0000  0.0002  0.0001  0.0001  0.0001  0.1607  0.0002     -    

Average distances (expected heterozygosity) between individuals in same cluster:
cluster  1  : 0.6251 
cluster  2  : 0.6247 
cluster  3  : 0.6256 
cluster  4  : 0.6225 
cluster  5  : 0.6251 
cluster  6  : 0.6259 
cluster  7  : 0.6453 
cluster  8  : 0.6231 
cluster  9  : 0.6243 

--------------------------------------------
Estimated Ln Prob of Data   = -9100.4
Mean value of ln likelihood = -7809.4
Variance of ln likelihood   = 2582.1
Mean value of alpha         = 0.0477

Mean value of Fst_1         = 0.0772
Mean value of Fst_2         = 0.0812
Mean value of Fst_3         = 0.0807
Mean value of Fst_4         = 0.0817
Mean value of Fst_5         = 0.0762
Mean value of Fst_6         = 0.0808
Mean value of Fst_7         = 0.1804
Mean value of Fst_8         = 0.0843
Mean value of Fst_9         = 0.0781


Inferred ancestry of individuals:
        Label (%Miss) :  Inferred clusters
  1 COPE-0001    (0)   :  0.008 0.008 0.008 0.008 0.008 0.008 0.933 0.008 0.008 
  2 COPE-0002    (0)   :  0.120 0.126 0.133 0.109 0.117 0.139 0.011 0.128 0.119 
  3 COPE-0003    (0)   :  0.130 0.121 0.116 0.114 0.151 0.121 0.007 0.102 0.139 
  4 COPE-0004    (0)   :  0.114 0.119 0.149 0.107 0.131 0.139 0.013 0.126 0.103 
  5 COPE-0005    (0)   :  0.110 0.122 0.140 0.112 0.117 0.129 0.021 0.140 0.109 
  6 COPE-0006    (0)   :  0.129 0.124 0.112 0.127 0.119 0.119 0.018 0.122 0.131 
  7 COPE-0007    (0)   :  0.116 0.119 0.134 0.131 0.113 0.124 0.007 0.144 0.111 
  8 COPE-0008    (0)   :  0.120 0.126 0.129 0.140 0.115 0.135 0.008 0.112 0.115 
  9 COPE-0009    (0)   :  0.122 0.128 0.106 0.119 0.122 0.127 0.017 0.122 0.136 
 10 COPE-0010    (0)   :  0.129 0.125 0.121 0.119 0.134 0.114 0.007 0.115 0.136 
 11 COPE-0011   (14)   :  0.013 0.014 0.015 0.012 0.014 0.014 0.892 0.013 0.012 
 12 COPE-0012   (14)   :  0.127 0.126 0.126 0.128 0.121 0.131 0.007 0.109 0.124 
 13 COPE-0013    (0)   :  0.125 0.120 0.118 0.114 0.160 0.123 0.006 0.093 0.141 
 14 COPE-0014    (0)   :  0.121 0.111 0.138 0.129 0.111 0.119 0.009 0.148 0.113 
 15 COPE-0015    (0)   :  0.121 0.120 0.128 0.131 0.113 0.121 0.007 0.140 0.119 
 16 COPE-0016    (0)   :  0.108 0.135 0.098 0.124 0.099 0.134 0.010 0.156 0.136 
 17 COPE-0017    (0)   :  0.042 0.044 0.046 0.045 0.040 0.044 0.645 0.051 0.043 
 18 COPE-0018    (0)   :  0.130 0.127 0.112 0.129 0.123 0.122 0.008 0.116 0.134 
 19 COPE-0019    (0)   :  0.125 0.124 0.114 0.124 0.137 0.125 0.006 0.110 0.135 
 20 COPE-0020    (0)   :  0.130 0.125 0.119 0.124 0.122 0.118 0.007 0.126 0.129 
 21 COPE-0021    (0)   :  0.127 0.125 0.126 0.126 0.116 0.110 0.006 0.145 0.119 
 22 COPE-0022    (0)   :  0.124 0.127 0.125 0.136 0.119 0.138 0.007 0.105 0.118 
 23 COPE-0023    (0)   :  0.130 0.119 0.126 0.116 0.129 0.129 0.008 0.109 0.133 
 24 COPE-0024   (14)   :  0.119 0.131 0.118 0.127 0.112 0.121 0.006 0.147 0.119 
 25 COPE-0025    (0)   :  0.129 0.111 0.116 0.112 0.130 0.110 0.065 0.104 0.122 
 26 COPE-0026    (0)   :  0.122 0.120 0.121 0.134 0.111 0.130 0.005 0.135 0.121 
 27 COPE-0027    (0)   :  0.125 0.124 0.121 0.123 0.144 0.126 0.006 0.099 0.133 
 28 COPE-0028    (0)   :  0.128 0.127 0.115 0.117 0.131 0.116 0.005 0.123 0.138 
 29 COPE-0029    (0)   :  0.112 0.136 0.098 0.131 0.094 0.131 0.005 0.158 0.135 
 30 COPE-0030   (14)   :  0.031 0.030 0.031 0.031 0.031 0.032 0.754 0.030 0.030 
 31 COPE-0031    (0)   :  0.119 0.124 0.122 0.142 0.108 0.132 0.010 0.126 0.118 
 32 COPE-0032    (0)   :  0.132 0.123 0.121 0.115 0.135 0.121 0.009 0.107 0.138 
 33 COPE-0033    (0)   :  0.128 0.122 0.120 0.118 0.131 0.122 0.011 0.111 0.136 
 34 COPE-0034    (0)   :  0.109 0.120 0.139 0.123 0.112 0.136 0.010 0.138 0.113 
 35 COPE-0035   (14)   :  0.127 0.126 0.121 0.116 0.138 0.119 0.008 0.112 0.134 
 36 COPE-0036   (14)   :  0.135 0.126 0.126 0.126 0.120 0.108 0.006 0.136 0.118 
 37 COPE-0037    (0)   :  0.123 0.122 0.120 0.123 0.124 0.117 0.023 0.127 0.121 
 38 COPE-0038    (0)   :  0.121 0.122 0.123 0.146 0.113 0.133 0.007 0.118 0.118 
 39 COPE-0039    (0)   :  0.125 0.114 0.113 0.110 0.131 0.113 0.072 0.105 0.119 
 40 COPE-0040   (14)   :  0.120 0.110 0.109 0.116 0.121 0.111 0.091 0.103 0.119 
 41 COPE-0041    (0)   :  0.129 0.119 0.116 0.122 0.124 0.121 0.029 0.108 0.131 
 42 COPE-0042    (0)   :  0.128 0.124 0.117 0.119 0.141 0.115 0.011 0.109 0.137 
 43 COPE-0043    (0)   :  0.116 0.131 0.117 0.119 0.109 0.138 0.005 0.138 0.127 
 44 COPE-0044    (0)   :  0.122 0.117 0.142 0.112 0.131 0.136 0.013 0.117 0.109 
 45 COPE-0045    (0)   :  0.122 0.121 0.134 0.115 0.126 0.131 0.032 0.107 0.111 
 46 COPE-0046    (0)   :  0.027 0.027 0.027 0.027 0.030 0.028 0.779 0.027 0.029 
 47 COPE-0047    (0)   :  0.008 0.008 0.007 0.007 0.007 0.007 0.940 0.008 0.008 
 48 COPE-0048    (0)   :  0.126 0.129 0.121 0.116 0.140 0.112 0.007 0.109 0.140 
 49 COPE-0049    (0)   :  0.126 0.123 0.133 0.117 0.125 0.130 0.016 0.115 0.115 
 50 COPE-0050    (0)   :  0.124 0.119 0.121 0.111 0.152 0.124 0.007 0.111 0.130 
 51 COPE-0051    (0)   :  0.115 0.118 0.107 0.101 0.127 0.104 0.105 0.101 0.122 
 52 COPE-0052    (0)   :  0.116 0.111 0.138 0.134 0.104 0.122 0.011 0.153 0.111 
 53 COPE-0053    (0)   :  0.106 0.137 0.094 0.126 0.092 0.135 0.009 0.164 0.137 
 54 COPE-0054    (0)   :  0.133 0.129 0.125 0.134 0.117 0.104 0.005 0.138 0.115 
 55 COPE-0055    (0)   :  0.123 0.131 0.125 0.140 0.117 0.138 0.005 0.102 0.119 
 56 COPE-0056    (0)   :  0.129 0.122 0.129 0.124 0.131 0.129 0.017 0.101 0.118 
 57 COPE-0057    (0)   :  0.134 0.122 0.119 0.125 0.133 0.119 0.010 0.110 0.127 
 58 COPE-0058    (0)   :  0.131 0.123 0.129 0.117 0.127 0.123 0.009 0.119 0.121 
 59 COPE-0059    (0)   :  0.128 0.117 0.116 0.116 0.156 0.116 0.019 0.099 0.133 
 60 COPE-0060    (0)   :  0.118 0.128 0.115 0.119 0.111 0.134 0.007 0.135 0.134 
 61 COPE-0061    (0)   :  0.111 0.135 0.096 0.125 0.104 0.133 0.011 0.148 0.138 
 62 COPE-0062    (0)   :  0.126 0.115 0.138 0.131 0.112 0.111 0.009 0.143 0.116 
 63 COPE-0063    (0)   :  0.123 0.129 0.126 0.134 0.118 0.134 0.025 0.095 0.117 
 64 COPE-0064    (0)   :  0.122 0.117 0.126 0.126 0.122 0.131 0.009 0.130 0.118 
 65 COPE-0065    (0)   :  0.006 0.006 0.006 0.006 0.006 0.006 0.953 0.006 0.006 
 66 COPE-0066    (0)   :  0.128 0.125 0.116 0.114 0.144 0.111 0.016 0.104 0.142 
 67 COPE-0067   (14)   :  0.029 0.028 0.026 0.027 0.029 0.026 0.778 0.025 0.030 
 68 COPE-0068    (0)   :  0.125 0.118 0.115 0.111 0.161 0.121 0.010 0.100 0.138 
 69 COPE-0069   (14)   :  0.122 0.117 0.128 0.122 0.124 0.122 0.012 0.130 0.121 
 70 COPE-0070    (0)   :  0.117 0.126 0.139 0.112 0.125 0.131 0.011 0.123 0.115 
 71 COPE-0071    (0)   :  0.132 0.124 0.118 0.120 0.138 0.109 0.004 0.114 0.140 
 72 COPE-0072    (0)   :  0.122 0.122 0.125 0.117 0.130 0.129 0.007 0.120 0.129 
 73 COPE-0073   (14)   :  0.038 0.043 0.036 0.042 0.034 0.040 0.677 0.050 0.041 
 74 COPE-0074    (0)   :  0.128 0.127 0.123 0.119 0.131 0.114 0.009 0.113 0.136 
 75 COPE-0075    (0)   :  0.126 0.132 0.121 0.110 0.140 0.114 0.012 0.110 0.135 
 76 COPE-0076    (0)   :  0.128 0.125 0.126 0.131 0.123 0.120 0.006 0.122 0.120 
 77 COPE-0077   (14)   :  0.128 0.121 0.115 0.122 0.133 0.127 0.009 0.118 0.128 
 78 COPE-0078   (14)   :  0.115 0.127 0.140 0.121 0.117 0.129 0.008 0.134 0.109 
 79 COPE-0079    (0)   :  0.101 0.122 0.169 0.102 0.129 0.147 0.008 0.127 0.095 
 80 COPE-0080   (42)   :  0.020 0.020 0.020 0.021 0.020 0.020 0.838 0.020 0.021 
 81 COPE-0081   (14)   :  0.069 0.069 0.067 0.070 0.067 0.069 0.458 0.063 0.067 
 82 COPE-0082   (14)   :  0.123 0.123 0.119 0.115 0.124 0.117 0.045 0.109 0.125 
 83 COPE-0083   (14)   :  0.118 0.107 0.152 0.133 0.103 0.118 0.006 0.158 0.108 
 84 COPE-0084    (0)   :  0.085 0.108 0.075 0.100 0.073 0.107 0.217 0.125 0.110 
 85 COPE-0085    (0)   :  0.118 0.122 0.136 0.115 0.130 0.129 0.010 0.124 0.116 
 86 COPE-0086    (0)   :  0.128 0.127 0.112 0.121 0.122 0.118 0.020 0.123 0.130 
 87 COPE-0087   (14)   :  0.114 0.132 0.107 0.120 0.108 0.132 0.007 0.139 0.139 
 88 COPE-0088   (14)   :  0.114 0.123 0.128 0.112 0.117 0.131 0.025 0.130 0.119 
 89 COPE-0089   (14)   :  0.008 0.008 0.008 0.008 0.008 0.008 0.940 0.007 0.007 
 90 COPE-0090    (0)   :  0.124 0.132 0.121 0.139 0.114 0.137 0.008 0.103 0.122 
 91 COPE-0091   (14)   :  0.114 0.131 0.115 0.120 0.105 0.130 0.006 0.146 0.134 
 92 COPE-0092   (28)   :  0.023 0.023 0.025 0.022 0.026 0.024 0.811 0.022 0.024 
 93 COPE-0093    (0)   :  0.125 0.132 0.129 0.139 0.120 0.135 0.006 0.096 0.118 
 94 COPE-0094    (0)   :  0.102 0.119 0.163 0.098 0.125 0.144 0.029 0.124 0.095 
 95 COPE-0095    (0)   :  0.110 0.136 0.096 0.131 0.095 0.135 0.005 0.155 0.137 
 96 COPE-0096    (0)   :  0.120 0.120 0.125 0.126 0.111 0.122 0.009 0.148 0.120 
 97 COPE-0097    (0)   :  0.124 0.126 0.122 0.120 0.127 0.116 0.008 0.125 0.133 
 98 COPE-0098    (0)   :  0.117 0.122 0.127 0.144 0.109 0.134 0.009 0.124 0.113 
 99 COPE-0099    (0)   :  0.140 0.113 0.113 0.116 0.149 0.116 0.022 0.096 0.136 
100 COPE-0100    (0)   :  0.130 0.124 0.117 0.124 0.134 0.120 0.007 0.111 0.134 
101 COPE-0101    (0)   :  0.126 0.120 0.119 0.120 0.130 0.118 0.045 0.101 0.121 
102 COPE-0102    (0)   :  0.126 0.124 0.125 0.123 0.127 0.126 0.006 0.116 0.126 
103 COPE-0103    (0)   :  0.112 0.117 0.150 0.116 0.119 0.127 0.017 0.136 0.107 
104 COPE-0104   (14)   :  0.128 0.128 0.120 0.120 0.132 0.120 0.007 0.112 0.134 
105 COPE-0105    (0)   :  0.124 0.125 0.111 0.115 0.130 0.114 0.037 0.111 0.134 
106 COPE-0106    (0)   :  0.132 0.131 0.123 0.132 0.116 0.092 0.005 0.155 0.113 
107 COPE-0107    (0)   :  0.019 0.020 0.020 0.021 0.019 0.022 0.842 0.018 0.019 
108 COPE-0108    (0)   :  0.127 0.121 0.125 0.136 0.116 0.120 0.006 0.128 0.121 
109 COPE-0109    (0)   :  0.117 0.120 0.143 0.109 0.132 0.138 0.011 0.121 0.108 
110 COPE-0110   (14)   :  0.120 0.126 0.122 0.123 0.114 0.119 0.014 0.142 0.121 
111 COPE-0111    (0)   :  0.123 0.126 0.121 0.121 0.116 0.115 0.009 0.146 0.122 
112 COPE-0112   (14)   :  0.128 0.127 0.123 0.120 0.135 0.115 0.011 0.109 0.134 
113 COPE-0113    (0)   :  0.129 0.116 0.126 0.119 0.134 0.124 0.020 0.107 0.127 
114 COPE-0114    (0)   :  0.132 0.125 0.122 0.130 0.121 0.107 0.009 0.136 0.117 
115 COPE-0115    (0)   :  0.025 0.027 0.028 0.027 0.024 0.028 0.783 0.032 0.026 
116 COPE-0116   (28)   :  0.011 0.010 0.010 0.010 0.011 0.010 0.917 0.010 0.010 
117 COPE-0117    (0)   :  0.106 0.135 0.096 0.126 0.092 0.137 0.010 0.159 0.138 
118 COPE-0118    (0)   :  0.126 0.125 0.131 0.128 0.113 0.101 0.009 0.156 0.110 
119 COPE-0119    (0)   :  0.127 0.118 0.127 0.140 0.113 0.112 0.010 0.141 0.112 
120 COPE-0120    (0)   :  0.126 0.120 0.125 0.115 0.136 0.131 0.011 0.115 0.121 
121 COPE-0121    (0)   :  0.121 0.113 0.120 0.117 0.119 0.107 0.059 0.129 0.116 
122 COPE-0122    (0)   :  0.123 0.125 0.135 0.111 0.125 0.132 0.008 0.114 0.127 
123 COPE-0123    (0)   :  0.126 0.120 0.131 0.113 0.129 0.129 0.016 0.109 0.126 
124 COPE-0124    (0)   :  0.136 0.118 0.123 0.121 0.131 0.124 0.013 0.109 0.126 
125 COPE-0125    (0)   :  0.127 0.130 0.121 0.125 0.128 0.114 0.007 0.120 0.127 
126 COPE-0126    (0)   :  0.108 0.134 0.094 0.129 0.089 0.138 0.012 0.158 0.138 
127 COPE-0127   (14)   :  0.123 0.127 0.122 0.122 0.124 0.125 0.007 0.123 0.127 
128 COPE-0128    (0)   :  0.138 0.122 0.117 0.125 0.126 0.110 0.019 0.124 0.119 
129 COPE-0129    (0)   :  0.110 0.121 0.155 0.108 0.134 0.135 0.006 0.123 0.107 
130 COPE-0130    (0)   :  0.124 0.119 0.118 0.116 0.148 0.123 0.013 0.107 0.132 
131 COPE-0131   (14)   :  0.122 0.110 0.141 0.129 0.118 0.117 0.009 0.137 0.118 
132 COPE-0132   (14)   :  0.119 0.126 0.113 0.124 0.107 0.118 0.039 0.139 0.115 
133 COPE-0133    (0)   :  0.106 0.138 0.099 0.123 0.093 0.138 0.009 0.159 0.136 
134 COPE-0134    (0)   :  0.128 0.125 0.128 0.116 0.124 0.127 0.007 0.119 0.126 
135 COPE-0135    (0)   :  0.131 0.123 0.126 0.123 0.133 0.129 0.008 0.103 0.125 
136 COPE-0136    (0)   :  0.013 0.013 0.013 0.013 0.013 0.013 0.896 0.013 0.014 
137 COPE-0137    (0)   :  0.135 0.120 0.113 0.124 0.137 0.118 0.012 0.102 0.139 
138 COPE-0138   (14)   :  0.009 0.009 0.009 0.009 0.009 0.008 0.929 0.009 0.009 
139 COPE-0139    (0)   :  0.135 0.119 0.115 0.119 0.146 0.117 0.008 0.105 0.137 
140 COPE-0140   (14)   :  0.024 0.023 0.022 0.023 0.024 0.023 0.815 0.022 0.025 
141 COPE-0141    (0)   :  0.127 0.126 0.131 0.131 0.123 0.134 0.008 0.102 0.117 
142 COPE-0142    (0)   :  0.129 0.128 0.124 0.132 0.122 0.122 0.009 0.115 0.119 
143 COPE-0143    (0)   :  0.118 0.131 0.111 0.129 0.107 0.136 0.009 0.131 0.129 
144 COPE-0144   (14)   :  0.104 0.096 0.102 0.091 0.100 0.104 0.205 0.100 0.097 
145 COPE-0145   (14)   :  0.099 0.081 0.078 0.078 0.091 0.083 0.329 0.072 0.088 
146 COPE-0146   (14)   :  0.121 0.125 0.108 0.129 0.109 0.128 0.028 0.125 0.128 
147 COPE-0147    (0)   :  0.115 0.114 0.130 0.112 0.121 0.131 0.068 0.107 0.103 
148 COPE-0148    (0)   :  0.108 0.135 0.102 0.123 0.095 0.136 0.009 0.160 0.133 
149 COPE-0149    (0)   :  0.118 0.128 0.112 0.119 0.131 0.128 0.007 0.117 0.140 
150 COPE-0150    (0)   :  0.127 0.130 0.120 0.114 0.141 0.108 0.008 0.106 0.146 
151 COPE-0151    (0)   :  0.131 0.126 0.112 0.127 0.120 0.129 0.007 0.119 0.130 
152 COPE-0152   (14)   :  0.112 0.112 0.109 0.118 0.105 0.120 0.125 0.093 0.105 
153 COPE-0153    (0)   :  0.122 0.118 0.129 0.132 0.120 0.130 0.006 0.128 0.115 
154 COPE-0154    (0)   :  0.128 0.124 0.118 0.130 0.124 0.119 0.007 0.124 0.126 
155 COPE-0155    (0)   :  0.138 0.126 0.112 0.129 0.128 0.115 0.006 0.115 0.130 
156 COPE-0156   (14)   :  0.009 0.009 0.009 0.009 0.009 0.009 0.929 0.009 0.009 
157 COPE-0157   (14)   :  0.096 0.091 0.099 0.089 0.090 0.097 0.265 0.086 0.086 
158 COPE-0158    (0)   :  0.109 0.135 0.102 0.121 0.106 0.131 0.009 0.150 0.137 
159 COPE-0159    (0)   :  0.119 0.124 0.126 0.129 0.118 0.140 0.008 0.123 0.114 
160 COPE-0160    (0)   :  0.121 0.123 0.141 0.116 0.128 0.133 0.007 0.119 0.113 
161 COPE-0161    (0)   :  0.125 0.121 0.135 0.120 0.127 0.130 0.012 0.114 0.118 
162 COPE-0162   (14)   :  0.007 0.007 0.007 0.007 0.007 0.007 0.944 0.007 0.007 
163 COPE-0163   (28)   :  0.013 0.013 0.013 0.013 0.013 0.013 0.894 0.013 0.013 
164 COPE-0164    (0)   :  0.131 0.125 0.106 0.126 0.121 0.122 0.030 0.110 0.129 
165 COPE-0165    (0)   :  0.127 0.121 0.121 0.118 0.139 0.124 0.008 0.110 0.132 
166 COPE-0166   (14)   :  0.123 0.123 0.132 0.114 0.125 0.130 0.008 0.123 0.122 
167 COPE-0167    (0)   :  0.116 0.123 0.140 0.117 0.124 0.124 0.008 0.138 0.110 
168 COPE-0168    (0)   :  0.116 0.127 0.112 0.128 0.106 0.134 0.006 0.146 0.125 
169 COPE-0169    (0)   :  0.125 0.116 0.117 0.119 0.157 0.122 0.011 0.098 0.135 
170 COPE-0170    (0)   :  0.129 0.115 0.134 0.127 0.118 0.128 0.029 0.110 0.111 
171 COPE-0171    (0)   :  0.128 0.122 0.119 0.130 0.117 0.125 0.008 0.133 0.119 
172 COPE-0172    (0)   :  0.129 0.125 0.117 0.128 0.120 0.125 0.007 0.123 0.128 
173 COPE-0173   (14)   :  0.123 0.108 0.111 0.111 0.147 0.115 0.063 0.094 0.129 
174 COPE-0174   (28)   :  0.124 0.124 0.121 0.121 0.118 0.129 0.016 0.122 0.124 
175 COPE-0175    (0)   :  0.115 0.122 0.120 0.116 0.111 0.129 0.040 0.130 0.118 
176 COPE-0176    (0)   :  0.122 0.127 0.134 0.124 0.116 0.122 0.009 0.132 0.114 
177 COPE-0177    (0)   :  0.127 0.123 0.116 0.124 0.137 0.124 0.007 0.106 0.137 
178 COPE-0178    (0)   :  0.134 0.131 0.122 0.133 0.116 0.092 0.007 0.152 0.113 
179 COPE-0179    (0)   :  0.133 0.123 0.121 0.120 0.136 0.122 0.009 0.109 0.127 
180 COPE-0180   (14)   :  0.124 0.118 0.121 0.116 0.159 0.120 0.006 0.097 0.140 
181 COPE-0181   (14)   :  0.126 0.121 0.120 0.116 0.148 0.121 0.009 0.106 0.133 
182 COPE-0182    (0)   :  0.125 0.126 0.116 0.134 0.113 0.128 0.005 0.123 0.130 
183 COPE-0183    (0)   :  0.129 0.122 0.118 0.130 0.122 0.122 0.011 0.118 0.128 
184 COPE-0184    (0)   :  0.113 0.123 0.138 0.115 0.118 0.131 0.009 0.141 0.112 
185 COPE-0185    (0)   :  0.122 0.121 0.125 0.142 0.118 0.129 0.007 0.117 0.118 
186 COPE-0186    (0)   :  0.120 0.112 0.146 0.135 0.108 0.116 0.005 0.147 0.110 
187 COPE-0187    (0)   :  0.126 0.131 0.123 0.114 0.136 0.121 0.010 0.108 0.130 
188 COPE-0188    (0)   :  0.026 0.025 0.024 0.023 0.026 0.024 0.801 0.023 0.027 
189 COPE-0189    (0)   :  0.129 0.120 0.122 0.118 0.139 0.120 0.008 0.106 0.139 
190 COPE-0190    (0)   :  0.122 0.124 0.138 0.110 0.130 0.136 0.015 0.114 0.112 
191 COPE-0191    (0)   :  0.120 0.121 0.125 0.127 0.114 0.127 0.012 0.129 0.125 
192 COPE-0192   (14)   :  0.010 0.010 0.011 0.011 0.010 0.010 0.915 0.012 0.010 
193 COPE-0193    (0)   :  0.121 0.133 0.102 0.133 0.104 0.128 0.006 0.139 0.134 
194 COPE-0194    (0)   :  0.132 0.128 0.115 0.115 0.140 0.110 0.009 0.111 0.141 
195 COPE-0195    (0)   :  0.130 0.125 0.121 0.121 0.127 0.119 0.007 0.115 0.135 
196 COPE-0196    (0)   :  0.128 0.119 0.128 0.125 0.126 0.127 0.011 0.117 0.119 
197 COPE-0197    (0)   :  0.130 0.121 0.112 0.121 0.139 0.123 0.007 0.108 0.138 
198 COPE-0198    (0)   :  0.121 0.119 0.119 0.128 0.132 0.126 0.014 0.115 0.126 
199 COPE-0199    (0)   :  0.127 0.121 0.119 0.120 0.150 0.120 0.011 0.098 0.134 
200 COPE-0200   (42)   :  0.124 0.120 0.116 0.113 0.155 0.123 0.009 0.104 0.136 
201 COPE-0201    (0)   :  0.126 0.120 0.126 0.131 0.115 0.125 0.009 0.125 0.122 
202 COPE-0202    (0)   :  0.111 0.120 0.143 0.123 0.125 0.145 0.013 0.118 0.102 
203 COPE-0203    (0)   :  0.125 0.124 0.119 0.127 0.120 0.129 0.006 0.124 0.126 
204 COPE-0204    (0)   :  0.129 0.127 0.117 0.122 0.122 0.100 0.032 0.128 0.124 
205 COPE-0205    (0)   :  0.120 0.132 0.098 0.132 0.102 0.129 0.022 0.131 0.134 
206 COPE-0206    (0)   :  0.130 0.128 0.122 0.127 0.124 0.102 0.005 0.144 0.119 
207 COPE-0207    (0)   :  0.128 0.125 0.125 0.127 0.112 0.109 0.011 0.149 0.114 
208 COPE-0208    (0)   :  0.032 0.028 0.029 0.031 0.031 0.030 0.764 0.026 0.029 
209 COPE-0209    (0)   :  0.132 0.117 0.123 0.125 0.136 0.118 0.006 0.114 0.129 
210 COPE-0210    (0)   :  0.113 0.130 0.109 0.121 0.111 0.126 0.011 0.145 0.134 
211 COPE-0211    (0)   :  0.127 0.128 0.119 0.118 0.143 0.109 0.005 0.109 0.143 
212 COPE-0212    (0)   :  0.121 0.128 0.118 0.128 0.111 0.118 0.012 0.145 0.118 
213 COPE-0213    (0)   :  0.138 0.124 0.119 0.128 0.124 0.111 0.008 0.125 0.123 
214 COPE-0214    (0)   :  0.124 0.116 0.117 0.114 0.164 0.121 0.008 0.099 0.136 
215 COPE-0215    (0)   :  0.122 0.113 0.114 0.112 0.155 0.115 0.043 0.093 0.134 
216 COPE-0216   (14)   :  0.072 0.076 0.068 0.072 0.068 0.076 0.408 0.081 0.078 
217 COPE-0217    (0)   :  0.126 0.125 0.122 0.123 0.116 0.104 0.028 0.144 0.112 
218 COPE-0218    (0)   :  0.127 0.122 0.114 0.126 0.123 0.127 0.009 0.124 0.128 
219 COPE-0219   (14)   :  0.123 0.121 0.115 0.119 0.143 0.127 0.009 0.110 0.133 
220 COPE-0220    (0)   :  0.130 0.127 0.120 0.128 0.121 0.100 0.014 0.143 0.118 
221 COPE-0221    (0)   :  0.120 0.127 0.125 0.137 0.118 0.142 0.016 0.101 0.114 
222 COPE-0222    (0)   :  0.114 0.131 0.108 0.136 0.102 0.137 0.007 0.139 0.127 
223 COPE-0223    (0)   :  0.133 0.119 0.120 0.120 0.146 0.123 0.008 0.095 0.136 
224 COPE-0224    (0)   :  0.101 0.120 0.164 0.103 0.124 0.142 0.020 0.130 0.096 
225 COPE-0225    (0)   :  0.122 0.116 0.117 0.114 0.164 0.119 0.015 0.098 0.136 
226 COPE-0226    (0)   :  0.124 0.124 0.125 0.123 0.117 0.128 0.007 0.130 0.122 
227 COPE-0227    (0)   :  0.123 0.115 0.130 0.131 0.123 0.120 0.006 0.131 0.120 
228 COPE-0228    (0)   :  0.128 0.126 0.120 0.125 0.122 0.104 0.020 0.139 0.115 
229 COPE-0229    (0)   :  0.125 0.126 0.120 0.122 0.132 0.127 0.007 0.119 0.123 
230 COPE-0230    (0)   :  0.125 0.129 0.126 0.128 0.120 0.122 0.010 0.120 0.120 
231 COPE-0231    (0)   :  0.127 0.127 0.110 0.126 0.131 0.120 0.006 0.117 0.135 
232 COPE-0232    (0)   :  0.124 0.121 0.141 0.111 0.126 0.132 0.015 0.118 0.113 
233 COPE-0233    (0)   :  0.120 0.129 0.118 0.141 0.107 0.135 0.005 0.124 0.121 
234 COPE-0234    (0)   :  0.123 0.119 0.144 0.111 0.128 0.135 0.008 0.118 0.113 
235 COPE-0235    (0)   :  0.128 0.121 0.132 0.118 0.130 0.130 0.006 0.107 0.128 
236 COPE-0236    (0)   :  0.128 0.131 0.124 0.129 0.121 0.112 0.005 0.129 0.120 
237 COPE-0237    (0)   :  0.118 0.118 0.126 0.147 0.113 0.131 0.006 0.127 0.115 
238 COPE-0238    (0)   :  0.124 0.123 0.112 0.119 0.147 0.125 0.008 0.103 0.139 
239 COPE-0239    (0)   :  0.110 0.122 0.142 0.107 0.119 0.134 0.034 0.122 0.110 
240 COPE-0240    (0)   :  0.112 0.128 0.109 0.127 0.099 0.131 0.008 0.157 0.130 
241 COPE-0241    (0)   :  0.124 0.119 0.120 0.115 0.161 0.121 0.007 0.093 0.140 
242 COPE-0242    (0)   :  0.129 0.122 0.128 0.134 0.114 0.110 0.006 0.145 0.112 
243 COPE-0243    (0)   :  0.129 0.129 0.119 0.112 0.139 0.119 0.008 0.111 0.135 
244 COPE-0244    (0)   :  0.132 0.120 0.119 0.121 0.137 0.124 0.009 0.109 0.129 
245 COPE-0245    (0)   :  0.128 0.129 0.113 0.120 0.131 0.118 0.012 0.113 0.136 
246 COPE-0246    (0)   :  0.121 0.125 0.125 0.122 0.115 0.130 0.013 0.125 0.123 
247 COPE-0247    (0)   :  0.125 0.121 0.119 0.127 0.133 0.130 0.017 0.107 0.121 
248 COPE-0248    (0)   :  0.131 0.125 0.112 0.128 0.123 0.119 0.005 0.125 0.133 
249 COPE-0249    (0)   :  0.115 0.115 0.140 0.106 0.132 0.132 0.031 0.119 0.110 
250 COPE-0250    (0)   :  0.114 0.120 0.147 0.108 0.124 0.136 0.016 0.128 0.107 
251 COPE-0251   (14)   :  0.031 0.031 0.031 0.036 0.031 0.034 0.747 0.030 0.030 
252 COPE-0252    (0)   :  0.115 0.126 0.143 0.106 0.122 0.139 0.012 0.126 0.112 
253 COPE-0253    (0)   :  0.124 0.130 0.128 0.135 0.122 0.135 0.008 0.099 0.119 
254 COPE-0254    (0)   :  0.125 0.127 0.120 0.120 0.128 0.119 0.014 0.118 0.130 
255 COPE-0255    (0)   :  0.123 0.123 0.120 0.127 0.128 0.126 0.026 0.103 0.124 
256 COPE-0256    (0)   :  0.109 0.133 0.097 0.126 0.097 0.131 0.011 0.160 0.136 
257 COPE-0257    (0)   :  0.120 0.109 0.151 0.133 0.106 0.116 0.008 0.149 0.110 
258 COPE-0258    (0)   :  0.133 0.113 0.129 0.127 0.121 0.114 0.021 0.124 0.118 
259 COPE-0259    (0)   :  0.128 0.127 0.117 0.126 0.129 0.117 0.006 0.119 0.131 
260 COPE-0260    (0)   :  0.127 0.119 0.114 0.118 0.142 0.119 0.024 0.104 0.132 
261 COPE-0261    (0)   :  0.127 0.129 0.116 0.121 0.131 0.112 0.006 0.120 0.137 
262 COPE-0262    (0)   :  0.120 0.128 0.107 0.119 0.117 0.121 0.021 0.131 0.136 
263 COPE-0263    (0)   :  0.119 0.111 0.132 0.145 0.112 0.123 0.008 0.137 0.114 
264 COPE-0264    (0)   :  0.124 0.112 0.138 0.132 0.112 0.113 0.020 0.135 0.115 
265 COPE-0265    (0)   :  0.126 0.127 0.116 0.128 0.119 0.130 0.011 0.113 0.130 
266 COPE-0266    (0)   :  0.131 0.125 0.118 0.125 0.123 0.107 0.018 0.136 0.118 
267 COPE-0267    (0)   :  0.115 0.128 0.126 0.132 0.110 0.139 0.006 0.127 0.116 
268 COPE-0268    (0)   :  0.116 0.121 0.123 0.146 0.103 0.134 0.013 0.127 0.117 
269 COPE-0269    (0)   :  0.120 0.125 0.126 0.115 0.112 0.128 0.007 0.141 0.127 
270 COPE-0270    (0)   :  0.122 0.130 0.120 0.114 0.143 0.109 0.007 0.108 0.146 
271 COPE-0271    (0)   :  0.122 0.127 0.118 0.116 0.120 0.130 0.007 0.121 0.138 
272 COPE-0272    (0)   :  0.127 0.125 0.131 0.125 0.126 0.129 0.007 0.112 0.116 
273 COPE-0273    (0)   :  0.123 0.130 0.117 0.130 0.111 0.120 0.015 0.139 0.115 
274 COPE-0274   (14)   :  0.024 0.023 0.021 0.022 0.024 0.021 0.821 0.020 0.024 
275 COPE-0275    (0)   :  0.128 0.119 0.128 0.117 0.135 0.120 0.010 0.113 0.128 
276 COPE-0276   (14)   :  0.006 0.006 0.006 0.006 0.006 0.006 0.950 0.006 0.006 
277 COPE-0277   (14)   :  0.110 0.133 0.110 0.123 0.101 0.125 0.013 0.158 0.126 
278 COPE-0278    (0)   :  0.131 0.130 0.121 0.131 0.115 0.096 0.007 0.155 0.115 
279 COPE-0279    (0)   :  0.137 0.126 0.117 0.125 0.120 0.115 0.009 0.127 0.124 
280 COPE-0280    (0)   :  0.013 0.013 0.013 0.013 0.013 0.013 0.895 0.013 0.013 
281 COPE-0281    (0)   :  0.033 0.029 0.030 0.029 0.035 0.029 0.758 0.027 0.030 
282 COPE-0282   (14)   :  0.101 0.122 0.171 0.102 0.127 0.149 0.006 0.128 0.093 
283 COPE-0283    (0)   :  0.128 0.129 0.122 0.125 0.116 0.106 0.007 0.150 0.116 
284 COPE-0284   (14)   :  0.133 0.116 0.113 0.116 0.141 0.116 0.035 0.096 0.133 
285 COPE-0285    (0)   :  0.031 0.031 0.031 0.032 0.031 0.031 0.749 0.032 0.032 
286 COPE-0286    (0)   :  0.144 0.116 0.118 0.120 0.143 0.113 0.011 0.102 0.132 
287 COPE-0287    (0)   :  0.112 0.115 0.124 0.145 0.103 0.127 0.033 0.130 0.111 
288 COPE-0288    (0)   :  0.121 0.129 0.127 0.132 0.120 0.142 0.010 0.107 0.113 
289 COPE-0289    (0)   :  0.120 0.127 0.117 0.129 0.112 0.132 0.008 0.128 0.128 
290 COPE-0290    (0)   :  0.128 0.123 0.120 0.113 0.151 0.112 0.008 0.101 0.143 
291 COPE-0291    (0)   :  0.126 0.118 0.126 0.127 0.126 0.117 0.006 0.127 0.127 
292 COPE-0292   (42)   :  0.015 0.014 0.014 0.014 0.015 0.014 0.885 0.014 0.014 
293 COPE-0293    (0)   :  0.126 0.131 0.125 0.131 0.120 0.130 0.008 0.105 0.125 
294 COPE-0294    (0)   :  0.130 0.119 0.126 0.119 0.132 0.122 0.012 0.117 0.122 
295 COPE-0295    (0)   :  0.114 0.127 0.134 0.119 0.116 0.130 0.008 0.139 0.114 
296 COPE-0296   (14)   :  0.124 0.128 0.120 0.125 0.121 0.129 0.007 0.121 0.124 
297 COPE-0297   (14)   :  0.122 0.114 0.116 0.111 0.157 0.116 0.035 0.094 0.134 
298 COPE-0298    (0)   :  0.126 0.121 0.137 0.119 0.125 0.132 0.010 0.112 0.119 
299 COPE-0299    (0)   :  0.128 0.128 0.116 0.118 0.137 0.116 0.006 0.111 0.139 
300 COPE-0300   (14)   :  0.116 0.124 0.114 0.131 0.102 0.132 0.008 0.148 0.125 
301 COPE-0301   (14)   :  0.121 0.131 0.130 0.139 0.119 0.138 0.009 0.096 0.117 
302 COPE-0302    (0)   :  0.091 0.095 0.092 0.095 0.083 0.099 0.238 0.112 0.095 
303 COPE-0303    (0)   :  0.135 0.128 0.122 0.132 0.119 0.100 0.006 0.140 0.117 
304 COPE-0304    (0)   :  0.125 0.128 0.119 0.127 0.120 0.127 0.007 0.119 0.127 
305 COPE-0305   (14)   :  0.119 0.116 0.129 0.112 0.116 0.123 0.037 0.131 0.116 
306 COPE-0306    (0)   :  0.132 0.130 0.126 0.129 0.117 0.095 0.009 0.151 0.113 
307 COPE-0307   (28)   :  0.008 0.008 0.008 0.008 0.008 0.008 0.935 0.008 0.008 
308 COPE-0308    (0)   :  0.105 0.123 0.165 0.106 0.127 0.146 0.006 0.124 0.098 
309 COPE-0309   (14)   :  0.048 0.046 0.046 0.044 0.048 0.048 0.633 0.041 0.045 
310 COPE-0310   (28)   :  0.043 0.039 0.055 0.048 0.039 0.042 0.639 0.054 0.040 
311 COPE-0311    (0)   :  0.129 0.111 0.131 0.132 0.115 0.116 0.023 0.132 0.112 
312 COPE-0312   (28)   :  0.013 0.013 0.013 0.013 0.013 0.012 0.898 0.014 0.012 
313 COPE-0313    (0)   :  0.129 0.118 0.129 0.132 0.118 0.106 0.008 0.144 0.115 
314 COPE-0314    (0)   :  0.124 0.122 0.118 0.144 0.114 0.125 0.008 0.123 0.122 
315 COPE-0315    (0)   :  0.125 0.120 0.128 0.126 0.130 0.118 0.008 0.124 0.121 
316 COPE-0316    (0)   :  0.131 0.121 0.116 0.118 0.136 0.109 0.022 0.112 0.134 
317 COPE-0317   (14)   :  0.008 0.008 0.009 0.009 0.008 0.009 0.932 0.009 0.008 
318 COPE-0318    (0)   :  0.128 0.121 0.124 0.123 0.132 0.119 0.006 0.116 0.131 
319 COPE-0319    (0)   :  0.115 0.122 0.147 0.111 0.127 0.136 0.007 0.122 0.114 
320 COPE-0320   (14)   :  0.123 0.127 0.126 0.129 0.118 0.133 0.014 0.112 0.118 
321 COPE-0321   (14)   :  0.125 0.114 0.131 0.137 0.116 0.115 0.011 0.134 0.118 
322 COPE-0322   (14)   :  0.133 0.120 0.119 0.123 0.137 0.122 0.006 0.106 0.135 
323 COPE-0323    (0)   :  0.120 0.105 0.152 0.134 0.103 0.116 0.009 0.154 0.107 
324 COPE-0324    (0)   :  0.123 0.118 0.120 0.117 0.155 0.121 0.006 0.105 0.135 
325 COPE-0325   (14)   :  0.103 0.133 0.102 0.125 0.091 0.133 0.011 0.167 0.134 
326 COPE-0326    (0)   :  0.123 0.131 0.135 0.125 0.119 0.128 0.007 0.121 0.110 
327 COPE-0327   (14)   :  0.127 0.129 0.127 0.129 0.125 0.139 0.008 0.096 0.120 
328 COPE-0328    (0)   :  0.135 0.124 0.119 0.126 0.130 0.115 0.006 0.114 0.131 
329 COPE-0329   (28)   :  0.127 0.121 0.120 0.121 0.143 0.114 0.012 0.112 0.129 
330 COPE-0330    (0)   :  0.126 0.120 0.114 0.137 0.114 0.123 0.021 0.121 0.124 
331 COPE-0331    (0)   :  0.124 0.129 0.128 0.139 0.118 0.137 0.006 0.101 0.119 
332 COPE-0332   (14)   :  0.134 0.126 0.123 0.127 0.121 0.112 0.007 0.130 0.121 
333 COPE-0333    (0)   :  0.109 0.110 0.107 0.115 0.105 0.115 0.151 0.083 0.104 
334 COPE-0334   (28)   :  0.049 0.045 0.060 0.054 0.046 0.049 0.592 0.058 0.047 
335 COPE-0335    (0)   :  0.124 0.116 0.119 0.116 0.163 0.121 0.007 0.099 0.135 
336 COPE-0336    (0)   :  0.136 0.123 0.123 0.121 0.138 0.132 0.006 0.103 0.119 
337 COPE-0337   (28)   :  0.019 0.018 0.018 0.018 0.021 0.018 0.853 0.017 0.019 
338 COPE-0338    (0)   :  0.124 0.112 0.125 0.140 0.106 0.120 0.021 0.135 0.118 
339 COPE-0339    (0)   :  0.108 0.133 0.097 0.129 0.090 0.138 0.006 0.164 0.136 
340 COPE-0340   (14)   :  0.012 0.012 0.012 0.012 0.012 0.012 0.904 0.011 0.012 
341 COPE-0341    (0)   :  0.117 0.126 0.138 0.119 0.124 0.139 0.007 0.117 0.113 
342 COPE-0342    (0)   :  0.124 0.118 0.118 0.115 0.161 0.122 0.007 0.095 0.140 
343 COPE-0343    (0)   :  0.126 0.131 0.120 0.127 0.120 0.117 0.006 0.131 0.122 
344 COPE-0344   (14)   :  0.010 0.010 0.011 0.011 0.010 0.011 0.915 0.011 0.010 
345 COPE-0345    (0)   :  0.115 0.123 0.147 0.110 0.121 0.138 0.006 0.127 0.113 
346 COPE-0346    (0)   :  0.131 0.117 0.115 0.121 0.128 0.124 0.032 0.107 0.123 
347 COPE-0347    (0)   :  0.126 0.127 0.116 0.122 0.125 0.123 0.007 0.119 0.135 
348 COPE-0348    (0)   :  0.126 0.125 0.119 0.124 0.127 0.110 0.015 0.126 0.128 
349 COPE-0349    (0)   :  0.125 0.121 0.119 0.117 0.148 0.123 0.006 0.100 0.141 
350 COPE-0350    (0)   :  0.129 0.125 0.121 0.119 0.134 0.119 0.006 0.109 0.140 
351 COPE-0351    (0)   :  0.127 0.126 0.115 0.119 0.141 0.116 0.006 0.110 0.140 
352 COPE-0352    (0)   :  0.130 0.117 0.118 0.118 0.134 0.116 0.027 0.114 0.125 
353 COPE-0353    (0)   :  0.121 0.111 0.144 0.134 0.112 0.117 0.005 0.141 0.114 
354 COPE-0354    (0)   :  0.122 0.117 0.136 0.127 0.118 0.125 0.015 0.124 0.115 
355 COPE-0355    (0)   :  0.104 0.140 0.091 0.126 0.088 0.137 0.006 0.167 0.141 
356 COPE-0356    (0)   :  0.122 0.129 0.126 0.118 0.133 0.124 0.008 0.112 0.128 
357 COPE-0357    (0)   :  0.123 0.117 0.123 0.119 0.141 0.128 0.008 0.113 0.127 
358 COPE-0358    (0)   :  0.008 0.007 0.007 0.007 0.008 0.008 0.940 0.007 0.008 
359 COPE-0359   (14)   :  0.132 0.122 0.123 0.123 0.123 0.124 0.009 0.118 0.126 
360 COPE-0360    (0)   :  0.122 0.115 0.141 0.131 0.113 0.117 0.006 0.140 0.114 
361 COPE-0361    (0)   :  0.127 0.121 0.134 0.114 0.129 0.131 0.009 0.110 0.125 
362 COPE-0362    (0)   :  0.125 0.117 0.121 0.119 0.155 0.120 0.007 0.101 0.136 
363 COPE-0363   (14)   :  0.128 0.124 0.118 0.124 0.125 0.128 0.013 0.112 0.128 
364 COPE-0364    (0)   :  0.125 0.112 0.131 0.144 0.112 0.122 0.006 0.132 0.116 
365 COPE-0365    (0)   :  0.115 0.107 0.137 0.148 0.105 0.118 0.019 0.142 0.109 
366 COPE-0366    (0)   :  0.129 0.116 0.113 0.120 0.153 0.116 0.023 0.094 0.135 
367 COPE-0367   (14)   :  0.011 0.012 0.013 0.012 0.012 0.013 0.904 0.012 0.011 
368 COPE-0368    (0)   :  0.112 0.135 0.100 0.128 0.096 0.136 0.010 0.152 0.132 
369 COPE-0369    (0)   :  0.124 0.124 0.120 0.126 0.127 0.137 0.009 0.117 0.116 
370 COPE-0370   (28)   :  0.009 0.009 0.009 0.009 0.009 0.009 0.929 0.009 0.009 
371 COPE-0371    (0)   :  0.118 0.120 0.129 0.138 0.114 0.125 0.013 0.127 0.116 
372 COPE-0372    (0)   :  0.120 0.116 0.119 0.118 0.121 0.110 0.047 0.133 0.116 
373 COPE-0373   (14)   :  0.117 0.130 0.140 0.123 0.120 0.137 0.007 0.118 0.108 
374 COPE-0374    (0)   :  0.122 0.122 0.130 0.123 0.114 0.132 0.008 0.130 0.119 
375 COPE-0375   (14)   :  0.118 0.108 0.148 0.132 0.108 0.120 0.010 0.146 0.109 
376 COPE-0376   (14)   :  0.126 0.129 0.118 0.117 0.136 0.117 0.006 0.116 0.135 
377 COPE-0377    (0)   :  0.051 0.051 0.056 0.049 0.054 0.054 0.589 0.047 0.049 
378 COPE-0378    (0)   :  0.116 0.127 0.115 0.125 0.109 0.125 0.007 0.149 0.129 
379 COPE-0379    (0)   :  0.126 0.119 0.120 0.113 0.159 0.122 0.007 0.095 0.140 
380 COPE-0380   (28)   :  0.037 0.037 0.034 0.037 0.034 0.029 0.719 0.039 0.034 
381 COPE-0381    (0)   :  0.125 0.120 0.135 0.116 0.122 0.126 0.011 0.126 0.119 
382 COPE-0382    (0)   :  0.124 0.121 0.118 0.114 0.158 0.123 0.006 0.099 0.137 
383 COPE-0383    (0)   :  0.111 0.099 0.143 0.132 0.100 0.112 0.057 0.143 0.101 
384 COPE-0384    (0)   :  0.117 0.126 0.119 0.126 0.110 0.123 0.008 0.146 0.126 


Estimated Allele Frequencies in each cluster
First column gives estimated ancestral frequencies


Locus 1 : COPE5 
78 alleles
0.5% missing data
   1   (0.007) 0.001 0.001 0.001 0.001 0.001 0.001 0.688 0.001 0.001 
   2   (0.023) 0.024 0.024 0.026 0.023 0.023 0.026 0.013 0.025 0.024 
   3   (0.013) 0.013 0.015 0.015 0.013 0.014 0.016 0.001 0.015 0.014 
   4   (0.023) 0.024 0.026 0.023 0.024 0.026 0.025 0.001 0.024 0.028 
   5   (0.011) 0.010 0.010 0.010 0.009 0.012 0.010 0.001 0.008 0.010 
   6   (0.019) 0.018 0.018 0.019 0.017 0.020 0.018 0.004 0.017 0.018 
   7   (0.008) 0.003 0.003 0.004 0.003 0.004 0.004 0.001 0.004 0.003 
   8   (0.032) 0.088 0.094 0.093 0.089 0.084 0.086 0.002 0.104 0.082 
   9   (0.021) 0.023 0.021 0.022 0.021 0.023 0.022 0.001 0.020 0.022 
  10   (0.019) 0.020 0.019 0.019 0.021 0.019 0.020 0.001 0.020 0.020 
  11   (0.015) 0.015 0.014 0.015 0.018 0.014 0.015 0.014 0.016 0.014 
  12   (0.016) 0.024 0.024 0.024 0.026 0.023 0.024 0.001 0.020 0.023 
  13   (0.011) 0.011 0.011 0.011 0.011 0.010 0.011 0.001 0.010 0.010 
  14   (0.024) 0.027 0.028 0.026 0.029 0.026 0.029 0.002 0.025 0.028 
  15   (0.016) 0.028 0.034 0.027 0.033 0.025 0.034 0.001 0.042 0.035 
  16   (0.010) 0.006 0.006 0.006 0.006 0.006 0.006 0.001 0.006 0.007 
  17   (0.017) 0.015 0.014 0.014 0.014 0.015 0.014 0.001 0.014 0.015 
  18   (0.017) 0.014 0.013 0.013 0.013 0.016 0.013 0.006 0.012 0.015 
  19   (0.012) 0.010 0.010 0.010 0.009 0.012 0.010 0.001 0.008 0.011 
  20   (0.029) 0.051 0.053 0.051 0.058 0.047 0.055 0.002 0.055 0.052 
  21   (0.023) 0.022 0.022 0.021 0.022 0.023 0.022 0.001 0.021 0.022 
  22   (0.019) 0.016 0.015 0.015 0.016 0.015 0.015 0.008 0.015 0.016 
  23   (0.013) 0.012 0.012 0.011 0.012 0.013 0.012 0.001 0.010 0.012 
  24   (0.015) 0.019 0.019 0.019 0.018 0.019 0.017 0.001 0.019 0.019 
  25   (0.010) 0.008 0.008 0.008 0.008 0.007 0.008 0.001 0.007 0.008 
  26   (0.013) 0.009 0.009 0.009 0.009 0.009 0.009 0.001 0.008 0.009 
  27   (0.012) 0.010 0.010 0.010 0.009 0.010 0.009 0.001 0.008 0.011 
  28   (0.008) 0.003 0.003 0.003 0.003 0.003 0.003 0.018 0.003 0.003 
  29   (0.013) 0.012 0.012 0.011 0.011 0.012 0.011 0.001 0.010 0.012 
  30   (0.018) 0.020 0.020 0.020 0.020 0.020 0.022 0.003 0.019 0.019 
  31   (0.019) 0.019 0.019 0.017 0.019 0.019 0.019 0.001 0.019 0.020 
  32   (0.024) 0.039 0.037 0.038 0.040 0.042 0.039 0.001 0.034 0.039 
  33   (0.006) 0.002 0.002 0.002 0.002 0.002 0.002 0.000 0.002 0.002 
  34   (0.018) 0.020 0.020 0.019 0.022 0.018 0.020 0.001 0.019 0.019 
  35   (0.006) 0.001 0.001 0.001 0.001 0.001 0.001 0.055 0.001 0.001 
  36   (0.006) 0.002 0.002 0.002 0.002 0.002 0.002 0.000 0.002 0.002 
  37   (0.021) 0.024 0.024 0.026 0.026 0.022 0.025 0.017 0.029 0.024 
  38   (0.016) 0.013 0.013 0.012 0.012 0.013 0.013 0.006 0.012 0.013 
  39   (0.015) 0.021 0.019 0.019 0.019 0.019 0.016 0.001 0.020 0.018 
  40   (0.011) 0.010 0.009 0.009 0.010 0.011 0.009 0.001 0.008 0.011 
  41   (0.008) 0.005 0.005 0.004 0.005 0.005 0.004 0.001 0.004 0.005 
  42   (0.006) 0.002 0.002 0.002 0.002 0.002 0.002 0.000 0.002 0.002 
  43   (0.008) 0.005 0.005 0.005 0.004 0.005 0.005 0.001 0.004 0.005 
  44   (0.022) 0.026 0.027 0.029 0.025 0.028 0.028 0.001 0.026 0.026 
  45   (0.006) 0.002 0.002 0.002 0.002 0.002 0.002 0.000 0.002 0.002 
  46   (0.016) 0.019 0.018 0.019 0.019 0.017 0.018 0.001 0.019 0.017 
  47   (0.009) 0.006 0.006 0.007 0.006 0.006 0.007 0.001 0.006 0.006 
  48   (0.006) 0.002 0.002 0.002 0.002 0.003 0.002 0.000 0.002 0.002 
  49   (0.015) 0.015 0.016 0.016 0.015 0.015 0.017 0.001 0.017 0.016 
  50   (0.014) 0.012 0.011 0.011 0.011 0.012 0.012 0.001 0.011 0.012 
  51   (0.011) 0.014 0.012 0.018 0.015 0.013 0.014 0.008 0.017 0.013 
  52   (0.014) 0.012 0.012 0.012 0.013 0.012 0.012 0.001 0.011 0.013 
  53   (0.007) 0.001 0.001 0.001 0.001 0.001 0.001 0.032 0.001 0.001 
  54   (0.007) 0.001 0.001 0.001 0.001 0.001 0.001 0.078 0.001 0.001 
  55   (0.010) 0.008 0.008 0.007 0.007 0.008 0.007 0.001 0.007 0.008 
  56   (0.011) 0.011 0.011 0.011 0.011 0.011 0.010 0.001 0.013 0.010 
  57   (0.014) 0.012 0.011 0.011 0.011 0.014 0.011 0.001 0.010 0.012 
  58   (0.008) 0.006 0.006 0.006 0.006 0.006 0.005 0.000 0.005 0.007 
  59   (0.010) 0.010 0.011 0.015 0.010 0.012 0.013 0.001 0.012 0.010 
  60   (0.010) 0.008 0.008 0.008 0.008 0.008 0.007 0.001 0.009 0.008 
  61   (0.006) 0.002 0.002 0.002 0.002 0.002 0.002 0.000 0.002 0.002 
  62   (0.012) 0.012 0.011 0.013 0.012 0.011 0.011 0.001 0.012 0.011 
  63   (0.010) 0.016 0.016 0.015 0.015 0.016 0.014 0.001 0.015 0.017 
  64   (0.009) 0.005 0.005 0.005 0.005 0.005 0.005 0.001 0.005 0.005 
  65   (0.019) 0.021 0.020 0.021 0.021 0.021 0.019 0.001 0.021 0.020 
  66   (0.009) 0.010 0.010 0.009 0.010 0.009 0.009 0.001 0.010 0.009 
  67   (0.010) 0.006 0.006 0.006 0.006 0.007 0.006 0.001 0.005 0.007 
  68   (0.013) 0.012 0.011 0.010 0.011 0.013 0.011 0.001 0.009 0.012 
  69   (0.007) 0.002 0.002 0.002 0.002 0.002 0.002 0.000 0.002 0.002 
  70   (0.006) 0.002 0.002 0.002 0.002 0.002 0.002 0.000 0.002 0.002 
  71   (0.010) 0.007 0.006 0.006 0.006 0.006 0.006 0.001 0.006 0.006 
  72   (0.006) 0.002 0.002 0.002 0.002 0.002 0.002 0.000 0.002 0.002 
  73   (0.006) 0.002 0.002 0.002 0.002 0.002 0.002 0.000 0.002 0.002 
  74   (0.006) 0.002 0.002 0.002 0.002 0.002 0.002 0.000 0.002 0.002 
  75   (0.009) 0.005 0.005 0.005 0.004 0.005 0.005 0.001 0.004 0.005 
  76   (0.006) 0.002 0.002 0.002 0.002 0.002 0.002 0.000 0.002 0.002 
  77   (0.008) 0.004 0.003 0.003 0.003 0.004 0.003 0.000 0.003 0.004 
  78   (0.006) 0.002 0.002 0.002 0.002 0.002 0.002 0.000 0.002 0.002 

Locus 2 : COPE9 
12 alleles
8.3% missing data
   1   (0.411) 0.468 0.464 0.476 0.475 0.469 0.469 0.410 0.459 0.463 
   2   (0.142) 0.136 0.138 0.138 0.130 0.136 0.139 0.276 0.139 0.136 
   3   (0.045) 0.052 0.052 0.050 0.052 0.049 0.044 0.020 0.058 0.049 
   4   (0.073) 0.074 0.074 0.071 0.075 0.077 0.076 0.022 0.075 0.079 
   5   (0.037) 0.027 0.025 0.025 0.025 0.028 0.025 0.021 0.022 0.027 
   6   (0.134) 0.133 0.137 0.129 0.136 0.130 0.138 0.047 0.135 0.137 
   7   (0.039) 0.026 0.026 0.029 0.024 0.029 0.028 0.072 0.026 0.025 
