

----------------------------------------------------
STRUCTURE by Pritchard, Stephens and Donnelly (2000)
     and Falush, Stephens and Pritchard (2003)
       Code by Pritchard, Falush and Hubisz
             Version 2.3.4 (Jul 2012)
----------------------------------------------------



Command line arguments:   /home/jason/Programs/structure -K 12 -i ../Data/microsats.structure -m Structure_Run/mainparams -e Structure_Run/extraparams -D 18727320 -o ../Structure_Results/07_K_12.out 
Input File:    ../Data/microsats.structure

Run parameters:
   384 individuals
   7 loci
   12 populations assumed
   1000000 Burn-in period
   10000000 Reps
RANDOMIZE turned off


--------------------------------------------
Overall proportion of membership of the
sample in each of the 12 clusters

Inferred Clusters
  1      2      3      4      5      6      7      8      9     10     11     12    
0.108  0.081  0.081  0.081  0.081  0.081  0.081  0.081  0.081  0.081  0.081  0.081  

--------------------------------------------

Allele-freq. divergence among pops (Net nucleotide distance),
computed using point estimates of P.

      1       2       3       4       5       6       7       8       9      10      11      12      
 1      -    0.1698  0.1701  0.1704  0.1705  0.1690  0.1706  0.1691  0.1713  0.1685  0.1708  0.1699  
 2   0.1698     -    0.0001  0.0002  0.0001  0.0001  0.0001  0.0001  0.0001  0.0001  0.0001  0.0001  
 3   0.1701  0.0001     -    0.0001  0.0001  0.0002  0.0001  0.0001  0.0001  0.0001  0.0001  0.0000  
 4   0.1704  0.0002  0.0001     -    0.0002  0.0001  0.0002  0.0002  0.0001  0.0002  0.0001  0.0001  
 5   0.1705  0.0001  0.0001  0.0002     -    0.0002  0.0002  0.0001  0.0001  0.0001  0.0001  0.0000  
 6   0.1690  0.0001  0.0002  0.0001  0.0002     -    0.0001  0.0002  0.0001  0.0002  0.0001  0.0001  
 7   0.1706  0.0001  0.0001  0.0002  0.0002  0.0001     -    0.0002  0.0001  0.0003  0.0000  0.0002  
 8   0.1691  0.0001  0.0001  0.0002  0.0001  0.0002  0.0002     -    0.0002  0.0000  0.0001  0.0000  
 9   0.1713  0.0001  0.0001  0.0001  0.0001  0.0001  0.0001  0.0002     -    0.0002  0.0000  0.0001  
10   0.1685  0.0001  0.0001  0.0002  0.0001  0.0002  0.0003  0.0000  0.0002     -    0.0002  0.0001  
11   0.1708  0.0001  0.0001  0.0001  0.0001  0.0001  0.0000  0.0001  0.0000  0.0002     -    0.0001  
12   0.1699  0.0001  0.0000  0.0001  0.0000  0.0001  0.0002  0.0000  0.0001  0.0001  0.0001     -    

Average distances (expected heterozygosity) between individuals in same cluster:
cluster  1  : 0.6304 
cluster  2  : 0.6260 
cluster  3  : 0.6259 
cluster  4  : 0.6232 
cluster  5  : 0.6235 
cluster  6  : 0.6288 
cluster  7  : 0.6234 
cluster  8  : 0.6271 
cluster  9  : 0.6226 
cluster 10  : 0.6276 
cluster 11  : 0.6250 
cluster 12  : 0.6264 

--------------------------------------------
Estimated Ln Prob of Data   = -9324.5
Mean value of ln likelihood = -7629.3
Variance of ln likelihood   = 3390.4
Mean value of alpha         = 0.0492

Mean value of Fst_1         = 0.2135
Mean value of Fst_2         = 0.1082
Mean value of Fst_3         = 0.1144
Mean value of Fst_4         = 0.1117
Mean value of Fst_5         = 0.1127
Mean value of Fst_6         = 0.1010
Mean value of Fst_7         = 0.1118
Mean value of Fst_8         = 0.1100
Mean value of Fst_9         = 0.1115
Mean value of Fst_10         = 0.1096
Mean value of Fst_11         = 0.1104
Mean value of Fst_12         = 0.1102


Inferred ancestry of individuals:
        Label (%Miss) :  Inferred clusters
  1 COPE-0001    (0)   :  0.905 0.009 0.009 0.009 0.009 0.009 0.009 0.009 0.009 0.009 0.009 0.009 
  2 COPE-0002    (0)   :  0.011 0.093 0.092 0.090 0.085 0.092 0.089 0.096 0.082 0.096 0.086 0.088 
  3 COPE-0003    (0)   :  0.007 0.096 0.081 0.092 0.086 0.104 0.089 0.090 0.087 0.092 0.086 0.090 
  4 COPE-0004    (0)   :  0.012 0.094 0.101 0.087 0.087 0.078 0.074 0.110 0.075 0.114 0.075 0.092 
  5 COPE-0005    (0)   :  0.022 0.087 0.106 0.086 0.084 0.076 0.090 0.091 0.086 0.092 0.084 0.096 
  6 COPE-0006    (0)   :  0.018 0.089 0.088 0.086 0.088 0.093 0.092 0.090 0.092 0.083 0.091 0.089 
  7 COPE-0007    (0)   :  0.006 0.088 0.102 0.091 0.089 0.077 0.091 0.092 0.089 0.089 0.089 0.098 
  8 COPE-0008    (0)   :  0.008 0.087 0.091 0.089 0.102 0.079 0.085 0.094 0.089 0.096 0.087 0.093 
  9 COPE-0009    (0)   :  0.016 0.092 0.082 0.092 0.084 0.098 0.094 0.089 0.087 0.089 0.087 0.090 
 10 COPE-0010    (0)   :  0.007 0.094 0.085 0.084 0.091 0.093 0.088 0.087 0.094 0.082 0.100 0.093 
 11 COPE-0011   (14)   :  0.854 0.014 0.014 0.012 0.013 0.013 0.012 0.014 0.012 0.014 0.012 0.014 
 12 COPE-0012   (14)   :  0.006 0.090 0.088 0.082 0.101 0.086 0.083 0.091 0.089 0.097 0.093 0.094 
 13 COPE-0013    (0)   :  0.006 0.112 0.080 0.092 0.086 0.095 0.086 0.087 0.089 0.095 0.081 0.092 
 14 COPE-0014    (0)   :  0.008 0.075 0.095 0.117 0.091 0.098 0.077 0.084 0.090 0.095 0.078 0.092 
 15 COPE-0015    (0)   :  0.007 0.079 0.094 0.106 0.090 0.092 0.086 0.086 0.092 0.090 0.088 0.091 
 16 COPE-0016    (0)   :  0.009 0.085 0.097 0.094 0.075 0.098 0.109 0.087 0.087 0.081 0.096 0.082 
 17 COPE-0017    (0)   :  0.558 0.036 0.043 0.047 0.039 0.041 0.039 0.038 0.040 0.040 0.038 0.040 
 18 COPE-0018    (0)   :  0.007 0.093 0.092 0.086 0.091 0.089 0.096 0.091 0.092 0.086 0.089 0.088 
 19 COPE-0019    (0)   :  0.006 0.097 0.083 0.091 0.089 0.089 0.093 0.090 0.092 0.092 0.087 0.090 
 20 COPE-0020    (0)   :  0.007 0.090 0.086 0.090 0.087 0.096 0.090 0.088 0.091 0.087 0.094 0.094 
 21 COPE-0021    (0)   :  0.006 0.085 0.095 0.095 0.091 0.087 0.090 0.084 0.101 0.081 0.095 0.090 
 22 COPE-0022    (0)   :  0.006 0.089 0.086 0.086 0.100 0.085 0.093 0.094 0.091 0.093 0.089 0.089 
 23 COPE-0023    (0)   :  0.008 0.097 0.087 0.089 0.087 0.098 0.083 0.094 0.085 0.088 0.089 0.094 
 24 COPE-0024   (14)   :  0.006 0.090 0.098 0.085 0.089 0.077 0.101 0.089 0.097 0.079 0.095 0.094 
 25 COPE-0025    (0)   :  0.048 0.088 0.078 0.082 0.080 0.114 0.079 0.085 0.080 0.090 0.086 0.091 
 26 COPE-0026    (0)   :  0.005 0.087 0.088 0.092 0.091 0.086 0.098 0.088 0.094 0.087 0.092 0.090 
 27 COPE-0027    (0)   :  0.006 0.100 0.083 0.089 0.091 0.088 0.090 0.091 0.091 0.095 0.087 0.089 
 28 COPE-0028    (0)   :  0.005 0.089 0.083 0.087 0.086 0.110 0.093 0.082 0.095 0.082 0.099 0.088 
 29 COPE-0029    (0)   :  0.005 0.086 0.097 0.090 0.080 0.093 0.110 0.085 0.091 0.080 0.100 0.083 
 30 COPE-0030   (14)   :  0.711 0.027 0.026 0.025 0.026 0.026 0.027 0.027 0.026 0.026 0.025 0.027 
 31 COPE-0031    (0)   :  0.010 0.088 0.089 0.096 0.094 0.081 0.096 0.089 0.092 0.085 0.090 0.090 
 32 COPE-0032    (0)   :  0.009 0.094 0.083 0.088 0.087 0.104 0.086 0.089 0.088 0.086 0.092 0.094 
 33 COPE-0033    (0)   :  0.011 0.097 0.086 0.089 0.086 0.099 0.085 0.090 0.085 0.086 0.093 0.092 
 34 COPE-0034    (0)   :  0.009 0.088 0.105 0.091 0.084 0.080 0.091 0.093 0.084 0.097 0.083 0.094 
 35 COPE-0035   (14)   :  0.007 0.094 0.084 0.085 0.087 0.107 0.087 0.090 0.089 0.087 0.094 0.090 
 36 COPE-0036   (14)   :  0.006 0.091 0.095 0.086 0.095 0.082 0.088 0.091 0.097 0.081 0.093 0.094 
 37 COPE-0037    (0)   :  0.023 0.090 0.089 0.086 0.088 0.087 0.093 0.089 0.090 0.085 0.091 0.089 
 38 COPE-0038    (0)   :  0.006 0.087 0.085 0.087 0.097 0.085 0.100 0.092 0.090 0.085 0.094 0.092 
 39 COPE-0039    (0)   :  0.045 0.090 0.082 0.087 0.081 0.102 0.084 0.087 0.081 0.090 0.085 0.086 
 40 COPE-0040   (14)   :  0.077 0.083 0.079 0.086 0.083 0.090 0.083 0.084 0.083 0.087 0.082 0.084 
 41 COPE-0041    (0)   :  0.026 0.092 0.083 0.090 0.087 0.093 0.086 0.087 0.088 0.089 0.087 0.091 
 42 COPE-0042    (0)   :  0.010 0.097 0.082 0.088 0.088 0.103 0.088 0.086 0.090 0.087 0.096 0.085 
 43 COPE-0043    (0)   :  0.005 0.087 0.095 0.091 0.084 0.093 0.094 0.092 0.086 0.091 0.092 0.089 
 44 COPE-0044    (0)   :  0.012 0.093 0.092 0.088 0.091 0.084 0.078 0.105 0.078 0.109 0.082 0.088 
 45 COPE-0045    (0)   :  0.033 0.090 0.088 0.084 0.090 0.083 0.080 0.097 0.078 0.101 0.083 0.092 
 46 COPE-0046    (0)   :  0.728 0.025 0.024 0.026 0.024 0.025 0.026 0.025 0.024 0.025 0.024 0.023 
 47 COPE-0047    (0)   :  0.918 0.007 0.007 0.007 0.007 0.008 0.008 0.007 0.007 0.007 0.008 0.007 
 48 COPE-0048    (0)   :  0.007 0.101 0.084 0.087 0.090 0.104 0.081 0.086 0.087 0.085 0.103 0.087 
 49 COPE-0049    (0)   :  0.016 0.089 0.089 0.085 0.087 0.098 0.086 0.093 0.084 0.095 0.087 0.092 
 50 COPE-0050    (0)   :  0.007 0.098 0.085 0.093 0.084 0.091 0.091 0.096 0.087 0.097 0.085 0.085 
 51 COPE-0051    (0)   :  0.100 0.082 0.077 0.074 0.089 0.091 0.083 0.067 0.094 0.073 0.094 0.077 
 52 COPE-0052    (0)   :  0.011 0.072 0.097 0.115 0.093 0.091 0.082 0.083 0.092 0.091 0.082 0.092 
 53 COPE-0053    (0)   :  0.008 0.087 0.101 0.095 0.070 0.094 0.118 0.081 0.090 0.076 0.100 0.080 
 54 COPE-0054    (0)   :  0.005 0.089 0.096 0.085 0.100 0.074 0.086 0.090 0.102 0.083 0.096 0.094 
 55 COPE-0055    (0)   :  0.005 0.089 0.086 0.084 0.106 0.082 0.091 0.094 0.091 0.092 0.090 0.090 
 56 COPE-0056    (0)   :  0.015 0.092 0.084 0.083 0.097 0.088 0.082 0.095 0.085 0.097 0.088 0.094 
 57 COPE-0057    (0)   :  0.010 0.096 0.081 0.089 0.091 0.093 0.087 0.091 0.089 0.091 0.089 0.095 
 58 COPE-0058    (0)   :  0.009 0.095 0.090 0.083 0.088 0.090 0.091 0.091 0.088 0.087 0.091 0.096 
 59 COPE-0059    (0)   :  0.017 0.093 0.078 0.090 0.088 0.098 0.094 0.091 0.089 0.098 0.085 0.079 
 60 COPE-0060    (0)   :  0.006 0.089 0.089 0.099 0.084 0.096 0.099 0.088 0.087 0.085 0.089 0.088 
 61 COPE-0061    (0)   :  0.010 0.091 0.095 0.094 0.075 0.093 0.113 0.083 0.090 0.080 0.096 0.082 
 62 COPE-0062    (0)   :  0.008 0.077 0.096 0.109 0.093 0.089 0.081 0.084 0.099 0.089 0.087 0.089 
 63 COPE-0063    (0)   :  0.022 0.088 0.084 0.079 0.110 0.078 0.081 0.093 0.087 0.097 0.091 0.091 
 64 COPE-0064    (0)   :  0.008 0.091 0.086 0.096 0.086 0.086 0.093 0.097 0.090 0.094 0.089 0.085 
 65 COPE-0065    (0)   :  0.934 0.006 0.006 0.006 0.006 0.006 0.006 0.006 0.006 0.006 0.006 0.006 
 66 COPE-0066    (0)   :  0.017 0.099 0.081 0.083 0.089 0.105 0.085 0.079 0.092 0.085 0.099 0.086 
 67 COPE-0067   (14)   :  0.683 0.031 0.026 0.028 0.028 0.034 0.028 0.028 0.029 0.027 0.031 0.028 
 68 COPE-0068    (0)   :  0.012 0.097 0.081 0.092 0.085 0.098 0.093 0.091 0.089 0.096 0.086 0.082 
 69 COPE-0069   (14)   :  0.010 0.086 0.086 0.097 0.088 0.093 0.092 0.094 0.092 0.091 0.087 0.084 
 70 COPE-0070    (0)   :  0.011 0.090 0.099 0.083 0.091 0.086 0.089 0.087 0.089 0.092 0.088 0.095 
 71 COPE-0071    (0)   :  0.004 0.092 0.082 0.084 0.091 0.108 0.086 0.081 0.097 0.083 0.101 0.091 
 72 COPE-0072    (0)   :  0.006 0.091 0.085 0.098 0.087 0.092 0.091 0.094 0.088 0.095 0.087 0.086 
 73 COPE-0073   (14)   :  0.616 0.034 0.039 0.034 0.033 0.033 0.038 0.034 0.036 0.031 0.038 0.034 
 74 COPE-0074    (0)   :  0.009 0.097 0.088 0.085 0.090 0.099 0.083 0.090 0.088 0.086 0.099 0.087 
 75 COPE-0075    (0)   :  0.011 0.093 0.085 0.082 0.096 0.100 0.088 0.076 0.098 0.083 0.102 0.084 
 76 COPE-0076    (0)   :  0.006 0.087 0.088 0.091 0.101 0.084 0.085 0.091 0.090 0.094 0.091 0.092 
 77 COPE-0077   (14)   :  0.008 0.090 0.081 0.090 0.087 0.094 0.098 0.096 0.090 0.090 0.091 0.085 
 78 COPE-0078   (14)   :  0.008 0.090 0.103 0.084 0.089 0.076 0.090 0.094 0.087 0.092 0.087 0.100 
 79 COPE-0079    (0)   :  0.008 0.097 0.114 0.084 0.085 0.070 0.069 0.113 0.070 0.120 0.069 0.101 
 80 COPE-0080   (42)   :  0.795 0.018 0.018 0.019 0.019 0.019 0.019 0.018 0.019 0.019 0.018 0.018 
 81 COPE-0081   (14)   :  0.427 0.052 0.051 0.051 0.055 0.053 0.052 0.052 0.052 0.051 0.053 0.052 
 82 COPE-0082   (14)   :  0.044 0.086 0.082 0.078 0.094 0.090 0.085 0.083 0.089 0.088 0.094 0.088 
 83 COPE-0083   (14)   :  0.005 0.063 0.102 0.133 0.095 0.091 0.069 0.083 0.093 0.097 0.077 0.092 
 84 COPE-0084    (0)   :  0.195 0.069 0.080 0.076 0.058 0.079 0.093 0.068 0.073 0.063 0.082 0.065 
 85 COPE-0085    (0)   :  0.009 0.093 0.096 0.086 0.085 0.091 0.084 0.092 0.084 0.102 0.083 0.096 
 86 COPE-0086    (0)   :  0.018 0.087 0.086 0.083 0.086 0.097 0.093 0.088 0.093 0.083 0.096 0.090 
 87 COPE-0087   (14)   :  0.007 0.092 0.093 0.096 0.080 0.096 0.102 0.086 0.087 0.081 0.094 0.085 
 88 COPE-0088   (14)   :  0.024 0.089 0.096 0.088 0.085 0.086 0.092 0.087 0.088 0.088 0.086 0.091 
 89 COPE-0089   (14)   :  0.917 0.008 0.007 0.007 0.008 0.007 0.007 0.008 0.007 0.008 0.008 0.008 
 90 COPE-0090    (0)   :  0.008 0.089 0.086 0.083 0.103 0.083 0.096 0.092 0.091 0.088 0.092 0.090 
 91 COPE-0091   (14)   :  0.005 0.086 0.094 0.105 0.083 0.096 0.096 0.085 0.088 0.085 0.090 0.086 
 92 COPE-0092   (28)   :  0.768 0.022 0.021 0.020 0.020 0.022 0.020 0.022 0.020 0.023 0.020 0.021 
 93 COPE-0093    (0)   :  0.006 0.089 0.085 0.080 0.116 0.076 0.078 0.096 0.087 0.101 0.092 0.094 
 94 COPE-0094    (0)   :  0.027 0.095 0.110 0.084 0.084 0.069 0.068 0.112 0.067 0.119 0.068 0.097 
 95 COPE-0095    (0)   :  0.005 0.088 0.097 0.094 0.078 0.092 0.115 0.083 0.089 0.078 0.099 0.082 
 96 COPE-0096    (0)   :  0.009 0.082 0.093 0.096 0.088 0.098 0.094 0.082 0.091 0.088 0.087 0.092 
 97 COPE-0097    (0)   :  0.007 0.082 0.089 0.091 0.093 0.096 0.089 0.079 0.103 0.085 0.100 0.086 
 98 COPE-0098    (0)   :  0.009 0.087 0.091 0.097 0.096 0.079 0.090 0.092 0.090 0.089 0.087 0.093 
 99 COPE-0099    (0)   :  0.020 0.090 0.076 0.087 0.088 0.110 0.087 0.090 0.086 0.094 0.087 0.086 
100 COPE-0100    (0)   :  0.007 0.098 0.082 0.086 0.089 0.100 0.089 0.086 0.091 0.089 0.092 0.090 
101 COPE-0101    (0)   :  0.045 0.091 0.081 0.081 0.089 0.093 0.083 0.087 0.086 0.090 0.088 0.085 
102 COPE-0102    (0)   :  0.006 0.098 0.092 0.088 0.089 0.088 0.088 0.089 0.090 0.090 0.090 0.092 
103 COPE-0103    (0)   :  0.015 0.084 0.103 0.096 0.087 0.084 0.077 0.091 0.085 0.101 0.079 0.097 
104 COPE-0104   (14)   :  0.006 0.092 0.084 0.087 0.093 0.099 0.085 0.087 0.089 0.088 0.098 0.090 
105 COPE-0105    (0)   :  0.035 0.084 0.083 0.073 0.094 0.096 0.096 0.069 0.105 0.077 0.103 0.085 
106 COPE-0106    (0)   :  0.004 0.091 0.104 0.083 0.099 0.069 0.086 0.091 0.108 0.074 0.098 0.095 
107 COPE-0107    (0)   :  0.782 0.020 0.019 0.018 0.021 0.019 0.021 0.021 0.019 0.020 0.020 0.020 
108 COPE-0108    (0)   :  0.006 0.084 0.090 0.098 0.094 0.088 0.094 0.084 0.096 0.085 0.092 0.089 
109 COPE-0109    (0)   :  0.011 0.094 0.095 0.088 0.086 0.084 0.082 0.107 0.078 0.107 0.080 0.089 
110 COPE-0110   (14)   :  0.013 0.089 0.096 0.090 0.086 0.087 0.092 0.088 0.090 0.086 0.091 0.091 
111 COPE-0111    (0)   :  0.009 0.087 0.096 0.094 0.088 0.088 0.089 0.088 0.095 0.084 0.090 0.092 
112 COPE-0112   (14)   :  0.009 0.100 0.085 0.089 0.091 0.101 0.079 0.085 0.088 0.088 0.098 0.087 
113 COPE-0113    (0)   :  0.016 0.095 0.084 0.089 0.088 0.096 0.081 0.089 0.086 0.097 0.087 0.093 
114 COPE-0114    (0)   :  0.009 0.090 0.093 0.083 0.098 0.080 0.088 0.092 0.099 0.085 0.093 0.092 
115 COPE-0115    (0)   :  0.714 0.023 0.028 0.030 0.025 0.027 0.026 0.025 0.026 0.026 0.025 0.025 
116 COPE-0116   (28)   :  0.878 0.011 0.011 0.011 0.011 0.012 0.011 0.011 0.011 0.011 0.011 0.011 
117 COPE-0117    (0)   :  0.010 0.087 0.099 0.096 0.074 0.093 0.117 0.080 0.089 0.077 0.097 0.081 
118 COPE-0118    (0)   :  0.009 0.084 0.099 0.093 0.095 0.075 0.084 0.092 0.104 0.082 0.091 0.093 
119 COPE-0119    (0)   :  0.011 0.083 0.091 0.099 0.093 0.081 0.092 0.087 0.100 0.083 0.090 0.091 
120 COPE-0120    (0)   :  0.010 0.093 0.084 0.091 0.087 0.089 0.093 0.099 0.086 0.095 0.088 0.085 
121 COPE-0121    (0)   :  0.050 0.083 0.085 0.091 0.084 0.097 0.084 0.081 0.085 0.089 0.081 0.090 
122 COPE-0122    (0)   :  0.008 0.099 0.090 0.089 0.089 0.093 0.084 0.095 0.086 0.090 0.086 0.092 
123 COPE-0123    (0)   :  0.016 0.096 0.089 0.084 0.088 0.095 0.082 0.094 0.083 0.091 0.090 0.091 
124 COPE-0124    (0)   :  0.012 0.095 0.086 0.085 0.088 0.100 0.086 0.094 0.086 0.087 0.087 0.095 
125 COPE-0125    (0)   :  0.006 0.092 0.089 0.079 0.102 0.084 0.083 0.089 0.091 0.090 0.102 0.093 
126 COPE-0126    (0)   :  0.012 0.087 0.098 0.093 0.074 0.091 0.121 0.080 0.090 0.076 0.098 0.080 
127 COPE-0127   (14)   :  0.006 0.088 0.094 0.082 0.090 0.093 0.098 0.079 0.098 0.086 0.096 0.091 
128 COPE-0128    (0)   :  0.016 0.090 0.084 0.086 0.086 0.099 0.089 0.090 0.089 0.086 0.092 0.094 
129 COPE-0129    (0)   :  0.006 0.097 0.106 0.084 0.088 0.079 0.077 0.099 0.081 0.105 0.078 0.100 
130 COPE-0130    (0)   :  0.013 0.092 0.083 0.091 0.085 0.094 0.096 0.094 0.089 0.093 0.087 0.082 
131 COPE-0131   (14)   :  0.007 0.076 0.095 0.118 0.093 0.090 0.076 0.087 0.093 0.097 0.081 0.088 
132 COPE-0132   (14)   :  0.035 0.086 0.091 0.082 0.087 0.076 0.101 0.087 0.093 0.078 0.094 0.089 
133 COPE-0133    (0)   :  0.008 0.085 0.100 0.094 0.072 0.095 0.111 0.086 0.086 0.081 0.099 0.081 
134 COPE-0134    (0)   :  0.007 0.093 0.089 0.091 0.089 0.088 0.090 0.093 0.087 0.089 0.089 0.095 
135 COPE-0135    (0)   :  0.007 0.090 0.083 0.085 0.096 0.094 0.087 0.095 0.087 0.092 0.093 0.093 
136 COPE-0136    (0)   :  0.854 0.014 0.013 0.013 0.013 0.014 0.014 0.013 0.013 0.013 0.013 0.013 
137 COPE-0137    (0)   :  0.011 0.104 0.083 0.088 0.084 0.099 0.084 0.087 0.089 0.089 0.090 0.092 
138 COPE-0138   (14)   :  0.898 0.009 0.009 0.009 0.010 0.009 0.009 0.009 0.010 0.009 0.010 0.009 
139 COPE-0139    (0)   :  0.007 0.097 0.079 0.089 0.084 0.112 0.088 0.087 0.088 0.095 0.084 0.091 
140 COPE-0140   (14)   :  0.735 0.025 0.022 0.024 0.023 0.028 0.024 0.023 0.024 0.024 0.024 0.024 
141 COPE-0141    (0)   :  0.008 0.089 0.089 0.080 0.105 0.083 0.082 0.095 0.085 0.099 0.089 0.096 
142 COPE-0142    (0)   :  0.009 0.091 0.086 0.085 0.101 0.083 0.087 0.091 0.092 0.093 0.090 0.093 
143 COPE-0143    (0)   :  0.009 0.088 0.095 0.088 0.082 0.089 0.103 0.090 0.089 0.087 0.093 0.086 
144 COPE-0144   (14)   :  0.111 0.082 0.077 0.082 0.074 0.090 0.077 0.086 0.074 0.090 0.079 0.079 
145 COPE-0145   (14)   :  0.238 0.066 0.057 0.068 0.063 0.101 0.067 0.067 0.061 0.071 0.067 0.073 
146 COPE-0146   (14)   :  0.027 0.089 0.089 0.085 0.086 0.088 0.100 0.085 0.091 0.082 0.093 0.085 
147 COPE-0147    (0)   :  0.071 0.086 0.084 0.081 0.088 0.080 0.082 0.099 0.078 0.093 0.078 0.082 
148 COPE-0148    (0)   :  0.008 0.088 0.101 0.094 0.073 0.092 0.111 0.086 0.089 0.081 0.096 0.081 
149 COPE-0149    (0)   :  0.006 0.099 0.086 0.096 0.084 0.091 0.097 0.088 0.088 0.087 0.089 0.090 
150 COPE-0150    (0)   :  0.007 0.104 0.084 0.085 0.088 0.106 0.080 0.083 0.088 0.084 0.105 0.085 
151 COPE-0151    (0)   :  0.007 0.090 0.084 0.089 0.085 0.104 0.093 0.089 0.088 0.089 0.092 0.092 
152 COPE-0152   (14)   :  0.125 0.079 0.075 0.074 0.088 0.076 0.080 0.083 0.080 0.083 0.078 0.078 
153 COPE-0153    (0)   :  0.006 0.089 0.090 0.093 0.091 0.086 0.089 0.094 0.090 0.094 0.087 0.092 
154 COPE-0154    (0)   :  0.007 0.090 0.087 0.090 0.095 0.087 0.091 0.090 0.092 0.089 0.092 0.090 
155 COPE-0155    (0)   :  0.005 0.091 0.082 0.086 0.089 0.096 0.090 0.091 0.091 0.089 0.097 0.093 
156 COPE-0156   (14)   :  0.900 0.009 0.009 0.009 0.009 0.009 0.009 0.009 0.009 0.009 0.009 0.009 
157 COPE-0157   (14)   :  0.233 0.069 0.071 0.065 0.071 0.072 0.063 0.072 0.065 0.077 0.067 0.074 
158 COPE-0158    (0)   :  0.009 0.086 0.093 0.096 0.077 0.097 0.107 0.087 0.088 0.085 0.093 0.082 
159 COPE-0159    (0)   :  0.008 0.089 0.089 0.087 0.089 0.084 0.097 0.099 0.087 0.092 0.089 0.090 
160 COPE-0160    (0)   :  0.007 0.095 0.099 0.081 0.090 0.084 0.087 0.095 0.085 0.096 0.085 0.096 
161 COPE-0161    (0)   :  0.012 0.094 0.092 0.090 0.091 0.087 0.080 0.094 0.085 0.097 0.086 0.091 
162 COPE-0162   (14)   :  0.921 0.007 0.007 0.007 0.007 0.007 0.007 0.007 0.007 0.007 0.007 0.007 
163 COPE-0163   (28)   :  0.860 0.013 0.013 0.013 0.013 0.013 0.013 0.013 0.013 0.013 0.013 0.013 
164 COPE-0164    (0)   :  0.025 0.089 0.086 0.084 0.088 0.093 0.098 0.087 0.089 0.085 0.089 0.086 
165 COPE-0165    (0)   :  0.008 0.096 0.083 0.091 0.087 0.093 0.091 0.091 0.090 0.092 0.089 0.088 
166 COPE-0166   (14)   :  0.008 0.092 0.095 0.090 0.087 0.087 0.090 0.093 0.086 0.089 0.088 0.095 
167 COPE-0167    (0)   :  0.008 0.090 0.105 0.085 0.087 0.080 0.085 0.094 0.088 0.094 0.086 0.097 
168 COPE-0168    (0)   :  0.006 0.085 0.091 0.094 0.084 0.095 0.101 0.091 0.088 0.087 0.092 0.086 
169 COPE-0169    (0)   :  0.011 0.101 0.079 0.094 0.085 0.094 0.092 0.091 0.089 0.096 0.083 0.084 
170 COPE-0170    (0)   :  0.024 0.084 0.086 0.088 0.095 0.093 0.081 0.095 0.084 0.097 0.085 0.089 
171 COPE-0171    (0)   :  0.007 0.084 0.088 0.090 0.088 0.102 0.093 0.092 0.087 0.089 0.089 0.090 
172 COPE-0172    (0)   :  0.007 0.088 0.089 0.086 0.091 0.091 0.097 0.087 0.095 0.086 0.092 0.091 
173 COPE-0173   (14)   :  0.054 0.092 0.074 0.088 0.083 0.090 0.090 0.090 0.085 0.093 0.085 0.076 
174 COPE-0174   (28)   :  0.014 0.091 0.087 0.092 0.087 0.094 0.088 0.090 0.086 0.094 0.090 0.087 
175 COPE-0175    (0)   :  0.039 0.087 0.092 0.085 0.081 0.088 0.095 0.088 0.084 0.088 0.085 0.089 
176 COPE-0176    (0)   :  0.008 0.088 0.099 0.082 0.101 0.075 0.080 0.097 0.089 0.096 0.089 0.095 
177 COPE-0177    (0)   :  0.007 0.097 0.083 0.093 0.092 0.091 0.092 0.091 0.088 0.093 0.085 0.088 
178 COPE-0178    (0)   :  0.007 0.092 0.103 0.082 0.098 0.069 0.086 0.090 0.107 0.074 0.098 0.094 
179 COPE-0179    (0)   :  0.009 0.093 0.083 0.088 0.090 0.097 0.089 0.091 0.087 0.091 0.090 0.092 
180 COPE-0180   (14)   :  0.006 0.101 0.081 0.093 0.087 0.094 0.090 0.092 0.088 0.097 0.085 0.085 
181 COPE-0181   (14)   :  0.009 0.102 0.082 0.092 0.088 0.091 0.090 0.089 0.089 0.092 0.086 0.092 
182 COPE-0182    (0)   :  0.005 0.088 0.086 0.082 0.098 0.087 0.106 0.078 0.102 0.081 0.099 0.088 
183 COPE-0183    (0)   :  0.011 0.092 0.089 0.086 0.092 0.090 0.094 0.091 0.092 0.084 0.090 0.089 
184 COPE-0184    (0)   :  0.009 0.087 0.106 0.084 0.087 0.078 0.094 0.089 0.089 0.090 0.088 0.098 
185 COPE-0185    (0)   :  0.006 0.088 0.085 0.092 0.097 0.084 0.094 0.094 0.089 0.089 0.090 0.093 
186 COPE-0186    (0)   :  0.005 0.068 0.099 0.124 0.093 0.091 0.074 0.083 0.095 0.095 0.080 0.092 
187 COPE-0187    (0)   :  0.009 0.090 0.088 0.079 0.100 0.093 0.086 0.083 0.097 0.090 0.098 0.088 
188 COPE-0188    (0)   :  0.696 0.031 0.026 0.027 0.027 0.031 0.025 0.027 0.027 0.027 0.030 0.026 
189 COPE-0189    (0)   :  0.007 0.101 0.085 0.092 0.087 0.098 0.086 0.087 0.089 0.090 0.089 0.089 
190 COPE-0190    (0)   :  0.013 0.092 0.093 0.089 0.088 0.087 0.080 0.103 0.078 0.104 0.083 0.091 
191 COPE-0191    (0)   :  0.010 0.082 0.091 0.102 0.092 0.089 0.086 0.089 0.088 0.097 0.085 0.089 
192 COPE-0192   (14)   :  0.883 0.009 0.011 0.013 0.011 0.011 0.010 0.010 0.011 0.011 0.010 0.011 
193 COPE-0193    (0)   :  0.006 0.088 0.094 0.087 0.086 0.089 0.106 0.085 0.094 0.082 0.096 0.087 
194 COPE-0194    (0)   :  0.009 0.092 0.081 0.086 0.089 0.111 0.089 0.079 0.095 0.084 0.100 0.086 
195 COPE-0195    (0)   :  0.006 0.099 0.086 0.085 0.088 0.099 0.088 0.089 0.089 0.087 0.096 0.089 
196 COPE-0196    (0)   :  0.011 0.087 0.087 0.089 0.091 0.092 0.090 0.096 0.087 0.093 0.088 0.089 
197 COPE-0197    (0)   :  0.007 0.093 0.080 0.092 0.089 0.092 0.094 0.093 0.090 0.091 0.093 0.085 
198 COPE-0198    (0)   :  0.012 0.091 0.080 0.088 0.090 0.087 0.102 0.095 0.088 0.093 0.090 0.085 
199 COPE-0199    (0)   :  0.012 0.100 0.081 0.092 0.089 0.089 0.087 0.091 0.091 0.095 0.083 0.089 
200 COPE-0200   (42)   :  0.009 0.097 0.084 0.092 0.085 0.095 0.094 0.091 0.089 0.094 0.083 0.086 
201 COPE-0201    (0)   :  0.008 0.083 0.090 0.093 0.095 0.090 0.089 0.085 0.096 0.090 0.092 0.090 
202 COPE-0202    (0)   :  0.013 0.093 0.099 0.086 0.091 0.074 0.078 0.110 0.079 0.111 0.075 0.092 
203 COPE-0203    (0)   :  0.006 0.090 0.088 0.087 0.092 0.087 0.097 0.094 0.089 0.088 0.092 0.091 
204 COPE-0204    (0)   :  0.028 0.089 0.091 0.076 0.093 0.083 0.088 0.082 0.102 0.077 0.102 0.089 
205 COPE-0205    (0)   :  0.020 0.088 0.089 0.085 0.084 0.088 0.105 0.086 0.092 0.082 0.094 0.086 
206 COPE-0206    (0)   :  0.005 0.091 0.091 0.090 0.091 0.092 0.087 0.087 0.095 0.082 0.095 0.094 
207 COPE-0207    (0)   :  0.011 0.086 0.095 0.088 0.093 0.078 0.092 0.091 0.097 0.080 0.094 0.095 
208 COPE-0208    (0)   :  0.671 0.030 0.028 0.030 0.029 0.034 0.029 0.029 0.028 0.030 0.029 0.031 
209 COPE-0209    (0)   :  0.006 0.095 0.082 0.096 0.086 0.095 0.088 0.090 0.091 0.092 0.091 0.088 
210 COPE-0210    (0)   :  0.009 0.089 0.091 0.095 0.080 0.102 0.097 0.087 0.088 0.083 0.097 0.083 
211 COPE-0211    (0)   :  0.005 0.104 0.082 0.085 0.087 0.110 0.081 0.085 0.087 0.085 0.104 0.085 
212 COPE-0212    (0)   :  0.011 0.088 0.095 0.085 0.090 0.080 0.098 0.090 0.094 0.080 0.096 0.093 
213 COPE-0213    (0)   :  0.008 0.091 0.087 0.084 0.091 0.092 0.093 0.089 0.094 0.083 0.095 0.094 
214 COPE-0214    (0)   :  0.008 0.099 0.079 0.093 0.086 0.093 0.096 0.094 0.090 0.100 0.086 0.076 
215 COPE-0215    (0)   :  0.055 0.095 0.078 0.090 0.082 0.091 0.087 0.087 0.085 0.091 0.080 0.079 
216 COPE-0216   (14)   :  0.355 0.056 0.060 0.060 0.055 0.063 0.062 0.058 0.058 0.056 0.060 0.056 
217 COPE-0217    (0)   :  0.028 0.089 0.096 0.085 0.091 0.077 0.088 0.089 0.096 0.080 0.092 0.089 
218 COPE-0218    (0)   :  0.009 0.090 0.084 0.088 0.089 0.093 0.099 0.092 0.091 0.088 0.091 0.088 
219 COPE-0219   (14)   :  0.008 0.095 0.081 0.093 0.086 0.091 0.096 0.094 0.090 0.094 0.089 0.083 
220 COPE-0220    (0)   :  0.013 0.091 0.096 0.085 0.095 0.077 0.090 0.088 0.102 0.076 0.093 0.092 
221 COPE-0221    (0)   :  0.017 0.087 0.085 0.079 0.101 0.079 0.095 0.101 0.085 0.093 0.089 0.088 
222 COPE-0222    (0)   :  0.007 0.088 0.094 0.094 0.086 0.087 0.107 0.086 0.090 0.082 0.095 0.084 
223 COPE-0223    (0)   :  0.007 0.100 0.080 0.095 0.087 0.096 0.088 0.093 0.085 0.091 0.085 0.092 
224 COPE-0224    (0)   :  0.019 0.094 0.115 0.084 0.083 0.071 0.071 0.106 0.070 0.117 0.071 0.100 
225 COPE-0225    (0)   :  0.013 0.100 0.079 0.094 0.086 0.091 0.096 0.092 0.089 0.099 0.085 0.076 
226 COPE-0226    (0)   :  0.006 0.091 0.091 0.090 0.091 0.088 0.088 0.093 0.087 0.094 0.092 0.090 
227 COPE-0227    (0)   :  0.006 0.089 0.087 0.098 0.089 0.088 0.090 0.093 0.091 0.093 0.090 0.087 
228 COPE-0228    (0)   :  0.017 0.092 0.093 0.086 0.088 0.086 0.086 0.090 0.094 0.083 0.094 0.092 
229 COPE-0229    (0)   :  0.007 0.094 0.085 0.090 0.089 0.087 0.092 0.094 0.090 0.094 0.090 0.088 
230 COPE-0230    (0)   :  0.010 0.091 0.090 0.081 0.103 0.077 0.082 0.093 0.087 0.093 0.097 0.095 
231 COPE-0231    (0)   :  0.006 0.095 0.085 0.089 0.088 0.091 0.094 0.088 0.093 0.087 0.096 0.089 
232 COPE-0232    (0)   :  0.015 0.095 0.096 0.084 0.087 0.080 0.083 0.102 0.083 0.099 0.083 0.093 
233 COPE-0233    (0)   :  0.005 0.091 0.089 0.090 0.093 0.081 0.102 0.090 0.093 0.083 0.092 0.091 
234 COPE-0234    (0)   :  0.008 0.093 0.096 0.084 0.086 0.097 0.081 0.097 0.082 0.099 0.080 0.096 
235 COPE-0235    (0)   :  0.006 0.100 0.087 0.089 0.091 0.092 0.086 0.093 0.087 0.089 0.086 0.095 
236 COPE-0236    (0)   :  0.005 0.092 0.093 0.079 0.105 0.076 0.083 0.091 0.093 0.089 0.102 0.095 
237 COPE-0237    (0)   :  0.006 0.087 0.086 0.094 0.093 0.083 0.095 0.095 0.089 0.089 0.091 0.093 
238 COPE-0238    (0)   :  0.009 0.100 0.081 0.096 0.089 0.089 0.093 0.089 0.088 0.094 0.085 0.088 
239 COPE-0239    (0)   :  0.035 0.090 0.099 0.085 0.085 0.081 0.083 0.091 0.082 0.096 0.079 0.093 
240 COPE-0240    (0)   :  0.008 0.083 0.096 0.094 0.080 0.094 0.106 0.085 0.090 0.082 0.096 0.085 
241 COPE-0241    (0)   :  0.007 0.111 0.079 0.095 0.086 0.094 0.086 0.087 0.088 0.096 0.081 0.092 
242 COPE-0242    (0)   :  0.006 0.084 0.093 0.098 0.092 0.083 0.090 0.088 0.101 0.083 0.090 0.092 
243 COPE-0243    (0)   :  0.007 0.091 0.084 0.085 0.095 0.098 0.090 0.080 0.100 0.082 0.100 0.087 
244 COPE-0244    (0)   :  0.009 0.094 0.085 0.087 0.090 0.097 0.093 0.086 0.092 0.088 0.089 0.089 
245 COPE-0245    (0)   :  0.011 0.092 0.084 0.082 0.095 0.098 0.094 0.078 0.099 0.083 0.099 0.085 
246 COPE-0246    (0)   :  0.013 0.085 0.092 0.095 0.090 0.091 0.088 0.089 0.087 0.095 0.086 0.089 
247 COPE-0247    (0)   :  0.016 0.086 0.083 0.088 0.089 0.091 0.099 0.097 0.085 0.091 0.089 0.086 
248 COPE-0248    (0)   :  0.005 0.090 0.084 0.086 0.093 0.096 0.102 0.080 0.099 0.081 0.095 0.088 
249 COPE-0249    (0)   :  0.027 0.092 0.093 0.087 0.083 0.085 0.080 0.102 0.079 0.103 0.080 0.088 
250 COPE-0250    (0)   :  0.017 0.092 0.104 0.082 0.085 0.080 0.082 0.100 0.081 0.097 0.083 0.096 
251 COPE-0251   (14)   :  0.668 0.030 0.029 0.030 0.032 0.028 0.033 0.032 0.029 0.030 0.030 0.030 
252 COPE-0252    (0)   :  0.011 0.093 0.099 0.086 0.088 0.082 0.081 0.103 0.079 0.103 0.083 0.092 
253 COPE-0253    (0)   :  0.008 0.089 0.086 0.086 0.108 0.081 0.084 0.092 0.088 0.097 0.091 0.091 
254 COPE-0254    (0)   :  0.014 0.086 0.090 0.076 0.098 0.092 0.097 0.071 0.103 0.081 0.103 0.088 
255 COPE-0255    (0)   :  0.022 0.090 0.083 0.081 0.094 0.087 0.092 0.092 0.091 0.089 0.092 0.087 
256 COPE-0256    (0)   :  0.010 0.082 0.099 0.092 0.079 0.095 0.109 0.085 0.089 0.079 0.098 0.082 
257 COPE-0257    (0)   :  0.007 0.067 0.100 0.128 0.094 0.090 0.070 0.084 0.094 0.098 0.077 0.091 
258 COPE-0258    (0)   :  0.016 0.083 0.085 0.098 0.087 0.103 0.084 0.085 0.091 0.091 0.088 0.088 
259 COPE-0259    (0)   :  0.006 0.090 0.085 0.087 0.092 0.094 0.088 0.089 0.093 0.086 0.099 0.091 
260 COPE-0260    (0)   :  0.023 0.096 0.082 0.090 0.089 0.092 0.089 0.089 0.088 0.091 0.084 0.087 
261 COPE-0261    (0)   :  0.006 0.088 0.089 0.076 0.097 0.093 0.094 0.072 0.108 0.079 0.108 0.087 
262 COPE-0262    (0)   :  0.017 0.087 0.089 0.083 0.083 0.096 0.100 0.084 0.095 0.079 0.100 0.086 
263 COPE-0263    (0)   :  0.007 0.084 0.090 0.101 0.092 0.088 0.092 0.089 0.087 0.087 0.087 0.095 
264 COPE-0264    (0)   :  0.017 0.074 0.094 0.111 0.094 0.091 0.075 0.085 0.092 0.093 0.082 0.091 
265 COPE-0265    (0)   :  0.011 0.092 0.086 0.083 0.092 0.090 0.101 0.084 0.094 0.087 0.093 0.087 
266 COPE-0266    (0)   :  0.018 0.090 0.091 0.085 0.091 0.089 0.089 0.088 0.094 0.080 0.093 0.093 
267 COPE-0267    (0)   :  0.006 0.092 0.093 0.085 0.090 0.077 0.102 0.092 0.091 0.088 0.090 0.095 
268 COPE-0268    (0)   :  0.014 0.088 0.088 0.090 0.092 0.077 0.104 0.090 0.090 0.082 0.092 0.094 
269 COPE-0269    (0)   :  0.006 0.088 0.094 0.102 0.085 0.099 0.090 0.086 0.086 0.092 0.085 0.087 
270 COPE-0270    (0)   :  0.007 0.107 0.083 0.087 0.088 0.105 0.080 0.084 0.087 0.085 0.103 0.085 
271 COPE-0271    (0)   :  0.007 0.092 0.086 0.102 0.086 0.092 0.093 0.091 0.087 0.087 0.088 0.089 
272 COPE-0272    (0)   :  0.007 0.089 0.090 0.083 0.095 0.087 0.086 0.096 0.089 0.097 0.089 0.092 
273 COPE-0273    (0)   :  0.016 0.089 0.092 0.082 0.093 0.075 0.100 0.090 0.097 0.079 0.096 0.093 
274 COPE-0274   (14)   :  0.727 0.028 0.023 0.024 0.024 0.029 0.023 0.024 0.025 0.023 0.027 0.024 
275 COPE-0275    (0)   :  0.009 0.095 0.090 0.086 0.088 0.098 0.086 0.094 0.085 0.091 0.089 0.090 
276 COPE-0276   (14)   :  0.928 0.007 0.006 0.007 0.007 0.007 0.006 0.007 0.007 0.007 0.007 0.006 
277 COPE-0277   (14)   :  0.013 0.084 0.099 0.092 0.085 0.092 0.099 0.085 0.089 0.082 0.096 0.085 
278 COPE-0278    (0)   :  0.007 0.089 0.103 0.082 0.098 0.071 0.089 0.090 0.107 0.074 0.096 0.094 
279 COPE-0279    (0)   :  0.009 0.090 0.092 0.083 0.091 0.090 0.093 0.089 0.094 0.080 0.094 0.095 
280 COPE-0280    (0)   :  0.862 0.013 0.012 0.013 0.012 0.013 0.013 0.012 0.013 0.013 0.012 0.012 
281 COPE-0281    (0)   :  0.650 0.033 0.030 0.031 0.030 0.036 0.030 0.033 0.030 0.034 0.031 0.032 
282 COPE-0282   (14)   :  0.006 0.097 0.119 0.084 0.084 0.068 0.068 0.112 0.068 0.123 0.069 0.102 
283 COPE-0283    (0)   :  0.007 0.087 0.098 0.088 0.092 0.082 0.089 0.090 0.099 0.080 0.094 0.094 
284 COPE-0284   (14)   :  0.032 0.095 0.076 0.091 0.085 0.103 0.086 0.086 0.083 0.090 0.084 0.091 
285 COPE-0285    (0)   :  0.678 0.029 0.029 0.031 0.029 0.030 0.030 0.028 0.030 0.029 0.029 0.029 
286 COPE-0286    (0)   :  0.009 0.099 0.078 0.084 0.083 0.121 0.081 0.087 0.083 0.093 0.091 0.091 
287 COPE-0287    (0)   :  0.028 0.085 0.089 0.094 0.089 0.074 0.100 0.089 0.087 0.084 0.087 0.094 
288 COPE-0288    (0)   :  0.010 0.089 0.088 0.080 0.100 0.080 0.096 0.101 0.086 0.093 0.090 0.090 
289 COPE-0289    (0)   :  0.007 0.088 0.092 0.095 0.088 0.088 0.100 0.085 0.094 0.086 0.091 0.087 
290 COPE-0290    (0)   :  0.007 0.107 0.084 0.085 0.087 0.103 0.082 0.083 0.089 0.089 0.097 0.087 
291 COPE-0291    (0)   :  0.005 0.086 0.089 0.102 0.087 0.096 0.085 0.087 0.092 0.093 0.087 0.090 
292 COPE-0292   (42)   :  0.837 0.015 0.014 0.015 0.015 0.015 0.015 0.015 0.015 0.015 0.015 0.015 
293 COPE-0293    (0)   :  0.008 0.089 0.087 0.081 0.104 0.083 0.086 0.090 0.089 0.094 0.097 0.092 
294 COPE-0294    (0)   :  0.011 0.093 0.089 0.086 0.089 0.097 0.085 0.094 0.086 0.090 0.087 0.092 
295 COPE-0295    (0)   :  0.007 0.091 0.107 0.084 0.086 0.078 0.093 0.090 0.087 0.092 0.088 0.097 
296 COPE-0296   (14)   :  0.007 0.091 0.088 0.085 0.092 0.092 0.096 0.094 0.087 0.085 0.094 0.090 
297 COPE-0297   (14)   :  0.035 0.099 0.078 0.088 0.083 0.097 0.087 0.087 0.086 0.093 0.082 0.083 
298 COPE-0298    (0)   :  0.009 0.091 0.090 0.084 0.099 0.082 0.077 0.096 0.082 0.104 0.091 0.095 
299 COPE-0299    (0)   :  0.006 0.089 0.083 0.081 0.096 0.099 0.093 0.079 0.103 0.081 0.102 0.087 
300 COPE-0300   (14)   :  0.008 0.087 0.092 0.096 0.083 0.087 0.102 0.089 0.091 0.086 0.092 0.088 
301 COPE-0301   (14)   :  0.009 0.088 0.086 0.083 0.113 0.076 0.081 0.095 0.088 0.099 0.091 0.092 
302 COPE-0302    (0)   :  0.166 0.071 0.079 0.081 0.069 0.078 0.088 0.071 0.080 0.071 0.076 0.070 
303 COPE-0303    (0)   :  0.006 0.095 0.096 0.080 0.097 0.076 0.089 0.092 0.100 0.079 0.097 0.093 
304 COPE-0304    (0)   :  0.007 0.093 0.090 0.084 0.094 0.087 0.098 0.087 0.093 0.085 0.091 0.090 
305 COPE-0305   (14)   :  0.034 0.085 0.091 0.094 0.085 0.093 0.082 0.091 0.083 0.095 0.080 0.087 
306 COPE-0306    (0)   :  0.009 0.089 0.099 0.088 0.096 0.072 0.085 0.089 0.103 0.079 0.097 0.094 
307 COPE-0307   (28)   :  0.911 0.008 0.008 0.008 0.008 0.008 0.008 0.008 0.008 0.008 0.008 0.008 
308 COPE-0308    (0)   :  0.006 0.097 0.115 0.081 0.087 0.071 0.072 0.107 0.073 0.116 0.073 0.102 
309 COPE-0309   (14)   :  0.584 0.038 0.035 0.037 0.037 0.042 0.037 0.040 0.036 0.039 0.038 0.038 
310 COPE-0310   (28)   :  0.552 0.031 0.045 0.057 0.042 0.041 0.032 0.038 0.042 0.044 0.035 0.041 
311 COPE-0311    (0)   :  0.020 0.082 0.086 0.095 0.089 0.100 0.085 0.087 0.088 0.090 0.084 0.091 
312 COPE-0312   (28)   :  0.857 0.013 0.013 0.012 0.013 0.012 0.013 0.013 0.014 0.012 0.013 0.013 
313 COPE-0313    (0)   :  0.009 0.083 0.094 0.100 0.093 0.083 0.086 0.087 0.097 0.084 0.091 0.093 
314 COPE-0314    (0)   :  0.007 0.087 0.086 0.089 0.095 0.085 0.102 0.085 0.096 0.084 0.094 0.089 
315 COPE-0315    (0)   :  0.008 0.090 0.091 0.098 0.092 0.084 0.086 0.090 0.092 0.093 0.085 0.090 
316 COPE-0316    (0)   :  0.019 0.092 0.083 0.085 0.089 0.100 0.086 0.086 0.092 0.085 0.093 0.089 
317 COPE-0317   (14)   :  0.904 0.008 0.009 0.009 0.009 0.009 0.009 0.009 0.009 0.009 0.008 0.009 
318 COPE-0318    (0)   :  0.005 0.094 0.088 0.090 0.091 0.094 0.087 0.087 0.091 0.088 0.092 0.092 
319 COPE-0319    (0)   :  0.006 0.097 0.099 0.089 0.085 0.082 0.083 0.097 0.081 0.102 0.081 0.097 
320 COPE-0320   (14)   :  0.015 0.089 0.088 0.088 0.096 0.085 0.089 0.091 0.089 0.094 0.089 0.087 
321 COPE-0321   (14)   :  0.011 0.082 0.090 0.100 0.091 0.090 0.087 0.088 0.093 0.088 0.090 0.092 
322 COPE-0322   (14)   :  0.006 0.099 0.085 0.092 0.089 0.094 0.087 0.089 0.091 0.087 0.088 0.092 
323 COPE-0323    (0)   :  0.008 0.064 0.101 0.132 0.095 0.091 0.069 0.083 0.093 0.096 0.077 0.093 
324 COPE-0324    (0)   :  0.006 0.100 0.081 0.094 0.086 0.091 0.095 0.091 0.091 0.096 0.086 0.082 
325 COPE-0325   (14)   :  0.011 0.081 0.101 0.097 0.074 0.099 0.110 0.083 0.087 0.080 0.097 0.080 
326 COPE-0326    (0)   :  0.007 0.092 0.100 0.078 0.099 0.074 0.082 0.096 0.088 0.098 0.089 0.097 
327 COPE-0327   (14)   :  0.008 0.091 0.085 0.083 0.101 0.084 0.084 0.097 0.086 0.099 0.089 0.095 
328 COPE-0328    (0)   :  0.006 0.096 0.085 0.086 0.092 0.091 0.088 0.090 0.092 0.085 0.094 0.095 
329 COPE-0329   (28)   :  0.013 0.094 0.086 0.090 0.091 0.088 0.091 0.091 0.092 0.091 0.088 0.085 
330 COPE-0330    (0)   :  0.020 0.085 0.084 0.088 0.093 0.086 0.098 0.086 0.096 0.084 0.092 0.088 
331 COPE-0331    (0)   :  0.006 0.087 0.087 0.084 0.109 0.080 0.087 0.094 0.089 0.096 0.090 0.090 
332 COPE-0332   (14)   :  0.006 0.090 0.090 0.086 0.093 0.090 0.090 0.091 0.094 0.084 0.093 0.094 
333 COPE-0333    (0)   :  0.146 0.077 0.073 0.072 0.088 0.076 0.077 0.080 0.077 0.081 0.077 0.078 
334 COPE-0334   (28)   :  0.524 0.036 0.046 0.056 0.045 0.043 0.036 0.041 0.044 0.047 0.039 0.043 
335 COPE-0335    (0)   :  0.006 0.100 0.077 0.095 0.085 0.092 0.096 0.095 0.091 0.098 0.087 0.077 
336 COPE-0336    (0)   :  0.006 0.087 0.086 0.083 0.089 0.104 0.090 0.099 0.084 0.094 0.087 0.092 
337 COPE-0337   (28)   :  0.813 0.018 0.016 0.018 0.017 0.018 0.017 0.017 0.017 0.018 0.016 0.017 
338 COPE-0338    (0)   :  0.020 0.080 0.089 0.096 0.091 0.089 0.091 0.085 0.093 0.086 0.088 0.092 
339 COPE-0339    (0)   :  0.006 0.086 0.101 0.097 0.071 0.093 0.121 0.079 0.092 0.076 0.099 0.079 
340 COPE-0340   (14)   :  0.864 0.013 0.012 0.012 0.013 0.012 0.012 0.013 0.012 0.013 0.012 0.013 
341 COPE-0341    (0)   :  0.007 0.094 0.097 0.084 0.089 0.084 0.087 0.097 0.086 0.098 0.084 0.095 
342 COPE-0342    (0)   :  0.008 0.104 0.080 0.097 0.086 0.093 0.090 0.092 0.089 0.098 0.081 0.083 
343 COPE-0343    (0)   :  0.006 0.089 0.092 0.083 0.095 0.085 0.093 0.086 0.098 0.084 0.098 0.091 
344 COPE-0344   (14)   :  0.876 0.011 0.012 0.012 0.011 0.011 0.011 0.012 0.011 0.012 0.011 0.011 
345 COPE-0345    (0)   :  0.006 0.095 0.100 0.090 0.085 0.084 0.086 0.096 0.081 0.100 0.081 0.095 
346 COPE-0346    (0)   :  0.030 0.089 0.079 0.085 0.088 0.097 0.089 0.094 0.088 0.087 0.086 0.089 
347 COPE-0347    (0)   :  0.006 0.089 0.085 0.085 0.087 0.103 0.095 0.081 0.096 0.085 0.096 0.090 
348 COPE-0348    (0)   :  0.015 0.089 0.089 0.085 0.094 0.088 0.087 0.084 0.100 0.083 0.097 0.089 
349 COPE-0349    (0)   :  0.006 0.098 0.082 0.100 0.088 0.092 0.091 0.092 0.088 0.093 0.083 0.088 
350 COPE-0350    (0)   :  0.006 0.094 0.082 0.089 0.090 0.097 0.087 0.088 0.089 0.087 0.098 0.094 
351 COPE-0351    (0)   :  0.006 0.092 0.083 0.085 0.093 0.098 0.095 0.079 0.101 0.082 0.099 0.087 
352 COPE-0352    (0)   :  0.025 0.089 0.082 0.086 0.086 0.104 0.086 0.088 0.088 0.088 0.085 0.092 
353 COPE-0353    (0)   :  0.005 0.072 0.098 0.121 0.094 0.090 0.074 0.085 0.093 0.097 0.079 0.091 
354 COPE-0354    (0)   :  0.014 0.078 0.093 0.101 0.094 0.088 0.080 0.090 0.091 0.096 0.086 0.090 
355 COPE-0355    (0)   :  0.007 0.084 0.102 0.096 0.069 0.097 0.118 0.083 0.088 0.077 0.101 0.078 
356 COPE-0356    (0)   :  0.008 0.087 0.090 0.076 0.099 0.092 0.094 0.077 0.102 0.086 0.100 0.090 
357 COPE-0357    (0)   :  0.008 0.096 0.081 0.095 0.085 0.088 0.093 0.097 0.090 0.096 0.088 0.083 
358 COPE-0358    (0)   :  0.918 0.008 0.007 0.007 0.007 0.008 0.008 0.007 0.007 0.008 0.007 0.007 
359 COPE-0359   (14)   :  0.009 0.094 0.092 0.085 0.090 0.094 0.091 0.089 0.091 0.085 0.087 0.093 
360 COPE-0360    (0)   :  0.006 0.075 0.095 0.115 0.090 0.092 0.078 0.083 0.096 0.093 0.083 0.091 
361 COPE-0361    (0)   :  0.009 0.097 0.089 0.085 0.092 0.090 0.082 0.096 0.085 0.092 0.090 0.093 
362 COPE-0362    (0)   :  0.007 0.101 0.080 0.098 0.084 0.092 0.091 0.090 0.091 0.096 0.086 0.083 
363 COPE-0363   (14)   :  0.013 0.093 0.089 0.081 0.089 0.092 0.091 0.094 0.089 0.087 0.089 0.092 
364 COPE-0364    (0)   :  0.006 0.080 0.090 0.104 0.094 0.086 0.087 0.089 0.094 0.088 0.088 0.093 
365 COPE-0365    (0)   :  0.019 0.072 0.094 0.117 0.093 0.083 0.082 0.086 0.090 0.089 0.082 0.095 
366 COPE-0366    (0)   :  0.024 0.098 0.077 0.092 0.087 0.100 0.088 0.084 0.088 0.091 0.086 0.086 
367 COPE-0367   (14)   :  0.858 0.013 0.014 0.013 0.013 0.012 0.012 0.014 0.012 0.014 0.012 0.013 
368 COPE-0368    (0)   :  0.009 0.088 0.097 0.090 0.077 0.089 0.116 0.084 0.092 0.077 0.098 0.083 
