

----------------------------------------------------
STRUCTURE by Pritchard, Stephens and Donnelly (2000)
     and Falush, Stephens and Pritchard (2003)
       Code by Pritchard, Falush and Hubisz
             Version 2.3.4 (Jul 2012)
----------------------------------------------------



Command line arguments:   /home/jason/Programs/structure -K 7 -i ../Data/microsats.structure -m Structure_Run/mainparams -e Structure_Run/extraparams -D 80197195 -o ../Structure_Results/07_K_07.out 
Input File:    ../Data/microsats.structure

Run parameters:
   384 individuals
   7 loci
   7 populations assumed
   1000000 Burn-in period
   10000000 Reps
RANDOMIZE turned off


--------------------------------------------
Overall proportion of membership of the
sample in each of the 7 clusters

Inferred Clusters
  1      2      3      4      5      6      7    
0.122  0.146  0.146  0.147  0.147  0.146  0.146  

--------------------------------------------

Allele-freq. divergence among pops (Net nucleotide distance),
computed using point estimates of P.

      1       2       3       4       5       6       7      
 1      -    0.1522  0.1528  0.1512  0.1517  0.1521  0.1533  
 2   0.1522     -    0.0002  0.0000  0.0000  0.0001  0.0002  
 3   0.1528  0.0002     -    0.0003  0.0001  0.0001  0.0001  
 4   0.1512  0.0000  0.0003     -    0.0001  0.0002  0.0004  
 5   0.1517  0.0000  0.0001  0.0001     -    0.0001  0.0001  
 6   0.1521  0.0001  0.0001  0.0002  0.0001     -    0.0002  
 7   0.1533  0.0002  0.0001  0.0004  0.0001  0.0002     -    

Average distances (expected heterozygosity) between individuals in same cluster:
cluster  1  : 0.6569 
cluster  2  : 0.6228 
cluster  3  : 0.6217 
cluster  4  : 0.6259 
cluster  5  : 0.6252 
cluster  6  : 0.6236 
cluster  7  : 0.6231 

--------------------------------------------
Estimated Ln Prob of Data   = -8867.5
Mean value of ln likelihood = -7974.2
Variance of ln likelihood   = 1786.6
Mean value of alpha         = 0.0459

Mean value of Fst_1         = 0.1574
Mean value of Fst_2         = 0.0598
Mean value of Fst_3         = 0.0632
Mean value of Fst_4         = 0.0566
Mean value of Fst_5         = 0.0587
Mean value of Fst_6         = 0.0623
Mean value of Fst_7         = 0.0619


Inferred ancestry of individuals:
        Label (%Miss) :  Inferred clusters
  1 COPE-0001    (0)   :  0.952 0.008 0.008 0.008 0.008 0.008 0.008 
  2 COPE-0002    (0)   :  0.010 0.151 0.166 0.178 0.172 0.173 0.149 
  3 COPE-0003    (0)   :  0.007 0.198 0.147 0.204 0.173 0.152 0.119 
  4 COPE-0004    (0)   :  0.014 0.151 0.151 0.191 0.183 0.172 0.139 
  5 COPE-0005    (0)   :  0.019 0.142 0.186 0.151 0.171 0.159 0.173 
  6 COPE-0006    (0)   :  0.019 0.163 0.161 0.170 0.164 0.163 0.160 
  7 COPE-0007    (0)   :  0.007 0.147 0.186 0.145 0.165 0.171 0.179 
  8 COPE-0008    (0)   :  0.007 0.170 0.175 0.130 0.150 0.201 0.166 
  9 COPE-0009    (0)   :  0.018 0.175 0.155 0.188 0.164 0.166 0.134 
 10 COPE-0010    (0)   :  0.007 0.166 0.147 0.172 0.164 0.146 0.198 
 11 COPE-0011   (14)   :  0.920 0.013 0.013 0.015 0.014 0.013 0.012 
 12 COPE-0012   (14)   :  0.007 0.174 0.159 0.145 0.160 0.184 0.171 
 13 COPE-0013    (0)   :  0.006 0.204 0.141 0.219 0.175 0.146 0.110 
 14 COPE-0014    (0)   :  0.010 0.151 0.198 0.148 0.168 0.147 0.177 
 15 COPE-0015    (0)   :  0.007 0.156 0.186 0.145 0.162 0.156 0.188 
 16 COPE-0016    (0)   :  0.010 0.160 0.176 0.158 0.152 0.183 0.161 
 17 COPE-0017    (0)   :  0.740 0.041 0.047 0.041 0.043 0.042 0.045 
 18 COPE-0018    (0)   :  0.008 0.179 0.153 0.184 0.169 0.161 0.147 
 19 COPE-0019    (0)   :  0.006 0.191 0.152 0.198 0.167 0.155 0.130 
 20 COPE-0020    (0)   :  0.008 0.160 0.166 0.166 0.166 0.158 0.175 
 21 COPE-0021    (0)   :  0.006 0.143 0.193 0.143 0.167 0.146 0.202 
 22 COPE-0022    (0)   :  0.007 0.170 0.172 0.139 0.152 0.197 0.164 
 23 COPE-0023    (0)   :  0.008 0.157 0.157 0.187 0.181 0.160 0.150 
 24 COPE-0024   (14)   :  0.006 0.151 0.180 0.143 0.159 0.181 0.180 
 25 COPE-0025    (0)   :  0.082 0.159 0.137 0.169 0.159 0.144 0.151 
 26 COPE-0026    (0)   :  0.005 0.158 0.176 0.144 0.155 0.182 0.179 
 27 COPE-0027    (0)   :  0.006 0.195 0.153 0.192 0.166 0.161 0.127 
 28 COPE-0028    (0)   :  0.006 0.170 0.153 0.164 0.160 0.151 0.197 
 29 COPE-0029    (0)   :  0.005 0.155 0.181 0.144 0.149 0.192 0.173 
 30 COPE-0030   (14)   :  0.792 0.033 0.034 0.036 0.037 0.035 0.033 
 31 COPE-0031    (0)   :  0.010 0.160 0.177 0.132 0.147 0.197 0.178 
 32 COPE-0032    (0)   :  0.009 0.169 0.148 0.175 0.168 0.151 0.180 
 33 COPE-0033    (0)   :  0.011 0.169 0.153 0.180 0.170 0.154 0.163 
 34 COPE-0034    (0)   :  0.011 0.151 0.179 0.149 0.162 0.181 0.168 
 35 COPE-0035   (14)   :  0.008 0.175 0.145 0.174 0.164 0.151 0.183 
 36 COPE-0036   (14)   :  0.006 0.146 0.166 0.156 0.174 0.167 0.184 
 37 COPE-0037    (0)   :  0.023 0.160 0.168 0.162 0.160 0.160 0.168 
 38 COPE-0038    (0)   :  0.006 0.162 0.181 0.134 0.150 0.195 0.170 
 39 COPE-0039    (0)   :  0.109 0.156 0.140 0.168 0.154 0.148 0.124 
 40 COPE-0040   (14)   :  0.100 0.165 0.138 0.175 0.155 0.143 0.123 
 41 COPE-0041    (0)   :  0.032 0.168 0.149 0.178 0.170 0.158 0.144 
 42 COPE-0042    (0)   :  0.011 0.179 0.143 0.181 0.160 0.145 0.181 
 43 COPE-0043    (0)   :  0.005 0.155 0.166 0.175 0.166 0.180 0.153 
 44 COPE-0044    (0)   :  0.015 0.158 0.152 0.186 0.182 0.169 0.138 
 45 COPE-0045    (0)   :  0.032 0.157 0.150 0.177 0.174 0.162 0.148 
 46 COPE-0046    (0)   :  0.824 0.031 0.029 0.033 0.030 0.028 0.026 
 47 COPE-0047    (0)   :  0.956 0.007 0.007 0.008 0.007 0.007 0.007 
 48 COPE-0048    (0)   :  0.007 0.179 0.144 0.169 0.161 0.144 0.195 
 49 COPE-0049    (0)   :  0.016 0.155 0.153 0.179 0.178 0.162 0.157 
 50 COPE-0050    (0)   :  0.007 0.190 0.149 0.209 0.175 0.153 0.117 
 51 COPE-0051    (0)   :  0.105 0.154 0.127 0.151 0.150 0.129 0.185 
 52 COPE-0052    (0)   :  0.010 0.143 0.209 0.135 0.164 0.151 0.189 
 53 COPE-0053    (0)   :  0.010 0.156 0.185 0.150 0.148 0.185 0.166 
 54 COPE-0054    (0)   :  0.005 0.156 0.184 0.136 0.165 0.158 0.196 
 55 COPE-0055    (0)   :  0.005 0.172 0.177 0.130 0.148 0.201 0.167 
 56 COPE-0056    (0)   :  0.018 0.169 0.154 0.173 0.172 0.167 0.147 
 57 COPE-0057    (0)   :  0.011 0.179 0.151 0.188 0.170 0.159 0.142 
 58 COPE-0058    (0)   :  0.009 0.154 0.151 0.172 0.182 0.175 0.158 
 59 COPE-0059    (0)   :  0.019 0.199 0.146 0.208 0.169 0.146 0.112 
 60 COPE-0060    (0)   :  0.007 0.160 0.177 0.170 0.160 0.175 0.152 
 61 COPE-0061    (0)   :  0.013 0.170 0.168 0.172 0.156 0.173 0.148 
 62 COPE-0062    (0)   :  0.010 0.141 0.195 0.140 0.171 0.140 0.202 
 63 COPE-0063    (0)   :  0.029 0.171 0.167 0.128 0.149 0.190 0.166 
 64 COPE-0064    (0)   :  0.010 0.165 0.174 0.163 0.163 0.171 0.154 
 65 COPE-0065    (0)   :  0.965 0.006 0.006 0.006 0.006 0.006 0.006 
 66 COPE-0066    (0)   :  0.016 0.179 0.137 0.178 0.158 0.139 0.193 
 67 COPE-0067   (14)   :  0.840 0.027 0.025 0.027 0.026 0.025 0.029 
 68 COPE-0068    (0)   :  0.010 0.206 0.142 0.215 0.173 0.146 0.108 
 69 COPE-0069   (14)   :  0.013 0.158 0.187 0.157 0.166 0.150 0.170 
 70 COPE-0070    (0)   :  0.012 0.157 0.154 0.170 0.174 0.165 0.167 
 71 COPE-0071    (0)   :  0.004 0.170 0.146 0.170 0.163 0.142 0.204 
 72 COPE-0072    (0)   :  0.007 0.172 0.166 0.186 0.169 0.162 0.139 
 73 COPE-0073   (14)   :  0.740 0.041 0.047 0.039 0.040 0.048 0.045 
 74 COPE-0074    (0)   :  0.009 0.172 0.150 0.167 0.164 0.149 0.189 
 75 COPE-0075    (0)   :  0.013 0.172 0.138 0.167 0.165 0.142 0.202 
 76 COPE-0076    (0)   :  0.006 0.176 0.167 0.158 0.165 0.165 0.164 
 77 COPE-0077   (14)   :  0.009 0.175 0.161 0.178 0.164 0.162 0.151 
 78 COPE-0078   (14)   :  0.008 0.151 0.174 0.148 0.166 0.180 0.174 
 79 COPE-0079    (0)   :  0.009 0.147 0.149 0.195 0.190 0.172 0.138 
 80 COPE-0080   (42)   :  0.871 0.023 0.021 0.023 0.022 0.021 0.020 
 81 COPE-0081   (14)   :  0.486 0.087 0.086 0.078 0.082 0.092 0.089 
 82 COPE-0082   (14)   :  0.047 0.166 0.144 0.152 0.155 0.151 0.185 
 83 COPE-0083   (14)   :  0.006 0.139 0.215 0.135 0.170 0.137 0.196 
 84 COPE-0084    (0)   :  0.250 0.121 0.135 0.117 0.112 0.140 0.125 
 85 COPE-0085    (0)   :  0.010 0.164 0.150 0.186 0.177 0.164 0.150 
 86 COPE-0086    (0)   :  0.021 0.161 0.152 0.168 0.163 0.162 0.174 
 87 COPE-0087   (14)   :  0.007 0.163 0.173 0.168 0.156 0.173 0.159 
 88 COPE-0088   (14)   :  0.025 0.152 0.169 0.164 0.166 0.165 0.159 
 89 COPE-0089   (14)   :  0.956 0.007 0.007 0.007 0.007 0.007 0.007 
 90 COPE-0090    (0)   :  0.008 0.172 0.174 0.131 0.148 0.200 0.169 
 91 COPE-0091   (14)   :  0.006 0.158 0.186 0.160 0.155 0.173 0.162 
 92 COPE-0092   (28)   :  0.849 0.027 0.023 0.029 0.026 0.024 0.022 
 93 COPE-0093    (0)   :  0.006 0.176 0.169 0.130 0.155 0.192 0.172 
 94 COPE-0094    (0)   :  0.032 0.143 0.147 0.191 0.185 0.168 0.134 
 95 COPE-0095    (0)   :  0.005 0.161 0.184 0.144 0.146 0.189 0.171 
 96 COPE-0096    (0)   :  0.009 0.145 0.196 0.143 0.164 0.159 0.183 
 97 COPE-0097    (0)   :  0.008 0.158 0.165 0.153 0.166 0.140 0.210 
 98 COPE-0098    (0)   :  0.008 0.160 0.179 0.130 0.147 0.201 0.175 
 99 COPE-0099    (0)   :  0.021 0.195 0.142 0.206 0.170 0.145 0.120 
100 COPE-0100    (0)   :  0.007 0.182 0.155 0.175 0.167 0.158 0.156 
101 COPE-0101    (0)   :  0.044 0.164 0.146 0.164 0.152 0.153 0.175 
102 COPE-0102    (0)   :  0.006 0.169 0.156 0.182 0.171 0.162 0.154 
103 COPE-0103    (0)   :  0.018 0.147 0.163 0.169 0.180 0.162 0.162 
104 COPE-0104   (14)   :  0.007 0.177 0.154 0.162 0.158 0.155 0.188 
105 COPE-0105    (0)   :  0.037 0.161 0.134 0.153 0.160 0.146 0.209 
106 COPE-0106    (0)   :  0.005 0.141 0.194 0.136 0.166 0.153 0.205 
107 COPE-0107    (0)   :  0.887 0.019 0.020 0.017 0.018 0.021 0.018 
108 COPE-0108    (0)   :  0.006 0.157 0.176 0.140 0.160 0.168 0.192 
109 COPE-0109    (0)   :  0.012 0.160 0.155 0.190 0.178 0.169 0.137 
110 COPE-0110   (14)   :  0.014 0.150 0.173 0.157 0.168 0.168 0.169 
111 COPE-0111    (0)   :  0.009 0.151 0.189 0.152 0.166 0.154 0.180 
112 COPE-0112   (14)   :  0.011 0.177 0.150 0.169 0.162 0.149 0.183 
113 COPE-0113    (0)   :  0.023 0.176 0.151 0.179 0.167 0.162 0.142 
114 COPE-0114    (0)   :  0.010 0.156 0.169 0.152 0.165 0.168 0.180 
115 COPE-0115    (0)   :  0.850 0.023 0.028 0.023 0.025 0.025 0.027 
116 COPE-0116   (28)   :  0.942 0.010 0.010 0.010 0.010 0.009 0.009 
117 COPE-0117    (0)   :  0.011 0.158 0.185 0.149 0.146 0.183 0.167 
118 COPE-0118    (0)   :  0.009 0.141 0.199 0.137 0.170 0.145 0.199 
119 COPE-0119    (0)   :  0.010 0.148 0.195 0.133 0.162 0.160 0.191 
120 COPE-0120    (0)   :  0.012 0.172 0.152 0.188 0.170 0.163 0.143 
121 COPE-0121    (0)   :  0.061 0.141 0.181 0.147 0.162 0.140 0.168 
122 COPE-0122    (0)   :  0.008 0.158 0.159 0.187 0.177 0.165 0.147 
123 COPE-0123    (0)   :  0.015 0.158 0.155 0.180 0.179 0.159 0.154 
124 COPE-0124    (0)   :  0.013 0.158 0.156 0.186 0.182 0.163 0.142 
125 COPE-0125    (0)   :  0.007 0.173 0.152 0.151 0.162 0.158 0.198 
126 COPE-0126    (0)   :  0.013 0.157 0.184 0.142 0.146 0.185 0.173 
127 COPE-0127   (14)   :  0.007 0.161 0.152 0.160 0.166 0.162 0.192 
128 COPE-0128    (0)   :  0.020 0.154 0.161 0.168 0.168 0.166 0.164 
129 COPE-0129    (0)   :  0.007 0.160 0.148 0.196 0.185 0.167 0.137 
130 COPE-0130    (0)   :  0.012 0.195 0.152 0.197 0.170 0.156 0.119 
131 COPE-0131   (14)   :  0.010 0.153 0.189 0.160 0.174 0.141 0.174 
132 COPE-0132   (14)   :  0.035 0.144 0.187 0.135 0.156 0.166 0.177 
133 COPE-0133    (0)   :  0.010 0.156 0.183 0.157 0.146 0.188 0.161 
134 COPE-0134    (0)   :  0.007 0.159 0.160 0.179 0.171 0.171 0.153 
135 COPE-0135    (0)   :  0.009 0.168 0.155 0.167 0.163 0.154 0.185 
136 COPE-0136    (0)   :  0.926 0.013 0.012 0.013 0.012 0.012 0.012 
137 COPE-0137    (0)   :  0.013 0.185 0.145 0.196 0.173 0.153 0.135 
138 COPE-0138   (14)   :  0.951 0.008 0.008 0.008 0.008 0.008 0.009 
139 COPE-0139    (0)   :  0.008 0.187 0.148 0.198 0.171 0.153 0.134 
140 COPE-0140   (14)   :  0.873 0.022 0.020 0.023 0.021 0.021 0.020 
141 COPE-0141    (0)   :  0.008 0.170 0.159 0.146 0.165 0.185 0.168 
142 COPE-0142    (0)   :  0.009 0.173 0.166 0.148 0.162 0.176 0.167 
143 COPE-0143    (0)   :  0.009 0.161 0.169 0.155 0.159 0.185 0.162 
144 COPE-0144   (14)   :  0.318 0.112 0.109 0.125 0.120 0.117 0.097 
145 COPE-0145   (14)   :  0.401 0.101 0.093 0.113 0.103 0.100 0.089 
146 COPE-0146   (14)   :  0.030 0.163 0.165 0.149 0.153 0.170 0.170 
147 COPE-0147    (0)   :  0.064 0.149 0.151 0.166 0.167 0.167 0.136 
148 COPE-0148    (0)   :  0.009 0.156 0.183 0.147 0.149 0.188 0.167 
149 COPE-0149    (0)   :  0.007 0.186 0.158 0.196 0.167 0.157 0.130 
150 COPE-0150    (0)   :  0.008 0.179 0.139 0.171 0.161 0.141 0.200 
151 COPE-0151    (0)   :  0.007 0.174 0.162 0.169 0.159 0.176 0.153 
152 COPE-0152   (14)   :  0.123 0.147 0.150 0.124 0.138 0.170 0.148 
153 COPE-0153    (0)   :  0.006 0.157 0.174 0.158 0.164 0.176 0.164 
154 COPE-0154    (0)   :  0.006 0.181 0.163 0.174 0.165 0.160 0.150 
155 COPE-0155    (0)   :  0.006 0.173 0.154 0.184 0.168 0.165 0.151 
156 COPE-0156   (14)   :  0.948 0.009 0.009 0.009 0.009 0.009 0.009 
157 COPE-0157   (14)   :  0.302 0.114 0.113 0.108 0.118 0.128 0.117 
158 COPE-0158    (0)   :  0.009 0.165 0.174 0.167 0.155 0.177 0.152 
159 COPE-0159    (0)   :  0.007 0.160 0.177 0.145 0.156 0.189 0.165 
160 COPE-0160    (0)   :  0.006 0.152 0.151 0.171 0.186 0.177 0.156 
161 COPE-0161    (0)   :  0.012 0.163 0.157 0.183 0.174 0.162 0.150 
162 COPE-0162   (14)   :  0.959 0.007 0.007 0.007 0.007 0.007 0.007 
163 COPE-0163   (28)   :  0.921 0.013 0.013 0.013 0.013 0.013 0.013 
164 COPE-0164    (0)   :  0.034 0.175 0.148 0.173 0.159 0.161 0.148 
165 COPE-0165    (0)   :  0.008 0.182 0.150 0.195 0.169 0.154 0.142 
166 COPE-0166   (14)   :  0.008 0.156 0.162 0.181 0.174 0.172 0.148 
167 COPE-0167    (0)   :  0.008 0.152 0.161 0.171 0.177 0.169 0.162 
168 COPE-0168    (0)   :  0.006 0.157 0.182 0.149 0.156 0.183 0.167 
169 COPE-0169    (0)   :  0.012 0.201 0.145 0.210 0.172 0.147 0.113 
170 COPE-0170    (0)   :  0.036 0.152 0.176 0.142 0.159 0.171 0.165 
171 COPE-0171    (0)   :  0.009 0.153 0.192 0.144 0.160 0.164 0.179 
172 COPE-0172    (0)   :  0.006 0.162 0.163 0.156 0.163 0.169 0.181 
173 COPE-0173   (14)   :  0.068 0.187 0.137 0.199 0.163 0.141 0.106 
174 COPE-0174   (28)   :  0.020 0.164 0.162 0.163 0.164 0.172 0.154 
175 COPE-0175    (0)   :  0.039 0.147 0.159 0.159 0.165 0.176 0.154 
176 COPE-0176    (0)   :  0.010 0.153 0.167 0.147 0.168 0.176 0.179 
177 COPE-0177    (0)   :  0.007 0.193 0.147 0.205 0.170 0.151 0.126 
178 COPE-0178    (0)   :  0.008 0.144 0.179 0.138 0.166 0.160 0.205 
179 COPE-0179    (0)   :  0.009 0.174 0.151 0.185 0.170 0.159 0.153 
180 COPE-0180   (14)   :  0.006 0.201 0.144 0.214 0.172 0.146 0.116 
181 COPE-0181   (14)   :  0.009 0.189 0.148 0.205 0.172 0.153 0.124 
182 COPE-0182    (0)   :  0.005 0.166 0.167 0.137 0.154 0.185 0.186 
183 COPE-0183    (0)   :  0.011 0.168 0.163 0.168 0.166 0.163 0.161 
184 COPE-0184    (0)   :  0.010 0.144 0.179 0.153 0.170 0.169 0.176 
185 COPE-0185    (0)   :  0.006 0.164 0.180 0.141 0.153 0.189 0.167 
186 COPE-0186    (0)   :  0.006 0.142 0.204 0.138 0.169 0.139 0.202 
187 COPE-0187    (0)   :  0.010 0.169 0.142 0.162 0.166 0.148 0.204 
188 COPE-0188    (0)   :  0.865 0.023 0.021 0.023 0.022 0.022 0.024 
189 COPE-0189    (0)   :  0.009 0.180 0.154 0.186 0.168 0.151 0.151 
190 COPE-0190    (0)   :  0.015 0.156 0.148 0.191 0.181 0.160 0.150 
191 COPE-0191    (0)   :  0.013 0.165 0.164 0.173 0.167 0.164 0.154 
192 COPE-0192   (14)   :  0.940 0.009 0.011 0.009 0.010 0.009 0.011 
193 COPE-0193    (0)   :  0.006 0.163 0.167 0.156 0.157 0.182 0.168 
194 COPE-0194    (0)   :  0.009 0.174 0.139 0.171 0.159 0.141 0.207 
195 COPE-0195    (0)   :  0.007 0.169 0.150 0.169 0.169 0.161 0.176 
196 COPE-0196    (0)   :  0.011 0.158 0.165 0.170 0.166 0.161 0.169 
197 COPE-0197    (0)   :  0.007 0.190 0.148 0.203 0.171 0.156 0.125 
198 COPE-0198    (0)   :  0.013 0.170 0.174 0.165 0.160 0.170 0.149 
199 COPE-0199    (0)   :  0.010 0.199 0.147 0.208 0.171 0.149 0.116 
200 COPE-0200   (42)   :  0.009 0.200 0.145 0.211 0.172 0.151 0.111 
201 COPE-0201    (0)   :  0.009 0.161 0.173 0.140 0.161 0.170 0.186 
202 COPE-0202    (0)   :  0.014 0.159 0.165 0.157 0.164 0.188 0.154 
203 COPE-0203    (0)   :  0.006 0.163 0.175 0.156 0.162 0.175 0.163 
204 COPE-0204    (0)   :  0.036 0.151 0.147 0.150 0.159 0.152 0.205 
205 COPE-0205    (0)   :  0.022 0.160 0.166 0.153 0.152 0.186 0.162 
206 COPE-0206    (0)   :  0.005 0.143 0.188 0.152 0.172 0.147 0.192 
207 COPE-0207    (0)   :  0.010 0.138 0.201 0.137 0.167 0.149 0.198 
208 COPE-0208    (0)   :  0.835 0.029 0.027 0.028 0.027 0.028 0.026 
209 COPE-0209    (0)   :  0.007 0.179 0.159 0.183 0.171 0.149 0.152 
210 COPE-0210    (0)   :  0.012 0.164 0.177 0.159 0.153 0.169 0.167 
211 COPE-0211    (0)   :  0.005 0.180 0.143 0.173 0.159 0.146 0.193 
212 COPE-0212    (0)   :  0.012 0.145 0.194 0.139 0.162 0.165 0.184 
213 COPE-0213    (0)   :  0.008 0.159 0.163 0.161 0.166 0.166 0.178 
214 COPE-0214    (0)   :  0.008 0.206 0.145 0.214 0.173 0.147 0.107 
215 COPE-0215    (0)   :  0.037 0.199 0.138 0.210 0.167 0.141 0.107 
216 COPE-0216   (14)   :  0.479 0.084 0.090 0.087 0.086 0.090 0.085 
217 COPE-0217    (0)   :  0.027 0.141 0.185 0.143 0.166 0.149 0.187 
218 COPE-0218    (0)   :  0.009 0.166 0.168 0.171 0.160 0.167 0.158 
219 COPE-0219   (14)   :  0.009 0.191 0.149 0.201 0.170 0.157 0.122 
220 COPE-0220    (0)   :  0.015 0.149 0.178 0.150 0.166 0.155 0.188 
221 COPE-0221    (0)   :  0.014 0.165 0.177 0.135 0.147 0.198 0.164 
222 COPE-0222    (0)   :  0.007 0.162 0.182 0.133 0.145 0.195 0.176 
223 COPE-0223    (0)   :  0.008 0.188 0.144 0.208 0.176 0.150 0.125 
224 COPE-0224    (0)   :  0.021 0.145 0.149 0.184 0.186 0.172 0.143 
225 COPE-0225    (0)   :  0.016 0.203 0.145 0.214 0.171 0.144 0.106 
226 COPE-0226    (0)   :  0.008 0.163 0.171 0.155 0.163 0.177 0.164 
227 COPE-0227    (0)   :  0.006 0.163 0.184 0.162 0.167 0.155 0.164 
228 COPE-0228    (0)   :  0.026 0.151 0.168 0.157 0.165 0.164 0.169 
229 COPE-0229    (0)   :  0.007 0.176 0.160 0.173 0.166 0.171 0.146 
230 COPE-0230    (0)   :  0.010 0.166 0.155 0.155 0.166 0.169 0.178 
231 COPE-0231    (0)   :  0.006 0.183 0.149 0.193 0.167 0.157 0.145 
232 COPE-0232    (0)   :  0.014 0.152 0.150 0.182 0.184 0.170 0.148 
233 COPE-0233    (0)   :  0.005 0.160 0.178 0.134 0.146 0.201 0.175 
234 COPE-0234    (0)   :  0.008 0.153 0.154 0.189 0.187 0.168 0.142 
235 COPE-0235    (0)   :  0.006 0.163 0.154 0.192 0.182 0.163 0.141 
236 COPE-0236    (0)   :  0.005 0.164 0.162 0.144 0.166 0.160 0.199 
237 COPE-0237    (0)   :  0.006 0.161 0.184 0.140 0.151 0.192 0.168 
238 COPE-0238    (0)   :  0.007 0.200 0.141 0.219 0.172 0.149 0.112 
239 COPE-0239    (0)   :  0.034 0.148 0.158 0.174 0.175 0.166 0.146 
240 COPE-0240    (0)   :  0.008 0.152 0.186 0.146 0.154 0.180 0.173 
241 COPE-0241    (0)   :  0.007 0.204 0.141 0.220 0.175 0.146 0.109 
242 COPE-0242    (0)   :  0.006 0.146 0.195 0.142 0.169 0.152 0.189 
243 COPE-0243    (0)   :  0.008 0.170 0.141 0.171 0.167 0.143 0.200 
244 COPE-0244    (0)   :  0.009 0.179 0.147 0.188 0.173 0.155 0.150 
245 COPE-0245    (0)   :  0.013 0.173 0.147 0.159 0.160 0.155 0.193 
246 COPE-0246    (0)   :  0.013 0.156 0.160 0.174 0.171 0.170 0.157 
247 COPE-0247    (0)   :  0.017 0.181 0.166 0.159 0.161 0.176 0.141 
248 COPE-0248    (0)   :  0.005 0.170 0.160 0.150 0.156 0.164 0.194 
249 COPE-0249    (0)   :  0.033 0.159 0.146 0.191 0.179 0.161 0.131 
250 COPE-0250    (0)   :  0.016 0.149 0.159 0.179 0.181 0.168 0.148 
251 COPE-0251   (14)   :  0.804 0.033 0.036 0.028 0.029 0.038 0.032 
252 COPE-0252    (0)   :  0.012 0.148 0.154 0.184 0.180 0.173 0.148 
253 COPE-0253    (0)   :  0.008 0.176 0.171 0.135 0.153 0.191 0.166 
254 COPE-0254    (0)   :  0.013 0.162 0.139 0.158 0.165 0.155 0.207 
255 COPE-0255    (0)   :  0.028 0.167 0.160 0.151 0.152 0.173 0.168 
256 COPE-0256    (0)   :  0.011 0.155 0.183 0.148 0.149 0.184 0.170 
257 COPE-0257    (0)   :  0.008 0.143 0.202 0.145 0.172 0.138 0.193 
258 COPE-0258    (0)   :  0.024 0.155 0.173 0.157 0.166 0.144 0.180 
259 COPE-0259    (0)   :  0.006 0.166 0.157 0.162 0.165 0.159 0.185 
260 COPE-0260    (0)   :  0.024 0.191 0.143 0.203 0.170 0.147 0.122 
261 COPE-0261    (0)   :  0.006 0.161 0.145 0.156 0.164 0.151 0.218 
262 COPE-0262    (0)   :  0.024 0.166 0.150 0.165 0.159 0.157 0.179 
263 COPE-0263    (0)   :  0.009 0.153 0.191 0.145 0.160 0.170 0.171 
264 COPE-0264    (0)   :  0.023 0.149 0.186 0.151 0.170 0.140 0.182 
265 COPE-0265    (0)   :  0.010 0.171 0.166 0.145 0.154 0.183 0.171 
266 COPE-0266    (0)   :  0.019 0.147 0.162 0.158 0.168 0.162 0.183 
267 COPE-0267    (0)   :  0.006 0.159 0.176 0.137 0.153 0.197 0.172 
268 COPE-0268    (0)   :  0.013 0.156 0.179 0.133 0.149 0.198 0.172 
269 COPE-0269    (0)   :  0.007 0.154 0.176 0.166 0.165 0.174 0.159 
270 COPE-0270    (0)   :  0.007 0.183 0.140 0.177 0.158 0.142 0.193 
271 COPE-0271    (0)   :  0.008 0.171 0.167 0.181 0.163 0.165 0.145 
272 COPE-0272    (0)   :  0.007 0.160 0.158 0.160 0.175 0.173 0.166 
273 COPE-0273    (0)   :  0.013 0.148 0.184 0.135 0.156 0.181 0.183 
274 COPE-0274   (14)   :  0.880 0.021 0.018 0.020 0.019 0.019 0.022 
275 COPE-0275    (0)   :  0.011 0.168 0.158 0.181 0.169 0.155 0.159 
276 COPE-0276   (14)   :  0.964 0.006 0.006 0.006 0.006 0.006 0.006 
277 COPE-0277   (14)   :  0.014 0.152 0.185 0.146 0.152 0.172 0.179 
278 COPE-0278    (0)   :  0.007 0.145 0.186 0.138 0.162 0.163 0.199 
279 COPE-0279    (0)   :  0.008 0.154 0.160 0.162 0.170 0.172 0.173 
280 COPE-0280    (0)   :  0.922 0.013 0.013 0.014 0.013 0.013 0.013 
281 COPE-0281    (0)   :  0.839 0.029 0.024 0.031 0.028 0.025 0.023 
282 COPE-0282   (14)   :  0.007 0.147 0.149 0.192 0.192 0.173 0.140 
283 COPE-0283    (0)   :  0.007 0.144 0.190 0.144 0.165 0.156 0.193 
284 COPE-0284   (14)   :  0.035 0.187 0.140 0.202 0.170 0.148 0.118 
285 COPE-0285    (0)   :  0.807 0.032 0.033 0.032 0.032 0.031 0.032 
286 COPE-0286    (0)   :  0.014 0.174 0.141 0.187 0.172 0.159 0.153 
287 COPE-0287    (0)   :  0.043 0.148 0.177 0.130 0.145 0.190 0.167 
288 COPE-0288    (0)   :  0.010 0.165 0.176 0.137 0.148 0.198 0.166 
289 COPE-0289    (0)   :  0.008 0.168 0.175 0.150 0.156 0.176 0.167 
290 COPE-0290    (0)   :  0.008 0.187 0.141 0.189 0.161 0.146 0.168 
291 COPE-0291    (0)   :  0.006 0.167 0.167 0.173 0.171 0.151 0.165 
292 COPE-0292   (42)   :  0.918 0.014 0.013 0.014 0.014 0.014 0.013 
293 COPE-0293    (0)   :  0.008 0.172 0.162 0.136 0.153 0.183 0.186 
294 COPE-0294    (0)   :  0.011 0.164 0.154 0.189 0.177 0.161 0.143 
295 COPE-0295    (0)   :  0.008 0.154 0.165 0.155 0.167 0.183 0.168 
296 COPE-0296   (14)   :  0.007 0.167 0.172 0.151 0.155 0.176 0.171 
297 COPE-0297   (14)   :  0.035 0.198 0.137 0.210 0.168 0.142 0.110 
298 COPE-0298    (0)   :  0.011 0.160 0.153 0.168 0.177 0.172 0.159 
299 COPE-0299    (0)   :  0.006 0.171 0.143 0.161 0.163 0.144 0.211 
300 COPE-0300   (14)   :  0.008 0.155 0.181 0.148 0.155 0.185 0.167 
301 COPE-0301   (14)   :  0.010 0.174 0.173 0.127 0.148 0.198 0.169 
302 COPE-0302    (0)   :  0.281 0.110 0.140 0.108 0.118 0.114 0.130 
303 COPE-0303    (0)   :  0.006 0.152 0.162 0.154 0.170 0.174 0.181 
304 COPE-0304    (0)   :  0.007 0.169 0.158 0.165 0.165 0.171 0.166 
305 COPE-0305   (14)   :  0.042 0.147 0.160 0.169 0.167 0.168 0.146 
306 COPE-0306    (0)   :  0.009 0.139 0.194 0.140 0.171 0.143 0.204 
307 COPE-0307   (28)   :  0.952 0.008 0.008 0.008 0.008 0.008 0.008 
308 COPE-0308    (0)   :  0.006 0.151 0.149 0.182 0.190 0.177 0.145 
309 COPE-0309   (14)   :  0.678 0.054 0.051 0.056 0.054 0.054 0.052 
310 COPE-0310   (28)   :  0.746 0.037 0.051 0.037 0.044 0.036 0.048 
311 COPE-0311    (0)   :  0.023 0.146 0.194 0.144 0.164 0.152 0.177 
312 COPE-0312   (28)   :  0.932 0.011 0.011 0.011 0.011 0.011 0.012 
313 COPE-0313    (0)   :  0.008 0.142 0.189 0.146 0.172 0.144 0.199 
314 COPE-0314    (0)   :  0.008 0.161 0.173 0.136 0.153 0.189 0.180 
315 COPE-0315    (0)   :  0.008 0.169 0.168 0.175 0.171 0.156 0.153 
316 COPE-0316    (0)   :  0.023 0.174 0.145 0.176 0.162 0.146 0.174 
317 COPE-0317   (14)   :  0.951 0.008 0.009 0.008 0.008 0.008 0.008 
318 COPE-0318    (0)   :  0.006 0.169 0.157 0.173 0.172 0.154 0.170 
319 COPE-0319    (0)   :  0.007 0.157 0.157 0.183 0.179 0.170 0.147 
320 COPE-0320   (14)   :  0.015 0.165 0.161 0.156 0.163 0.180 0.160 
321 COPE-0321   (14)   :  0.011 0.149 0.190 0.147 0.164 0.148 0.190 
322 COPE-0322   (14)   :  0.006 0.179 0.149 0.195 0.177 0.151 0.143 
323 COPE-0323    (0)   :  0.013 0.137 0.211 0.134 0.171 0.137 0.196 
324 COPE-0324    (0)   :  0.007 0.197 0.153 0.205 0.170 0.150 0.119 
325 COPE-0325   (14)   :  0.012 0.153 0.193 0.146 0.148 0.180 0.167 
326 COPE-0326    (0)   :  0.007 0.164 0.160 0.142 0.163 0.194 0.171 
327 COPE-0327   (14)   :  0.009 0.170 0.166 0.148 0.158 0.187 0.162 
328 COPE-0328    (0)   :  0.006 0.169 0.153 0.171 0.170 0.162 0.170 
329 COPE-0329   (28)   :  0.012 0.184 0.159 0.191 0.168 0.149 0.136 
330 COPE-0330    (0)   :  0.023 0.159 0.165 0.145 0.155 0.176 0.177 
331 COPE-0331    (0)   :  0.006 0.175 0.175 0.128 0.148 0.200 0.167 
332 COPE-0332   (14)   :  0.007 0.149 0.163 0.157 0.171 0.172 0.180 
333 COPE-0333    (0)   :  0.146 0.149 0.146 0.122 0.131 0.166 0.140 
334 COPE-0334   (28)   :  0.682 0.049 0.061 0.048 0.054 0.049 0.058 
335 COPE-0335    (0)   :  0.007 0.204 0.146 0.214 0.174 0.146 0.109 
336 COPE-0336    (0)   :  0.006 0.178 0.158 0.163 0.170 0.176 0.148 
337 COPE-0337   (28)   :  0.884 0.021 0.018 0.022 0.020 0.018 0.017 
338 COPE-0338    (0)   :  0.025 0.147 0.180 0.144 0.161 0.162 0.180 
339 COPE-0339    (0)   :  0.007 0.156 0.189 0.142 0.147 0.184 0.175 
340 COPE-0340   (14)   :  0.930 0.012 0.011 0.012 0.012 0.012 0.011 
341 COPE-0341    (0)   :  0.007 0.154 0.157 0.176 0.179 0.176 0.151 
342 COPE-0342    (0)   :  0.007 0.207 0.141 0.220 0.175 0.144 0.106 
343 COPE-0343    (0)   :  0.006 0.158 0.165 0.144 0.159 0.172 0.196 
344 COPE-0344   (14)   :  0.942 0.009 0.010 0.009 0.010 0.010 0.010 
345 COPE-0345    (0)   :  0.006 0.153 0.160 0.179 0.180 0.175 0.147 
346 COPE-0346    (0)   :  0.035 0.157 0.156 0.176 0.169 0.161 0.145 
347 COPE-0347    (0)   :  0.007 0.166 0.153 0.163 0.161 0.155 0.196 
348 COPE-0348    (0)   :  0.015 0.161 0.155 0.161 0.164 0.146 0.197 
349 COPE-0349    (0)   :  0.006 0.197 0.149 0.210 0.172 0.150 0.116 
350 COPE-0350    (0)   :  0.006 0.170 0.148 0.174 0.167 0.147 0.188 
351 COPE-0351    (0)   :  0.006 0.178 0.144 0.171 0.163 0.143 0.195 
352 COPE-0352    (0)   :  0.027 0.169 0.151 0.179 0.172 0.156 0.146 
353 COPE-0353    (0)   :  0.006 0.153 0.187 0.160 0.170 0.146 0.179 
354 COPE-0354    (0)   :  0.018 0.152 0.173 0.151 0.169 0.157 0.180 
355 COPE-0355    (0)   :  0.006 0.157 0.185 0.148 0.145 0.190 0.168 
356 COPE-0356    (0)   :  0.008 0.163 0.140 0.160 0.168 0.156 0.205 
357 COPE-0357    (0)   :  0.009 0.183 0.156 0.190 0.169 0.161 0.132 
358 COPE-0358    (0)   :  0.955 0.008 0.007 0.008 0.008 0.007 0.007 
359 COPE-0359   (14)   :  0.009 0.161 0.158 0.178 0.176 0.166 0.153 
360 COPE-0360    (0)   :  0.006 0.148 0.194 0.147 0.167 0.140 0.196 
361 COPE-0361    (0)   :  0.008 0.154 0.153 0.187 0.183 0.162 0.153 
362 COPE-0362    (0)   :  0.007 0.199 0.146 0.211 0.174 0.146 0.118 
363 COPE-0363   (14)   :  0.014 0.157 0.156 0.182 0.180 0.167 0.145 
364 COPE-0364    (0)   :  0.006 0.153 0.180 0.149 0.163 0.164 0.185 
365 COPE-0365    (0)   :  0.027 0.139 0.199 0.128 0.155 0.169 0.183 
366 COPE-0366    (0)   :  0.023 0.194 0.140 0.201 0.166 0.143 0.133 
367 COPE-0367   (14)   :  0.935 0.011 0.011 0.011 0.011 0.012 0.011 
368 COPE-0368    (0)   :  0.010 0.157 0.181 0.145 0.148 0.188 0.170 
369 COPE-0369    (0)   :  0.009 0.171 0.170 0.157 0.158 0.180 0.156 
370 COPE-0370   (28)   :  0.949 0.008 0.008 0.008 0.008 0.009 0.008 
371 COPE-0371    (0)   :  0.012 0.150 0.195 0.133 0.155 0.175 0.180 
372 COPE-0372    (0)   :  0.049 0.148 0.178 0.151 0.161 0.144 0.169 
373 COPE-0373   (14)   :  0.007 0.160 0.167 0.147 0.160 0.192 0.167 
374 COPE-0374    (0)   :  0.008 0.150 0.165 0.158 0.173 0.179 0.166 
375 COPE-0375   (14)   :  0.013 0.145 0.194 0.149 0.166 0.159 0.174 
376 COPE-0376   (14)   :  0.006 0.164 0.143 0.160 0.166 0.148 0.213 
377 COPE-0377    (0)   :  0.642 0.060 0.056 0.063 0.062 0.062 0.056 
378 COPE-0378    (0)   :  0.007 0.156 0.182 0.153 0.156 0.165 0.182 
379 COPE-0379    (0)   :  0.007 0.202 0.142 0.217 0.175 0.147 0.109 
380 COPE-0380   (28)   :  0.797 0.032 0.034 0.031 0.034 0.033 0.040 
381 COPE-0381    (0)   :  0.013 0.151 0.165 0.168 0.172 0.164 0.166 
382 COPE-0382    (0)   :  0.006 0.203 0.145 0.217 0.173 0.147 0.110 
383 COPE-0383    (0)   :  0.125 0.126 0.180 0.121 0.145 0.139 0.164 
384 COPE-0384    (0)   :  0.008 0.152 0.191 0.144 0.159 0.157 0.189 


Estimated Allele Frequencies in each cluster
First column gives estimated ancestral frequencies


Locus 1 : COPE5 
78 alleles
0.5% missing data
   1   (0.007) 0.658 0.001 0.001 0.001 0.001 0.001 0.001 
   2   (0.022) 0.018 0.023 0.023 0.024 0.024 0.025 0.022 
   3   (0.013) 0.002 0.013 0.014 0.016 0.015 0.015 0.013 
   4   (0.023) 0.002 0.027 0.024 0.028 0.025 0.025 0.023 
   5   (0.011) 0.001 0.012 0.009 0.012 0.010 0.010 0.008 
   6   (0.019) 0.006 0.019 0.017 0.021 0.019 0.018 0.015 
   7   (0.007) 0.001 0.003 0.003 0.004 0.004 0.004 0.003 
   8   (0.035) 0.002 0.080 0.097 0.079 0.089 0.092 0.097 
   9   (0.020) 0.001 0.022 0.021 0.025 0.024 0.022 0.020 
  10   (0.019) 0.001 0.020 0.020 0.020 0.020 0.020 0.021 
  11   (0.016) 0.017 0.014 0.016 0.013 0.014 0.016 0.015 
  12   (0.017) 0.001 0.025 0.024 0.020 0.022 0.026 0.024 
  13   (0.011) 0.001 0.011 0.011 0.009 0.010 0.012 0.011 
  14   (0.023) 0.002 0.028 0.027 0.026 0.027 0.031 0.027 
  15   (0.016) 0.001 0.031 0.037 0.029 0.030 0.035 0.033 
  16   (0.009) 0.001 0.006 0.006 0.006 0.006 0.006 0.007 
  17   (0.017) 0.001 0.015 0.014 0.015 0.015 0.014 0.015 
  18   (0.016) 0.007 0.016 0.013 0.016 0.014 0.013 0.011 
  19   (0.011) 0.001 0.012 0.009 0.013 0.010 0.009 0.007 
  20   (0.028) 0.002 0.052 0.058 0.046 0.049 0.057 0.057 
  21   (0.022) 0.001 0.024 0.021 0.023 0.022 0.022 0.020 
  22   (0.019) 0.009 0.016 0.015 0.017 0.016 0.015 0.014 
  23   (0.013) 0.001 0.013 0.011 0.013 0.012 0.012 0.010 
  24   (0.015) 0.001 0.018 0.019 0.017 0.019 0.016 0.023 
  25   (0.010) 0.001 0.008 0.008 0.008 0.008 0.009 0.008 
  26   (0.013) 0.001 0.009 0.009 0.010 0.010 0.009 0.009 
  27   (0.012) 0.001 0.010 0.009 0.011 0.010 0.009 0.011 
  28   (0.008) 0.020 0.003 0.002 0.003 0.003 0.002 0.002 
  29   (0.013) 0.001 0.012 0.010 0.012 0.011 0.011 0.013 
  30   (0.019) 0.004 0.020 0.020 0.020 0.020 0.021 0.019 
  31   (0.018) 0.001 0.020 0.018 0.020 0.019 0.019 0.018 
  32   (0.025) 0.002 0.042 0.039 0.041 0.038 0.039 0.035 
  33   (0.006) 0.000 0.002 0.002 0.002 0.002 0.002 0.002 
  34   (0.017) 0.001 0.019 0.020 0.017 0.019 0.022 0.021 
  35   (0.006) 0.053 0.001 0.001 0.001 0.001 0.001 0.001 
  36   (0.006) 0.000 0.002 0.002 0.002 0.002 0.002 0.002 
  37   (0.021) 0.021 0.023 0.028 0.022 0.024 0.023 0.027 
  38   (0.016) 0.008 0.013 0.011 0.013 0.013 0.012 0.013 
  39   (0.015) 0.001 0.017 0.018 0.018 0.019 0.019 0.020 
  40   (0.011) 0.001 0.011 0.009 0.012 0.010 0.009 0.008 
  41   (0.008) 0.001 0.005 0.004 0.005 0.005 0.004 0.005 
  42   (0.006) 0.000 0.002 0.002 0.002 0.002 0.002 0.002 
  43   (0.009) 0.001 0.005 0.004 0.005 0.005 0.005 0.005 
  44   (0.023) 0.002 0.026 0.025 0.029 0.028 0.026 0.027 
  45   (0.006) 0.000 0.002 0.002 0.002 0.002 0.002 0.002 
  46   (0.016) 0.001 0.017 0.020 0.016 0.018 0.018 0.019 
  47   (0.009) 0.001 0.006 0.006 0.006 0.007 0.007 0.006 
  48   (0.006) 0.000 0.002 0.002 0.002 0.002 0.002 0.002 
  49   (0.015) 0.001 0.015 0.016 0.016 0.016 0.016 0.015 
  50   (0.013) 0.002 0.012 0.011 0.013 0.012 0.011 0.010 
  51   (0.013) 0.014 0.012 0.016 0.012 0.014 0.012 0.015 
  52   (0.013) 0.001 0.013 0.012 0.011 0.012 0.013 0.013 
  53   (0.007) 0.031 0.001 0.001 0.001 0.001 0.001 0.001 
  54   (0.007) 0.075 0.001 0.001 0.001 0.001 0.001 0.001 
  55   (0.010) 0.001 0.008 0.007 0.008 0.007 0.007 0.009 
  56   (0.011) 0.001 0.010 0.012 0.010 0.011 0.010 0.012 
  57   (0.013) 0.001 0.013 0.010 0.014 0.012 0.010 0.010 
  58   (0.009) 0.001 0.006 0.005 0.006 0.006 0.005 0.007 
  59   (0.011) 0.001 0.011 0.011 0.013 0.013 0.012 0.010 
  60   (0.010) 0.001 0.007 0.009 0.007 0.008 0.008 0.009 
  61   (0.006) 0.000 0.002 0.002 0.002 0.002 0.002 0.002 
  62   (0.012) 0.001 0.011 0.012 0.012 0.012 0.011 0.012 
  63   (0.010) 0.001 0.015 0.013 0.015 0.015 0.014 0.020 
  64   (0.009) 0.001 0.005 0.005 0.005 0.005 0.005 0.005 
  65   (0.018) 0.001 0.020 0.021 0.021 0.021 0.019 0.020 
  66   (0.010) 0.001 0.009 0.009 0.008 0.009 0.009 0.011 
  67   (0.010) 0.001 0.007 0.006 0.007 0.006 0.005 0.007 
  68   (0.012) 0.001 0.013 0.010 0.014 0.012 0.010 0.009 
  69   (0.006) 0.000 0.002 0.002 0.002 0.002 0.002 0.002 
  70   (0.006) 0.000 0.002 0.002 0.002 0.002 0.002 0.002 
  71   (0.011) 0.001 0.006 0.006 0.007 0.007 0.007 0.006 
  72   (0.006) 0.000 0.002 0.002 0.002 0.002 0.002 0.002 
  73   (0.006) 0.001 0.002 0.002 0.002 0.002 0.002 0.002 
  74   (0.006) 0.000 0.002 0.002 0.002 0.002 0.002 0.002 
  75   (0.009) 0.001 0.005 0.004 0.005 0.005 0.004 0.005 
  76   (0.006) 0.000 0.002 0.002 0.002 0.002 0.002 0.002 
  77   (0.008) 0.001 0.004 0.003 0.004 0.004 0.003 0.003 
  78   (0.006) 0.000 0.002 0.002 0.002 0.002 0.002 0.002 

Locus 2 : COPE9 
12 alleles
8.3% missing data
   1   (0.411) 0.409 0.470 0.474 0.457 0.466 0.471 0.474 
   2   (0.143) 0.264 0.132 0.133 0.140 0.139 0.136 0.139 
   3   (0.049) 0.026 0.047 0.053 0.047 0.050 0.049 0.054 
   4   (0.073) 0.025 0.080 0.075 0.082 0.076 0.073 0.067 
   5   (0.037) 0.023 0.028 0.023 0.027 0.026 0.025 0.026 
   6   (0.131) 0.053 0.135 0.134 0.133 0.132 0.140 0.134 
   7   (0.039) 0.068 0.027 0.024 0.030 0.028 0.026 0.023 
   8   (0.081) 0.080 0.070 0.073 0.072 0.072 0.070 0.071 
   9   (0.011) 0.001 0.004 0.004 0.004 0.004 0.004 0.005 
  10   (0.009) 0.050 0.001 0.001 0.001 0.001 0.001 0.001 
  11   (0.008) 0.001 0.003 0.002 0.003 0.003 0.003 0.003 
  12   (0.008) 0.001 0.003 0.003 0.003 0.003 0.003 0.003 

Locus 3 : CPER26 
12 alleles
2.6% missing data
   1   (0.232) 0.129 0.235 0.238 0.231 0.233 0.239 0.235 
   2   (0.033) 0.151 0.027 0.021 0.028 0.024 0.021 0.019 
   3   (0.082) 0.007 0.083 0.074 0.090 0.083 0.075 0.072 
   4   (0.500) 0.055 0.577 0.582 0.572 0.578 0.585 0.589 
   5   (0.055) 0.304 0.040 0.047 0.040 0.043 0.042 0.046 
   6   (0.030) 0.316 0.015 0.015 0.015 0.015 0.016 0.015 
   7   (0.013) 0.001 0.005 0.005 0.006 0.006 0.006 0.006 
   8   (0.018) 0.023 0.008 0.007 0.008 0.007 0.007 0.008 
   9   (0.008) 0.003 0.002 0.002 0.002 0.002 0.002 0.002 
  10   (0.012) 0.010 0.003 0.003 0.003 0.003 0.003 0.003 
  11   (0.009) 0.001 0.002 0.002 0.003 0.002 0.002 0.002 
  12   (0.008) 0.001 0.003 0.002 0.003 0.003 0.003 0.002 

Locus 4 : CPER92 
12 alleles
6.8% missing data
   1   (0.620) 0.510 0.687 0.687 0.688 0.680 0.671 0.678 
   2   (0.108) 0.281 0.130 0.127 0.131 0.136 0.141 0.131 
   3   (0.091) 0.045 0.085 0.088 0.084 0.086 0.089 0.091 
   4   (0.015) 0.018 0.007 0.009 0.007 0.008 0.007 0.008 
   5   (0.040) 0.033 0.024 0.024 0.025 0.025 0.026 0.026 
   6   (0.036) 0.007 0.028 0.027 0.025 0.026 0.029 0.028 
   7   (0.019) 0.035 0.008 0.008 0.008 0.008 0.008 0.009 
   8   (0.012) 0.035 0.003 0.003 0.003 0.003 0.003 0.003 
   9   (0.021) 0.018 0.013 0.010 0.014 0.012 0.011 0.009 
  10   (0.017) 0.015 0.007 0.009 0.008 0.008 0.008 0.009 
  11   (0.013) 0.001 0.005 0.006 0.006 0.006 0.005 0.006 
  12   (0.008) 0.001 0.003 0.002 0.003 0.002 0.002 0.003 

Locus 5 : CPER99 
5 alleles
1.0% missing data
   1   (0.013) 0.347 0.003 0.003 0.003 0.003 0.003 0.003 
   2   (0.869) 0.081 0.931 0.930 0.929 0.930 0.930 0.931 
   3   (0.080) 0.478 0.053 0.056 0.055 0.055 0.055 0.055 
   4   (0.013) 0.030 0.003 0.003 0.003 0.003 0.003 0.003 
   5   (0.024) 0.065 0.009 0.009 0.009 0.009 0.009 0.009 

Locus 6 : CPER119 
22 alleles
5.5% missing data
   1   (0.009) 0.111 0.001 0.001 0.001 0.001 0.001 0.001 
   2   (0.080) 0.042 0.092 0.096 0.084 0.087 0.099 0.091 
   3   (0.036) 0.054 0.029 0.035 0.030 0.033 0.031 0.032 
   4   (0.008) 0.001 0.003 0.002 0.003 0.003 0.002 0.002 
   5   (0.160) 0.093 0.185 0.166 0.187 0.179 0.177 0.161 
   6   (0.069) 0.080 0.082 0.069 0.088 0.077 0.069 0.059 
   7   (0.070) 0.080 0.084 0.091 0.084 0.088 0.096 0.086 
   8   (0.084) 0.104 0.078 0.075 0.078 0.077 0.076 0.076 
   9   (0.115) 0.060 0.126 0.144 0.130 0.136 0.129 0.140 
  10   (0.061) 0.032 0.061 0.061 0.061 0.063 0.059 0.073 
  11   (0.021) 0.023 0.013 0.013 0.015 0.015 0.013 0.012 
  12   (0.087) 0.010 0.101 0.105 0.097 0.104 0.102 0.118 
  13   (0.016) 0.010 0.007 0.006 0.007 0.007 0.006 0.006 
  14   (0.024) 0.007 0.035 0.040 0.033 0.033 0.042 0.037 
  15   (0.027) 0.068 0.019 0.022 0.018 0.019 0.021 0.021 
  16   (0.023) 0.030 0.010 0.010 0.011 0.011 0.010 0.010 
  17   (0.024) 0.101 0.013 0.011 0.014 0.012 0.012 0.012 
  18   (0.017) 0.007 0.010 0.010 0.009 0.010 0.011 0.010 
  19   (0.011) 0.025 0.003 0.003 0.003 0.003 0.003 0.003 
  20   (0.035) 0.059 0.035 0.028 0.034 0.032 0.029 0.038 
  21   (0.013) 0.004 0.007 0.007 0.007 0.007 0.007 0.007 
  22   (0.010) 0.001 0.005 0.006 0.005 0.006 0.005 0.006 

Locus 7 : CPER188 
15 alleles
1.6% missing data
   1   (0.596) 0.822 0.677 0.673 0.674 0.673 0.678 0.669 
   2   (0.112) 0.090 0.105 0.099 0.105 0.101 0.101 0.100 
   3   (0.032) 0.002 0.024 0.024 0.026 0.026 0.025 0.024 
   4   (0.041) 0.003 0.032 0.030 0.031 0.031 0.033 0.032 
   5   (0.090) 0.006 0.106 0.118 0.101 0.109 0.106 0.121 
   6   (0.016) 0.008 0.006 0.006 0.006 0.006 0.006 0.007 
   7   (0.017) 0.006 0.010 0.010 0.011 0.011 0.010 0.009 
   8   (0.023) 0.007 0.013 0.011 0.014 0.013 0.012 0.011 
   9   (0.009) 0.041 0.001 0.001 0.001 0.001 0.001 0.001 
  10   (0.008) 0.010 0.001 0.001 0.001 0.001 0.001 0.001 
  11   (0.018) 0.001 0.011 0.010 0.013 0.012 0.011 0.010 
  12   (0.015) 0.001 0.007 0.007 0.007 0.007 0.008 0.007 
  13   (0.008) 0.003 0.002 0.002 0.002 0.002 0.002 0.002 
  14   (0.008) 0.000 0.002 0.003 0.002 0.003 0.002 0.003 
  15   (0.008) 0.001 0.002 0.003 0.002 0.003 0.002 0.003 

Values of parameters used in structure:
DATAFILE=../Data/microsats.structure,	OUTFILE=../Structure_Results/07_K_07.out,	NUMINDS=384,	NUMLOCI=7,	MISSING=-9,	LABEL=1,	POPDATA=0,	POPFLAG=0,	PHENOTYPE=0,	EXTRACOLS=0,	MAXPOPS=7,	BURNIN=1000000,	NUMREPS=10000000,	USEPOPINFO=0,	INFERALPHA=1,	INFERLAMBDA=0,	POPSPECIFICLAMBDA=0,	POPALPHAS=0,	COMPUTEPROB=1,	NOADMIX=0,	ADMBURNIN=500,	UPDATEFREQ=100,	PRINTLIKES=0,	INTERMEDSAVE=0,	PRINTKLD=0,	PRINTNET=1,	PRINTLAMBDA=1,	ANCESTDIST=0,	NUMBOXES=1000,	ANCESTPINT=0.90000,	GENSBACK=2,	MIGRPRIOR=0.01000,	PRINTQHAT=0,	PRINTQSUM=1,	ALPHA=1.0000,	FREQSCORR=1,	FPRIORMEAN=0.0100,	FPRIORSD=0.0500,	ONEFST=0,	LAMBDA=1.0000,	UNIFPRIORALPHA=1,	ALPHAMAX=10.0000,	ALPHAPRIORA=1.0000,	ALPHAPRIORB=2.0000,	ALPHAPROPSD=0.0250,	STARTATPOPINFO=0,	RANDOMIZE=0,	LINKAGE=0,	METROFREQ=10,	REPORTHITRATE=0,	MARKOVPHASE=-1,	PHASED=0,	PLOIDY=2,	PHASEINFO=0	LOCPRIOR=0, 	LOCPRIORINIT=1.000000, 	LOCDATA=0, 	LOCISPOP=0, 	LOCPRIORSTEP=0.100000, 	MAXLOCPRIOR=20.000000, 	SEED=80197195,	
[STRAT parameters]:    NUMSIMSTATS=1000,	PHENOTYPECOL=-9,	POOLFREQ=10,	LOCUSxONLY=0,	EMERROR=0.00100,	MISSINGPHENO=-9,	