

----------------------------------------------------
STRUCTURE by Pritchard, Stephens and Donnelly (2000)
     and Falush, Stephens and Pritchard (2003)
       Code by Pritchard, Falush and Hubisz
             Version 2.3.4 (Jul 2012)
----------------------------------------------------



Command line arguments:   /home/jason/Programs/structure -K 11 -i ../Data/microsats.structure -m Structure_Run/mainparams -e Structure_Run/extraparams -D 96907390 -o ../Structure_Results/07_K_11.out 
Input File:    ../Data/microsats.structure

Run parameters:
   384 individuals
   7 loci
   11 populations assumed
   1000000 Burn-in period
   10000000 Reps
RANDOMIZE turned off


--------------------------------------------
Overall proportion of membership of the
sample in each of the 11 clusters

Inferred Clusters
  1      2      3      4      5      6      7      8      9     10     11    
0.089  0.090  0.110  0.089  0.089  0.089  0.089  0.089  0.089  0.089  0.089  

--------------------------------------------

Allele-freq. divergence among pops (Net nucleotide distance),
computed using point estimates of P.

      1       2       3       4       5       6       7       8       9      10      11      
 1      -    0.0001  0.1676  0.0000  0.0001  0.0002  0.0001  0.0001  0.0001  0.0001  0.0000  
 2   0.0001     -    0.1667  0.0001  0.0001  0.0001  0.0001  0.0001  0.0001  0.0001  0.0001  
 3   0.1676  0.1667     -    0.1678  0.1667  0.1684  0.1657  0.1670  0.1673  0.1677  0.1675  
 4   0.0000  0.0001  0.1678     -    0.0001  0.0001  0.0002  0.0001  0.0000  0.0001  0.0001  
 5   0.0001  0.0001  0.1667  0.0001     -    0.0002  0.0000  0.0001  0.0001  0.0001  0.0001  
 6   0.0002  0.0001  0.1684  0.0001  0.0002     -    0.0003  0.0002  0.0002  0.0001  0.0002  
 7   0.0001  0.0001  0.1657  0.0002  0.0000  0.0003     -    0.0001  0.0002  0.0002  0.0001  
 8   0.0001  0.0001  0.1670  0.0001  0.0001  0.0002  0.0001     -    0.0001  0.0001  0.0000  
 9   0.0001  0.0001  0.1673  0.0000  0.0001  0.0002  0.0002  0.0001     -    0.0000  0.0001  
10   0.0001  0.0001  0.1677  0.0001  0.0001  0.0001  0.0002  0.0001  0.0000     -    0.0001  
11   0.0000  0.0001  0.1675  0.0001  0.0001  0.0002  0.0001  0.0000  0.0001  0.0001     -    

Average distances (expected heterozygosity) between individuals in same cluster:
cluster  1  : 0.6243 
cluster  2  : 0.6263 
cluster  3  : 0.6349 
cluster  4  : 0.6250 
cluster  5  : 0.6261 
cluster  6  : 0.6215 
cluster  7  : 0.6278 
cluster  8  : 0.6255 
cluster  9  : 0.6266 
cluster 10  : 0.6245 
cluster 11  : 0.6241 

--------------------------------------------
Estimated Ln Prob of Data   = -9155.9
Mean value of ln likelihood = -7681.5
Variance of ln likelihood   = 2948.9
Mean value of alpha         = 0.0488

Mean value of Fst_1         = 0.1009
Mean value of Fst_2         = 0.0951
Mean value of Fst_3         = 0.2030
Mean value of Fst_4         = 0.1014
Mean value of Fst_5         = 0.1028
Mean value of Fst_6         = 0.1033
Mean value of Fst_7         = 0.0990
Mean value of Fst_8         = 0.1001
Mean value of Fst_9         = 0.0986
Mean value of Fst_10         = 0.1011
Mean value of Fst_11         = 0.0991


Inferred ancestry of individuals:
        Label (%Miss) :  Inferred clusters
  1 COPE-0001    (0)   :  0.009 0.009 0.914 0.009 0.009 0.009 0.009 0.009 0.009 0.009 0.009 
  2 COPE-0002    (0)   :  0.096 0.098 0.011 0.100 0.106 0.095 0.106 0.101 0.101 0.095 0.093 
  3 COPE-0003    (0)   :  0.100 0.108 0.007 0.093 0.092 0.095 0.102 0.103 0.099 0.098 0.104 
  4 COPE-0004    (0)   :  0.100 0.090 0.012 0.097 0.114 0.086 0.132 0.098 0.093 0.088 0.089 
  5 COPE-0005    (0)   :  0.103 0.090 0.022 0.099 0.112 0.094 0.109 0.096 0.095 0.090 0.090 
  6 COPE-0006    (0)   :  0.097 0.102 0.018 0.099 0.094 0.093 0.095 0.102 0.100 0.103 0.096 
  7 COPE-0007    (0)   :  0.104 0.088 0.006 0.100 0.109 0.105 0.108 0.093 0.095 0.095 0.096 
  8 COPE-0008    (0)   :  0.095 0.095 0.008 0.094 0.108 0.104 0.098 0.101 0.091 0.094 0.111 
  9 COPE-0009    (0)   :  0.092 0.105 0.016 0.094 0.096 0.087 0.099 0.107 0.104 0.103 0.097 
 10 COPE-0010    (0)   :  0.101 0.106 0.007 0.105 0.088 0.095 0.090 0.096 0.105 0.102 0.103 
 11 COPE-0011   (14)   :  0.013 0.013 0.867 0.013 0.014 0.013 0.015 0.013 0.013 0.012 0.012 
 12 COPE-0012   (14)   :  0.097 0.097 0.007 0.100 0.101 0.095 0.093 0.106 0.097 0.095 0.113 
 13 COPE-0013    (0)   :  0.104 0.111 0.006 0.089 0.090 0.092 0.108 0.104 0.092 0.102 0.102 
 14 COPE-0014    (0)   :  0.089 0.106 0.008 0.101 0.104 0.131 0.097 0.081 0.096 0.103 0.084 
 15 COPE-0015    (0)   :  0.093 0.100 0.007 0.101 0.101 0.119 0.093 0.091 0.098 0.104 0.092 
 16 COPE-0016    (0)   :  0.087 0.097 0.009 0.096 0.106 0.091 0.089 0.109 0.111 0.118 0.087 
 17 COPE-0017    (0)   :  0.039 0.042 0.580 0.043 0.043 0.049 0.040 0.039 0.042 0.044 0.038 
 18 COPE-0018    (0)   :  0.099 0.107 0.008 0.096 0.094 0.092 0.099 0.107 0.099 0.098 0.101 
 19 COPE-0019    (0)   :  0.098 0.105 0.006 0.096 0.092 0.091 0.103 0.105 0.098 0.102 0.104 
 20 COPE-0020    (0)   :  0.098 0.102 0.007 0.105 0.093 0.096 0.093 0.102 0.103 0.100 0.102 
 21 COPE-0021    (0)   :  0.106 0.092 0.006 0.114 0.092 0.106 0.090 0.095 0.099 0.103 0.097 
 22 COPE-0022    (0)   :  0.098 0.094 0.006 0.090 0.103 0.098 0.098 0.108 0.094 0.093 0.116 
 23 COPE-0023    (0)   :  0.097 0.106 0.008 0.098 0.094 0.097 0.101 0.099 0.105 0.099 0.096 
 24 COPE-0024   (14)   :  0.109 0.084 0.006 0.108 0.096 0.104 0.094 0.103 0.099 0.097 0.100 
 25 COPE-0025    (0)   :  0.090 0.105 0.053 0.091 0.090 0.093 0.096 0.093 0.096 0.093 0.101 
 26 COPE-0026    (0)   :  0.100 0.103 0.005 0.092 0.105 0.105 0.102 0.091 0.100 0.098 0.098 
 27 COPE-0027    (0)   :  0.103 0.103 0.006 0.095 0.094 0.093 0.104 0.104 0.092 0.099 0.107 
 28 COPE-0028    (0)   :  0.098 0.111 0.005 0.100 0.093 0.094 0.090 0.093 0.111 0.105 0.100 
 29 COPE-0029    (0)   :  0.092 0.094 0.005 0.096 0.107 0.096 0.086 0.108 0.109 0.114 0.092 
 30 COPE-0030   (14)   :  0.028 0.028 0.723 0.027 0.028 0.027 0.029 0.028 0.028 0.027 0.027 
 31 COPE-0031    (0)   :  0.092 0.100 0.010 0.089 0.110 0.116 0.099 0.095 0.089 0.097 0.103 
 32 COPE-0032    (0)   :  0.099 0.107 0.009 0.098 0.092 0.097 0.096 0.095 0.107 0.100 0.101 
 33 COPE-0033    (0)   :  0.097 0.105 0.011 0.094 0.096 0.100 0.098 0.096 0.104 0.099 0.099 
 34 COPE-0034    (0)   :  0.096 0.095 0.009 0.097 0.114 0.098 0.113 0.098 0.097 0.096 0.087 
 35 COPE-0035   (14)   :  0.099 0.108 0.007 0.098 0.094 0.094 0.095 0.094 0.108 0.103 0.101 
 36 COPE-0036   (14)   :  0.107 0.086 0.006 0.111 0.092 0.105 0.093 0.102 0.096 0.100 0.101 
 37 COPE-0037    (0)   :  0.103 0.093 0.023 0.101 0.094 0.096 0.097 0.098 0.098 0.098 0.098 
 38 COPE-0038    (0)   :  0.105 0.097 0.007 0.087 0.102 0.106 0.101 0.097 0.096 0.095 0.108 
 39 COPE-0039    (0)   :  0.091 0.100 0.054 0.092 0.090 0.088 0.099 0.099 0.094 0.091 0.104 
 40 COPE-0040   (14)   :  0.091 0.098 0.080 0.091 0.088 0.091 0.095 0.092 0.089 0.091 0.095 
 41 COPE-0041    (0)   :  0.096 0.106 0.027 0.093 0.090 0.094 0.100 0.101 0.099 0.095 0.100 
 42 COPE-0042    (0)   :  0.101 0.107 0.010 0.093 0.093 0.099 0.096 0.091 0.106 0.104 0.100 
 43 COPE-0043    (0)   :  0.091 0.096 0.005 0.100 0.107 0.093 0.101 0.105 0.107 0.104 0.090 
 44 COPE-0044    (0)   :  0.099 0.094 0.012 0.097 0.105 0.089 0.120 0.102 0.093 0.091 0.099 
 45 COPE-0045    (0)   :  0.096 0.097 0.033 0.094 0.100 0.090 0.109 0.099 0.093 0.090 0.098 
 46 COPE-0046    (0)   :  0.025 0.026 0.744 0.025 0.025 0.025 0.026 0.026 0.025 0.026 0.025 
 47 COPE-0047    (0)   :  0.007 0.007 0.925 0.008 0.007 0.007 0.007 0.008 0.008 0.008 0.007 
 48 COPE-0048    (0)   :  0.098 0.105 0.007 0.095 0.091 0.106 0.093 0.092 0.112 0.102 0.101 
 49 COPE-0049    (0)   :  0.098 0.103 0.016 0.098 0.104 0.085 0.107 0.098 0.099 0.092 0.098 
 50 COPE-0050    (0)   :  0.099 0.101 0.007 0.095 0.095 0.095 0.111 0.102 0.096 0.096 0.103 
 51 COPE-0051    (0)   :  0.096 0.101 0.103 0.097 0.081 0.079 0.082 0.075 0.105 0.096 0.086 
 52 COPE-0052    (0)   :  0.088 0.103 0.011 0.101 0.106 0.132 0.094 0.082 0.095 0.103 0.084 
 53 COPE-0053    (0)   :  0.084 0.093 0.008 0.100 0.106 0.093 0.082 0.116 0.111 0.123 0.084 
 54 COPE-0054    (0)   :  0.112 0.078 0.005 0.118 0.094 0.104 0.084 0.103 0.096 0.097 0.109 
 55 COPE-0055    (0)   :  0.099 0.094 0.005 0.090 0.105 0.099 0.095 0.107 0.093 0.094 0.118 
 56 COPE-0056    (0)   :  0.099 0.099 0.016 0.094 0.099 0.090 0.102 0.107 0.093 0.093 0.107 
 57 COPE-0057    (0)   :  0.100 0.103 0.010 0.097 0.092 0.091 0.099 0.104 0.100 0.098 0.105 
 58 COPE-0058    (0)   :  0.100 0.099 0.009 0.100 0.099 0.089 0.105 0.102 0.098 0.098 0.100 
 59 COPE-0059    (0)   :  0.101 0.099 0.018 0.099 0.089 0.090 0.105 0.103 0.091 0.099 0.107 
 60 COPE-0060    (0)   :  0.090 0.099 0.007 0.102 0.102 0.096 0.093 0.105 0.107 0.107 0.091 
 61 COPE-0061    (0)   :  0.085 0.097 0.010 0.098 0.102 0.092 0.086 0.115 0.108 0.118 0.089 
 62 COPE-0062    (0)   :  0.097 0.100 0.008 0.111 0.097 0.121 0.091 0.086 0.094 0.102 0.093 
 63 COPE-0063    (0)   :  0.096 0.092 0.023 0.095 0.101 0.095 0.091 0.109 0.090 0.093 0.116 
 64 COPE-0064    (0)   :  0.096 0.099 0.009 0.095 0.101 0.100 0.105 0.099 0.096 0.100 0.100 
 65 COPE-0065    (0)   :  0.006 0.006 0.940 0.006 0.006 0.006 0.006 0.006 0.006 0.006 0.006 
 66 COPE-0066    (0)   :  0.103 0.113 0.017 0.095 0.090 0.092 0.090 0.086 0.112 0.104 0.099 
 67 COPE-0067   (14)   :  0.027 0.030 0.715 0.028 0.026 0.028 0.027 0.028 0.031 0.029 0.029 
 68 COPE-0068    (0)   :  0.101 0.104 0.011 0.094 0.092 0.095 0.104 0.102 0.094 0.099 0.104 
 69 COPE-0069   (14)   :  0.097 0.097 0.011 0.103 0.094 0.107 0.095 0.099 0.098 0.100 0.100 
 70 COPE-0070    (0)   :  0.104 0.101 0.011 0.101 0.109 0.087 0.110 0.095 0.100 0.088 0.092 
 71 COPE-0071    (0)   :  0.105 0.111 0.004 0.104 0.087 0.093 0.089 0.090 0.110 0.101 0.105 
 72 COPE-0072    (0)   :  0.097 0.101 0.006 0.103 0.098 0.101 0.101 0.098 0.101 0.098 0.097 
 73 COPE-0073   (14)   :  0.037 0.031 0.633 0.039 0.037 0.036 0.032 0.041 0.039 0.041 0.035 
 74 COPE-0074    (0)   :  0.099 0.102 0.009 0.098 0.092 0.106 0.094 0.095 0.106 0.099 0.100 
 75 COPE-0075    (0)   :  0.104 0.110 0.012 0.105 0.091 0.089 0.091 0.084 0.116 0.104 0.095 
 76 COPE-0076    (0)   :  0.099 0.093 0.006 0.100 0.100 0.103 0.092 0.102 0.097 0.100 0.108 
 77 COPE-0077   (14)   :  0.099 0.100 0.008 0.096 0.096 0.097 0.101 0.102 0.100 0.099 0.102 
 78 COPE-0078   (14)   :  0.107 0.088 0.008 0.100 0.110 0.099 0.110 0.098 0.095 0.088 0.097 
 79 COPE-0079    (0)   :  0.103 0.089 0.008 0.096 0.128 0.083 0.146 0.095 0.090 0.084 0.078 
 80 COPE-0080   (42)   :  0.019 0.020 0.807 0.019 0.019 0.019 0.019 0.019 0.019 0.019 0.019 
 81 COPE-0081   (14)   :  0.057 0.055 0.435 0.055 0.056 0.058 0.055 0.057 0.056 0.055 0.061 
 82 COPE-0082   (14)   :  0.097 0.101 0.044 0.097 0.093 0.088 0.090 0.094 0.098 0.097 0.102 
 83 COPE-0083   (14)   :  0.083 0.106 0.005 0.107 0.107 0.150 0.094 0.073 0.090 0.106 0.080 
 84 COPE-0084    (0)   :  0.068 0.076 0.202 0.080 0.084 0.072 0.066 0.092 0.091 0.100 0.069 
 85 COPE-0085    (0)   :  0.098 0.098 0.009 0.096 0.109 0.089 0.115 0.099 0.098 0.094 0.095 
 86 COPE-0086    (0)   :  0.098 0.103 0.019 0.103 0.093 0.087 0.092 0.099 0.103 0.104 0.097 
 87 COPE-0087   (14)   :  0.089 0.099 0.008 0.100 0.103 0.094 0.090 0.108 0.110 0.112 0.088 
 88 COPE-0088   (14)   :  0.097 0.101 0.024 0.097 0.105 0.091 0.102 0.098 0.100 0.095 0.090 
 89 COPE-0089   (14)   :  0.008 0.008 0.924 0.007 0.008 0.008 0.008 0.008 0.008 0.007 0.008 
 90 COPE-0090    (0)   :  0.100 0.097 0.008 0.087 0.105 0.100 0.096 0.105 0.092 0.092 0.118 
 91 COPE-0091   (14)   :  0.089 0.098 0.005 0.102 0.104 0.106 0.089 0.101 0.108 0.109 0.088 
 92 COPE-0092   (28)   :  0.022 0.023 0.782 0.021 0.022 0.020 0.024 0.021 0.021 0.021 0.021 
 93 COPE-0093    (0)   :  0.097 0.091 0.006 0.098 0.105 0.096 0.091 0.112 0.091 0.094 0.120 
 94 COPE-0094    (0)   :  0.100 0.088 0.028 0.095 0.124 0.082 0.141 0.093 0.088 0.083 0.078 
 95 COPE-0095    (0)   :  0.086 0.096 0.005 0.097 0.107 0.096 0.085 0.112 0.108 0.117 0.090 
 96 COPE-0096    (0)   :  0.098 0.104 0.009 0.097 0.101 0.109 0.093 0.092 0.105 0.103 0.090 
 97 COPE-0097    (0)   :  0.101 0.108 0.007 0.108 0.090 0.102 0.088 0.086 0.108 0.104 0.097 
 98 COPE-0098    (0)   :  0.093 0.097 0.009 0.090 0.112 0.117 0.105 0.092 0.087 0.096 0.102 
 99 COPE-0099    (0)   :  0.097 0.108 0.021 0.097 0.086 0.088 0.101 0.100 0.096 0.098 0.109 
100 COPE-0100    (0)   :  0.098 0.109 0.007 0.092 0.094 0.097 0.099 0.101 0.098 0.099 0.106 
101 COPE-0101    (0)   :  0.097 0.103 0.045 0.089 0.096 0.090 0.099 0.092 0.097 0.096 0.097 
102 COPE-0102    (0)   :  0.096 0.106 0.006 0.095 0.098 0.096 0.104 0.103 0.101 0.097 0.097 
103 COPE-0103    (0)   :  0.098 0.096 0.015 0.099 0.112 0.104 0.115 0.090 0.095 0.091 0.085 
104 COPE-0104   (14)   :  0.099 0.105 0.007 0.099 0.092 0.098 0.093 0.096 0.105 0.101 0.106 
105 COPE-0105    (0)   :  0.105 0.112 0.035 0.103 0.085 0.084 0.083 0.085 0.107 0.100 0.099 
106 COPE-0106    (0)   :  0.120 0.068 0.004 0.129 0.086 0.107 0.080 0.104 0.096 0.097 0.109 
107 COPE-0107    (0)   :  0.020 0.019 0.800 0.019 0.020 0.020 0.020 0.021 0.020 0.019 0.022 
108 COPE-0108    (0)   :  0.100 0.103 0.006 0.094 0.100 0.116 0.096 0.091 0.094 0.100 0.099 
109 COPE-0109    (0)   :  0.097 0.094 0.011 0.095 0.109 0.089 0.125 0.100 0.095 0.090 0.095 
110 COPE-0110   (14)   :  0.100 0.092 0.013 0.104 0.099 0.095 0.095 0.104 0.100 0.101 0.096 
111 COPE-0111    (0)   :  0.103 0.090 0.009 0.109 0.096 0.103 0.092 0.100 0.099 0.103 0.096 
112 COPE-0112   (14)   :  0.096 0.105 0.009 0.095 0.092 0.107 0.095 0.091 0.109 0.099 0.100 
113 COPE-0113    (0)   :  0.097 0.104 0.017 0.095 0.094 0.098 0.102 0.097 0.097 0.097 0.104 
114 COPE-0114    (0)   :  0.111 0.084 0.009 0.111 0.091 0.101 0.087 0.104 0.096 0.097 0.108 
115 COPE-0115    (0)   :  0.024 0.027 0.731 0.027 0.028 0.030 0.026 0.026 0.027 0.029 0.024 
116 COPE-0116   (28)   :  0.011 0.011 0.892 0.011 0.011 0.011 0.011 0.011 0.011 0.011 0.011 
117 COPE-0117    (0)   :  0.083 0.095 0.010 0.100 0.105 0.094 0.082 0.116 0.110 0.121 0.084 
118 COPE-0118    (0)   :  0.112 0.077 0.009 0.123 0.087 0.112 0.082 0.101 0.098 0.099 0.101 
119 COPE-0119    (0)   :  0.105 0.093 0.011 0.102 0.102 0.117 0.092 0.095 0.094 0.097 0.094 
120 COPE-0120    (0)   :  0.098 0.097 0.010 0.098 0.097 0.093 0.110 0.102 0.099 0.096 0.101 
121 COPE-0121    (0)   :  0.096 0.098 0.053 0.097 0.090 0.105 0.088 0.091 0.096 0.095 0.091 
122 COPE-0122    (0)   :  0.098 0.104 0.008 0.099 0.100 0.096 0.102 0.101 0.102 0.100 0.092 
123 COPE-0123    (0)   :  0.097 0.104 0.016 0.095 0.097 0.095 0.104 0.099 0.100 0.097 0.096 
124 COPE-0124    (0)   :  0.098 0.106 0.012 0.098 0.095 0.091 0.100 0.104 0.102 0.098 0.096 
125 COPE-0125    (0)   :  0.105 0.092 0.006 0.105 0.093 0.098 0.087 0.097 0.102 0.099 0.115 
126 COPE-0126    (0)   :  0.084 0.096 0.012 0.098 0.105 0.094 0.080 0.116 0.108 0.120 0.087 
127 COPE-0127   (14)   :  0.100 0.108 0.006 0.104 0.096 0.092 0.095 0.099 0.104 0.099 0.097 
128 COPE-0128    (0)   :  0.099 0.100 0.017 0.103 0.091 0.094 0.094 0.103 0.099 0.099 0.102 
129 COPE-0129    (0)   :  0.103 0.096 0.006 0.097 0.116 0.086 0.129 0.097 0.095 0.090 0.085 
130 COPE-0130    (0)   :  0.099 0.101 0.013 0.094 0.094 0.097 0.104 0.103 0.093 0.097 0.104 
131 COPE-0131   (14)   :  0.091 0.106 0.008 0.104 0.102 0.127 0.097 0.085 0.091 0.101 0.089 
132 COPE-0132   (14)   :  0.107 0.082 0.037 0.104 0.088 0.103 0.090 0.100 0.098 0.094 0.097 
133 COPE-0133    (0)   :  0.085 0.093 0.009 0.100 0.106 0.091 0.086 0.113 0.113 0.119 0.086 
134 COPE-0134    (0)   :  0.100 0.098 0.007 0.105 0.099 0.093 0.101 0.102 0.100 0.096 0.098 
135 COPE-0135    (0)   :  0.099 0.105 0.008 0.096 0.096 0.095 0.096 0.099 0.102 0.096 0.108 
136 COPE-0136    (0)   :  0.013 0.014 0.867 0.013 0.013 0.013 0.014 0.014 0.014 0.014 0.013 
137 COPE-0137    (0)   :  0.098 0.113 0.011 0.090 0.088 0.097 0.100 0.102 0.100 0.100 0.101 
138 COPE-0138   (14)   :  0.010 0.009 0.908 0.010 0.009 0.009 0.009 0.009 0.009 0.009 0.010 
139 COPE-0139    (0)   :  0.096 0.112 0.007 0.093 0.091 0.093 0.103 0.102 0.098 0.099 0.106 
140 COPE-0140   (14)   :  0.023 0.025 0.760 0.023 0.023 0.024 0.024 0.024 0.025 0.024 0.024 
141 COPE-0141    (0)   :  0.100 0.097 0.008 0.097 0.105 0.094 0.100 0.105 0.091 0.092 0.112 
142 COPE-0142    (0)   :  0.100 0.094 0.009 0.100 0.102 0.095 0.096 0.105 0.095 0.097 0.108 
143 COPE-0143    (0)   :  0.091 0.095 0.009 0.097 0.106 0.091 0.096 0.111 0.104 0.107 0.093 
144 COPE-0144   (14)   :  0.083 0.087 0.131 0.085 0.088 0.080 0.094 0.092 0.088 0.084 0.088 
145 COPE-0145   (14)   :  0.070 0.081 0.265 0.072 0.071 0.070 0.073 0.074 0.076 0.070 0.078 
146 COPE-0146   (14)   :  0.092 0.099 0.028 0.096 0.099 0.094 0.091 0.106 0.096 0.099 0.101 
147 COPE-0147    (0)   :  0.092 0.090 0.070 0.090 0.099 0.086 0.106 0.097 0.090 0.085 0.094 
148 COPE-0148    (0)   :  0.088 0.092 0.008 0.098 0.107 0.093 0.087 0.112 0.109 0.117 0.088 
149 COPE-0149    (0)   :  0.095 0.106 0.007 0.095 0.096 0.090 0.100 0.108 0.102 0.106 0.096 
150 COPE-0150    (0)   :  0.099 0.109 0.008 0.093 0.089 0.106 0.091 0.089 0.115 0.103 0.098 
151 COPE-0151    (0)   :  0.094 0.102 0.007 0.095 0.097 0.091 0.094 0.108 0.101 0.103 0.108 
152 COPE-0152   (14)   :  0.087 0.085 0.126 0.082 0.094 0.084 0.089 0.093 0.082 0.080 0.098 
153 COPE-0153    (0)   :  0.099 0.097 0.006 0.095 0.108 0.104 0.106 0.097 0.094 0.097 0.096 
154 COPE-0154    (0)   :  0.099 0.097 0.007 0.101 0.096 0.095 0.095 0.106 0.099 0.100 0.105 
155 COPE-0155    (0)   :  0.099 0.104 0.006 0.103 0.091 0.091 0.096 0.103 0.100 0.101 0.106 
156 COPE-0156   (14)   :  0.009 0.009 0.910 0.009 0.009 0.009 0.009 0.009 0.009 0.009 0.009 
157 COPE-0157   (14)   :  0.075 0.075 0.243 0.075 0.079 0.073 0.077 0.079 0.075 0.068 0.082 
158 COPE-0158    (0)   :  0.089 0.098 0.009 0.096 0.105 0.092 0.092 0.107 0.108 0.114 0.089 
159 COPE-0159    (0)   :  0.102 0.093 0.008 0.091 0.103 0.101 0.107 0.100 0.099 0.094 0.103 
160 COPE-0160    (0)   :  0.104 0.099 0.007 0.097 0.109 0.090 0.116 0.097 0.095 0.090 0.096 
161 COPE-0161    (0)   :  0.095 0.103 0.013 0.094 0.100 0.100 0.108 0.097 0.099 0.094 0.096 
162 COPE-0162   (14)   :  0.007 0.007 0.929 0.007 0.007 0.007 0.007 0.007 0.007 0.007 0.007 
163 COPE-0163   (28)   :  0.013 0.013 0.870 0.013 0.013 0.013 0.013 0.013 0.013 0.013 0.013 
164 COPE-0164    (0)   :  0.097 0.107 0.027 0.091 0.095 0.091 0.098 0.104 0.095 0.092 0.104 
165 COPE-0165    (0)   :  0.099 0.105 0.008 0.096 0.094 0.094 0.105 0.102 0.097 0.100 0.100 
166 COPE-0166   (14)   :  0.100 0.096 0.008 0.105 0.104 0.091 0.106 0.102 0.100 0.097 0.093 
167 COPE-0167    (0)   :  0.106 0.089 0.008 0.105 0.110 0.092 0.109 0.099 0.096 0.091 0.096 
168 COPE-0168    (0)   :  0.094 0.098 0.006 0.095 0.105 0.097 0.096 0.101 0.108 0.107 0.094 
169 COPE-0169    (0)   :  0.102 0.107 0.011 0.092 0.093 0.094 0.108 0.099 0.090 0.102 0.101 
170 COPE-0170    (0)   :  0.094 0.098 0.025 0.096 0.099 0.100 0.097 0.099 0.094 0.092 0.106 
171 COPE-0171    (0)   :  0.099 0.098 0.008 0.097 0.098 0.104 0.093 0.098 0.102 0.098 0.105 
172 COPE-0172    (0)   :  0.100 0.105 0.007 0.096 0.101 0.098 0.099 0.098 0.099 0.099 0.099 
173 COPE-0173   (14)   :  0.096 0.097 0.056 0.093 0.086 0.086 0.102 0.097 0.090 0.096 0.100 
174 COPE-0174   (28)   :  0.094 0.099 0.014 0.097 0.097 0.096 0.097 0.105 0.100 0.097 0.105 
175 COPE-0175    (0)   :  0.095 0.097 0.040 0.087 0.108 0.091 0.102 0.097 0.098 0.094 0.092 
176 COPE-0176    (0)   :  0.107 0.083 0.008 0.108 0.103 0.098 0.098 0.102 0.094 0.094 0.105 
177 COPE-0177    (0)   :  0.096 0.108 0.007 0.098 0.091 0.089 0.107 0.105 0.098 0.099 0.103 
178 COPE-0178    (0)   :  0.119 0.069 0.007 0.128 0.086 0.105 0.080 0.103 0.094 0.096 0.111 
179 COPE-0179    (0)   :  0.099 0.105 0.009 0.097 0.092 0.094 0.101 0.103 0.099 0.097 0.104 
180 COPE-0180   (14)   :  0.104 0.105 0.006 0.096 0.092 0.092 0.107 0.101 0.094 0.103 0.100 
181 COPE-0181   (14)   :  0.100 0.106 0.009 0.093 0.093 0.091 0.105 0.106 0.096 0.097 0.103 
182 COPE-0182    (0)   :  0.110 0.108 0.005 0.091 0.101 0.097 0.095 0.092 0.101 0.096 0.104 
183 COPE-0183    (0)   :  0.098 0.103 0.011 0.096 0.097 0.097 0.097 0.104 0.097 0.097 0.102 
184 COPE-0184    (0)   :  0.106 0.095 0.009 0.101 0.111 0.090 0.112 0.094 0.099 0.092 0.091 
185 COPE-0185    (0)   :  0.098 0.097 0.006 0.091 0.103 0.109 0.100 0.098 0.093 0.096 0.107 
186 COPE-0186    (0)   :  0.088 0.105 0.005 0.105 0.104 0.141 0.094 0.077 0.091 0.105 0.084 
187 COPE-0187    (0)   :  0.104 0.107 0.009 0.103 0.093 0.089 0.095 0.090 0.110 0.101 0.098 
188 COPE-0188    (0)   :  0.026 0.028 0.730 0.026 0.026 0.028 0.026 0.026 0.030 0.028 0.026 
189 COPE-0189    (0)   :  0.098 0.106 0.008 0.095 0.093 0.099 0.100 0.102 0.100 0.100 0.100 
190 COPE-0190    (0)   :  0.099 0.101 0.014 0.099 0.104 0.088 0.118 0.097 0.096 0.093 0.092 
191 COPE-0191    (0)   :  0.092 0.102 0.011 0.100 0.101 0.106 0.102 0.096 0.100 0.098 0.094 
192 COPE-0192   (14)   :  0.010 0.011 0.892 0.011 0.011 0.013 0.011 0.010 0.010 0.011 0.010 
193 COPE-0193    (0)   :  0.097 0.098 0.006 0.095 0.102 0.096 0.090 0.109 0.104 0.105 0.098 
194 COPE-0194    (0)   :  0.103 0.112 0.009 0.097 0.091 0.094 0.089 0.087 0.115 0.105 0.099 
195 COPE-0195    (0)   :  0.097 0.107 0.006 0.093 0.096 0.101 0.096 0.098 0.106 0.099 0.100 
196 COPE-0196    (0)   :  0.099 0.099 0.011 0.098 0.099 0.099 0.104 0.098 0.099 0.096 0.098 
197 COPE-0197    (0)   :  0.097 0.103 0.007 0.101 0.090 0.092 0.102 0.103 0.098 0.102 0.104 
198 COPE-0198    (0)   :  0.103 0.096 0.013 0.096 0.093 0.097 0.104 0.103 0.094 0.098 0.103 
199 COPE-0199    (0)   :  0.103 0.104 0.012 0.097 0.090 0.089 0.105 0.103 0.092 0.099 0.106 
200 COPE-0200   (42)   :  0.101 0.103 0.009 0.094 0.094 0.093 0.107 0.105 0.095 0.097 0.102 
201 COPE-0201    (0)   :  0.095 0.102 0.008 0.102 0.100 0.105 0.091 0.098 0.098 0.098 0.103 
202 COPE-0202    (0)   :  0.100 0.088 0.013 0.092 0.118 0.092 0.127 0.098 0.090 0.089 0.093 
203 COPE-0203    (0)   :  0.103 0.094 0.006 0.097 0.095 0.100 0.099 0.103 0.100 0.097 0.105 
204 COPE-0204    (0)   :  0.112 0.090 0.029 0.114 0.084 0.095 0.081 0.093 0.100 0.096 0.107 
205 COPE-0205    (0)   :  0.093 0.099 0.021 0.089 0.103 0.094 0.092 0.107 0.102 0.105 0.095 
206 COPE-0206    (0)   :  0.109 0.090 0.005 0.117 0.088 0.105 0.088 0.099 0.100 0.097 0.103 
207 COPE-0207    (0)   :  0.113 0.081 0.011 0.114 0.089 0.108 0.089 0.099 0.099 0.094 0.102 
208 COPE-0208    (0)   :  0.030 0.032 0.699 0.028 0.029 0.030 0.031 0.029 0.029 0.029 0.033 
209 COPE-0209    (0)   :  0.100 0.108 0.006 0.097 0.093 0.102 0.100 0.096 0.098 0.101 0.099 
210 COPE-0210    (0)   :  0.091 0.100 0.010 0.095 0.102 0.099 0.092 0.099 0.111 0.112 0.089 
211 COPE-0211    (0)   :  0.101 0.110 0.005 0.093 0.090 0.103 0.092 0.090 0.112 0.105 0.099 
212 COPE-0212    (0)   :  0.109 0.084 0.012 0.108 0.091 0.105 0.093 0.102 0.099 0.097 0.100 
213 COPE-0213    (0)   :  0.106 0.096 0.008 0.103 0.092 0.096 0.096 0.100 0.097 0.100 0.105 
214 COPE-0214    (0)   :  0.104 0.100 0.008 0.096 0.092 0.092 0.110 0.102 0.090 0.101 0.104 
215 COPE-0215    (0)   :  0.099 0.102 0.052 0.092 0.088 0.087 0.102 0.096 0.089 0.097 0.097 
216 COPE-0216   (14)   :  0.060 0.062 0.368 0.064 0.064 0.061 0.060 0.065 0.067 0.068 0.060 
217 COPE-0217    (0)   :  0.109 0.079 0.028 0.115 0.088 0.101 0.089 0.099 0.095 0.094 0.103 
218 COPE-0218    (0)   :  0.098 0.101 0.009 0.097 0.096 0.095 0.100 0.103 0.100 0.102 0.100 
219 COPE-0219   (14)   :  0.100 0.101 0.009 0.096 0.096 0.094 0.106 0.103 0.096 0.100 0.102 
220 COPE-0220    (0)   :  0.111 0.081 0.014 0.119 0.087 0.102 0.086 0.103 0.094 0.097 0.105 
221 COPE-0221    (0)   :  0.103 0.089 0.017 0.086 0.101 0.100 0.104 0.104 0.095 0.089 0.113 
222 COPE-0222    (0)   :  0.088 0.097 0.007 0.092 0.107 0.103 0.089 0.110 0.100 0.108 0.099 
223 COPE-0223    (0)   :  0.102 0.112 0.007 0.097 0.092 0.089 0.104 0.100 0.098 0.102 0.097 
224 COPE-0224    (0)   :  0.102 0.088 0.019 0.094 0.127 0.084 0.140 0.093 0.091 0.083 0.079 
225 COPE-0225    (0)   :  0.103 0.100 0.014 0.097 0.090 0.091 0.108 0.102 0.089 0.102 0.104 
226 COPE-0226    (0)   :  0.097 0.095 0.006 0.101 0.101 0.098 0.096 0.105 0.099 0.098 0.104 
227 COPE-0227    (0)   :  0.098 0.099 0.006 0.100 0.098 0.108 0.101 0.093 0.094 0.104 0.100 
228 COPE-0228    (0)   :  0.105 0.086 0.018 0.111 0.089 0.096 0.090 0.102 0.098 0.099 0.105 
229 COPE-0229    (0)   :  0.101 0.097 0.007 0.097 0.096 0.094 0.102 0.104 0.098 0.099 0.105 
230 COPE-0230    (0)   :  0.103 0.089 0.010 0.104 0.098 0.094 0.093 0.104 0.098 0.098 0.110 
231 COPE-0231    (0)   :  0.098 0.105 0.006 0.101 0.092 0.094 0.097 0.103 0.100 0.102 0.104 
232 COPE-0232    (0)   :  0.100 0.095 0.015 0.099 0.107 0.088 0.118 0.100 0.091 0.093 0.094 
233 COPE-0233    (0)   :  0.097 0.101 0.005 0.087 0.108 0.110 0.101 0.099 0.092 0.096 0.104 
234 COPE-0234    (0)   :  0.098 0.101 0.008 0.096 0.109 0.091 0.114 0.100 0.097 0.091 0.093 
235 COPE-0235    (0)   :  0.100 0.108 0.006 0.098 0.096 0.092 0.103 0.103 0.101 0.100 0.093 
236 COPE-0236    (0)   :  0.109 0.084 0.005 0.110 0.094 0.101 0.084 0.100 0.101 0.098 0.114 
237 COPE-0237    (0)   :  0.103 0.097 0.006 0.090 0.104 0.113 0.106 0.091 0.092 0.098 0.100 
238 COPE-0238    (0)   :  0.099 0.107 0.009 0.097 0.090 0.087 0.106 0.107 0.096 0.101 0.100 
239 COPE-0239    (0)   :  0.097 0.097 0.035 0.094 0.110 0.089 0.111 0.097 0.094 0.089 0.087 
240 COPE-0240    (0)   :  0.092 0.099 0.008 0.094 0.108 0.097 0.092 0.101 0.107 0.112 0.089 
241 COPE-0241    (0)   :  0.106 0.111 0.007 0.089 0.090 0.091 0.108 0.104 0.092 0.103 0.100 
242 COPE-0242    (0)   :  0.104 0.090 0.006 0.110 0.100 0.111 0.091 0.098 0.097 0.100 0.093 
243 COPE-0243    (0)   :  0.103 0.113 0.007 0.106 0.091 0.088 0.092 0.086 0.113 0.106 0.096 
244 COPE-0244    (0)   :  0.102 0.109 0.009 0.099 0.095 0.090 0.102 0.099 0.098 0.098 0.100 
245 COPE-0245    (0)   :  0.103 0.108 0.011 0.098 0.093 0.092 0.091 0.090 0.110 0.101 0.102 
246 COPE-0246    (0)   :  0.097 0.099 0.013 0.099 0.100 0.099 0.102 0.099 0.101 0.096 0.097 
247 COPE-0247    (0)   :  0.099 0.096 0.016 0.089 0.096 0.104 0.101 0.103 0.096 0.093 0.107 
248 COPE-0248    (0)   :  0.105 0.108 0.005 0.093 0.097 0.098 0.092 0.094 0.104 0.098 0.106 
249 COPE-0249    (0)   :  0.098 0.094 0.029 0.093 0.105 0.087 0.121 0.098 0.092 0.089 0.093 
250 COPE-0250    (0)   :  0.101 0.090 0.017 0.100 0.112 0.090 0.118 0.098 0.095 0.089 0.090 
251 COPE-0251   (14)   :  0.031 0.029 0.691 0.027 0.032 0.033 0.032 0.031 0.029 0.030 0.034 
252 COPE-0252    (0)   :  0.099 0.093 0.011 0.102 0.112 0.090 0.118 0.098 0.098 0.092 0.087 
253 COPE-0253    (0)   :  0.096 0.095 0.008 0.094 0.103 0.099 0.093 0.109 0.092 0.095 0.117 
254 COPE-0254    (0)   :  0.107 0.113 0.014 0.108 0.091 0.086 0.091 0.088 0.106 0.098 0.099 
255 COPE-0255    (0)   :  0.102 0.101 0.023 0.095 0.094 0.093 0.100 0.099 0.097 0.094 0.103 
256 COPE-0256    (0)   :  0.093 0.093 0.010 0.097 0.105 0.092 0.085 0.108 0.110 0.115 0.091 
257 COPE-0257    (0)   :  0.085 0.106 0.007 0.105 0.104 0.143 0.095 0.076 0.094 0.102 0.082 
258 COPE-0258    (0)   :  0.094 0.106 0.017 0.099 0.095 0.110 0.095 0.087 0.100 0.101 0.096 
259 COPE-0259    (0)   :  0.100 0.103 0.006 0.102 0.093 0.099 0.095 0.095 0.103 0.100 0.103 
260 COPE-0260    (0)   :  0.098 0.106 0.024 0.096 0.089 0.089 0.102 0.102 0.096 0.100 0.097 
261 COPE-0261    (0)   :  0.111 0.109 0.006 0.112 0.086 0.090 0.084 0.085 0.110 0.100 0.105 
262 COPE-0262    (0)   :  0.095 0.104 0.018 0.104 0.094 0.086 0.086 0.099 0.109 0.111 0.094 
263 COPE-0263    (0)   :  0.095 0.100 0.007 0.093 0.105 0.117 0.104 0.088 0.094 0.100 0.096 
264 COPE-0264    (0)   :  0.091 0.104 0.018 0.101 0.098 0.126 0.095 0.083 0.097 0.097 0.090 
265 COPE-0265    (0)   :  0.099 0.103 0.011 0.094 0.098 0.097 0.092 0.104 0.098 0.099 0.105 
266 COPE-0266    (0)   :  0.106 0.090 0.018 0.109 0.089 0.098 0.092 0.101 0.098 0.096 0.102 
267 COPE-0267    (0)   :  0.105 0.097 0.006 0.088 0.112 0.104 0.108 0.097 0.093 0.090 0.100 
268 COPE-0268    (0)   :  0.102 0.100 0.013 0.083 0.110 0.113 0.103 0.092 0.090 0.093 0.100 
269 COPE-0269    (0)   :  0.092 0.100 0.006 0.100 0.103 0.108 0.095 0.099 0.103 0.101 0.091 
270 COPE-0270    (0)   :  0.100 0.109 0.007 0.094 0.090 0.102 0.092 0.090 0.113 0.106 0.098 
271 COPE-0271    (0)   :  0.094 0.103 0.007 0.101 0.098 0.099 0.096 0.102 0.105 0.103 0.092 
272 COPE-0272    (0)   :  0.100 0.099 0.007 0.101 0.100 0.092 0.101 0.105 0.096 0.094 0.104 
273 COPE-0273    (0)   :  0.111 0.084 0.016 0.106 0.090 0.107 0.093 0.101 0.098 0.092 0.102 
274 COPE-0274   (14)   :  0.023 0.026 0.759 0.023 0.023 0.025 0.023 0.023 0.027 0.025 0.024 
275 COPE-0275    (0)   :  0.100 0.101 0.010 0.096 0.097 0.101 0.104 0.098 0.099 0.096 0.099 
276 COPE-0276   (14)   :  0.006 0.006 0.936 0.006 0.006 0.006 0.006 0.006 0.006 0.006 0.006 
277 COPE-0277   (14)   :  0.095 0.090 0.013 0.101 0.102 0.099 0.084 0.102 0.110 0.113 0.091 
278 COPE-0278    (0)   :  0.118 0.071 0.007 0.125 0.088 0.104 0.081 0.105 0.096 0.099 0.108 
279 COPE-0279    (0)   :  0.104 0.094 0.009 0.107 0.094 0.094 0.094 0.104 0.099 0.100 0.102 
280 COPE-0280    (0)   :  0.013 0.013 0.873 0.013 0.013 0.013 0.013 0.013 0.013 0.013 0.013 
281 COPE-0281    (0)   :  0.032 0.034 0.682 0.032 0.030 0.030 0.034 0.032 0.030 0.031 0.033 
282 COPE-0282   (14)   :  0.104 0.088 0.006 0.094 0.131 0.084 0.148 0.094 0.089 0.082 0.079 
283 COPE-0283    (0)   :  0.111 0.081 0.007 0.117 0.091 0.102 0.087 0.103 0.097 0.100 0.103 
284 COPE-0284   (14)   :  0.098 0.111 0.033 0.093 0.088 0.089 0.100 0.100 0.095 0.096 0.098 
285 COPE-0285    (0)   :  0.029 0.031 0.697 0.030 0.029 0.031 0.029 0.031 0.030 0.031 0.030 
286 COPE-0286    (0)   :  0.095 0.116 0.009 0.089 0.094 0.101 0.100 0.094 0.100 0.096 0.105 
287 COPE-0287    (0)   :  0.097 0.095 0.030 0.083 0.111 0.113 0.107 0.087 0.087 0.094 0.096 
288 COPE-0288    (0)   :  0.105 0.089 0.010 0.089 0.101 0.099 0.106 0.104 0.096 0.091 0.111 
289 COPE-0289    (0)   :  0.091 0.100 0.007 0.097 0.099 0.102 0.091 0.108 0.100 0.106 0.098 
290 COPE-0290    (0)   :  0.103 0.109 0.007 0.091 0.092 0.099 0.096 0.095 0.107 0.104 0.099 
291 COPE-0291    (0)   :  0.096 0.105 0.006 0.100 0.095 0.113 0.098 0.092 0.098 0.103 0.095 
292 COPE-0292   (42)   :  0.015 0.015 0.852 0.015 0.015 0.014 0.015 0.015 0.015 0.015 0.015 
293 COPE-0293    (0)   :  0.099 0.096 0.008 0.097 0.100 0.099 0.091 0.105 0.094 0.097 0.113 
294 COPE-0294    (0)   :  0.098 0.104 0.011 0.098 0.096 0.093 0.104 0.102 0.099 0.095 0.099 
295 COPE-0295    (0)   :  0.103 0.092 0.008 0.100 0.113 0.090 0.109 0.100 0.099 0.095 0.092 
296 COPE-0296   (14)   :  0.103 0.094 0.007 0.096 0.095 0.102 0.096 0.101 0.104 0.099 0.105 
297 COPE-0297   (14)   :  0.101 0.104 0.036 0.092 0.088 0.089 0.103 0.098 0.089 0.100 0.099 
298 COPE-0298    (0)   :  0.101 0.096 0.009 0.099 0.101 0.093 0.104 0.103 0.094 0.093 0.106 
299 COPE-0299    (0)   :  0.105 0.116 0.006 0.099 0.091 0.089 0.087 0.088 0.114 0.104 0.100 
300 COPE-0300   (14)   :  0.094 0.100 0.008 0.090 0.110 0.103 0.098 0.099 0.102 0.105 0.093 
301 COPE-0301   (14)   :  0.097 0.092 0.009 0.094 0.105 0.099 0.093 0.110 0.090 0.094 0.119 
302 COPE-0302    (0)   :  0.074 0.083 0.185 0.084 0.080 0.086 0.073 0.086 0.084 0.090 0.075 
303 COPE-0303    (0)   :  0.113 0.080 0.006 0.114 0.090 0.098 0.088 0.105 0.096 0.099 0.108 
304 COPE-0304    (0)   :  0.102 0.104 0.007 0.094 0.101 0.094 0.099 0.103 0.099 0.094 0.103 
305 COPE-0305   (14)   :  0.092 0.094 0.034 0.097 0.100 0.102 0.103 0.095 0.097 0.094 0.092 
306 COPE-0306    (0)   :  0.115 0.075 0.009 0.126 0.085 0.110 0.082 0.101 0.096 0.094 0.107 
307 COPE-0307   (28)   :  0.008 0.008 0.919 0.008 0.008 0.008 0.008 0.008 0.008 0.008 0.008 
308 COPE-0308    (0)   :  0.103 0.090 0.006 0.094 0.126 0.086 0.138 0.096 0.091 0.083 0.085 
309 COPE-0309   (14)   :  0.038 0.042 0.600 0.039 0.039 0.037 0.041 0.040 0.041 0.040 0.042 
310 COPE-0310   (28)   :  0.037 0.046 0.572 0.045 0.045 0.061 0.041 0.034 0.039 0.044 0.036 
311 COPE-0311    (0)   :  0.096 0.100 0.021 0.097 0.100 0.112 0.094 0.091 0.096 0.096 0.096 
312 COPE-0312   (28)   :  0.014 0.012 0.871 0.014 0.012 0.013 0.012 0.013 0.013 0.013 0.013 
313 COPE-0313    (0)   :  0.103 0.094 0.009 0.110 0.094 0.117 0.091 0.094 0.095 0.098 0.096 
314 COPE-0314    (0)   :  0.103 0.103 0.007 0.086 0.106 0.107 0.099 0.092 0.095 0.097 0.104 
315 COPE-0315    (0)   :  0.101 0.099 0.008 0.100 0.098 0.106 0.101 0.099 0.092 0.097 0.099 
316 COPE-0316    (0)   :  0.101 0.105 0.020 0.101 0.088 0.092 0.092 0.095 0.102 0.100 0.104 
317 COPE-0317   (14)   :  0.009 0.009 0.913 0.009 0.009 0.009 0.009 0.008 0.009 0.009 0.008 
318 COPE-0318    (0)   :  0.101 0.108 0.005 0.098 0.094 0.100 0.098 0.096 0.101 0.099 0.099 
319 COPE-0319    (0)   :  0.100 0.099 0.006 0.094 0.116 0.092 0.121 0.098 0.095 0.090 0.089 
320 COPE-0320   (14)   :  0.095 0.096 0.015 0.096 0.100 0.094 0.100 0.105 0.096 0.092 0.111 
321 COPE-0321   (14)   :  0.099 0.101 0.011 0.101 0.097 0.118 0.096 0.085 0.097 0.103 0.093 
322 COPE-0322   (14)   :  0.102 0.112 0.006 0.096 0.091 0.095 0.101 0.100 0.100 0.103 0.094 
323 COPE-0323    (0)   :  0.083 0.107 0.008 0.105 0.106 0.149 0.095 0.072 0.089 0.105 0.079 
324 COPE-0324    (0)   :  0.104 0.103 0.006 0.097 0.093 0.094 0.104 0.103 0.091 0.102 0.104 
325 COPE-0325   (14)   :  0.086 0.095 0.011 0.097 0.107 0.094 0.083 0.107 0.113 0.123 0.083 
326 COPE-0326    (0)   :  0.105 0.088 0.007 0.100 0.107 0.096 0.104 0.101 0.094 0.093 0.107 
327 COPE-0327   (14)   :  0.097 0.098 0.008 0.093 0.101 0.092 0.101 0.109 0.094 0.093 0.113 
328 COPE-0328    (0)   :  0.102 0.101 0.006 0.101 0.092 0.095 0.099 0.102 0.098 0.103 0.102 
329 COPE-0329   (28)   :  0.104 0.098 0.013 0.103 0.091 0.096 0.101 0.102 0.092 0.098 0.104 
330 COPE-0330    (0)   :  0.101 0.103 0.021 0.087 0.103 0.103 0.098 0.092 0.096 0.097 0.099 
331 COPE-0331    (0)   :  0.097 0.093 0.006 0.095 0.105 0.099 0.092 0.107 0.092 0.095 0.119 
332 COPE-0332   (14)   :  0.104 0.092 0.007 0.106 0.094 0.103 0.096 0.101 0.097 0.099 0.102 
333 COPE-0333    (0)   :  0.085 0.085 0.148 0.081 0.087 0.081 0.084 0.092 0.081 0.080 0.097 
334 COPE-0334   (28)   :  0.040 0.048 0.540 0.048 0.048 0.060 0.045 0.039 0.042 0.047 0.042 
335 COPE-0335    (0)   :  0.104 0.103 0.006 0.095 0.092 0.093 0.109 0.102 0.089 0.103 0.103 
336 COPE-0336    (0)   :  0.100 0.103 0.006 0.091 0.098 0.097 0.104 0.104 0.099 0.090 0.109 
337 COPE-0337   (28)   :  0.017 0.019 0.825 0.017 0.017 0.017 0.018 0.017 0.017 0.017 0.018 
338 COPE-0338    (0)   :  0.096 0.102 0.021 0.092 0.101 0.115 0.096 0.088 0.095 0.101 0.093 
339 COPE-0339    (0)   :  0.083 0.096 0.006 0.100 0.105 0.097 0.081 0.116 0.111 0.123 0.084 
340 COPE-0340   (14)   :  0.012 0.012 0.877 0.012 0.012 0.012 0.012 0.013 0.012 0.012 0.013 
341 COPE-0341    (0)   :  0.100 0.098 0.007 0.094 0.112 0.092 0.116 0.100 0.096 0.092 0.092 
342 COPE-0342    (0)   :  0.103 0.109 0.008 0.094 0.093 0.092 0.109 0.100 0.091 0.103 0.099 
343 COPE-0343    (0)   :  0.107 0.094 0.006 0.107 0.094 0.100 0.092 0.097 0.101 0.097 0.105 
344 COPE-0344   (14)   :  0.011 0.011 0.888 0.011 0.012 0.012 0.012 0.011 0.011 0.011 0.011 
345 COPE-0345    (0)   :  0.097 0.098 0.006 0.094 0.115 0.096 0.114 0.101 0.098 0.092 0.090 
346 COPE-0346    (0)   :  0.096 0.100 0.031 0.095 0.095 0.091 0.101 0.099 0.098 0.097 0.097 
347 COPE-0347    (0)   :  0.098 0.111 0.006 0.102 0.093 0.094 0.091 0.097 0.107 0.103 0.098 
348 COPE-0348    (0)   :  0.105 0.100 0.015 0.109 0.090 0.097 0.089 0.091 0.105 0.097 0.102 
349 COPE-0349    (0)   :  0.101 0.108 0.006 0.100 0.093 0.094 0.103 0.103 0.097 0.100 0.095 
350 COPE-0350    (0)   :  0.099 0.109 0.006 0.098 0.090 0.096 0.095 0.097 0.107 0.099 0.104 
351 COPE-0351    (0)   :  0.104 0.114 0.006 0.098 0.091 0.090 0.090 0.090 0.111 0.105 0.100 
352 COPE-0352    (0)   :  0.099 0.104 0.026 0.095 0.089 0.093 0.099 0.100 0.095 0.098 0.101 
353 COPE-0353    (0)   :  0.089 0.106 0.005 0.102 0.103 0.134 0.098 0.081 0.097 0.101 0.085 
354 COPE-0354    (0)   :  0.093 0.102 0.014 0.100 0.101 0.111 0.099 0.094 0.095 0.096 0.094 
355 COPE-0355    (0)   :  0.082 0.093 0.007 0.098 0.109 0.090 0.081 0.114 0.115 0.126 0.084 
356 COPE-0356    (0)   :  0.108 0.113 0.008 0.105 0.094 0.085 0.096 0.090 0.105 0.098 0.098 
357 COPE-0357    (0)   :  0.101 0.100 0.008 0.093 0.096 0.097 0.109 0.100 0.095 0.099 0.101 
358 COPE-0358    (0)   :  0.008 0.008 0.925 0.007 0.007 0.007 0.008 0.008 0.007 0.007 0.008 
359 COPE-0359   (14)   :  0.099 0.106 0.009 0.099 0.097 0.092 0.100 0.104 0.099 0.098 0.097 
360 COPE-0360    (0)   :  0.091 0.105 0.006 0.105 0.102 0.128 0.094 0.082 0.096 0.105 0.087 
361 COPE-0361    (0)   :  0.099 0.105 0.009 0.102 0.098 0.090 0.105 0.100 0.100 0.098 0.093 
362 COPE-0362    (0)   :  0.103 0.109 0.007 0.095 0.092 0.096 0.106 0.099 0.091 0.105 0.097 
363 COPE-0363   (14)   :  0.097 0.104 0.013 0.097 0.098 0.090 0.102 0.104 0.102 0.099 0.094 
364 COPE-0364    (0)   :  0.097 0.103 0.006 0.093 0.106 0.122 0.100 0.084 0.093 0.103 0.093 
365 COPE-0365    (0)   :  0.089 0.100 0.018 0.095 0.109 0.137 0.100 0.077 0.084 0.103 0.088 
366 COPE-0366    (0)   :  0.103 0.114 0.024 0.090 0.089 0.089 0.101 0.094 0.097 0.101 0.099 
367 COPE-0367   (14)   :  0.013 0.012 0.873 0.012 0.014 0.013 0.015 0.012 0.012 0.012 0.012 
368 COPE-0368    (0)   :  0.090 0.093 0.010 0.097 0.103 0.096 0.086 0.112 0.108 0.114 0.091 
369 COPE-0369    (0)   :  0.099 0.095 0.008 0.091 0.098 0.100 0.104 0.102 0.100 0.095 0.107 
370 COPE-0370   (28)   :  0.009 0.009 0.908 0.009 0.009 0.009 0.009 0.009 0.009 0.009 0.009 
371 COPE-0371    (0)   :  0.097 0.099 0.013 0.091 0.102 0.116 0.095 0.096 0.094 0.096 0.100 
372 COPE-0372    (0)   :  0.102 0.085 0.047 0.105 0.085 0.099 0.086 0.100 0.094 0.097 0.100 
373 COPE-0373   (14)   :  0.106 0.090 0.007 0.096 0.110 0.095 0.112 0.100 0.095 0.089 0.100 
374 COPE-0374    (0)   :  0.102 0.103 0.008 0.091 0.110 0.096 0.107 0.097 0.096 0.092 0.097 
375 COPE-0375   (14)   :  0.086 0.104 0.009 0.100 0.108 0.134 0.100 0.080 0.090 0.103 0.085 
376 COPE-0376   (14)   :  0.109 0.114 0.006 0.108 0.090 0.086 0.089 0.084 0.111 0.104 0.099 
377 COPE-0377    (0)   :  0.045 0.045 0.552 0.044 0.046 0.042 0.051 0.046 0.043 0.042 0.045 
378 COPE-0378    (0)   :  0.092 0.102 0.006 0.097 0.104 0.105 0.089 0.096 0.110 0.111 0.087 
379 COPE-0379    (0)   :  0.103 0.110 0.007 0.089 0.091 0.092 0.109 0.103 0.094 0.099 0.103 
380 COPE-0380   (28)   :  0.038 0.027 0.665 0.040 0.030 0.035 0.028 0.034 0.033 0.032 0.037 
381 COPE-0381    (0)   :  0.098 0.103 0.010 0.097 0.101 0.104 0.103 0.095 0.100 0.095 0.094 
382 COPE-0382    (0)   :  0.104 0.105 0.006 0.091 0.093 0.091 0.106 0.106 0.093 0.102 0.103 
383 COPE-0383    (0)   :  0.081 0.101 0.046 0.098 0.105 0.141 0.095 0.070 0.083 0.101 0.079 
384 COPE-0384    (0)   :  0.095 0.098 0.007 0.103 0.100 0.107 0.090 0.096 0.104 0.108 0.092 


Estimated Allele Frequencies in each cluster
First column gives estimated ancestral frequencies


Locus 1 : COPE5 
78 alleles
0.5% missing data
   1   (0.007) 0.001 0.001 0.711 0.001 0.001 0.001 0.001 0.001 0.001 0.001 0.001 
   2   (0.022) 0.024 0.024 0.008 0.024 0.026 0.024 0.026 0.025 0.025 0.024 0.024 
   3   (0.014) 0.014 0.014 0.001 0.015 0.016 0.013 0.017 0.015 0.015 0.014 0.013 
   4   (0.024) 0.024 0.026 0.001 0.024 0.025 0.023 0.024 0.026 0.026 0.027 0.024 
   5   (0.011) 0.010 0.010 0.001 0.009 0.009 0.010 0.010 0.011 0.010 0.009 0.011 
   6   (0.019) 0.018 0.018 0.003 0.018 0.018 0.017 0.021 0.019 0.018 0.017 0.018 
   7   (0.007) 0.003 0.003 0.000 0.003 0.004 0.003 0.004 0.003 0.003 0.003 0.003 
   8   (0.033) 0.100 0.075 0.002 0.100 0.091 0.090 0.090 0.093 0.089 0.086 0.091 
   9   (0.020) 0.021 0.023 0.001 0.021 0.021 0.020 0.022 0.022 0.021 0.021 0.021 
  10   (0.019) 0.020 0.020 0.001 0.019 0.020 0.020 0.020 0.019 0.020 0.020 0.019 
