

----------------------------------------------------
STRUCTURE by Pritchard, Stephens and Donnelly (2000)
     and Falush, Stephens and Pritchard (2003)
       Code by Pritchard, Falush and Hubisz
             Version 2.3.4 (Jul 2012)
----------------------------------------------------



Command line arguments:   /home/jason/Programs/structure -K 15 -i ../Data/microsats.structure -m Structure_Run/mainparams -e Structure_Run/extraparams -D 8577746 -o ../Structure_Results/08_K_15.out 
Input File:    ../Data/microsats.structure

Run parameters:
   384 individuals
   7 loci
   15 populations assumed
   1000000 Burn-in period
   10000000 Reps
RANDOMIZE turned off


--------------------------------------------
Overall proportion of membership of the
sample in each of the 15 clusters

Inferred Clusters
  1      2      3      4      5      6      7      8      9     10     11     12     13     14     15    
0.102  0.064  0.064  0.064  0.064  0.064  0.064  0.064  0.064  0.064  0.064  0.064  0.064  0.064  0.064  

--------------------------------------------

Allele-freq. divergence among pops (Net nucleotide distance),
computed using point estimates of P.

      1       2       3       4       5       6       7       8       9      10      11      12      13      14      15      
 1      -    0.1785  0.1769  0.1752  0.1770  0.1763  0.1786  0.1770  0.1791  0.1751  0.1755  0.1760  0.1748  0.1755  0.1757  
 2   0.1785     -    0.0001  0.0002  0.0000  0.0001  0.0001  0.0001  0.0000  0.0002  0.0004  0.0002  0.0002  0.0002  0.0001  
 3   0.1769  0.0001     -    0.0001  0.0001  0.0001  0.0002  0.0001  0.0001  0.0001  0.0002  0.0001  0.0002  0.0001  0.0002  
 4   0.1752  0.0002  0.0001     -    0.0001  0.0001  0.0003  0.0002  0.0003  0.0001  0.0003  0.0002  0.0000  0.0000  0.0000  
 5   0.1770  0.0000  0.0001  0.0001     -    0.0001  0.0001  0.0001  0.0001  0.0002  0.0004  0.0002  0.0001  0.0001  0.0001  
 6   0.1763  0.0001  0.0001  0.0001  0.0001     -    0.0003  0.0001  0.0002  0.0001  0.0002  0.0001  0.0001  0.0001  0.0001  
 7   0.1786  0.0001  0.0002  0.0003  0.0001  0.0003     -    0.0002  0.0001  0.0004  0.0007  0.0004  0.0003  0.0003  0.0002  
 8   0.1770  0.0001  0.0001  0.0002  0.0001  0.0001  0.0002     -    0.0001  0.0002  0.0002  0.0001  0.0002  0.0002  0.0002  
 9   0.1791  0.0000  0.0001  0.0003  0.0001  0.0002  0.0001  0.0001     -    0.0003  0.0005  0.0002  0.0003  0.0002  0.0002  
10   0.1751  0.0002  0.0001  0.0001  0.0002  0.0001  0.0004  0.0002  0.0003     -    0.0002  0.0001  0.0001  0.0000  0.0001  
11   0.1755  0.0004  0.0002  0.0003  0.0004  0.0002  0.0007  0.0002  0.0005  0.0002     -    0.0001  0.0004  0.0003  0.0005  
12   0.1760  0.0002  0.0001  0.0002  0.0002  0.0001  0.0004  0.0001  0.0002  0.0001  0.0001     -    0.0003  0.0002  0.0003  
13   0.1748  0.0002  0.0002  0.0000  0.0001  0.0001  0.0003  0.0002  0.0003  0.0001  0.0004  0.0003     -    0.0001  0.0000  
14   0.1755  0.0002  0.0001  0.0000  0.0001  0.0001  0.0003  0.0002  0.0002  0.0000  0.0003  0.0002  0.0001     -    0.0001  
15   0.1757  0.0001  0.0002  0.0000  0.0001  0.0001  0.0002  0.0002  0.0002  0.0001  0.0005  0.0003  0.0000  0.0001     -    

Average distances (expected heterozygosity) between individuals in same cluster:
cluster  1  : 0.6197 
cluster  2  : 0.6224 
cluster  3  : 0.6246 
cluster  4  : 0.6287 
cluster  5  : 0.6254 
cluster  6  : 0.6252 
cluster  7  : 0.6242 
cluster  8  : 0.6254 
cluster  9  : 0.6203 
cluster 10  : 0.6283 
cluster 11  : 0.6264 
cluster 12  : 0.6257 
cluster 13  : 0.6302 
cluster 14  : 0.6291 
cluster 15  : 0.6293 

--------------------------------------------
Estimated Ln Prob of Data   = -9472.8
Mean value of ln likelihood = -7486.5
Variance of ln likelihood   = 3972.6
Mean value of alpha         = 0.0498

Mean value of Fst_1         = 0.2404
Mean value of Fst_2         = 0.1469
Mean value of Fst_3         = 0.1446
Mean value of Fst_4         = 0.1357
Mean value of Fst_5         = 0.1398
Mean value of Fst_6         = 0.1388
Mean value of Fst_7         = 0.1454
Mean value of Fst_8         = 0.1436
Mean value of Fst_9         = 0.1510
Mean value of Fst_10         = 0.1404
Mean value of Fst_11         = 0.1412
Mean value of Fst_12         = 0.1433
Mean value of Fst_13         = 0.1333
Mean value of Fst_14         = 0.1369
Mean value of Fst_15         = 0.1356


Inferred ancestry of individuals:
        Label (%Miss) :  Inferred clusters
  1 COPE-0001    (0)   :  0.878 0.009 0.009 0.009 0.009 0.009 0.009 0.009 0.009 0.009 0.009 0.009 0.009 0.009 0.009 
  2 COPE-0002    (0)   :  0.010 0.066 0.070 0.075 0.070 0.071 0.064 0.071 0.062 0.077 0.072 0.072 0.073 0.073 0.073 
  3 COPE-0003    (0)   :  0.006 0.068 0.069 0.072 0.073 0.073 0.069 0.068 0.062 0.071 0.070 0.068 0.077 0.074 0.080 
  4 COPE-0004    (0)   :  0.010 0.061 0.076 0.078 0.065 0.061 0.058 0.063 0.056 0.090 0.078 0.077 0.077 0.076 0.073 
  5 COPE-0005    (0)   :  0.022 0.069 0.074 0.067 0.070 0.067 0.074 0.069 0.074 0.070 0.069 0.072 0.065 0.071 0.067 
  6 COPE-0006    (0)   :  0.017 0.070 0.067 0.073 0.073 0.072 0.069 0.072 0.070 0.069 0.068 0.068 0.070 0.072 0.070 
  7 COPE-0007    (0)   :  0.006 0.075 0.074 0.066 0.070 0.064 0.077 0.068 0.081 0.069 0.065 0.075 0.070 0.072 0.069 
  8 COPE-0008    (0)   :  0.008 0.070 0.070 0.067 0.064 0.071 0.063 0.069 0.076 0.074 0.074 0.076 0.073 0.075 0.071 
  9 COPE-0009    (0)   :  0.015 0.067 0.066 0.072 0.077 0.073 0.071 0.070 0.062 0.075 0.072 0.064 0.075 0.072 0.069 
 10 COPE-0010    (0)   :  0.007 0.071 0.071 0.075 0.073 0.074 0.071 0.070 0.074 0.071 0.065 0.062 0.071 0.073 0.071 
 11 COPE-0011   (14)   :  0.819 0.012 0.013 0.014 0.013 0.013 0.012 0.012 0.012 0.014 0.013 0.013 0.013 0.014 0.013 
 12 COPE-0012   (14)   :  0.006 0.069 0.069 0.069 0.067 0.075 0.066 0.067 0.073 0.073 0.071 0.068 0.077 0.075 0.073 
 13 COPE-0013    (0)   :  0.005 0.070 0.072 0.074 0.072 0.078 0.073 0.068 0.062 0.074 0.073 0.062 0.072 0.072 0.074 
 14 COPE-0014    (0)   :  0.008 0.071 0.081 0.058 0.064 0.074 0.067 0.083 0.069 0.071 0.101 0.091 0.049 0.063 0.050 
 15 COPE-0015    (0)   :  0.007 0.074 0.075 0.063 0.067 0.072 0.066 0.078 0.074 0.070 0.086 0.082 0.060 0.066 0.059 
 16 COPE-0016    (0)   :  0.009 0.072 0.063 0.068 0.077 0.069 0.074 0.076 0.067 0.071 0.066 0.075 0.071 0.069 0.072 
 17 COPE-0017    (0)   :  0.511 0.035 0.038 0.031 0.033 0.035 0.035 0.040 0.035 0.034 0.044 0.041 0.028 0.032 0.029 
 18 COPE-0018    (0)   :  0.007 0.071 0.068 0.075 0.077 0.072 0.068 0.069 0.075 0.070 0.067 0.067 0.071 0.073 0.070 
 19 COPE-0019    (0)   :  0.006 0.071 0.070 0.078 0.073 0.072 0.073 0.070 0.066 0.072 0.074 0.068 0.073 0.069 0.067 
 20 COPE-0020    (0)   :  0.006 0.068 0.071 0.074 0.073 0.072 0.073 0.072 0.069 0.069 0.068 0.065 0.075 0.071 0.073 
 21 COPE-0021    (0)   :  0.006 0.076 0.074 0.068 0.069 0.073 0.077 0.072 0.083 0.063 0.067 0.069 0.065 0.068 0.069 
 22 COPE-0022    (0)   :  0.006 0.069 0.069 0.070 0.071 0.072 0.064 0.074 0.075 0.071 0.068 0.072 0.072 0.074 0.074 
 23 COPE-0023    (0)   :  0.008 0.065 0.070 0.076 0.072 0.075 0.064 0.070 0.065 0.074 0.073 0.066 0.072 0.074 0.075 
 24 COPE-0024   (14)   :  0.006 0.075 0.073 0.071 0.071 0.067 0.083 0.074 0.084 0.064 0.059 0.066 0.069 0.068 0.070 
 25 COPE-0025    (0)   :  0.034 0.062 0.064 0.075 0.067 0.068 0.067 0.066 0.057 0.067 0.067 0.066 0.082 0.077 0.081 
 26 COPE-0026    (0)   :  0.005 0.075 0.067 0.068 0.074 0.068 0.066 0.070 0.077 0.072 0.070 0.079 0.071 0.071 0.067 
 27 COPE-0027    (0)   :  0.006 0.070 0.070 0.077 0.071 0.073 0.073 0.070 0.066 0.072 0.075 0.066 0.074 0.069 0.069 
 28 COPE-0028    (0)   :  0.005 0.072 0.065 0.074 0.071 0.073 0.069 0.072 0.068 0.068 0.069 0.071 0.074 0.073 0.075 
 29 COPE-0029    (0)   :  0.005 0.076 0.064 0.066 0.079 0.066 0.078 0.075 0.074 0.066 0.060 0.075 0.072 0.070 0.073 
 30 COPE-0030   (14)   :  0.677 0.023 0.023 0.023 0.023 0.023 0.022 0.023 0.023 0.024 0.023 0.023 0.023 0.024 0.023 
 31 COPE-0031    (0)   :  0.009 0.077 0.066 0.066 0.072 0.067 0.060 0.071 0.079 0.071 0.072 0.079 0.072 0.073 0.065 
 32 COPE-0032    (0)   :  0.008 0.065 0.068 0.078 0.071 0.075 0.065 0.069 0.065 0.070 0.068 0.067 0.076 0.075 0.079 
 33 COPE-0033    (0)   :  0.010 0.067 0.067 0.074 0.071 0.072 0.067 0.071 0.064 0.070 0.070 0.069 0.074 0.076 0.077 
 34 COPE-0034    (0)   :  0.009 0.071 0.073 0.069 0.067 0.065 0.068 0.071 0.065 0.076 0.078 0.079 0.069 0.072 0.069 
 35 COPE-0035   (14)   :  0.007 0.069 0.066 0.078 0.070 0.070 0.069 0.071 0.064 0.070 0.070 0.068 0.076 0.076 0.077 
 36 COPE-0036   (14)   :  0.006 0.078 0.077 0.066 0.073 0.064 0.088 0.071 0.086 0.067 0.060 0.063 0.065 0.066 0.072 
 37 COPE-0037    (0)   :  0.024 0.070 0.071 0.072 0.071 0.069 0.074 0.069 0.074 0.067 0.065 0.066 0.070 0.067 0.071 
 38 COPE-0038    (0)   :  0.006 0.074 0.069 0.070 0.073 0.072 0.067 0.073 0.077 0.070 0.069 0.073 0.071 0.069 0.068 
 39 COPE-0039    (0)   :  0.034 0.063 0.068 0.072 0.070 0.067 0.069 0.065 0.059 0.071 0.067 0.064 0.083 0.076 0.073 
 40 COPE-0040   (14)   :  0.067 0.062 0.066 0.069 0.068 0.067 0.066 0.066 0.063 0.068 0.070 0.066 0.069 0.068 0.067 
 41 COPE-0041    (0)   :  0.023 0.065 0.069 0.072 0.071 0.072 0.069 0.068 0.067 0.071 0.071 0.065 0.073 0.073 0.070 
 42 COPE-0042    (0)   :  0.009 0.070 0.069 0.075 0.069 0.071 0.070 0.071 0.064 0.069 0.070 0.072 0.073 0.071 0.078 
 43 COPE-0043    (0)   :  0.005 0.068 0.069 0.072 0.073 0.072 0.069 0.074 0.065 0.075 0.072 0.072 0.069 0.073 0.070 
 44 COPE-0044    (0)   :  0.010 0.062 0.072 0.079 0.066 0.068 0.060 0.065 0.061 0.082 0.077 0.075 0.077 0.073 0.074 
 45 COPE-0045    (0)   :  0.032 0.063 0.069 0.074 0.066 0.067 0.063 0.065 0.061 0.077 0.073 0.067 0.076 0.075 0.072 
 46 COPE-0046    (0)   :  0.690 0.022 0.022 0.022 0.023 0.022 0.023 0.021 0.021 0.022 0.023 0.022 0.022 0.021 0.022 
 47 COPE-0047    (0)   :  0.897 0.007 0.007 0.007 0.008 0.007 0.007 0.007 0.007 0.007 0.007 0.007 0.007 0.007 0.007 
 48 COPE-0048    (0)   :  0.006 0.072 0.066 0.079 0.067 0.069 0.072 0.075 0.061 0.066 0.069 0.070 0.072 0.075 0.081 
 49 COPE-0049    (0)   :  0.016 0.066 0.066 0.074 0.069 0.069 0.066 0.066 0.063 0.072 0.071 0.069 0.081 0.077 0.076 
 50 COPE-0050    (0)   :  0.007 0.068 0.071 0.074 0.074 0.070 0.070 0.066 0.062 0.075 0.072 0.070 0.075 0.069 0.076 
 51 COPE-0051    (0)   :  0.092 0.069 0.060 0.070 0.065 0.071 0.060 0.064 0.071 0.060 0.058 0.066 0.061 0.065 0.069 
 52 COPE-0052    (0)   :  0.010 0.072 0.080 0.057 0.063 0.072 0.067 0.083 0.073 0.070 0.101 0.090 0.050 0.062 0.049 
 53 COPE-0053    (0)   :  0.007 0.075 0.066 0.067 0.077 0.066 0.081 0.080 0.068 0.063 0.065 0.075 0.071 0.065 0.074 
 54 COPE-0054    (0)   :  0.005 0.082 0.078 0.063 0.074 0.063 0.097 0.066 0.090 0.061 0.049 0.058 0.070 0.069 0.076 
 55 COPE-0055    (0)   :  0.005 0.068 0.067 0.068 0.067 0.074 0.066 0.072 0.076 0.073 0.069 0.070 0.073 0.076 0.075 
 56 COPE-0056    (0)   :  0.014 0.065 0.066 0.072 0.066 0.074 0.067 0.067 0.067 0.075 0.074 0.066 0.076 0.078 0.074 
 57 COPE-0057    (0)   :  0.009 0.068 0.069 0.072 0.072 0.074 0.071 0.067 0.066 0.074 0.071 0.063 0.076 0.074 0.073 
 58 COPE-0058    (0)   :  0.009 0.071 0.069 0.072 0.072 0.069 0.072 0.069 0.073 0.073 0.065 0.064 0.073 0.072 0.075 
 59 COPE-0059    (0)   :  0.016 0.067 0.073 0.075 0.077 0.071 0.074 0.063 0.064 0.066 0.070 0.069 0.080 0.060 0.074 
 60 COPE-0060    (0)   :  0.006 0.069 0.070 0.072 0.075 0.078 0.069 0.073 0.067 0.073 0.072 0.069 0.065 0.070 0.071 
 61 COPE-0061    (0)   :  0.010 0.073 0.066 0.070 0.078 0.067 0.078 0.076 0.067 0.067 0.066 0.071 0.072 0.066 0.073 
 62 COPE-0062    (0)   :  0.008 0.076 0.080 0.060 0.065 0.074 0.072 0.078 0.081 0.065 0.087 0.080 0.055 0.063 0.057 
 63 COPE-0063    (0)   :  0.020 0.064 0.066 0.067 0.062 0.075 0.065 0.067 0.074 0.073 0.073 0.066 0.076 0.078 0.075 
 64 COPE-0064    (0)   :  0.008 0.071 0.069 0.072 0.072 0.069 0.066 0.068 0.069 0.074 0.072 0.075 0.074 0.070 0.070 
 65 COPE-0065    (0)   :  0.915 0.006 0.006 0.006 0.006 0.006 0.006 0.006 0.006 0.006 0.006 0.006 0.006 0.006 0.006 
 66 COPE-0066    (0)   :  0.016 0.071 0.068 0.076 0.068 0.076 0.068 0.069 0.064 0.068 0.068 0.067 0.070 0.072 0.076 
 67 COPE-0067   (14)   :  0.607 0.027 0.026 0.031 0.027 0.028 0.028 0.029 0.025 0.026 0.027 0.028 0.030 0.029 0.032 
 68 COPE-0068    (0)   :  0.012 0.070 0.071 0.072 0.075 0.073 0.071 0.066 0.062 0.070 0.070 0.069 0.075 0.067 0.077 
 69 COPE-0069   (14)   :  0.009 0.071 0.076 0.069 0.069 0.070 0.074 0.073 0.069 0.070 0.078 0.076 0.068 0.062 0.068 
 70 COPE-0070    (0)   :  0.011 0.072 0.069 0.072 0.071 0.071 0.064 0.069 0.072 0.072 0.069 0.072 0.071 0.074 0.072 
 71 COPE-0071    (0)   :  0.004 0.072 0.069 0.074 0.072 0.072 0.074 0.070 0.072 0.068 0.063 0.064 0.076 0.075 0.075 
 72 COPE-0072    (0)   :  0.006 0.068 0.075 0.073 0.070 0.073 0.069 0.070 0.064 0.074 0.076 0.074 0.069 0.067 0.071 
 73 COPE-0073   (14)   :  0.583 0.032 0.030 0.027 0.032 0.026 0.037 0.030 0.034 0.027 0.024 0.029 0.030 0.028 0.032 
 74 COPE-0074    (0)   :  0.008 0.071 0.068 0.076 0.070 0.068 0.073 0.072 0.067 0.070 0.068 0.066 0.071 0.074 0.077 
 75 COPE-0075    (0)   :  0.010 0.073 0.066 0.077 0.069 0.074 0.065 0.071 0.074 0.067 0.065 0.073 0.068 0.071 0.077 
 76 COPE-0076    (0)   :  0.006 0.073 0.073 0.066 0.070 0.072 0.072 0.070 0.073 0.070 0.072 0.069 0.072 0.072 0.070 
 77 COPE-0077   (14)   :  0.008 0.072 0.068 0.072 0.073 0.071 0.068 0.071 0.067 0.072 0.067 0.071 0.075 0.071 0.074 
 78 COPE-0078   (14)   :  0.008 0.072 0.074 0.069 0.068 0.067 0.076 0.070 0.078 0.069 0.066 0.072 0.069 0.073 0.070 
 79 COPE-0079    (0)   :  0.008 0.061 0.076 0.078 0.064 0.060 0.057 0.063 0.054 0.092 0.083 0.078 0.072 0.081 0.073 
 80 COPE-0080   (42)   :  0.762 0.017 0.017 0.017 0.017 0.017 0.017 0.017 0.017 0.017 0.017 0.017 0.017 0.017 0.017 
 81 COPE-0081   (14)   :  0.403 0.043 0.042 0.043 0.043 0.043 0.042 0.043 0.043 0.043 0.041 0.042 0.045 0.044 0.043 
 82 COPE-0082   (14)   :  0.043 0.070 0.064 0.070 0.067 0.071 0.065 0.065 0.070 0.068 0.067 0.065 0.072 0.072 0.071 
 83 COPE-0083   (14)   :  0.005 0.072 0.089 0.047 0.055 0.073 0.064 0.095 0.075 0.070 0.128 0.104 0.032 0.057 0.033 
 84 COPE-0084    (0)   :  0.180 0.061 0.051 0.056 0.064 0.056 0.065 0.066 0.056 0.052 0.052 0.064 0.060 0.058 0.062 
 85 COPE-0085    (0)   :  0.009 0.066 0.070 0.076 0.070 0.067 0.068 0.067 0.062 0.076 0.071 0.070 0.077 0.075 0.076 
 86 COPE-0086    (0)   :  0.016 0.069 0.065 0.073 0.073 0.071 0.073 0.070 0.071 0.066 0.064 0.066 0.075 0.074 0.073 
 87 COPE-0087   (14)   :  0.007 0.071 0.067 0.070 0.076 0.075 0.071 0.074 0.067 0.069 0.069 0.071 0.067 0.072 0.075 
 88 COPE-0088   (14)   :  0.022 0.070 0.069 0.070 0.073 0.071 0.067 0.070 0.068 0.073 0.070 0.071 0.067 0.070 0.071 
 89 COPE-0089   (14)   :  0.896 0.007 0.007 0.008 0.007 0.007 0.007 0.007 0.007 0.008 0.008 0.007 0.008 0.008 0.007 
 90 COPE-0090    (0)   :  0.008 0.072 0.067 0.070 0.073 0.072 0.064 0.070 0.075 0.071 0.068 0.071 0.073 0.075 0.072 
 91 COPE-0091   (14)   :  0.005 0.072 0.073 0.065 0.071 0.077 0.071 0.080 0.068 0.071 0.081 0.077 0.057 0.067 0.065 
 92 COPE-0092   (28)   :  0.734 0.018 0.019 0.020 0.019 0.019 0.018 0.018 0.016 0.020 0.020 0.019 0.020 0.020 0.021 
 93 COPE-0093    (0)   :  0.005 0.065 0.068 0.067 0.061 0.076 0.066 0.066 0.076 0.075 0.074 0.065 0.078 0.080 0.076 
 94 COPE-0094    (0)   :  0.023 0.058 0.076 0.079 0.061 0.059 0.053 0.062 0.051 0.094 0.082 0.078 0.074 0.079 0.071 
 95 COPE-0095    (0)   :  0.005 0.076 0.065 0.068 0.076 0.066 0.073 0.077 0.071 0.066 0.065 0.077 0.073 0.069 0.073 
 96 COPE-0096    (0)   :  0.009 0.072 0.069 0.069 0.074 0.075 0.068 0.071 0.072 0.071 0.072 0.078 0.065 0.069 0.065 
 97 COPE-0097    (0)   :  0.007 0.078 0.072 0.067 0.071 0.072 0.072 0.075 0.077 0.067 0.074 0.074 0.063 0.067 0.065 
 98 COPE-0098    (0)   :  0.009 0.076 0.068 0.066 0.068 0.066 0.059 0.070 0.078 0.075 0.075 0.080 0.071 0.074 0.064 
 99 COPE-0099    (0)   :  0.019 0.061 0.067 0.077 0.073 0.072 0.068 0.065 0.060 0.069 0.068 0.066 0.085 0.070 0.079 
100 COPE-0100    (0)   :  0.007 0.070 0.069 0.073 0.071 0.074 0.071 0.069 0.066 0.070 0.069 0.066 0.074 0.075 0.075 
101 COPE-0101    (0)   :  0.045 0.067 0.065 0.072 0.065 0.069 0.061 0.065 0.063 0.073 0.069 0.067 0.073 0.072 0.073 
102 COPE-0102    (0)   :  0.005 0.071 0.069 0.073 0.071 0.071 0.069 0.072 0.066 0.074 0.075 0.068 0.070 0.073 0.072 
103 COPE-0103    (0)   :  0.014 0.068 0.076 0.068 0.065 0.067 0.065 0.074 0.068 0.076 0.085 0.081 0.062 0.071 0.062 
104 COPE-0104   (14)   :  0.006 0.070 0.068 0.074 0.071 0.070 0.072 0.073 0.069 0.071 0.070 0.067 0.073 0.074 0.073 
105 COPE-0105    (0)   :  0.033 0.080 0.065 0.072 0.075 0.082 0.063 0.064 0.080 0.062 0.059 0.064 0.067 0.065 0.069 
106 COPE-0106    (0)   :  0.004 0.086 0.082 0.060 0.077 0.058 0.116 0.065 0.102 0.054 0.035 0.052 0.066 0.062 0.079 
107 COPE-0107    (0)   :  0.742 0.018 0.018 0.019 0.018 0.019 0.018 0.019 0.019 0.019 0.018 0.018 0.019 0.019 0.019 
108 COPE-0108    (0)   :  0.006 0.077 0.071 0.068 0.071 0.074 0.064 0.072 0.078 0.070 0.075 0.076 0.066 0.068 0.064 
109 COPE-0109    (0)   :  0.011 0.062 0.071 0.077 0.069 0.066 0.061 0.065 0.060 0.083 0.075 0.074 0.079 0.075 0.071 
110 COPE-0110   (14)   :  0.012 0.070 0.070 0.069 0.073 0.069 0.076 0.071 0.071 0.069 0.069 0.069 0.070 0.070 0.071 
111 COPE-0111    (0)   :  0.008 0.072 0.075 0.069 0.071 0.072 0.080 0.070 0.078 0.066 0.066 0.069 0.066 0.068 0.071 
112 COPE-0112   (14)   :  0.008 0.071 0.069 0.075 0.065 0.071 0.072 0.075 0.063 0.067 0.076 0.072 0.067 0.073 0.078 
113 COPE-0113    (0)   :  0.014 0.067 0.069 0.074 0.069 0.074 0.067 0.069 0.063 0.072 0.075 0.069 0.073 0.073 0.072 
114 COPE-0114    (0)   :  0.009 0.077 0.074 0.066 0.074 0.064 0.090 0.066 0.084 0.066 0.055 0.061 0.073 0.067 0.075 
115 COPE-0115    (0)   :  0.671 0.024 0.024 0.021 0.022 0.023 0.023 0.026 0.023 0.023 0.028 0.028 0.020 0.022 0.021 
116 COPE-0116   (28)   :  0.841 0.011 0.011 0.012 0.011 0.011 0.011 0.011 0.011 0.011 0.011 0.011 0.012 0.012 0.012 
117 COPE-0117    (0)   :  0.009 0.076 0.066 0.067 0.077 0.067 0.076 0.077 0.068 0.065 0.065 0.076 0.071 0.066 0.074 
118 COPE-0118    (0)   :  0.010 0.080 0.083 0.058 0.070 0.062 0.098 0.072 0.090 0.061 0.061 0.066 0.061 0.059 0.068 
119 COPE-0119    (0)   :  0.012 0.076 0.074 0.065 0.068 0.074 0.069 0.071 0.082 0.066 0.071 0.074 0.065 0.070 0.064 
120 COPE-0120    (0)   :  0.010 0.067 0.071 0.076 0.072 0.071 0.067 0.068 0.065 0.077 0.070 0.070 0.076 0.069 0.073 
121 COPE-0121    (0)   :  0.042 0.065 0.071 0.069 0.070 0.072 0.067 0.067 0.066 0.067 0.071 0.076 0.067 0.065 0.065 
122 COPE-0122    (0)   :  0.007 0.068 0.071 0.076 0.074 0.078 0.066 0.068 0.066 0.073 0.071 0.068 0.067 0.074 0.073 
123 COPE-0123    (0)   :  0.017 0.064 0.068 0.077 0.071 0.071 0.066 0.068 0.065 0.072 0.070 0.068 0.074 0.075 0.074 
124 COPE-0124    (0)   :  0.011 0.065 0.068 0.076 0.073 0.073 0.066 0.071 0.066 0.072 0.070 0.066 0.073 0.074 0.074 
125 COPE-0125    (0)   :  0.006 0.079 0.072 0.068 0.076 0.066 0.083 0.070 0.079 0.067 0.055 0.060 0.074 0.072 0.074 
126 COPE-0126    (0)   :  0.011 0.077 0.064 0.066 0.078 0.066 0.075 0.077 0.070 0.063 0.064 0.077 0.073 0.065 0.073 
127 COPE-0127   (14)   :  0.006 0.076 0.069 0.071 0.074 0.073 0.070 0.070 0.074 0.069 0.066 0.068 0.072 0.070 0.072 
128 COPE-0128    (0)   :  0.014 0.066 0.068 0.074 0.072 0.070 0.070 0.071 0.066 0.071 0.069 0.065 0.076 0.074 0.074 
129 COPE-0129    (0)   :  0.006 0.067 0.072 0.075 0.072 0.068 0.067 0.066 0.062 0.080 0.076 0.068 0.070 0.078 0.074 
130 COPE-0130    (0)   :  0.013 0.071 0.069 0.071 0.075 0.071 0.068 0.067 0.066 0.070 0.071 0.070 0.075 0.069 0.075 
131 COPE-0131   (14)   :  0.007 0.070 0.084 0.059 0.062 0.074 0.066 0.083 0.073 0.069 0.106 0.089 0.049 0.061 0.048 
132 COPE-0132   (14)   :  0.030 0.072 0.074 0.071 0.069 0.067 0.082 0.078 0.080 0.064 0.058 0.063 0.066 0.064 0.063 
133 COPE-0133    (0)   :  0.008 0.072 0.064 0.067 0.076 0.068 0.077 0.079 0.066 0.065 0.065 0.077 0.072 0.069 0.074 
134 COPE-0134    (0)   :  0.007 0.068 0.072 0.072 0.072 0.076 0.070 0.069 0.070 0.074 0.069 0.064 0.069 0.076 0.073 
135 COPE-0135    (0)   :  0.007 0.066 0.066 0.075 0.069 0.076 0.065 0.070 0.068 0.074 0.072 0.066 0.076 0.075 0.075 
136 COPE-0136    (0)   :  0.816 0.013 0.013 0.013 0.013 0.013 0.013 0.013 0.013 0.013 0.013 0.013 0.013 0.013 0.013 
137 COPE-0137    (0)   :  0.010 0.069 0.069 0.074 0.071 0.075 0.072 0.069 0.065 0.072 0.070 0.063 0.073 0.074 0.075 
138 COPE-0138   (14)   :  0.872 0.009 0.009 0.009 0.009 0.009 0.010 0.009 0.010 0.009 0.008 0.008 0.009 0.009 0.009 
139 COPE-0139    (0)   :  0.006 0.064 0.069 0.076 0.072 0.072 0.071 0.066 0.059 0.070 0.068 0.065 0.083 0.077 0.082 
140 COPE-0140   (14)   :  0.683 0.021 0.022 0.024 0.023 0.023 0.023 0.023 0.021 0.022 0.023 0.022 0.024 0.024 0.024 
141 COPE-0141    (0)   :  0.008 0.066 0.067 0.070 0.066 0.074 0.065 0.066 0.072 0.074 0.073 0.067 0.078 0.079 0.076 
142 COPE-0142    (0)   :  0.009 0.071 0.072 0.069 0.069 0.073 0.069 0.066 0.073 0.072 0.069 0.066 0.075 0.076 0.072 
143 COPE-0143    (0)   :  0.008 0.071 0.067 0.070 0.072 0.069 0.072 0.073 0.068 0.070 0.068 0.073 0.074 0.072 0.073 
144 COPE-0144   (14)   :  0.071 0.060 0.064 0.073 0.066 0.068 0.062 0.065 0.056 0.069 0.068 0.066 0.075 0.067 0.070 
145 COPE-0145   (14)   :  0.185 0.046 0.053 0.064 0.055 0.059 0.055 0.054 0.045 0.054 0.055 0.054 0.080 0.069 0.071 
146 COPE-0146   (14)   :  0.025 0.074 0.064 0.069 0.073 0.069 0.066 0.070 0.071 0.067 0.065 0.070 0.074 0.072 0.069 
147 COPE-0147    (0)   :  0.070 0.061 0.065 0.071 0.066 0.065 0.059 0.065 0.061 0.075 0.069 0.066 0.071 0.070 0.068 
148 COPE-0148    (0)   :  0.008 0.073 0.067 0.068 0.075 0.068 0.077 0.077 0.070 0.066 0.064 0.075 0.072 0.068 0.073 
149 COPE-0149    (0)   :  0.006 0.072 0.071 0.072 0.076 0.075 0.072 0.070 0.064 0.075 0.072 0.066 0.070 0.070 0.070 
150 COPE-0150    (0)   :  0.007 0.070 0.066 0.080 0.065 0.069 0.073 0.076 0.060 0.065 0.070 0.070 0.070 0.075 0.084 
151 COPE-0151    (0)   :  0.006 0.068 0.066 0.074 0.073 0.070 0.072 0.070 0.064 0.068 0.069 0.069 0.080 0.075 0.077 
152 COPE-0152   (14)   :  0.122 0.060 0.061 0.063 0.060 0.066 0.057 0.059 0.063 0.064 0.062 0.062 0.066 0.069 0.065 
153 COPE-0153    (0)   :  0.006 0.070 0.073 0.070 0.069 0.070 0.065 0.070 0.070 0.075 0.075 0.075 0.071 0.073 0.068 
154 COPE-0154    (0)   :  0.006 0.073 0.070 0.070 0.075 0.070 0.075 0.068 0.071 0.068 0.068 0.067 0.074 0.071 0.073 
155 COPE-0155    (0)   :  0.005 0.067 0.069 0.074 0.074 0.072 0.073 0.070 0.067 0.071 0.070 0.064 0.076 0.075 0.073 
156 COPE-0156   (14)   :  0.871 0.009 0.009 0.009 0.009 0.009 0.009 0.009 0.009 0.009 0.009 0.009 0.009 0.009 0.009 
157 COPE-0157   (14)   :  0.210 0.052 0.054 0.059 0.052 0.057 0.050 0.054 0.054 0.057 0.057 0.058 0.065 0.061 0.061 
158 COPE-0158    (0)   :  0.009 0.071 0.065 0.069 0.079 0.071 0.075 0.073 0.066 0.073 0.068 0.074 0.070 0.066 0.070 
159 COPE-0159    (0)   :  0.007 0.072 0.070 0.071 0.071 0.068 0.069 0.073 0.073 0.074 0.067 0.072 0.073 0.070 0.070 
160 COPE-0160    (0)   :  0.006 0.070 0.070 0.072 0.069 0.071 0.068 0.067 0.069 0.073 0.071 0.071 0.074 0.074 0.074 
161 COPE-0161    (0)   :  0.012 0.067 0.071 0.072 0.068 0.071 0.066 0.071 0.064 0.077 0.080 0.071 0.068 0.073 0.070 
162 COPE-0162   (14)   :  0.899 0.007 0.007 0.007 0.007 0.007 0.007 0.007 0.007 0.007 0.007 0.007 0.007 0.007 0.007 
163 COPE-0163   (28)   :  0.832 0.012 0.012 0.012 0.012 0.012 0.012 0.012 0.012 0.012 0.012 0.012 0.012 0.012 0.012 
164 COPE-0164    (0)   :  0.022 0.071 0.065 0.073 0.075 0.071 0.066 0.068 0.070 0.069 0.066 0.066 0.074 0.075 0.070 
165 COPE-0165    (0)   :  0.008 0.069 0.069 0.074 0.073 0.071 0.070 0.070 0.066 0.074 0.071 0.068 0.075 0.069 0.073 
166 COPE-0166   (14)   :  0.008 0.067 0.072 0.073 0.073 0.076 0.069 0.069 0.070 0.072 0.070 0.066 0.067 0.074 0.073 
167 COPE-0167    (0)   :  0.008 0.071 0.073 0.072 0.070 0.066 0.077 0.066 0.075 0.069 0.065 0.069 0.071 0.074 0.074 
168 COPE-0168    (0)   :  0.005 0.072 0.065 0.069 0.076 0.070 0.070 0.074 0.070 0.073 0.068 0.075 0.072 0.069 0.070 
169 COPE-0169    (0)   :  0.009 0.069 0.073 0.073 0.073 0.076 0.071 0.065 0.064 0.071 0.072 0.069 0.075 0.068 0.073 
170 COPE-0170    (0)   :  0.021 0.063 0.070 0.069 0.063 0.071 0.065 0.072 0.068 0.071 0.078 0.070 0.074 0.073 0.070 
171 COPE-0171    (0)   :  0.007 0.069 0.067 0.070 0.073 0.070 0.071 0.073 0.070 0.071 0.066 0.072 0.077 0.072 0.074 
172 COPE-0172    (0)   :  0.007 0.074 0.069 0.071 0.072 0.073 0.066 0.070 0.073 0.070 0.068 0.071 0.073 0.073 0.070 
173 COPE-0173   (14)   :  0.049 0.063 0.071 0.074 0.072 0.071 0.070 0.061 0.061 0.067 0.070 0.066 0.074 0.060 0.072 
174 COPE-0174   (28)   :  0.012 0.068 0.068 0.074 0.071 0.072 0.067 0.071 0.067 0.069 0.070 0.072 0.074 0.073 0.073 
175 COPE-0175    (0)   :  0.037 0.068 0.065 0.067 0.071 0.066 0.065 0.067 0.068 0.070 0.066 0.073 0.073 0.074 0.070 
176 COPE-0176    (0)   :  0.008 0.072 0.075 0.068 0.067 0.065 0.078 0.066 0.080 0.072 0.065 0.067 0.073 0.071 0.073 
177 COPE-0177    (0)   :  0.007 0.069 0.071 0.074 0.077 0.075 0.071 0.068 0.067 0.074 0.073 0.065 0.073 0.069 0.068 
178 COPE-0178    (0)   :  0.007 0.087 0.080 0.060 0.077 0.055 0.115 0.066 0.102 0.056 0.035 0.051 0.067 0.063 0.079 
179 COPE-0179    (0)   :  0.009 0.068 0.069 0.074 0.071 0.072 0.069 0.068 0.066 0.072 0.071 0.065 0.077 0.075 0.074 
180 COPE-0180   (14)   :  0.006 0.069 0.074 0.076 0.075 0.075 0.072 0.065 0.063 0.072 0.074 0.068 0.075 0.064 0.071 
181 COPE-0181   (14)   :  0.008 0.069 0.072 0.074 0.073 0.073 0.071 0.068 0.064 0.076 0.073 0.063 0.074 0.073 0.069 
182 COPE-0182    (0)   :  0.005 0.080 0.064 0.068 0.078 0.076 0.063 0.068 0.083 0.067 0.065 0.075 0.069 0.071 0.067 
183 COPE-0183    (0)   :  0.010 0.072 0.067 0.073 0.074 0.072 0.065 0.069 0.073 0.070 0.068 0.069 0.074 0.073 0.070 
184 COPE-0184    (0)   :  0.009 0.070 0.072 0.070 0.071 0.070 0.070 0.069 0.078 0.072 0.068 0.072 0.067 0.073 0.069 
185 COPE-0185    (0)   :  0.006 0.074 0.069 0.071 0.069 0.072 0.065 0.073 0.075 0.072 0.070 0.074 0.070 0.073 0.068 
186 COPE-0186    (0)   :  0.005 0.074 0.084 0.053 0.059 0.074 0.064 0.090 0.077 0.070 0.113 0.096 0.041 0.059 0.041 
187 COPE-0187    (0)   :  0.009 0.073 0.066 0.073 0.067 0.077 0.066 0.068 0.076 0.071 0.069 0.070 0.070 0.072 0.074 
188 COPE-0188    (0)   :  0.619 0.026 0.026 0.030 0.025 0.027 0.027 0.029 0.024 0.026 0.027 0.028 0.027 0.028 0.031 
189 COPE-0189    (0)   :  0.007 0.071 0.072 0.073 0.069 0.075 0.072 0.071 0.063 0.072 0.073 0.068 0.071 0.071 0.074 
190 COPE-0190    (0)   :  0.012 0.062 0.073 0.079 0.066 0.067 0.059 0.066 0.059 0.085 0.077 0.073 0.076 0.076 0.072 
191 COPE-0191    (0)   :  0.010 0.067 0.077 0.066 0.068 0.071 0.068 0.077 0.068 0.074 0.090 0.079 0.060 0.067 0.058 
192 COPE-0192   (14)   :  0.856 0.010 0.011 0.009 0.009 0.010 0.010 0.012 0.010 0.010 0.013 0.012 0.008 0.010 0.008 
193 COPE-0193    (0)   :  0.005 0.075 0.067 0.070 0.077 0.069 0.074 0.071 0.075 0.067 0.063 0.072 0.071 0.071 0.072 
194 COPE-0194    (0)   :  0.008 0.069 0.067 0.076 0.069 0.075 0.070 0.071 0.066 0.068 0.067 0.069 0.072 0.075 0.077 
195 COPE-0195    (0)   :  0.006 0.069 0.067 0.076 0.070 0.071 0.069 0.071 0.065 0.070 0.070 0.070 0.073 0.075 0.078 
196 COPE-0196    (0)   :  0.010 0.067 0.072 0.074 0.070 0.071 0.066 0.072 0.068 0.075 0.074 0.070 0.072 0.070 0.070 
197 COPE-0197    (0)   :  0.007 0.066 0.072 0.075 0.075 0.074 0.072 0.069 0.065 0.074 0.072 0.067 0.072 0.068 0.072 
198 COPE-0198    (0)   :  0.011 0.071 0.075 0.075 0.075 0.069 0.075 0.071 0.072 0.069 0.072 0.067 0.072 0.059 0.067 
199 COPE-0199    (0)   :  0.012 0.068 0.070 0.077 0.072 0.073 0.073 0.068 0.064 0.072 0.075 0.066 0.074 0.068 0.067 
200 COPE-0200   (42)   :  0.009 0.069 0.070 0.073 0.076 0.070 0.071 0.068 0.064 0.074 0.073 0.067 0.075 0.070 0.071 
201 COPE-0201    (0)   :  0.008 0.073 0.071 0.067 0.069 0.074 0.066 0.072 0.076 0.069 0.075 0.075 0.069 0.068 0.068 
202 COPE-0202    (0)   :  0.011 0.063 0.075 0.076 0.063 0.064 0.058 0.064 0.060 0.089 0.079 0.078 0.075 0.077 0.069 
203 COPE-0203    (0)   :  0.006 0.072 0.071 0.072 0.072 0.071 0.073 0.075 0.074 0.071 0.066 0.067 0.072 0.069 0.069 
204 COPE-0204    (0)   :  0.025 0.081 0.073 0.066 0.075 0.062 0.092 0.067 0.089 0.060 0.046 0.056 0.068 0.067 0.074 
205 COPE-0205    (0)   :  0.018 0.073 0.064 0.070 0.074 0.069 0.068 0.072 0.071 0.068 0.065 0.072 0.072 0.073 0.069 
206 COPE-0206    (0)   :  0.005 0.071 0.072 0.070 0.071 0.069 0.082 0.071 0.078 0.064 0.062 0.068 0.072 0.070 0.075 
207 COPE-0207    (0)   :  0.011 0.074 0.075 0.068 0.069 0.069 0.086 0.075 0.086 0.064 0.059 0.065 0.067 0.065 0.066 
208 COPE-0208    (0)   :  0.608 0.027 0.026 0.029 0.028 0.028 0.027 0.026 0.026 0.029 0.028 0.028 0.031 0.031 0.029 
209 COPE-0209    (0)   :  0.006 0.070 0.071 0.072 0.069 0.073 0.072 0.071 0.066 0.071 0.073 0.071 0.073 0.068 0.073 
210 COPE-0210    (0)   :  0.008 0.071 0.065 0.072 0.074 0.069 0.075 0.075 0.065 0.069 0.069 0.076 0.069 0.068 0.075 
211 COPE-0211    (0)   :  0.004 0.071 0.067 0.079 0.066 0.069 0.074 0.076 0.061 0.066 0.070 0.070 0.072 0.073 0.083 
212 COPE-0212    (0)   :  0.011 0.074 0.074 0.071 0.070 0.069 0.081 0.077 0.082 0.065 0.059 0.066 0.069 0.066 0.066 
213 COPE-0213    (0)   :  0.008 0.073 0.070 0.073 0.072 0.069 0.074 0.069 0.076 0.069 0.065 0.066 0.074 0.069 0.074 
214 COPE-0214    (0)   :  0.008 0.068 0.077 0.078 0.077 0.074 0.075 0.062 0.063 0.067 0.074 0.072 0.076 0.056 0.074 
215 COPE-0215    (0)   :  0.059 0.065 0.070 0.072 0.071 0.071 0.067 0.060 0.059 0.067 0.069 0.066 0.072 0.061 0.070 
216 COPE-0216   (14)   :  0.321 0.048 0.047 0.048 0.050 0.050 0.048 0.050 0.047 0.048 0.048 0.049 0.048 0.049 0.048 
217 COPE-0217    (0)   :  0.025 0.072 0.074 0.067 0.072 0.068 0.086 0.068 0.079 0.062 0.056 0.063 0.070 0.066 0.071 
218 COPE-0218    (0)   :  0.008 0.071 0.070 0.073 0.074 0.070 0.071 0.073 0.068 0.071 0.070 0.069 0.073 0.068 0.070 
219 COPE-0219   (14)   :  0.008 0.068 0.071 0.073 0.075 0.072 0.071 0.068 0.066 0.073 0.071 0.071 0.074 0.065 0.073 
220 COPE-0220    (0)   :  0.012 0.078 0.076 0.066 0.074 0.067 0.092 0.066 0.087 0.060 0.051 0.060 0.070 0.066 0.075 
221 COPE-0221    (0)   :  0.016 0.067 0.068 0.072 0.068 0.071 0.069 0.076 0.074 0.072 0.070 0.066 0.072 0.069 0.072 
222 COPE-0222    (0)   :  0.006 0.076 0.067 0.066 0.073 0.068 0.069 0.075 0.074 0.068 0.068 0.078 0.074 0.069 0.071 
223 COPE-0223    (0)   :  0.006 0.067 0.071 0.074 0.076 0.080 0.066 0.066 0.062 0.074 0.073 0.064 0.073 0.073 0.072 
224 COPE-0224    (0)   :  0.019 0.062 0.076 0.075 0.062 0.058 0.058 0.063 0.056 0.089 0.081 0.080 0.071 0.078 0.071 
225 COPE-0225    (0)   :  0.012 0.068 0.077 0.078 0.077 0.074 0.076 0.061 0.063 0.067 0.073 0.071 0.076 0.055 0.073 
226 COPE-0226    (0)   :  0.006 0.070 0.070 0.071 0.070 0.070 0.072 0.070 0.071 0.072 0.069 0.069 0.075 0.071 0.073 
227 COPE-0227    (0)   :  0.005 0.072 0.074 0.071 0.073 0.070 0.072 0.068 0.071 0.070 0.073 0.075 0.072 0.065 0.069 
228 COPE-0228    (0)   :  0.015 0.071 0.071 0.069 0.073 0.067 0.085 0.068 0.074 0.065 0.059 0.061 0.075 0.072 0.073 
229 COPE-0229    (0)   :  0.006 0.073 0.070 0.071 0.075 0.068 0.075 0.069 0.071 0.073 0.065 0.066 0.074 0.070 0.073 
230 COPE-0230    (0)   :  0.009 0.076 0.073 0.067 0.074 0.065 0.081 0.068 0.078 0.070 0.059 0.060 0.074 0.074 0.071 
231 COPE-0231    (0)   :  0.006 0.068 0.069 0.074 0.076 0.070 0.075 0.071 0.070 0.072 0.069 0.065 0.073 0.072 0.071 
232 COPE-0232    (0)   :  0.015 0.067 0.073 0.076 0.067 0.065 0.066 0.066 0.066 0.081 0.071 0.070 0.072 0.072 0.073 
233 COPE-0233    (0)   :  0.005 0.078 0.066 0.068 0.073 0.066 0.063 0.071 0.078 0.071 0.068 0.077 0.074 0.076 0.066 
234 COPE-0234    (0)   :  0.008 0.063 0.069 0.077 0.070 0.070 0.065 0.066 0.065 0.074 0.071 0.072 0.077 0.077 0.076 
235 COPE-0235    (0)   :  0.006 0.069 0.070 0.076 0.075 0.080 0.065 0.068 0.067 0.073 0.072 0.066 0.069 0.073 0.072 
236 COPE-0236    (0)   :  0.005 0.085 0.078 0.062 0.079 0.060 0.096 0.070 0.088 0.064 0.047 0.057 0.069 0.069 0.072 
237 COPE-0237    (0)   :  0.006 0.074 0.073 0.069 0.071 0.068 0.068 0.072 0.076 0.070 0.074 0.078 0.069 0.068 0.065 
238 COPE-0238    (0)   :  0.009 0.067 0.069 0.075 0.079 0.072 0.074 0.069 0.064 0.077 0.074 0.063 0.073 0.068 0.066 
239 COPE-0239    (0)   :  0.038 0.067 0.069 0.069 0.069 0.070 0.064 0.068 0.064 0.074 0.072 0.070 0.068 0.071 0.069 
240 COPE-0240    (0)   :  0.008 0.074 0.064 0.067 0.077 0.070 0.071 0.074 0.071 0.071 0.067 0.078 0.069 0.069 0.070 
241 COPE-0241    (0)   :  0.006 0.070 0.072 0.074 0.072 0.078 0.072 0.066 0.062 0.074 0.073 0.063 0.073 0.071 0.072 
242 COPE-0242    (0)   :  0.006 0.075 0.076 0.067 0.070 0.073 0.074 0.070 0.081 0.065 0.070 0.071 0.065 0.070 0.068 
243 COPE-0243    (0)   :  0.007 0.075 0.068 0.076 0.072 0.082 0.063 0.067 0.075 0.068 0.068 0.069 0.066 0.072 0.072 
244 COPE-0244    (0)   :  0.008 0.071 0.069 0.074 0.073 0.076 0.068 0.066 0.069 0.070 0.069 0.069 0.074 0.070 0.074 
245 COPE-0245    (0)   :  0.010 0.073 0.066 0.074 0.072 0.076 0.066 0.071 0.074 0.067 0.065 0.073 0.069 0.071 0.074 
246 COPE-0246    (0)   :  0.012 0.067 0.072 0.073 0.070 0.071 0.064 0.072 0.068 0.075 0.075 0.075 0.068 0.071 0.067 
247 COPE-0247    (0)   :  0.014 0.072 0.069 0.070 0.072 0.070 0.066 0.075 0.072 0.070 0.067 0.069 0.074 0.068 0.073 
248 COPE-0248    (0)   :  0.005 0.074 0.066 0.070 0.075 0.073 0.069 0.070 0.077 0.067 0.066 0.074 0.072 0.071 0.071 
249 COPE-0249    (0)   :  0.023 0.063 0.071 0.077 0.069 0.067 0.065 0.064 0.058 0.078 0.073 0.072 0.074 0.070 0.074 
250 COPE-0250    (0)   :  0.017 0.065 0.073 0.074 0.071 0.068 0.072 0.067 0.071 0.073 0.068 0.067 0.069 0.074 0.070 
251 COPE-0251   (14)   :  0.612 0.028 0.027 0.028 0.027 0.028 0.025 0.028 0.030 0.028 0.027 0.029 0.028 0.028 0.027 
252 COPE-0252    (0)   :  0.010 0.063 0.074 0.076 0.066 0.067 0.061 0.068 0.061 0.086 0.075 0.074 0.072 0.077 0.071 
253 COPE-0253    (0)   :  0.007 0.067 0.068 0.067 0.065 0.075 0.066 0.070 0.073 0.073 0.075 0.069 0.075 0.076 0.074 
254 COPE-0254    (0)   :  0.015 0.081 0.066 0.072 0.075 0.078 0.065 0.067 0.084 0.065 0.061 0.066 0.069 0.067 0.069 
255 COPE-0255    (0)   :  0.019 0.071 0.068 0.074 0.071 0.072 0.068 0.070 0.070 0.070 0.069 0.066 0.074 0.065 0.072 
256 COPE-0256    (0)   :  0.009 0.074 0.064 0.067 0.079 0.068 0.078 0.074 0.074 0.068 0.061 0.075 0.070 0.068 0.072 
257 COPE-0257    (0)   :  0.007 0.072 0.087 0.050 0.057 0.074 0.065 0.092 0.075 0.070 0.121 0.099 0.036 0.059 0.037 
258 COPE-0258    (0)   :  0.012 0.069 0.072 0.070 0.068 0.072 0.067 0.073 0.067 0.067 0.078 0.077 0.069 0.068 0.070 
259 COPE-0259    (0)   :  0.005 0.075 0.069 0.072 0.074 0.066 0.075 0.072 0.074 0.070 0.063 0.067 0.073 0.072 0.072 
260 COPE-0260    (0)   :  0.021 0.067 0.069 0.074 0.075 0.073 0.069 0.068 0.066 0.073 0.072 0.066 0.072 0.067 0.068 
261 COPE-0261    (0)   :  0.006 0.085 0.069 0.070 0.077 0.074 0.075 0.070 0.089 0.063 0.055 0.062 0.067 0.068 0.070 
262 COPE-0262    (0)   :  0.016 0.071 0.062 0.072 0.075 0.072 0.073 0.075 0.071 0.065 0.064 0.069 0.072 0.072 0.072 
263 COPE-0263    (0)   :  0.007 0.074 0.070 0.068 0.070 0.071 0.065 0.074 0.074 0.073 0.075 0.079 0.067 0.071 0.062 
264 COPE-0264    (0)   :  0.016 0.071 0.080 0.059 0.062 0.071 0.071 0.081 0.073 0.067 0.097 0.085 0.051 0.064 0.051 
265 COPE-0265    (0)   :  0.010 0.074 0.068 0.070 0.072 0.073 0.069 0.070 0.072 0.069 0.067 0.068 0.074 0.071 0.073 
266 COPE-0266    (0)   :  0.017 0.070 0.070 0.071 0.071 0.070 0.076 0.067 0.077 0.066 0.061 0.063 0.074 0.072 0.075 
267 COPE-0267    (0)   :  0.006 0.074 0.069 0.068 0.069 0.067 0.068 0.072 0.078 0.071 0.068 0.076 0.070 0.077 0.067 
268 COPE-0268    (0)   :  0.013 0.076 0.066 0.066 0.070 0.066 0.063 0.071 0.081 0.071 0.069 0.079 0.070 0.077 0.062 
269 COPE-0269    (0)   :  0.006 0.069 0.074 0.069 0.070 0.076 0.068 0.076 0.067 0.072 0.078 0.076 0.064 0.069 0.067 
270 COPE-0270    (0)   :  0.006 0.071 0.068 0.079 0.066 0.071 0.073 0.075 0.060 0.066 0.071 0.070 0.068 0.073 0.082 
271 COPE-0271    (0)   :  0.007 0.069 0.074 0.071 0.073 0.082 0.067 0.073 0.066 0.074 0.076 0.069 0.062 0.070 0.069 
272 COPE-0272    (0)   :  0.007 0.068 0.068 0.073 0.068 0.073 0.070 0.068 0.070 0.074 0.072 0.067 0.075 0.075 0.074 
273 COPE-0273    (0)   :  0.015 0.073 0.073 0.071 0.069 0.068 0.081 0.077 0.083 0.066 0.058 0.065 0.069 0.067 0.065 
274 COPE-0274   (14)   :  0.658 0.024 0.023 0.027 0.023 0.024 0.025 0.026 0.021 0.022 0.024 0.025 0.025 0.025 0.029 
275 COPE-0275    (0)   :  0.009 0.066 0.072 0.076 0.071 0.070 0.071 0.069 0.066 0.069 0.070 0.068 0.074 0.072 0.076 
276 COPE-0276   (14)   :  0.907 0.007 0.007 0.007 0.007 0.007 0.007 0.007 0.007 0.007 0.007 0.007 0.007 0.007 0.007 
277 COPE-0277   (14)   :  0.013 0.077 0.068 0.064 0.079 0.067 0.082 0.075 0.073 0.067 0.062 0.072 0.067 0.067 0.068 
278 COPE-0278    (0)   :  0.007 0.083 0.080 0.062 0.077 0.061 0.110 0.063 0.098 0.055 0.040 0.054 0.068 0.064 0.079 
279 COPE-0279    (0)   :  0.009 0.074 0.071 0.071 0.073 0.068 0.078 0.069 0.079 0.069 0.060 0.064 0.070 0.070 0.075 
280 COPE-0280    (0)   :  0.836 0.012 0.012 0.012 0.012 0.012 0.012 0.012 0.012 0.012 0.012 0.012 0.012 0.012 0.012 
281 COPE-0281    (0)   :  0.569 0.029 0.031 0.032 0.032 0.032 0.030 0.028 0.025 0.031 0.030 0.030 0.035 0.031 0.034 
282 COPE-0282   (14)   :  0.006 0.062 0.078 0.077 0.061 0.058 0.058 0.062 0.054 0.093 0.083 0.080 0.073 0.081 0.072 
283 COPE-0283    (0)   :  0.007 0.075 0.075 0.067 0.072 0.067 0.088 0.069 0.085 0.061 0.057 0.064 0.071 0.068 0.075 
284 COPE-0284   (14)   :  0.029 0.064 0.067 0.074 0.070 0.075 0.068 0.065 0.062 0.070 0.069 0.064 0.076 0.074 0.074 
285 COPE-0285    (0)   :  0.630 0.026 0.027 0.026 0.026 0.027 0.027 0.027 0.025 0.027 0.028 0.027 0.026 0.026 0.026 
286 COPE-0286    (0)   :  0.008 0.065 0.066 0.076 0.066 0.071 0.068 0.068 0.058 0.066 0.069 0.071 0.083 0.080 0.087 
287 COPE-0287    (0)   :  0.025 0.075 0.065 0.066 0.067 0.064 0.060 0.070 0.080 0.070 0.070 0.082 0.069 0.076 0.061 
288 COPE-0288    (0)   :  0.010 0.069 0.069 0.073 0.070 0.070 0.070 0.077 0.074 0.073 0.068 0.066 0.072 0.070 0.070 
289 COPE-0289    (0)   :  0.007 0.074 0.071 0.068 0.071 0.072 0.071 0.074 0.069 0.070 0.073 0.072 0.070 0.069 0.070 
290 COPE-0290    (0)   :  0.007 0.071 0.069 0.078 0.067 0.074 0.072 0.072 0.061 0.067 0.070 0.068 0.070 0.072 0.082 
291 COPE-0291    (0)   :  0.005 0.070 0.076 0.065 0.066 0.072 0.071 0.077 0.068 0.071 0.084 0.079 0.063 0.068 0.065 
292 COPE-0292   (42)   :  0.793 0.014 0.014 0.015 0.015 0.015 0.015 0.014 0.014 0.015 0.015 0.014 0.015 0.015 0.015 
293 COPE-0293    (0)   :  0.008 0.073 0.068 0.068 0.068 0.074 0.066 0.068 0.075 0.070 0.069 0.066 0.078 0.075 0.073 
294 COPE-0294    (0)   :  0.011 0.066 0.067 0.075 0.073 0.070 0.067 0.068 0.066 0.073 0.070 0.067 0.078 0.076 0.072 
295 COPE-0295    (0)   :  0.007 0.070 0.073 0.070 0.072 0.068 0.073 0.071 0.073 0.072 0.069 0.071 0.068 0.074 0.070 
296 COPE-0296   (14)   :  0.006 0.072 0.070 0.075 0.071 0.069 0.073 0.077 0.073 0.070 0.064 0.067 0.073 0.069 0.070 
297 COPE-0297   (14)   :  0.033 0.065 0.070 0.073 0.071 0.072 0.071 0.064 0.060 0.068 0.070 0.066 0.077 0.065 0.074 
298 COPE-0298    (0)   :  0.008 0.067 0.069 0.074 0.066 0.071 0.064 0.066 0.069 0.077 0.074 0.068 0.077 0.077 0.072 
299 COPE-0299    (0)   :  0.006 0.077 0.067 0.074 0.072 0.082 0.066 0.067 0.075 0.067 0.068 0.068 0.070 0.071 0.071 
300 COPE-0300   (14)   :  0.007 0.074 0.065 0.068 0.074 0.067 0.068 0.072 0.074 0.072 0.070 0.080 0.070 0.072 0.067 
301 COPE-0301   (14)   :  0.008 0.065 0.067 0.066 0.061 0.076 0.064 0.068 0.076 0.074 0.076 0.069 0.077 0.078 0.075 
302 COPE-0302    (0)   :  0.121 0.066 0.064 0.060 0.064 0.063 0.067 0.068 0.060 0.060 0.064 0.066 0.060 0.057 0.061 
303 COPE-0303    (0)   :  0.006 0.083 0.077 0.066 0.077 0.058 0.099 0.067 0.091 0.065 0.046 0.055 0.068 0.066 0.077 
