

----------------------------------------------------
STRUCTURE by Pritchard, Stephens and Donnelly (2000)
     and Falush, Stephens and Pritchard (2003)
       Code by Pritchard, Falush and Hubisz
             Version 2.3.4 (Jul 2012)
----------------------------------------------------



Command line arguments:   /home/jason/Programs/structure -K 13 -i ../Data/microsats.structure -m Structure_Run/mainparams -e Structure_Run/extraparams -D 58373488 -o ../Structure_Results/08_K_13.out 
Input File:    ../Data/microsats.structure

Run parameters:
   384 individuals
   7 loci
   13 populations assumed
   1000000 Burn-in period
   10000000 Reps
RANDOMIZE turned off


--------------------------------------------
Overall proportion of membership of the
sample in each of the 13 clusters

Inferred Clusters
  1      2      3      4      5      6      7      8      9     10     11     12     13    
0.105  0.075  0.075  0.075  0.075  0.075  0.075  0.074  0.074  0.074  0.075  0.075  0.075  

--------------------------------------------

Allele-freq. divergence among pops (Net nucleotide distance),
computed using point estimates of P.

      1       2       3       4       5       6       7       8       9      10      11      12      13      
 1      -    0.1728  0.1732  0.1726  0.1722  0.1720  0.1730  0.1743  0.1726  0.1724  0.1723  0.1731  0.1696  
 2   0.1728     -    0.0001  0.0001  0.0000  0.0001  0.0001  0.0002  0.0000  0.0001  0.0001  0.0001  0.0002  
 3   0.1732  0.0001     -    0.0001  0.0000  0.0001  0.0000  0.0001  0.0001  0.0001  0.0001  0.0001  0.0001  
 4   0.1726  0.0001  0.0001     -    0.0000  0.0001  0.0001  0.0002  0.0001  0.0002  0.0000  0.0000  0.0001  
 5   0.1722  0.0000  0.0000  0.0000     -    0.0001  0.0001  0.0001  0.0001  0.0001  0.0001  0.0000  0.0001  
 6   0.1720  0.0001  0.0001  0.0001  0.0001     -    0.0001  0.0003  0.0000  0.0000  0.0001  0.0001  0.0002  
 7   0.1730  0.0001  0.0000  0.0001  0.0001  0.0001     -    0.0002  0.0001  0.0001  0.0001  0.0001  0.0001  
 8   0.1743  0.0002  0.0001  0.0002  0.0001  0.0003  0.0002     -    0.0002  0.0003  0.0003  0.0002  0.0003  
 9   0.1726  0.0000  0.0001  0.0001  0.0001  0.0000  0.0001  0.0002     -    0.0000  0.0001  0.0001  0.0003  
10   0.1724  0.0001  0.0001  0.0002  0.0001  0.0000  0.0001  0.0003  0.0000     -    0.0002  0.0002  0.0003  
11   0.1723  0.0001  0.0001  0.0000  0.0001  0.0001  0.0001  0.0003  0.0001  0.0002     -    0.0000  0.0001  
12   0.1731  0.0001  0.0001  0.0000  0.0000  0.0001  0.0001  0.0002  0.0001  0.0002  0.0000     -    0.0001  
13   0.1696  0.0002  0.0001  0.0001  0.0001  0.0002  0.0001  0.0003  0.0003  0.0003  0.0001  0.0001     -    

Average distances (expected heterozygosity) between individuals in same cluster:
cluster  1  : 0.6263 
cluster  2  : 0.6260 
cluster  3  : 0.6235 
cluster  4  : 0.6248 
cluster  5  : 0.6266 
cluster  6  : 0.6274 
cluster  7  : 0.6237 
cluster  8  : 0.6223 
cluster  9  : 0.6259 
cluster 10  : 0.6261 
cluster 11  : 0.6247 
cluster 12  : 0.6236 
cluster 13  : 0.6344 

--------------------------------------------
Estimated Ln Prob of Data   = -9527.1
Mean value of ln likelihood = -7582.2
Variance of ln likelihood   = 3889.8
Mean value of alpha         = 0.0497

Mean value of Fst_1         = 0.2234
Mean value of Fst_2         = 0.1227
Mean value of Fst_3         = 0.1246
Mean value of Fst_4         = 0.1194
Mean value of Fst_5         = 0.1197
Mean value of Fst_6         = 0.1195
Mean value of Fst_7         = 0.1212
Mean value of Fst_8         = 0.1257
Mean value of Fst_9         = 0.1268
Mean value of Fst_10         = 0.1266
Mean value of Fst_11         = 0.1223
Mean value of Fst_12         = 0.1245
Mean value of Fst_13         = 0.1003


Inferred ancestry of individuals:
        Label (%Miss) :  Inferred clusters
  1 COPE-0001    (0)   :  0.895 0.009 0.009 0.009 0.009 0.009 0.009 0.009 0.009 0.009 0.009 0.009 0.009 
  2 COPE-0002    (0)   :  0.011 0.087 0.077 0.084 0.084 0.083 0.080 0.082 0.084 0.085 0.083 0.076 0.085 
  3 COPE-0003    (0)   :  0.006 0.081 0.082 0.084 0.084 0.082 0.086 0.076 0.072 0.075 0.080 0.080 0.111 
  4 COPE-0004    (0)   :  0.011 0.081 0.084 0.076 0.087 0.083 0.079 0.077 0.094 0.097 0.083 0.074 0.074 
  5 COPE-0005    (0)   :  0.022 0.081 0.081 0.076 0.083 0.085 0.074 0.083 0.088 0.094 0.082 0.079 0.072 
  6 COPE-0006    (0)   :  0.018 0.084 0.079 0.086 0.082 0.080 0.083 0.082 0.082 0.082 0.081 0.080 0.081 
  7 COPE-0007    (0)   :  0.006 0.082 0.085 0.080 0.079 0.085 0.077 0.088 0.089 0.091 0.084 0.081 0.073 
  8 COPE-0008    (0)   :  0.008 0.083 0.080 0.085 0.077 0.089 0.088 0.070 0.085 0.083 0.091 0.085 0.076 
  9 COPE-0009    (0)   :  0.015 0.085 0.075 0.080 0.082 0.086 0.083 0.078 0.079 0.080 0.079 0.082 0.097 
 10 COPE-0010    (0)   :  0.007 0.083 0.083 0.086 0.085 0.081 0.088 0.085 0.080 0.080 0.080 0.081 0.082 
 11 COPE-0011   (14)   :  0.843 0.013 0.013 0.013 0.013 0.013 0.013 0.013 0.014 0.013 0.013 0.012 0.013 
 12 COPE-0012   (14)   :  0.006 0.087 0.077 0.081 0.082 0.090 0.092 0.068 0.082 0.084 0.086 0.081 0.083 
 13 COPE-0013    (0)   :  0.006 0.080 0.087 0.083 0.092 0.088 0.090 0.079 0.072 0.073 0.082 0.078 0.090 
 14 COPE-0014    (0)   :  0.008 0.078 0.083 0.093 0.092 0.073 0.064 0.099 0.079 0.063 0.087 0.096 0.085 
 15 COPE-0015    (0)   :  0.007 0.081 0.083 0.089 0.084 0.076 0.076 0.092 0.083 0.074 0.085 0.093 0.078 
 16 COPE-0016    (0)   :  0.009 0.099 0.074 0.079 0.086 0.083 0.076 0.082 0.094 0.088 0.082 0.083 0.066 
 17 COPE-0017    (0)   :  0.539 0.039 0.038 0.041 0.040 0.035 0.033 0.044 0.038 0.035 0.039 0.042 0.036 
 18 COPE-0018    (0)   :  0.007 0.086 0.079 0.088 0.081 0.082 0.087 0.081 0.080 0.085 0.084 0.082 0.077 
 19 COPE-0019    (0)   :  0.006 0.082 0.082 0.082 0.083 0.082 0.088 0.080 0.082 0.082 0.082 0.085 0.085 
 20 COPE-0020    (0)   :  0.006 0.084 0.078 0.081 0.082 0.087 0.083 0.085 0.081 0.080 0.077 0.080 0.098 
 21 COPE-0021    (0)   :  0.006 0.083 0.088 0.082 0.079 0.086 0.083 0.095 0.084 0.083 0.078 0.084 0.071 
 22 COPE-0022    (0)   :  0.006 0.082 0.084 0.083 0.076 0.090 0.091 0.072 0.083 0.087 0.083 0.086 0.077 
 23 COPE-0023    (0)   :  0.008 0.083 0.080 0.089 0.081 0.081 0.085 0.083 0.079 0.077 0.081 0.076 0.096 
 24 COPE-0024   (14)   :  0.006 0.086 0.084 0.076 0.076 0.091 0.082 0.093 0.091 0.094 0.077 0.080 0.065 
 25 COPE-0025    (0)   :  0.042 0.077 0.071 0.077 0.080 0.088 0.073 0.071 0.067 0.067 0.075 0.070 0.142 
 26 COPE-0026    (0)   :  0.005 0.086 0.083 0.085 0.079 0.080 0.081 0.079 0.083 0.083 0.092 0.088 0.075 
 27 COPE-0027    (0)   :  0.006 0.078 0.086 0.081 0.084 0.083 0.091 0.078 0.082 0.081 0.084 0.084 0.083 
 28 COPE-0028    (0)   :  0.005 0.083 0.081 0.083 0.084 0.081 0.079 0.079 0.073 0.075 0.085 0.086 0.106 
 29 COPE-0029    (0)   :  0.005 0.097 0.075 0.078 0.084 0.083 0.076 0.083 0.095 0.089 0.084 0.084 0.068 
 30 COPE-0030   (14)   :  0.698 0.025 0.024 0.026 0.024 0.026 0.025 0.025 0.025 0.026 0.025 0.024 0.026 
 31 COPE-0031    (0)   :  0.009 0.081 0.079 0.090 0.073 0.084 0.081 0.077 0.085 0.080 0.097 0.091 0.073 
 32 COPE-0032    (0)   :  0.009 0.080 0.081 0.090 0.082 0.086 0.084 0.080 0.075 0.073 0.080 0.076 0.105 
 33 COPE-0033    (0)   :  0.011 0.082 0.082 0.087 0.085 0.080 0.083 0.080 0.076 0.075 0.083 0.079 0.096 
 34 COPE-0034    (0)   :  0.009 0.083 0.080 0.081 0.085 0.083 0.071 0.079 0.093 0.094 0.088 0.084 0.070 
 35 COPE-0035   (14)   :  0.007 0.080 0.083 0.083 0.086 0.083 0.081 0.077 0.074 0.075 0.083 0.081 0.107 
 36 COPE-0036   (14)   :  0.006 0.085 0.084 0.080 0.080 0.082 0.086 0.100 0.088 0.088 0.070 0.079 0.073 
 37 COPE-0037    (0)   :  0.024 0.081 0.086 0.079 0.079 0.083 0.082 0.086 0.081 0.084 0.079 0.079 0.077 
 38 COPE-0038    (0)   :  0.006 0.081 0.088 0.085 0.077 0.085 0.084 0.078 0.081 0.081 0.091 0.087 0.077 
 39 COPE-0039    (0)   :  0.040 0.078 0.076 0.075 0.080 0.087 0.079 0.074 0.075 0.074 0.076 0.072 0.113 
 40 COPE-0040   (14)   :  0.073 0.076 0.074 0.079 0.076 0.078 0.077 0.076 0.072 0.072 0.077 0.076 0.094 
 41 COPE-0041    (0)   :  0.025 0.083 0.080 0.082 0.080 0.084 0.081 0.080 0.076 0.077 0.081 0.079 0.094 
 42 COPE-0042    (0)   :  0.009 0.079 0.089 0.090 0.086 0.078 0.086 0.078 0.073 0.074 0.084 0.083 0.091 
 43 COPE-0043    (0)   :  0.005 0.090 0.075 0.084 0.085 0.084 0.079 0.082 0.087 0.088 0.083 0.080 0.079 
 44 COPE-0044    (0)   :  0.011 0.083 0.083 0.077 0.085 0.083 0.086 0.074 0.086 0.090 0.085 0.077 0.080 
 45 COPE-0045    (0)   :  0.033 0.081 0.079 0.078 0.081 0.083 0.082 0.072 0.086 0.086 0.081 0.076 0.082 
 46 COPE-0046    (0)   :  0.714 0.023 0.024 0.024 0.024 0.023 0.025 0.024 0.023 0.024 0.024 0.024 0.024 
 47 COPE-0047    (0)   :  0.911 0.007 0.007 0.007 0.007 0.007 0.007 0.007 0.007 0.007 0.007 0.007 0.007 
 48 COPE-0048    (0)   :  0.006 0.080 0.091 0.090 0.091 0.078 0.087 0.079 0.072 0.070 0.083 0.085 0.088 
 49 COPE-0049    (0)   :  0.016 0.082 0.075 0.079 0.083 0.089 0.079 0.070 0.081 0.085 0.079 0.078 0.104 
 50 COPE-0050    (0)   :  0.007 0.078 0.090 0.081 0.087 0.077 0.091 0.082 0.078 0.084 0.083 0.080 0.082 
 51 COPE-0051    (0)   :  0.097 0.073 0.081 0.078 0.077 0.076 0.077 0.070 0.068 0.070 0.079 0.081 0.072 
 52 COPE-0052    (0)   :  0.011 0.077 0.082 0.093 0.088 0.071 0.064 0.097 0.083 0.067 0.091 0.099 0.077 
 53 COPE-0053    (0)   :  0.008 0.103 0.069 0.076 0.085 0.081 0.072 0.083 0.101 0.095 0.081 0.088 0.058 
 54 COPE-0054    (0)   :  0.005 0.085 0.088 0.072 0.078 0.086 0.095 0.098 0.092 0.095 0.065 0.075 0.067 
 55 COPE-0055    (0)   :  0.005 0.083 0.084 0.081 0.076 0.092 0.093 0.069 0.086 0.084 0.085 0.086 0.076 
 56 COPE-0056    (0)   :  0.015 0.081 0.079 0.081 0.080 0.090 0.090 0.067 0.083 0.081 0.084 0.081 0.088 
 57 COPE-0057    (0)   :  0.009 0.081 0.081 0.081 0.082 0.085 0.087 0.078 0.079 0.079 0.078 0.081 0.100 
 58 COPE-0058    (0)   :  0.009 0.083 0.078 0.085 0.082 0.086 0.084 0.082 0.084 0.084 0.079 0.075 0.089 
 59 COPE-0059    (0)   :  0.017 0.072 0.093 0.081 0.080 0.076 0.091 0.082 0.072 0.082 0.079 0.080 0.096 
 60 COPE-0060    (0)   :  0.006 0.091 0.077 0.086 0.084 0.078 0.078 0.088 0.084 0.084 0.083 0.081 0.081 
 61 COPE-0061    (0)   :  0.010 0.099 0.070 0.077 0.085 0.082 0.076 0.082 0.095 0.092 0.080 0.087 0.065 
 62 COPE-0062    (0)   :  0.008 0.078 0.086 0.088 0.083 0.076 0.075 0.099 0.082 0.073 0.083 0.091 0.079 
 63 COPE-0063    (0)   :  0.021 0.082 0.080 0.076 0.076 0.091 0.097 0.061 0.086 0.082 0.088 0.083 0.075 
 64 COPE-0064    (0)   :  0.008 0.082 0.086 0.083 0.081 0.079 0.087 0.081 0.084 0.083 0.086 0.084 0.076 
 65 COPE-0065    (0)   :  0.927 0.006 0.006 0.006 0.006 0.006 0.006 0.006 0.006 0.006 0.006 0.006 0.006 
 66 COPE-0066    (0)   :  0.017 0.080 0.089 0.090 0.085 0.077 0.084 0.076 0.072 0.070 0.085 0.082 0.092 
 67 COPE-0067   (14)   :  0.656 0.028 0.029 0.029 0.030 0.029 0.029 0.027 0.026 0.025 0.028 0.028 0.034 
 68 COPE-0068    (0)   :  0.012 0.077 0.089 0.083 0.083 0.078 0.093 0.081 0.071 0.080 0.082 0.081 0.091 
 69 COPE-0069   (14)   :  0.010 0.078 0.088 0.084 0.082 0.076 0.083 0.088 0.080 0.080 0.082 0.084 0.085 
 70 COPE-0070    (0)   :  0.011 0.078 0.082 0.080 0.084 0.087 0.080 0.077 0.083 0.092 0.086 0.082 0.080 
 71 COPE-0071    (0)   :  0.004 0.082 0.083 0.084 0.083 0.081 0.084 0.082 0.075 0.077 0.078 0.080 0.106 
 72 COPE-0072    (0)   :  0.006 0.082 0.086 0.086 0.087 0.077 0.085 0.087 0.077 0.080 0.083 0.081 0.082 
 73 COPE-0073   (14)   :  0.602 0.037 0.032 0.029 0.033 0.033 0.032 0.037 0.038 0.038 0.029 0.032 0.026 
 74 COPE-0074    (0)   :  0.008 0.081 0.088 0.086 0.088 0.077 0.086 0.082 0.076 0.074 0.082 0.080 0.092 
 75 COPE-0075    (0)   :  0.011 0.078 0.089 0.086 0.087 0.083 0.086 0.076 0.075 0.077 0.086 0.088 0.079 
 76 COPE-0076    (0)   :  0.006 0.084 0.084 0.080 0.081 0.083 0.091 0.082 0.086 0.084 0.080 0.083 0.077 
 77 COPE-0077   (14)   :  0.008 0.080 0.087 0.085 0.081 0.077 0.091 0.082 0.079 0.085 0.083 0.080 0.081 
 78 COPE-0078   (14)   :  0.008 0.081 0.084 0.077 0.081 0.088 0.079 0.083 0.090 0.095 0.083 0.079 0.072 
 79 COPE-0079    (0)   :  0.008 0.080 0.086 0.078 0.089 0.086 0.073 0.074 0.098 0.105 0.085 0.071 0.067 
 80 COPE-0080   (42)   :  0.782 0.018 0.018 0.019 0.018 0.018 0.018 0.018 0.018 0.018 0.018 0.018 0.019 
 81 COPE-0081   (14)   :  0.419 0.048 0.047 0.048 0.047 0.050 0.050 0.046 0.048 0.048 0.049 0.048 0.051 
 82 COPE-0082   (14)   :  0.044 0.081 0.078 0.076 0.080 0.082 0.085 0.070 0.077 0.079 0.083 0.082 0.083 
 83 COPE-0083   (14)   :  0.005 0.073 0.086 0.101 0.093 0.062 0.057 0.112 0.080 0.055 0.092 0.109 0.077 
 84 COPE-0084    (0)   :  0.190 0.085 0.057 0.063 0.072 0.065 0.060 0.067 0.081 0.074 0.068 0.069 0.049 
 85 COPE-0085    (0)   :  0.009 0.081 0.080 0.078 0.087 0.087 0.078 0.077 0.083 0.089 0.083 0.075 0.094 
 86 COPE-0086    (0)   :  0.017 0.085 0.078 0.082 0.083 0.081 0.082 0.080 0.083 0.083 0.080 0.079 0.087 
 87 COPE-0087   (14)   :  0.007 0.093 0.076 0.083 0.087 0.078 0.077 0.085 0.089 0.086 0.083 0.082 0.073 
 88 COPE-0088   (14)   :  0.023 0.082 0.078 0.080 0.086 0.081 0.076 0.081 0.084 0.087 0.082 0.080 0.079 
 89 COPE-0089   (14)   :  0.909 0.008 0.008 0.008 0.008 0.008 0.008 0.007 0.008 0.008 0.008 0.008 0.008 
 90 COPE-0090    (0)   :  0.008 0.084 0.080 0.085 0.075 0.090 0.089 0.072 0.083 0.082 0.089 0.086 0.078 
 91 COPE-0091   (14)   :  0.005 0.091 0.078 0.088 0.089 0.073 0.073 0.092 0.085 0.079 0.084 0.086 0.076 
 92 COPE-0092   (28)   :  0.757 0.019 0.020 0.020 0.021 0.021 0.020 0.019 0.019 0.020 0.020 0.019 0.025 
 93 COPE-0093    (0)   :  0.006 0.084 0.082 0.075 0.077 0.093 0.102 0.061 0.090 0.084 0.088 0.084 0.073 
 94 COPE-0094    (0)   :  0.025 0.081 0.083 0.077 0.087 0.083 0.073 0.074 0.097 0.102 0.082 0.070 0.065 
 95 COPE-0095    (0)   :  0.005 0.097 0.072 0.081 0.084 0.083 0.075 0.081 0.097 0.088 0.086 0.087 0.065 
 96 COPE-0096    (0)   :  0.009 0.086 0.078 0.084 0.089 0.081 0.074 0.088 0.083 0.077 0.086 0.087 0.078 
 97 COPE-0097    (0)   :  0.007 0.082 0.085 0.086 0.086 0.076 0.079 0.085 0.080 0.077 0.086 0.091 0.080 
 98 COPE-0098    (0)   :  0.009 0.080 0.081 0.089 0.073 0.083 0.081 0.076 0.086 0.081 0.097 0.091 0.072 
 99 COPE-0099    (0)   :  0.020 0.076 0.077 0.082 0.079 0.086 0.084 0.076 0.069 0.072 0.076 0.075 0.128 
100 COPE-0100    (0)   :  0.007 0.085 0.081 0.083 0.085 0.087 0.084 0.078 0.076 0.074 0.084 0.080 0.096 
101 COPE-0101    (0)   :  0.045 0.078 0.081 0.082 0.077 0.082 0.080 0.070 0.078 0.077 0.083 0.080 0.087 
102 COPE-0102    (0)   :  0.006 0.083 0.083 0.086 0.086 0.085 0.081 0.081 0.080 0.080 0.083 0.081 0.084 
103 COPE-0103    (0)   :  0.015 0.078 0.083 0.081 0.088 0.080 0.072 0.087 0.085 0.085 0.086 0.084 0.077 
104 COPE-0104   (14)   :  0.006 0.081 0.083 0.081 0.085 0.081 0.088 0.078 0.077 0.075 0.083 0.085 0.096 
105 COPE-0105    (0)   :  0.034 0.079 0.083 0.082 0.077 0.081 0.081 0.074 0.072 0.080 0.088 0.090 0.080 
106 COPE-0106    (0)   :  0.004 0.085 0.093 0.066 0.076 0.088 0.092 0.114 0.095 0.102 0.055 0.071 0.060 
107 COPE-0107    (0)   :  0.766 0.019 0.020 0.019 0.019 0.021 0.020 0.018 0.020 0.020 0.020 0.020 0.019 
108 COPE-0108    (0)   :  0.006 0.083 0.082 0.088 0.078 0.080 0.079 0.084 0.081 0.076 0.092 0.091 0.079 
109 COPE-0109    (0)   :  0.011 0.081 0.085 0.078 0.085 0.081 0.083 0.077 0.089 0.091 0.084 0.076 0.080 
110 COPE-0110   (14)   :  0.013 0.085 0.079 0.077 0.082 0.083 0.080 0.086 0.087 0.088 0.078 0.082 0.080 
111 COPE-0111    (0)   :  0.008 0.085 0.085 0.080 0.082 0.085 0.081 0.095 0.085 0.084 0.075 0.079 0.074 
112 COPE-0112   (14)   :  0.008 0.080 0.092 0.091 0.091 0.079 0.084 0.079 0.072 0.069 0.083 0.085 0.086 
113 COPE-0113    (0)   :  0.015 0.080 0.080 0.083 0.084 0.085 0.083 0.078 0.077 0.075 0.083 0.079 0.100 
114 COPE-0114    (0)   :  0.009 0.083 0.086 0.074 0.079 0.083 0.087 0.094 0.088 0.091 0.071 0.076 0.079 
115 COPE-0115    (0)   :  0.695 0.026 0.024 0.027 0.026 0.023 0.022 0.027 0.026 0.024 0.027 0.028 0.024 
116 COPE-0116   (28)   :  0.864 0.011 0.011 0.011 0.011 0.012 0.011 0.011 0.011 0.011 0.011 0.011 0.014 
117 COPE-0117    (0)   :  0.010 0.101 0.067 0.079 0.086 0.081 0.072 0.082 0.098 0.092 0.083 0.088 0.061 
118 COPE-0118    (0)   :  0.009 0.081 0.091 0.074 0.079 0.079 0.084 0.109 0.090 0.090 0.065 0.080 0.067 
119 COPE-0119    (0)   :  0.012 0.079 0.085 0.085 0.077 0.082 0.082 0.093 0.085 0.080 0.084 0.087 0.068 
120 COPE-0120    (0)   :  0.010 0.080 0.086 0.083 0.083 0.077 0.089 0.081 0.082 0.086 0.084 0.080 0.079 
121 COPE-0121    (0)   :  0.047 0.078 0.075 0.080 0.085 0.077 0.076 0.086 0.076 0.072 0.078 0.081 0.090 
122 COPE-0122    (0)   :  0.008 0.085 0.081 0.087 0.084 0.080 0.084 0.087 0.081 0.081 0.083 0.079 0.083 
123 COPE-0123    (0)   :  0.017 0.080 0.081 0.086 0.082 0.082 0.085 0.079 0.079 0.078 0.082 0.078 0.091 
124 COPE-0124    (0)   :  0.012 0.079 0.077 0.088 0.078 0.085 0.085 0.081 0.078 0.078 0.082 0.076 0.102 
125 COPE-0125    (0)   :  0.006 0.088 0.081 0.077 0.083 0.081 0.095 0.082 0.086 0.089 0.076 0.078 0.077 
126 COPE-0126    (0)   :  0.011 0.100 0.067 0.080 0.084 0.081 0.072 0.081 0.098 0.093 0.085 0.089 0.057 
127 COPE-0127   (14)   :  0.006 0.083 0.080 0.080 0.083 0.084 0.078 0.078 0.082 0.089 0.087 0.089 0.082 
128 COPE-0128    (0)   :  0.016 0.080 0.074 0.083 0.081 0.085 0.082 0.081 0.079 0.078 0.078 0.076 0.107 
129 COPE-0129    (0)   :  0.006 0.076 0.087 0.079 0.089 0.086 0.079 0.078 0.089 0.096 0.084 0.073 0.077 
130 COPE-0130    (0)   :  0.013 0.077 0.088 0.084 0.081 0.078 0.091 0.079 0.075 0.083 0.085 0.081 0.085 
131 COPE-0131   (14)   :  0.007 0.076 0.086 0.093 0.087 0.071 0.070 0.100 0.079 0.064 0.088 0.096 0.082 
132 COPE-0132   (14)   :  0.033 0.082 0.081 0.072 0.075 0.086 0.080 0.089 0.087 0.093 0.075 0.082 0.065 
133 COPE-0133    (0)   :  0.008 0.103 0.070 0.079 0.087 0.079 0.075 0.082 0.098 0.091 0.083 0.083 0.060 
134 COPE-0134    (0)   :  0.007 0.084 0.080 0.084 0.082 0.084 0.084 0.086 0.082 0.085 0.081 0.076 0.084 
135 COPE-0135    (0)   :  0.007 0.080 0.082 0.084 0.080 0.087 0.088 0.071 0.081 0.079 0.083 0.083 0.094 
136 COPE-0136    (0)   :  0.840 0.014 0.013 0.013 0.014 0.013 0.013 0.013 0.013 0.013 0.013 0.013 0.014 
137 COPE-0137    (0)   :  0.011 0.085 0.082 0.084 0.084 0.085 0.083 0.080 0.076 0.073 0.082 0.080 0.095 
138 COPE-0138   (14)   :  0.889 0.009 0.009 0.009 0.009 0.009 0.010 0.010 0.009 0.010 0.009 0.009 0.009 
139 COPE-0139    (0)   :  0.007 0.083 0.076 0.081 0.084 0.094 0.077 0.076 0.070 0.070 0.077 0.075 0.130 
140 COPE-0140   (14)   :  0.715 0.024 0.023 0.024 0.024 0.024 0.023 0.023 0.022 0.022 0.023 0.023 0.030 
141 COPE-0141    (0)   :  0.008 0.083 0.080 0.078 0.078 0.090 0.091 0.065 0.087 0.084 0.087 0.082 0.084 
142 COPE-0142    (0)   :  0.009 0.084 0.082 0.079 0.079 0.087 0.091 0.076 0.085 0.085 0.082 0.081 0.078 
143 COPE-0143    (0)   :  0.009 0.094 0.073 0.080 0.084 0.086 0.078 0.077 0.095 0.090 0.082 0.083 0.069 
144 COPE-0144   (14)   :  0.093 0.077 0.072 0.073 0.077 0.078 0.078 0.070 0.074 0.074 0.075 0.069 0.090 
145 COPE-0145   (14)   :  0.209 0.065 0.052 0.064 0.063 0.079 0.058 0.056 0.052 0.052 0.057 0.053 0.141 
146 COPE-0146   (14)   :  0.027 0.087 0.073 0.083 0.079 0.082 0.083 0.075 0.083 0.084 0.086 0.085 0.073 
147 COPE-0147    (0)   :  0.071 0.076 0.077 0.077 0.076 0.079 0.083 0.070 0.083 0.082 0.076 0.075 0.075 
148 COPE-0148    (0)   :  0.008 0.098 0.073 0.076 0.085 0.081 0.075 0.083 0.099 0.094 0.082 0.084 0.062 
149 COPE-0149    (0)   :  0.006 0.086 0.082 0.082 0.086 0.081 0.083 0.081 0.081 0.084 0.081 0.085 0.080 
150 COPE-0150    (0)   :  0.007 0.079 0.095 0.093 0.094 0.074 0.085 0.079 0.071 0.066 0.084 0.085 0.089 
151 COPE-0151    (0)   :  0.006 0.084 0.072 0.079 0.081 0.089 0.081 0.073 0.083 0.078 0.079 0.080 0.115 
152 COPE-0152   (14)   :  0.124 0.073 0.070 0.073 0.069 0.080 0.078 0.063 0.074 0.073 0.076 0.074 0.075 
153 COPE-0153    (0)   :  0.006 0.081 0.081 0.086 0.080 0.084 0.080 0.080 0.085 0.084 0.087 0.084 0.082 
154 COPE-0154    (0)   :  0.007 0.084 0.082 0.080 0.082 0.083 0.090 0.083 0.084 0.087 0.078 0.082 0.079 
155 COPE-0155    (0)   :  0.005 0.083 0.077 0.083 0.084 0.084 0.087 0.080 0.081 0.080 0.079 0.080 0.098 
156 COPE-0156   (14)   :  0.890 0.009 0.009 0.009 0.009 0.009 0.009 0.009 0.009 0.009 0.009 0.009 0.009 
157 COPE-0157   (14)   :  0.224 0.064 0.059 0.063 0.065 0.071 0.066 0.055 0.062 0.065 0.063 0.061 0.082 
158 COPE-0158    (0)   :  0.009 0.094 0.076 0.081 0.086 0.081 0.080 0.083 0.088 0.086 0.082 0.084 0.068 
159 COPE-0159    (0)   :  0.008 0.082 0.086 0.081 0.079 0.083 0.085 0.081 0.085 0.089 0.084 0.083 0.074 
160 COPE-0160    (0)   :  0.007 0.080 0.082 0.082 0.079 0.090 0.079 0.075 0.085 0.089 0.086 0.080 0.086 
161 COPE-0161    (0)   :  0.012 0.081 0.085 0.086 0.085 0.084 0.080 0.080 0.080 0.079 0.083 0.079 0.086 
162 COPE-0162   (14)   :  0.913 0.007 0.007 0.007 0.007 0.007 0.007 0.007 0.007 0.007 0.007 0.007 0.007 
163 COPE-0163   (28)   :  0.850 0.012 0.012 0.013 0.013 0.013 0.012 0.013 0.013 0.013 0.012 0.012 0.013 
164 COPE-0164    (0)   :  0.024 0.085 0.074 0.085 0.078 0.085 0.082 0.076 0.076 0.079 0.085 0.080 0.092 
165 COPE-0165    (0)   :  0.008 0.081 0.085 0.084 0.083 0.081 0.087 0.082 0.078 0.082 0.081 0.081 0.088 
166 COPE-0166   (14)   :  0.008 0.085 0.081 0.083 0.081 0.084 0.082 0.087 0.084 0.088 0.082 0.076 0.080 
167 COPE-0167    (0)   :  0.008 0.080 0.085 0.076 0.084 0.088 0.082 0.085 0.088 0.097 0.080 0.075 0.073 
168 COPE-0168    (0)   :  0.006 0.090 0.079 0.081 0.083 0.083 0.081 0.082 0.087 0.086 0.084 0.085 0.073 
169 COPE-0169    (0)   :  0.010 0.077 0.088 0.084 0.086 0.081 0.091 0.080 0.071 0.078 0.081 0.079 0.092 
170 COPE-0170    (0)   :  0.022 0.077 0.079 0.081 0.079 0.088 0.081 0.071 0.080 0.076 0.081 0.080 0.105 
171 COPE-0171    (0)   :  0.007 0.083 0.078 0.080 0.080 0.090 0.083 0.079 0.079 0.080 0.078 0.080 0.104 
172 COPE-0172    (0)   :  0.007 0.083 0.081 0.086 0.080 0.083 0.083 0.079 0.083 0.082 0.088 0.084 0.081 
173 COPE-0173   (14)   :  0.053 0.071 0.087 0.081 0.081 0.072 0.089 0.078 0.070 0.079 0.077 0.077 0.086 
174 COPE-0174   (28)   :  0.013 0.084 0.079 0.083 0.084 0.083 0.084 0.079 0.080 0.082 0.082 0.080 0.087 
175 COPE-0175    (0)   :  0.039 0.083 0.074 0.080 0.079 0.086 0.073 0.076 0.082 0.082 0.084 0.077 0.085 
176 COPE-0176    (0)   :  0.008 0.085 0.085 0.076 0.080 0.086 0.088 0.085 0.090 0.094 0.077 0.077 0.069 
177 COPE-0177    (0)   :  0.007 0.082 0.083 0.084 0.081 0.082 0.088 0.082 0.076 0.084 0.080 0.085 0.086 
178 COPE-0178    (0)   :  0.007 0.085 0.090 0.067 0.077 0.086 0.093 0.112 0.096 0.102 0.055 0.071 0.060 
179 COPE-0179    (0)   :  0.009 0.081 0.079 0.083 0.084 0.086 0.086 0.078 0.079 0.078 0.081 0.078 0.099 
180 COPE-0180   (14)   :  0.006 0.075 0.091 0.084 0.087 0.077 0.091 0.081 0.074 0.082 0.080 0.081 0.088 
181 COPE-0181   (14)   :  0.008 0.080 0.083 0.083 0.086 0.085 0.089 0.080 0.077 0.079 0.081 0.081 0.088 
182 COPE-0182    (0)   :  0.005 0.085 0.081 0.083 0.076 0.085 0.082 0.076 0.078 0.080 0.100 0.092 0.074 
183 COPE-0183    (0)   :  0.010 0.082 0.078 0.087 0.080 0.083 0.087 0.078 0.082 0.083 0.087 0.083 0.080 
184 COPE-0184    (0)   :  0.009 0.081 0.084 0.076 0.082 0.087 0.075 0.083 0.088 0.096 0.086 0.082 0.070 
185 COPE-0185    (0)   :  0.006 0.079 0.086 0.084 0.077 0.086 0.084 0.079 0.083 0.081 0.085 0.087 0.081 
186 COPE-0186    (0)   :  0.005 0.076 0.086 0.097 0.088 0.067 0.063 0.104 0.082 0.060 0.089 0.105 0.078 
187 COPE-0187    (0)   :  0.009 0.080 0.088 0.082 0.082 0.085 0.085 0.071 0.081 0.080 0.088 0.088 0.078 
188 COPE-0188    (0)   :  0.669 0.027 0.030 0.029 0.030 0.027 0.029 0.026 0.025 0.024 0.028 0.028 0.028 
189 COPE-0189    (0)   :  0.007 0.082 0.085 0.087 0.087 0.083 0.083 0.080 0.076 0.074 0.082 0.082 0.093 
190 COPE-0190    (0)   :  0.013 0.084 0.082 0.081 0.084 0.081 0.080 0.078 0.090 0.091 0.083 0.075 0.079 
191 COPE-0191    (0)   :  0.010 0.084 0.082 0.087 0.086 0.076 0.077 0.088 0.080 0.077 0.083 0.089 0.081 
192 COPE-0192   (14)   :  0.873 0.010 0.011 0.011 0.011 0.010 0.009 0.012 0.010 0.009 0.011 0.012 0.011 
193 COPE-0193    (0)   :  0.006 0.092 0.076 0.082 0.081 0.084 0.080 0.083 0.088 0.086 0.084 0.083 0.075 
194 COPE-0194    (0)   :  0.009 0.082 0.087 0.090 0.085 0.078 0.081 0.078 0.073 0.071 0.084 0.082 0.100 
195 COPE-0195    (0)   :  0.006 0.082 0.084 0.087 0.086 0.081 0.084 0.079 0.077 0.074 0.086 0.081 0.092 
196 COPE-0196    (0)   :  0.010 0.080 0.083 0.084 0.081 0.084 0.082 0.081 0.081 0.081 0.083 0.082 0.088 
197 COPE-0197    (0)   :  0.007 0.081 0.083 0.085 0.084 0.078 0.090 0.082 0.078 0.082 0.081 0.081 0.088 
198 COPE-0198    (0)   :  0.011 0.076 0.095 0.083 0.080 0.075 0.088 0.085 0.078 0.087 0.082 0.084 0.074 
199 COPE-0199    (0)   :  0.012 0.077 0.085 0.081 0.082 0.082 0.091 0.080 0.079 0.080 0.081 0.084 0.088 
200 COPE-0200   (42)   :  0.009 0.079 0.086 0.083 0.084 0.080 0.090 0.080 0.075 0.083 0.083 0.082 0.086 
201 COPE-0201    (0)   :  0.008 0.082 0.079 0.086 0.081 0.082 0.083 0.081 0.082 0.080 0.087 0.088 0.080 
202 COPE-0202    (0)   :  0.012 0.082 0.085 0.079 0.083 0.085 0.079 0.073 0.093 0.097 0.085 0.077 0.069 
203 COPE-0203    (0)   :  0.006 0.083 0.085 0.081 0.078 0.085 0.087 0.083 0.083 0.087 0.080 0.083 0.079 
204 COPE-0204    (0)   :  0.026 0.082 0.083 0.074 0.079 0.081 0.087 0.093 0.084 0.090 0.068 0.077 0.075 
205 COPE-0205    (0)   :  0.020 0.090 0.073 0.084 0.081 0.081 0.079 0.078 0.088 0.083 0.087 0.083 0.074 
206 COPE-0206    (0)   :  0.005 0.083 0.082 0.077 0.080 0.089 0.084 0.093 0.083 0.083 0.071 0.077 0.093 
207 COPE-0207    (0)   :  0.011 0.080 0.088 0.075 0.076 0.089 0.088 0.097 0.086 0.089 0.072 0.082 0.068 
208 COPE-0208    (0)   :  0.644 0.029 0.028 0.030 0.029 0.032 0.029 0.027 0.027 0.027 0.029 0.028 0.042 
209 COPE-0209    (0)   :  0.006 0.082 0.087 0.085 0.082 0.081 0.086 0.084 0.076 0.076 0.081 0.083 0.091 
210 COPE-0210    (0)   :  0.009 0.090 0.082 0.085 0.089 0.080 0.082 0.082 0.082 0.080 0.083 0.084 0.073 
211 COPE-0211    (0)   :  0.005 0.079 0.094 0.089 0.092 0.077 0.085 0.078 0.069 0.067 0.084 0.086 0.096 
212 COPE-0212    (0)   :  0.011 0.083 0.085 0.075 0.076 0.088 0.084 0.093 0.087 0.090 0.076 0.082 0.068 
213 COPE-0213    (0)   :  0.008 0.080 0.082 0.083 0.080 0.085 0.087 0.085 0.080 0.083 0.079 0.079 0.089 
214 COPE-0214    (0)   :  0.008 0.072 0.099 0.084 0.084 0.071 0.096 0.083 0.072 0.085 0.082 0.083 0.080 
215 COPE-0215    (0)   :  0.057 0.070 0.086 0.079 0.081 0.073 0.086 0.078 0.069 0.077 0.078 0.078 0.088 
216 COPE-0216   (14)   :  0.343 0.059 0.052 0.056 0.056 0.054 0.052 0.056 0.056 0.054 0.054 0.054 0.054 
217 COPE-0217    (0)   :  0.028 0.080 0.086 0.072 0.077 0.088 0.086 0.092 0.085 0.090 0.070 0.075 0.071 
218 COPE-0218    (0)   :  0.009 0.081 0.083 0.083 0.081 0.079 0.084 0.082 0.081 0.085 0.083 0.083 0.084 
219 COPE-0219   (14)   :  0.008 0.078 0.088 0.084 0.084 0.077 0.091 0.080 0.077 0.083 0.083 0.084 0.082 
220 COPE-0220    (0)   :  0.013 0.081 0.089 0.073 0.076 0.087 0.090 0.099 0.087 0.094 0.068 0.075 0.069 
221 COPE-0221    (0)   :  0.017 0.076 0.091 0.079 0.076 0.088 0.089 0.071 0.086 0.084 0.083 0.086 0.075 
222 COPE-0222    (0)   :  0.007 0.091 0.075 0.084 0.081 0.085 0.079 0.078 0.091 0.087 0.089 0.089 0.065 
223 COPE-0223    (0)   :  0.007 0.082 0.081 0.085 0.084 0.081 0.086 0.081 0.075 0.079 0.081 0.080 0.098 
224 COPE-0224    (0)   :  0.019 0.080 0.084 0.076 0.088 0.083 0.071 0.074 0.095 0.106 0.086 0.072 0.066 
225 COPE-0225    (0)   :  0.013 0.072 0.099 0.083 0.085 0.071 0.096 0.083 0.072 0.085 0.080 0.082 0.079 
226 COPE-0226    (0)   :  0.006 0.086 0.081 0.080 0.084 0.083 0.087 0.081 0.086 0.085 0.082 0.080 0.079 
227 COPE-0227    (0)   :  0.006 0.078 0.090 0.085 0.082 0.077 0.085 0.086 0.081 0.080 0.085 0.086 0.080 
228 COPE-0228    (0)   :  0.017 0.081 0.083 0.074 0.080 0.089 0.086 0.089 0.086 0.087 0.071 0.075 0.082 
229 COPE-0229    (0)   :  0.007 0.083 0.086 0.080 0.083 0.080 0.091 0.083 0.084 0.086 0.081 0.079 0.077 
230 COPE-0230    (0)   :  0.010 0.089 0.080 0.076 0.082 0.081 0.094 0.080 0.091 0.091 0.077 0.077 0.072 
231 COPE-0231    (0)   :  0.006 0.086 0.079 0.083 0.084 0.082 0.087 0.081 0.082 0.082 0.081 0.083 0.084 
232 COPE-0232    (0)   :  0.015 0.082 0.082 0.082 0.083 0.083 0.081 0.080 0.090 0.092 0.079 0.075 0.076 
233 COPE-0233    (0)   :  0.005 0.084 0.078 0.088 0.075 0.085 0.080 0.077 0.087 0.081 0.097 0.089 0.075 
234 COPE-0234    (0)   :  0.008 0.079 0.078 0.084 0.083 0.089 0.080 0.078 0.082 0.082 0.082 0.074 0.101 
235 COPE-0235    (0)   :  0.006 0.082 0.082 0.089 0.080 0.083 0.086 0.084 0.079 0.081 0.083 0.079 0.086 
236 COPE-0236    (0)   :  0.005 0.091 0.083 0.074 0.083 0.079 0.095 0.091 0.092 0.094 0.070 0.076 0.067 
237 COPE-0237    (0)   :  0.006 0.079 0.092 0.087 0.077 0.078 0.082 0.083 0.082 0.079 0.092 0.088 0.073 
238 COPE-0238    (0)   :  0.009 0.081 0.082 0.082 0.083 0.081 0.090 0.079 0.077 0.082 0.080 0.088 0.086 
239 COPE-0239    (0)   :  0.036 0.079 0.077 0.078 0.085 0.083 0.076 0.075 0.084 0.088 0.082 0.077 0.080 
240 COPE-0240    (0)   :  0.008 0.094 0.078 0.081 0.085 0.084 0.076 0.082 0.091 0.085 0.087 0.085 0.066 
241 COPE-0241    (0)   :  0.007 0.080 0.088 0.084 0.090 0.088 0.091 0.079 0.071 0.074 0.082 0.078 0.090 
242 COPE-0242    (0)   :  0.006 0.081 0.086 0.084 0.078 0.083 0.084 0.095 0.087 0.084 0.079 0.084 0.070 
243 COPE-0243    (0)   :  0.007 0.082 0.087 0.089 0.083 0.081 0.084 0.081 0.077 0.078 0.087 0.086 0.077 
244 COPE-0244    (0)   :  0.009 0.081 0.082 0.084 0.083 0.084 0.086 0.078 0.075 0.080 0.082 0.082 0.094 
245 COPE-0245    (0)   :  0.011 0.081 0.083 0.086 0.083 0.085 0.086 0.076 0.076 0.075 0.088 0.087 0.081 
246 COPE-0246    (0)   :  0.012 0.085 0.081 0.085 0.084 0.081 0.079 0.085 0.082 0.085 0.081 0.081 0.081 
247 COPE-0247    (0)   :  0.015 0.078 0.088 0.083 0.077 0.082 0.091 0.079 0.078 0.084 0.082 0.083 0.079 
248 COPE-0248    (0)   :  0.005 0.085 0.080 0.084 0.080 0.085 0.083 0.078 0.076 0.077 0.090 0.086 0.091 
249 COPE-0249    (0)   :  0.026 0.078 0.084 0.078 0.087 0.081 0.081 0.076 0.082 0.088 0.083 0.072 0.083 
250 COPE-0250    (0)   :  0.017 0.079 0.085 0.077 0.081 0.085 0.081 0.086 0.089 0.091 0.080 0.075 0.072 
251 COPE-0251   (14)   :  0.645 0.029 0.031 0.030 0.027 0.031 0.030 0.028 0.029 0.030 0.030 0.031 0.029 
252 COPE-0252    (0)   :  0.011 0.087 0.079 0.082 0.085 0.081 0.081 0.081 0.093 0.095 0.081 0.075 0.071 
253 COPE-0253    (0)   :  0.008 0.083 0.082 0.080 0.078 0.091 0.095 0.067 0.085 0.080 0.088 0.085 0.079 
254 COPE-0254    (0)   :  0.014 0.080 0.083 0.081 0.081 0.083 0.082 0.076 0.078 0.088 0.088 0.092 0.074 
255 COPE-0255    (0)   :  0.021 0.077 0.088 0.081 0.078 0.083 0.085 0.076 0.079 0.081 0.085 0.086 0.082 
256 COPE-0256    (0)   :  0.010 0.095 0.076 0.078 0.085 0.084 0.077 0.086 0.093 0.089 0.081 0.083 0.063 
257 COPE-0257    (0)   :  0.007 0.076 0.086 0.099 0.092 0.065 0.060 0.108 0.080 0.056 0.091 0.103 0.078 
258 COPE-0258    (0)   :  0.014 0.078 0.082 0.087 0.083 0.080 0.079 0.084 0.076 0.069 0.081 0.083 0.104 
259 COPE-0259    (0)   :  0.006 0.084 0.083 0.083 0.084 0.078 0.088 0.084 0.082 0.082 0.079 0.080 0.087 
260 COPE-0260    (0)   :  0.022 0.079 0.082 0.084 0.081 0.079 0.086 0.081 0.076 0.079 0.080 0.083 0.087 
261 COPE-0261    (0)   :  0.006 0.083 0.086 0.080 0.082 0.080 0.086 0.084 0.081 0.087 0.083 0.090 0.072 
262 COPE-0262    (0)   :  0.017 0.092 0.077 0.081 0.084 0.079 0.079 0.080 0.087 0.086 0.084 0.083 0.072 
263 COPE-0263    (0)   :  0.007 0.078 0.083 0.088 0.081 0.082 0.075 0.085 0.080 0.077 0.089 0.091 0.084 
264 COPE-0264    (0)   :  0.017 0.078 0.084 0.089 0.088 0.073 0.068 0.097 0.079 0.066 0.085 0.093 0.085 
265 COPE-0265    (0)   :  0.011 0.086 0.077 0.081 0.080 0.087 0.084 0.074 0.082 0.082 0.090 0.083 0.083 
266 COPE-0266    (0)   :  0.017 0.081 0.080 0.078 0.078 0.090 0.084 0.087 0.081 0.083 0.076 0.077 0.088 
267 COPE-0267    (0)   :  0.006 0.084 0.081 0.084 0.078 0.087 0.076 0.079 0.088 0.087 0.096 0.083 0.071 
268 COPE-0268    (0)   :  0.013 0.083 0.081 0.089 0.073 0.084 0.076 0.080 0.085 0.079 0.099 0.087 0.071 
269 COPE-0269    (0)   :  0.006 0.086 0.078 0.087 0.086 0.078 0.075 0.090 0.081 0.077 0.085 0.083 0.088 
270 COPE-0270    (0)   :  0.007 0.079 0.095 0.092 0.094 0.075 0.086 0.080 0.070 0.067 0.085 0.086 0.085 
271 COPE-0271    (0)   :  0.007 0.088 0.080 0.088 0.086 0.077 0.080 0.089 0.079 0.081 0.083 0.081 0.080 
272 COPE-0272    (0)   :  0.007 0.081 0.082 0.080 0.080 0.089 0.085 0.072 0.086 0.085 0.084 0.082 0.087 
273 COPE-0273    (0)   :  0.015 0.082 0.084 0.074 0.074 0.090 0.083 0.091 0.086 0.092 0.078 0.082 0.067 
274 COPE-0274   (14)   :  0.703 0.024 0.027 0.027 0.027 0.024 0.025 0.023 0.022 0.021 0.025 0.025 0.027 
275 COPE-0275    (0)   :  0.009 0.079 0.086 0.084 0.083 0.080 0.086 0.084 0.077 0.077 0.082 0.079 0.093 
276 COPE-0276   (14)   :  0.921 0.007 0.007 0.007 0.007 0.007 0.007 0.007 0.007 0.007 0.007 0.007 0.007 
277 COPE-0277   (14)   :  0.013 0.098 0.076 0.078 0.086 0.079 0.077 0.087 0.091 0.088 0.078 0.082 0.067 
278 COPE-0278    (0)   :  0.007 0.085 0.091 0.067 0.076 0.089 0.091 0.110 0.092 0.101 0.059 0.072 0.061 
279 COPE-0279    (0)   :  0.009 0.084 0.080 0.083 0.081 0.087 0.087 0.088 0.084 0.085 0.074 0.077 0.082 
280 COPE-0280    (0)   :  0.852 0.012 0.012 0.012 0.012 0.012 0.012 0.012 0.012 0.012 0.012 0.012 0.012 
281 COPE-0281    (0)   :  0.623 0.031 0.031 0.031 0.032 0.032 0.032 0.030 0.028 0.030 0.030 0.028 0.042 
282 COPE-0282   (14)   :  0.006 0.080 0.086 0.078 0.089 0.086 0.070 0.074 0.099 0.109 0.086 0.071 0.066 
283 COPE-0283    (0)   :  0.007 0.084 0.087 0.073 0.078 0.091 0.086 0.098 0.086 0.090 0.069 0.075 0.076 
284 COPE-0284   (14)   :  0.030 0.080 0.077 0.082 0.081 0.087 0.081 0.077 0.071 0.071 0.077 0.073 0.113 
285 COPE-0285    (0)   :  0.658 0.029 0.028 0.029 0.029 0.028 0.027 0.029 0.029 0.028 0.029 0.030 0.028 
286 COPE-0286    (0)   :  0.008 0.082 0.077 0.084 0.081 0.092 0.078 0.072 0.068 0.067 0.078 0.075 0.139 
287 COPE-0287    (0)   :  0.027 0.079 0.080 0.089 0.074 0.081 0.073 0.078 0.084 0.080 0.097 0.088 0.071 
288 COPE-0288    (0)   :  0.010 0.077 0.090 0.079 0.078 0.087 0.088 0.075 0.085 0.087 0.084 0.085 0.074 
289 COPE-0289    (0)   :  0.007 0.088 0.077 0.084 0.083 0.082 0.078 0.080 0.088 0.083 0.087 0.089 0.074 
290 COPE-0290    (0)   :  0.007 0.080 0.091 0.089 0.090 0.080 0.088 0.077 0.071 0.068 0.084 0.082 0.090 
291 COPE-0291    (0)   :  0.005 0.082 0.083 0.088 0.084 0.078 0.076 0.092 0.078 0.070 0.082 0.087 0.096 
292 COPE-0292   (42)   :  0.821 0.015 0.015 0.015 0.015 0.015 0.015 0.014 0.015 0.015 0.015 0.015 0.016 
293 COPE-0293    (0)   :  0.008 0.086 0.079 0.079 0.079 0.089 0.095 0.068 0.085 0.085 0.089 0.084 0.075 
294 COPE-0294    (0)   :  0.011 0.079 0.078 0.084 0.084 0.086 0.085 0.079 0.080 0.080 0.081 0.077 0.096 
295 COPE-0295    (0)   :  0.007 0.083 0.082 0.075 0.082 0.086 0.075 0.081 0.092 0.100 0.086 0.082 0.068 
296 COPE-0296   (14)   :  0.007 0.082 0.087 0.081 0.080 0.083 0.086 0.083 0.082 0.085 0.081 0.085 0.080 
297 COPE-0297   (14)   :  0.035 0.074 0.087 0.080 0.084 0.080 0.087 0.076 0.070 0.075 0.078 0.075 0.100 
298 COPE-0298    (0)   :  0.009 0.085 0.081 0.078 0.083 0.085 0.092 0.071 0.087 0.087 0.086 0.080 0.078 
299 COPE-0299    (0)   :  0.006 0.082 0.089 0.086 0.081 0.080 0.084 0.076 0.076 0.077 0.089 0.090 0.085 
300 COPE-0300   (14)   :  0.008 0.090 0.078 0.084 0.081 0.083 0.077 0.080 0.089 0.084 0.091 0.086 0.070 
301 COPE-0301   (14)   :  0.009 0.082 0.081 0.078 0.077 0.093 0.100 0.061 0.088 0.083 0.089 0.085 0.073 
302 COPE-0302    (0)   :  0.150 0.075 0.065 0.070 0.073 0.068 0.061 0.072 0.077 0.075 0.073 0.078 0.063 
303 COPE-0303    (0)   :  0.006 0.086 0.086 0.075 0.080 0.083 0.091 0.102 0.091 0.096 0.065 0.074 0.065 
304 COPE-0304    (0)   :  0.007 0.084 0.078 0.084 0.081 0.086 0.083 0.079 0.082 0.085 0.088 0.083 0.080 
305 COPE-0305   (14)   :  0.033 0.082 0.077 0.082 0.085 0.077 0.075 0.085 0.080 0.077 0.081 0.079 0.088 
306 COPE-0306    (0)   :  0.010 0.083 0.089 0.071 0.079 0.086 0.091 0.104 0.090 0.093 0.061 0.077 0.066 
307 COPE-0307   (28)   :  0.902 0.008 0.008 0.008 0.008 0.008 0.008 0.008 0.008 0.008 0.008 0.008 0.008 
308 COPE-0308    (0)   :  0.006 0.078 0.086 0.079 0.086 0.087 0.074 0.072 0.096 0.104 0.088 0.073 0.071 
309 COPE-0309   (14)   :  0.569 0.036 0.034 0.035 0.035 0.038 0.036 0.033 0.035 0.035 0.035 0.033 0.046 
310 COPE-0310   (28)   :  0.537 0.035 0.040 0.046 0.042 0.031 0.029 0.049 0.037 0.027 0.042 0.047 0.038 
311 COPE-0311    (0)   :  0.019 0.077 0.079 0.082 0.082 0.083 0.073 0.082 0.077 0.073 0.080 0.080 0.112 
312 COPE-0312   (28)   :  0.844 0.013 0.013 0.012 0.013 0.013 0.013 0.014 0.014 0.014 0.012 0.013 0.012 
313 COPE-0313    (0)   :  0.009 0.080 0.086 0.086 0.079 0.081 0.080 0.097 0.082 0.076 0.082 0.089 0.074 
314 COPE-0314    (0)   :  0.007 0.082 0.082 0.088 0.075 0.084 0.081 0.078 0.081 0.080 0.096 0.090 0.076 
315 COPE-0315    (0)   :  0.008 0.079 0.086 0.084 0.081 0.080 0.084 0.087 0.082 0.080 0.084 0.087 0.078 
316 COPE-0316    (0)   :  0.019 0.081 0.081 0.082 0.081 0.080 0.085 0.081 0.076 0.079 0.075 0.077 0.103 
317 COPE-0317   (14)   :  0.895 0.009 0.009 0.009 0.009 0.009 0.008 0.009 0.009 0.009 0.009 0.009 0.009 
318 COPE-0318    (0)   :  0.005 0.083 0.085 0.086 0.084 0.083 0.084 0.083 0.078 0.076 0.084 0.083 0.086 
319 COPE-0319    (0)   :  0.006 0.080 0.083 0.083 0.085 0.086 0.077 0.077 0.086 0.093 0.085 0.078 0.082 
320 COPE-0320   (14)   :  0.015 0.084 0.080 0.082 0.079 0.085 0.088 0.076 0.082 0.087 0.082 0.082 0.079 
321 COPE-0321   (14)   :  0.011 0.079 0.089 0.087 0.080 0.077 0.079 0.090 0.080 0.073 0.085 0.090 0.079 
322 COPE-0322   (14)   :  0.006 0.081 0.085 0.088 0.081 0.082 0.087 0.085 0.078 0.078 0.082 0.080 0.086 
323 COPE-0323    (0)   :  0.008 0.073 0.085 0.100 0.091 0.063 0.058 0.110 0.080 0.055 0.091 0.107 0.077 
324 COPE-0324    (0)   :  0.006 0.075 0.094 0.083 0.086 0.078 0.094 0.083 0.075 0.082 0.083 0.080 0.081 
325 COPE-0325   (14)   :  0.011 0.103 0.073 0.080 0.089 0.080 0.073 0.085 0.094 0.085 0.082 0.085 0.061 
326 COPE-0326    (0)   :  0.007 0.080 0.085 0.075 0.080 0.088 0.087 0.076 0.092 0.094 0.085 0.080 0.070 
327 COPE-0327   (14)   :  0.008 0.080 0.083 0.079 0.077 0.092 0.089 0.067 0.088 0.080 0.085 0.085 0.087 
328 COPE-0328    (0)   :  0.006 0.084 0.083 0.085 0.085 0.081 0.087 0.087 0.083 0.081 0.077 0.078 0.083 
329 COPE-0329   (28)   :  0.013 0.075 0.091 0.081 0.081 0.078 0.091 0.085 0.078 0.085 0.081 0.081 0.080 
330 COPE-0330    (0)   :  0.020 0.081 0.081 0.087 0.077 0.080 0.082 0.080 0.082 0.078 0.092 0.087 0.074 
331 COPE-0331    (0)   :  0.006 0.083 0.081 0.081 0.077 0.094 0.097 0.066 0.085 0.085 0.086 0.084 0.076 
332 COPE-0332   (14)   :  0.006 0.084 0.080 0.082 0.080 0.083 0.084 0.090 0.085 0.085 0.075 0.078 0.087 
333 COPE-0333    (0)   :  0.141 0.070 0.071 0.070 0.067 0.079 0.077 0.059 0.072 0.071 0.072 0.073 0.079 
334 COPE-0334   (28)   :  0.512 0.038 0.041 0.046 0.043 0.035 0.034 0.047 0.040 0.032 0.044 0.047 0.041 
335 COPE-0335    (0)   :  0.006 0.074 0.100 0.085 0.085 0.072 0.096 0.083 0.073 0.085 0.080 0.083 0.079 
336 COPE-0336    (0)   :  0.006 0.078 0.080 0.082 0.076 0.092 0.084 0.071 0.074 0.079 0.081 0.079 0.118 
337 COPE-0337   (28)   :  0.798 0.017 0.017 0.017 0.018 0.017 0.017 0.017 0.016 0.016 0.016 0.016 0.018 
338 COPE-0338    (0)   :  0.020 0.082 0.081 0.086 0.079 0.078 0.074 0.087 0.081 0.072 0.089 0.089 0.083 
339 COPE-0339    (0)   :  0.005 0.103 0.067 0.078 0.086 0.080 0.069 0.085 0.102 0.093 0.084 0.092 0.056 
340 COPE-0340   (14)   :  0.850 0.013 0.012 0.012 0.013 0.013 0.013 0.012 0.012 0.012 0.012 0.012 0.013 
341 COPE-0341    (0)   :  0.007 0.081 0.079 0.086 0.082 0.087 0.080 0.076 0.085 0.092 0.086 0.078 0.081 
342 COPE-0342    (0)   :  0.008 0.077 0.090 0.084 0.089 0.081 0.092 0.084 0.071 0.079 0.080 0.079 0.086 
343 COPE-0343    (0)   :  0.006 0.083 0.084 0.079 0.079 0.088 0.086 0.084 0.085 0.087 0.081 0.083 0.074 
344 COPE-0344   (14)   :  0.861 0.011 0.012 0.012 0.011 0.012 0.011 0.011 0.012 0.012 0.012 0.012 0.011 
