

----------------------------------------------------
STRUCTURE by Pritchard, Stephens and Donnelly (2000)
     and Falush, Stephens and Pritchard (2003)
       Code by Pritchard, Falush and Hubisz
             Version 2.3.4 (Jul 2012)
----------------------------------------------------



Command line arguments:   /home/jason/Programs/structure -K 11 -i ../Data/microsats.structure -m Structure_Run/mainparams -e Structure_Run/extraparams -D 18135787 -o ../Structure_Results/08_K_11.out 
Input File:    ../Data/microsats.structure

Run parameters:
   384 individuals
   7 loci
   11 populations assumed
   1000000 Burn-in period
   10000000 Reps
RANDOMIZE turned off


--------------------------------------------
Overall proportion of membership of the
sample in each of the 11 clusters

Inferred Clusters
  1      2      3      4      5      6      7      8      9     10     11    
0.110  0.089  0.089  0.089  0.089  0.089  0.089  0.089  0.089  0.089  0.090  

--------------------------------------------

Allele-freq. divergence among pops (Net nucleotide distance),
computed using point estimates of P.

      1       2       3       4       5       6       7       8       9      10      11      
 1      -    0.1657  0.1671  0.1669  0.1675  0.1683  0.1668  0.1674  0.1676  0.1678  0.1669  
 2   0.1657     -    0.0001  0.0002  0.0002  0.0003  0.0001  0.0001  0.0002  0.0002  0.0002  
 3   0.1671  0.0001     -    0.0002  0.0000  0.0001  0.0001  0.0001  0.0000  0.0001  0.0001  
 4   0.1669  0.0002  0.0002     -    0.0002  0.0003  0.0001  0.0002  0.0002  0.0002  0.0001  
 5   0.1675  0.0002  0.0000  0.0002     -    0.0002  0.0001  0.0001  0.0001  0.0001  0.0001  
 6   0.1683  0.0003  0.0001  0.0003  0.0002     -    0.0002  0.0001  0.0001  0.0001  0.0003  
 7   0.1668  0.0001  0.0001  0.0001  0.0001  0.0002     -    0.0001  0.0001  0.0000  0.0002  
 8   0.1674  0.0001  0.0001  0.0002  0.0001  0.0001  0.0001     -    0.0001  0.0000  0.0002  
 9   0.1676  0.0002  0.0000  0.0002  0.0001  0.0001  0.0001  0.0001     -    0.0001  0.0001  
10   0.1678  0.0002  0.0001  0.0002  0.0001  0.0001  0.0000  0.0000  0.0001     -    0.0002  
11   0.1669  0.0002  0.0001  0.0001  0.0001  0.0003  0.0002  0.0002  0.0001  0.0002     -    

Average distances (expected heterozygosity) between individuals in same cluster:
cluster  1  : 0.6351 
cluster  2  : 0.6281 
cluster  3  : 0.6255 
cluster  4  : 0.6247 
cluster  5  : 0.6245 
cluster  6  : 0.6223 
cluster  7  : 0.6258 
cluster  8  : 0.6251 
cluster  9  : 0.6249 
cluster 10  : 0.6240 
cluster 11  : 0.6258 

--------------------------------------------
Estimated Ln Prob of Data   = -9109.1
Mean value of ln likelihood = -7679.7
Variance of ln likelihood   = 2858.9
Mean value of alpha         = 0.0489

Mean value of Fst_1         = 0.2027
Mean value of Fst_2         = 0.0964
Mean value of Fst_3         = 0.1002
Mean value of Fst_4         = 0.1005
Mean value of Fst_5         = 0.0979
Mean value of Fst_6         = 0.1035
Mean value of Fst_7         = 0.0995
Mean value of Fst_8         = 0.1007
Mean value of Fst_9         = 0.1041
Mean value of Fst_10         = 0.1011
Mean value of Fst_11         = 0.0989


Inferred ancestry of individuals:
        Label (%Miss) :  Inferred clusters
  1 COPE-0001    (0)   :  0.914 0.009 0.009 0.009 0.009 0.009 0.009 0.009 0.008 0.009 0.009 
  2 COPE-0002    (0)   :  0.011 0.110 0.102 0.105 0.095 0.084 0.099 0.094 0.101 0.095 0.104 
  3 COPE-0003    (0)   :  0.007 0.108 0.098 0.097 0.103 0.102 0.096 0.096 0.091 0.092 0.109 
  4 COPE-0004    (0)   :  0.012 0.125 0.104 0.091 0.093 0.078 0.108 0.097 0.106 0.094 0.092 
  5 COPE-0005    (0)   :  0.022 0.103 0.106 0.095 0.091 0.088 0.099 0.097 0.109 0.095 0.096 
  6 COPE-0006    (0)   :  0.018 0.099 0.097 0.099 0.102 0.096 0.095 0.095 0.097 0.098 0.103 
  7 COPE-0007    (0)   :  0.006 0.098 0.104 0.099 0.094 0.092 0.099 0.102 0.109 0.103 0.093 
  8 COPE-0008    (0)   :  0.008 0.094 0.089 0.107 0.090 0.116 0.102 0.108 0.100 0.098 0.088 
  9 COPE-0009    (0)   :  0.016 0.097 0.093 0.100 0.101 0.101 0.090 0.093 0.100 0.088 0.121 
 10 COPE-0010    (0)   :  0.007 0.097 0.098 0.088 0.104 0.104 0.104 0.102 0.096 0.105 0.095 
 11 COPE-0011   (14)   :  0.868 0.015 0.014 0.013 0.013 0.011 0.014 0.013 0.013 0.013 0.013 
 12 COPE-0012   (14)   :  0.007 0.097 0.089 0.099 0.091 0.122 0.097 0.109 0.099 0.099 0.091 
 13 COPE-0013    (0)   :  0.006 0.113 0.097 0.088 0.101 0.101 0.100 0.099 0.089 0.090 0.115 
 14 COPE-0014    (0)   :  0.008 0.091 0.089 0.129 0.107 0.073 0.111 0.083 0.100 0.098 0.111 
 15 COPE-0015    (0)   :  0.007 0.088 0.095 0.114 0.103 0.088 0.107 0.093 0.099 0.103 0.103 
 16 COPE-0016    (0)   :  0.009 0.083 0.099 0.119 0.093 0.106 0.080 0.089 0.112 0.082 0.128 
 17 COPE-0017    (0)   :  0.580 0.038 0.040 0.050 0.043 0.037 0.043 0.038 0.043 0.042 0.045 
 18 COPE-0018    (0)   :  0.008 0.102 0.099 0.098 0.101 0.097 0.093 0.098 0.096 0.105 0.102 
 19 COPE-0019    (0)   :  0.006 0.102 0.095 0.093 0.102 0.103 0.097 0.098 0.096 0.095 0.113 
 20 COPE-0020    (0)   :  0.007 0.095 0.097 0.094 0.105 0.102 0.097 0.101 0.099 0.101 0.103 
 21 COPE-0021    (0)   :  0.006 0.087 0.103 0.091 0.106 0.105 0.095 0.103 0.107 0.106 0.091 
 22 COPE-0022    (0)   :  0.006 0.092 0.090 0.102 0.093 0.126 0.101 0.109 0.097 0.098 0.086 
 23 COPE-0023    (0)   :  0.008 0.108 0.099 0.102 0.104 0.086 0.101 0.096 0.094 0.099 0.102 
 24 COPE-0024   (14)   :  0.006 0.091 0.107 0.087 0.095 0.113 0.086 0.105 0.110 0.106 0.094 
 25 COPE-0025    (0)   :  0.053 0.104 0.099 0.093 0.098 0.085 0.098 0.097 0.084 0.095 0.094 
 26 COPE-0026    (0)   :  0.005 0.096 0.102 0.105 0.094 0.095 0.101 0.098 0.097 0.106 0.100 
 27 COPE-0027    (0)   :  0.006 0.107 0.095 0.094 0.103 0.108 0.095 0.101 0.094 0.094 0.104 
 28 COPE-0028    (0)   :  0.005 0.098 0.101 0.100 0.100 0.099 0.105 0.102 0.092 0.104 0.093 
 29 COPE-0029    (0)   :  0.005 0.080 0.101 0.115 0.092 0.108 0.082 0.095 0.111 0.090 0.123 
 30 COPE-0030   (14)   :  0.723 0.029 0.028 0.029 0.027 0.026 0.028 0.027 0.027 0.028 0.028 
 31 COPE-0031    (0)   :  0.010 0.091 0.097 0.113 0.089 0.096 0.102 0.099 0.098 0.110 0.096 
 32 COPE-0032    (0)   :  0.009 0.104 0.099 0.101 0.105 0.092 0.103 0.099 0.090 0.103 0.097 
 33 COPE-0033    (0)   :  0.011 0.101 0.100 0.103 0.104 0.091 0.103 0.098 0.091 0.100 0.100 
 34 COPE-0034    (0)   :  0.010 0.108 0.103 0.105 0.090 0.086 0.100 0.095 0.105 0.095 0.103 
 35 COPE-0035   (14)   :  0.007 0.105 0.102 0.095 0.102 0.095 0.105 0.103 0.091 0.102 0.091 
 36 COPE-0036   (14)   :  0.006 0.093 0.104 0.085 0.104 0.105 0.099 0.107 0.105 0.104 0.088 
 37 COPE-0037    (0)   :  0.023 0.098 0.102 0.091 0.100 0.103 0.090 0.098 0.101 0.098 0.095 
 38 COPE-0038    (0)   :  0.006 0.096 0.100 0.105 0.094 0.108 0.099 0.101 0.094 0.105 0.091 
 39 COPE-0039    (0)   :  0.053 0.101 0.096 0.093 0.100 0.091 0.096 0.095 0.088 0.091 0.097 
 40 COPE-0040   (14)   :  0.081 0.095 0.092 0.091 0.096 0.088 0.092 0.089 0.087 0.091 0.098 
 41 COPE-0041    (0)   :  0.027 0.104 0.095 0.097 0.100 0.091 0.098 0.096 0.090 0.100 0.102 
 42 COPE-0042    (0)   :  0.010 0.102 0.104 0.099 0.104 0.096 0.108 0.096 0.089 0.098 0.095 
 43 COPE-0043    (0)   :  0.005 0.101 0.096 0.109 0.096 0.095 0.092 0.094 0.109 0.091 0.112 
 44 COPE-0044    (0)   :  0.012 0.116 0.100 0.095 0.095 0.093 0.103 0.098 0.100 0.095 0.092 
 45 COPE-0045    (0)   :  0.033 0.107 0.093 0.093 0.093 0.092 0.101 0.100 0.096 0.099 0.092 
 46 COPE-0046    (0)   :  0.744 0.027 0.026 0.026 0.026 0.025 0.025 0.024 0.025 0.024 0.028 
 47 COPE-0047    (0)   :  0.925 0.007 0.007 0.007 0.007 0.008 0.007 0.007 0.007 0.007 0.008 
 48 COPE-0048    (0)   :  0.007 0.099 0.103 0.101 0.103 0.095 0.111 0.103 0.088 0.100 0.089 
 49 COPE-0049    (0)   :  0.016 0.108 0.097 0.096 0.098 0.088 0.104 0.100 0.098 0.099 0.096 
 50 COPE-0050    (0)   :  0.007 0.114 0.106 0.095 0.103 0.097 0.096 0.095 0.093 0.091 0.103 
 51 COPE-0051    (0)   :  0.103 0.089 0.093 0.080 0.092 0.088 0.098 0.098 0.084 0.099 0.076 
 52 COPE-0052    (0)   :  0.011 0.086 0.092 0.129 0.103 0.073 0.113 0.084 0.099 0.103 0.109 
 53 COPE-0053    (0)   :  0.008 0.076 0.100 0.119 0.087 0.108 0.078 0.090 0.114 0.084 0.135 
 54 COPE-0054    (0)   :  0.005 0.079 0.102 0.073 0.107 0.127 0.096 0.113 0.109 0.106 0.081 
 55 COPE-0055    (0)   :  0.005 0.090 0.087 0.103 0.091 0.131 0.101 0.112 0.099 0.096 0.085 
 56 COPE-0056    (0)   :  0.016 0.102 0.086 0.096 0.095 0.114 0.104 0.105 0.094 0.095 0.094 
 57 COPE-0057    (0)   :  0.010 0.100 0.094 0.088 0.103 0.106 0.099 0.101 0.094 0.098 0.106 
 58 COPE-0058    (0)   :  0.009 0.109 0.103 0.096 0.096 0.089 0.102 0.102 0.098 0.100 0.096 
 59 COPE-0059    (0)   :  0.018 0.111 0.103 0.087 0.109 0.108 0.088 0.092 0.093 0.087 0.105 
 60 COPE-0060    (0)   :  0.007 0.099 0.095 0.110 0.101 0.091 0.090 0.093 0.104 0.095 0.117 
 61 COPE-0061    (0)   :  0.010 0.082 0.100 0.113 0.090 0.105 0.082 0.091 0.109 0.085 0.133 
 62 COPE-0062    (0)   :  0.008 0.085 0.095 0.109 0.108 0.089 0.108 0.092 0.101 0.108 0.096 
 63 COPE-0063    (0)   :  0.023 0.089 0.081 0.100 0.089 0.133 0.100 0.110 0.097 0.095 0.083 
 64 COPE-0064    (0)   :  0.009 0.104 0.102 0.104 0.099 0.093 0.101 0.092 0.098 0.097 0.102 
 65 COPE-0065    (0)   :  0.940 0.006 0.006 0.006 0.006 0.006 0.006 0.006 0.006 0.006 0.006 
 66 COPE-0066    (0)   :  0.017 0.098 0.100 0.094 0.102 0.100 0.108 0.100 0.089 0.099 0.093 
 67 COPE-0067   (14)   :  0.715 0.029 0.029 0.028 0.030 0.028 0.030 0.029 0.026 0.029 0.027 
 68 COPE-0068    (0)   :  0.011 0.114 0.102 0.092 0.105 0.105 0.090 0.093 0.093 0.087 0.107 
 69 COPE-0069   (14)   :  0.011 0.099 0.102 0.104 0.102 0.098 0.099 0.094 0.095 0.096 0.101 
 70 COPE-0070    (0)   :  0.011 0.109 0.105 0.097 0.095 0.087 0.099 0.102 0.102 0.100 0.092 
 71 COPE-0071    (0)   :  0.005 0.096 0.101 0.088 0.106 0.106 0.106 0.104 0.094 0.104 0.091 
 72 COPE-0072    (0)   :  0.006 0.110 0.102 0.104 0.104 0.089 0.097 0.093 0.093 0.097 0.106 
 73 COPE-0073   (14)   :  0.633 0.030 0.037 0.036 0.036 0.041 0.032 0.037 0.042 0.035 0.040 
 74 COPE-0074    (0)   :  0.009 0.102 0.102 0.097 0.102 0.096 0.108 0.103 0.091 0.100 0.091 
 75 COPE-0075    (0)   :  0.012 0.100 0.104 0.090 0.100 0.094 0.110 0.108 0.092 0.107 0.084 
 76 COPE-0076    (0)   :  0.006 0.090 0.093 0.096 0.101 0.114 0.100 0.105 0.102 0.099 0.094 
 77 COPE-0077   (14)   :  0.008 0.105 0.105 0.100 0.102 0.097 0.098 0.095 0.095 0.095 0.100 
 78 COPE-0078   (14)   :  0.008 0.107 0.105 0.093 0.094 0.098 0.094 0.103 0.107 0.101 0.090 
 79 COPE-0079    (0)   :  0.008 0.134 0.109 0.089 0.089 0.067 0.112 0.097 0.111 0.092 0.092 
 80 COPE-0080   (42)   :  0.807 0.019 0.019 0.020 0.020 0.019 0.019 0.019 0.019 0.019 0.020 
 81 COPE-0081   (14)   :  0.436 0.055 0.056 0.056 0.055 0.062 0.056 0.058 0.055 0.057 0.053 
 82 COPE-0082   (14)   :  0.044 0.096 0.092 0.089 0.093 0.104 0.104 0.103 0.092 0.103 0.082 
 83 COPE-0083   (14)   :  0.005 0.083 0.086 0.141 0.110 0.062 0.120 0.077 0.101 0.107 0.107 
 84 COPE-0084    (0)   :  0.201 0.063 0.080 0.097 0.072 0.086 0.064 0.072 0.090 0.068 0.107 
 85 COPE-0085    (0)   :  0.010 0.112 0.104 0.096 0.094 0.086 0.102 0.100 0.101 0.095 0.101 
 86 COPE-0086    (0)   :  0.019 0.097 0.098 0.095 0.099 0.100 0.096 0.099 0.097 0.099 0.100 
 87 COPE-0087   (14)   :  0.007 0.093 0.098 0.112 0.097 0.096 0.087 0.092 0.106 0.092 0.120 
 88 COPE-0088   (14)   :  0.024 0.102 0.103 0.103 0.094 0.085 0.099 0.094 0.101 0.093 0.103 
 89 COPE-0089   (14)   :  0.924 0.008 0.007 0.008 0.007 0.008 0.008 0.008 0.008 0.008 0.007 
 90 COPE-0090    (0)   :  0.008 0.091 0.093 0.104 0.092 0.121 0.098 0.108 0.096 0.103 0.086 
 91 COPE-0091   (14)   :  0.005 0.092 0.095 0.119 0.103 0.089 0.092 0.089 0.105 0.093 0.117 
 92 COPE-0092   (28)   :  0.782 0.025 0.023 0.021 0.022 0.020 0.022 0.021 0.021 0.021 0.022 
 93 COPE-0093    (0)   :  0.006 0.088 0.079 0.100 0.092 0.139 0.100 0.114 0.101 0.097 0.084 
 94 COPE-0094    (0)   :  0.028 0.132 0.104 0.088 0.088 0.065 0.111 0.094 0.109 0.091 0.090 
 95 COPE-0095    (0)   :  0.005 0.079 0.101 0.119 0.087 0.106 0.083 0.094 0.108 0.092 0.126 
 96 COPE-0096    (0)   :  0.009 0.091 0.095 0.116 0.099 0.091 0.098 0.092 0.103 0.096 0.109 
 97 COPE-0097    (0)   :  0.007 0.092 0.098 0.095 0.101 0.100 0.109 0.101 0.097 0.109 0.091 
 98 COPE-0098    (0)   :  0.009 0.094 0.095 0.113 0.089 0.095 0.106 0.099 0.100 0.108 0.093 
 99 COPE-0099    (0)   :  0.021 0.107 0.098 0.089 0.107 0.099 0.094 0.096 0.091 0.092 0.106 
100 COPE-0100    (0)   :  0.007 0.103 0.099 0.098 0.097 0.100 0.100 0.102 0.092 0.101 0.101 
101 COPE-0101    (0)   :  0.045 0.101 0.093 0.094 0.093 0.097 0.102 0.097 0.092 0.097 0.089 
102 COPE-0102    (0)   :  0.006 0.106 0.102 0.100 0.099 0.087 0.102 0.102 0.095 0.100 0.100 
103 COPE-0103    (0)   :  0.015 0.106 0.101 0.106 0.095 0.075 0.107 0.095 0.104 0.099 0.097 
104 COPE-0104   (14)   :  0.007 0.099 0.098 0.097 0.102 0.103 0.108 0.103 0.091 0.103 0.091 
105 COPE-0105    (0)   :  0.035 0.094 0.097 0.084 0.098 0.104 0.103 0.105 0.090 0.109 0.078 
106 COPE-0106    (0)   :  0.004 0.075 0.109 0.057 0.110 0.133 0.090 0.117 0.122 0.107 0.076 
107 COPE-0107    (0)   :  0.800 0.020 0.019 0.021 0.019 0.023 0.020 0.021 0.020 0.020 0.019 
108 COPE-0108    (0)   :  0.006 0.091 0.098 0.108 0.099 0.094 0.106 0.098 0.094 0.111 0.094 
109 COPE-0109    (0)   :  0.011 0.120 0.105 0.095 0.095 0.084 0.103 0.096 0.100 0.094 0.096 
110 COPE-0110   (14)   :  0.013 0.094 0.099 0.094 0.098 0.104 0.092 0.100 0.107 0.095 0.104 
111 COPE-0111    (0)   :  0.009 0.090 0.099 0.095 0.104 0.103 0.093 0.100 0.110 0.099 0.098 
112 COPE-0112   (14)   :  0.009 0.098 0.099 0.104 0.102 0.093 0.111 0.104 0.088 0.100 0.092 
113 COPE-0113    (0)   :  0.017 0.104 0.096 0.099 0.100 0.096 0.101 0.098 0.093 0.097 0.099 
114 COPE-0114    (0)   :  0.009 0.087 0.102 0.075 0.103 0.120 0.096 0.109 0.107 0.105 0.087 
115 COPE-0115    (0)   :  0.731 0.025 0.026 0.032 0.026 0.023 0.028 0.025 0.027 0.027 0.029 
116 COPE-0116   (28)   :  0.892 0.011 0.011 0.011 0.011 0.010 0.011 0.011 0.010 0.011 0.011 
117 COPE-0117    (0)   :  0.010 0.077 0.099 0.120 0.086 0.104 0.081 0.090 0.111 0.088 0.132 
118 COPE-0118    (0)   :  0.009 0.079 0.106 0.077 0.109 0.115 0.094 0.106 0.116 0.106 0.085 
119 COPE-0119    (0)   :  0.011 0.082 0.100 0.100 0.103 0.101 0.103 0.101 0.099 0.109 0.091 
120 COPE-0120    (0)   :  0.010 0.113 0.104 0.094 0.101 0.093 0.100 0.097 0.093 0.096 0.099 
121 COPE-0121    (0)   :  0.053 0.090 0.092 0.101 0.100 0.094 0.093 0.092 0.093 0.094 0.099 
122 COPE-0122    (0)   :  0.008 0.111 0.100 0.099 0.105 0.083 0.099 0.098 0.097 0.097 0.102 
123 COPE-0123    (0)   :  0.016 0.105 0.099 0.099 0.103 0.090 0.102 0.099 0.092 0.098 0.096 
124 COPE-0124    (0)   :  0.012 0.107 0.098 0.098 0.103 0.090 0.096 0.096 0.095 0.100 0.105 
125 COPE-0125    (0)   :  0.006 0.094 0.099 0.081 0.100 0.121 0.100 0.106 0.101 0.103 0.088 
126 COPE-0126    (0)   :  0.012 0.076 0.100 0.119 0.084 0.105 0.081 0.092 0.109 0.092 0.129 
127 COPE-0127   (14)   :  0.006 0.098 0.102 0.095 0.095 0.098 0.101 0.104 0.097 0.106 0.097 
128 COPE-0128    (0)   :  0.017 0.099 0.095 0.092 0.102 0.101 0.098 0.101 0.096 0.100 0.099 
129 COPE-0129    (0)   :  0.006 0.123 0.108 0.089 0.095 0.079 0.107 0.100 0.105 0.093 0.095 
130 COPE-0130    (0)   :  0.013 0.109 0.103 0.096 0.101 0.102 0.093 0.095 0.094 0.091 0.103 
131 COPE-0131   (14)   :  0.008 0.090 0.090 0.122 0.109 0.078 0.112 0.085 0.098 0.102 0.105 
132 COPE-0132   (14)   :  0.037 0.089 0.105 0.084 0.092 0.113 0.082 0.102 0.101 0.103 0.091 
133 COPE-0133    (0)   :  0.009 0.082 0.099 0.120 0.089 0.105 0.079 0.088 0.113 0.084 0.132 
134 COPE-0134    (0)   :  0.007 0.108 0.098 0.093 0.100 0.092 0.098 0.103 0.100 0.101 0.100 
135 COPE-0135    (0)   :  0.008 0.100 0.091 0.099 0.098 0.109 0.105 0.105 0.093 0.101 0.092 
136 COPE-0136    (0)   :  0.867 0.014 0.014 0.013 0.013 0.013 0.013 0.013 0.013 0.013 0.014 
137 COPE-0137    (0)   :  0.011 0.109 0.098 0.098 0.101 0.091 0.101 0.100 0.088 0.098 0.106 
138 COPE-0138   (14)   :  0.908 0.009 0.009 0.008 0.009 0.010 0.009 0.010 0.009 0.009 0.009 
139 COPE-0139    (0)   :  0.007 0.107 0.097 0.095 0.101 0.098 0.099 0.099 0.090 0.094 0.114 
140 COPE-0140   (14)   :  0.760 0.024 0.024 0.024 0.024 0.023 0.024 0.024 0.022 0.024 0.025 
141 COPE-0141    (0)   :  0.008 0.097 0.088 0.098 0.093 0.119 0.104 0.108 0.099 0.099 0.087 
142 COPE-0142    (0)   :  0.009 0.093 0.092 0.094 0.098 0.118 0.098 0.107 0.099 0.100 0.092 
143 COPE-0143    (0)   :  0.009 0.091 0.097 0.111 0.090 0.103 0.091 0.097 0.105 0.093 0.113 
144 COPE-0144   (14)   :  0.135 0.093 0.089 0.088 0.087 0.081 0.087 0.082 0.086 0.082 0.091 
145 COPE-0145   (14)   :  0.269 0.078 0.072 0.074 0.078 0.065 0.070 0.076 0.065 0.072 0.081 
146 COPE-0146   (14)   :  0.027 0.089 0.095 0.104 0.091 0.102 0.093 0.097 0.098 0.102 0.101 
147 COPE-0147    (0)   :  0.071 0.103 0.091 0.092 0.089 0.093 0.097 0.094 0.092 0.090 0.088 
148 COPE-0148    (0)   :  0.008 0.083 0.101 0.116 0.088 0.104 0.082 0.090 0.113 0.088 0.126 
149 COPE-0149    (0)   :  0.007 0.101 0.097 0.099 0.098 0.101 0.094 0.094 0.098 0.091 0.120 
150 COPE-0150    (0)   :  0.008 0.101 0.103 0.100 0.104 0.092 0.113 0.104 0.086 0.100 0.088 
151 COPE-0151    (0)   :  0.007 0.094 0.094 0.102 0.098 0.105 0.096 0.100 0.099 0.096 0.110 
152 COPE-0152   (14)   :  0.126 0.085 0.079 0.090 0.082 0.102 0.092 0.094 0.084 0.088 0.078 
153 COPE-0153    (0)   :  0.006 0.102 0.097 0.103 0.099 0.092 0.105 0.096 0.099 0.100 0.101 
154 COPE-0154    (0)   :  0.007 0.093 0.096 0.092 0.102 0.110 0.096 0.103 0.101 0.098 0.102 
155 COPE-0155    (0)   :  0.006 0.101 0.096 0.093 0.104 0.104 0.099 0.099 0.095 0.099 0.105 
156 COPE-0156   (14)   :  0.909 0.009 0.009 0.009 0.009 0.009 0.009 0.009 0.009 0.009 0.009 
157 COPE-0157   (14)   :  0.244 0.079 0.072 0.079 0.071 0.082 0.074 0.079 0.075 0.073 0.070 
158 COPE-0158    (0)   :  0.009 0.087 0.098 0.115 0.097 0.105 0.082 0.088 0.109 0.082 0.128 
159 COPE-0159    (0)   :  0.008 0.105 0.102 0.100 0.093 0.103 0.096 0.099 0.099 0.098 0.095 
160 COPE-0160    (0)   :  0.007 0.115 0.104 0.096 0.092 0.087 0.102 0.104 0.101 0.100 0.092 
161 COPE-0161    (0)   :  0.012 0.107 0.098 0.102 0.099 0.084 0.104 0.102 0.094 0.099 0.096 
162 COPE-0162   (14)   :  0.929 0.007 0.007 0.007 0.007 0.007 0.007 0.007 0.007 0.007 0.007 
163 COPE-0163   (28)   :  0.870 0.013 0.013 0.013 0.013 0.013 0.013 0.013 0.013 0.013 0.013 
164 COPE-0164    (0)   :  0.026 0.098 0.100 0.100 0.096 0.094 0.091 0.097 0.092 0.106 0.100 
165 COPE-0165    (0)   :  0.008 0.108 0.103 0.095 0.104 0.096 0.097 0.096 0.096 0.094 0.103 
166 COPE-0166   (14)   :  0.008 0.110 0.101 0.093 0.099 0.089 0.096 0.100 0.104 0.099 0.100 
167 COPE-0167    (0)   :  0.008 0.105 0.105 0.090 0.095 0.093 0.098 0.104 0.108 0.101 0.093 
168 COPE-0168    (0)   :  0.006 0.089 0.096 0.114 0.095 0.104 0.089 0.094 0.109 0.090 0.115 
169 COPE-0169    (0)   :  0.011 0.113 0.100 0.092 0.105 0.103 0.093 0.092 0.092 0.088 0.110 
170 COPE-0170    (0)   :  0.025 0.096 0.086 0.106 0.095 0.105 0.102 0.100 0.093 0.098 0.093 
171 COPE-0171    (0)   :  0.008 0.089 0.096 0.106 0.099 0.106 0.095 0.100 0.102 0.097 0.102 
172 COPE-0172    (0)   :  0.007 0.097 0.100 0.103 0.098 0.094 0.101 0.099 0.096 0.107 0.098 
173 COPE-0173   (14)   :  0.056 0.109 0.100 0.089 0.104 0.096 0.089 0.085 0.087 0.084 0.101 
174 COPE-0174   (28)   :  0.015 0.096 0.096 0.105 0.098 0.102 0.098 0.097 0.097 0.097 0.098 
175 COPE-0175    (0)   :  0.040 0.098 0.100 0.104 0.090 0.086 0.090 0.095 0.101 0.092 0.105 
176 COPE-0176    (0)   :  0.008 0.096 0.094 0.089 0.096 0.116 0.097 0.110 0.110 0.099 0.085 
177 COPE-0177    (0)   :  0.007 0.105 0.096 0.091 0.103 0.101 0.096 0.098 0.093 0.096 0.114 
178 COPE-0178    (0)   :  0.007 0.077 0.109 0.056 0.108 0.132 0.091 0.118 0.120 0.106 0.076 
179 COPE-0179    (0)   :  0.009 0.103 0.095 0.093 0.102 0.098 0.101 0.101 0.094 0.101 0.102 
180 COPE-0180   (14)   :  0.006 0.113 0.102 0.091 0.108 0.103 0.093 0.093 0.093 0.087 0.111 
181 COPE-0181   (14)   :  0.009 0.108 0.096 0.090 0.101 0.099 0.100 0.098 0.093 0.095 0.110 
182 COPE-0182    (0)   :  0.005 0.094 0.105 0.098 0.092 0.102 0.100 0.106 0.093 0.116 0.087 
183 COPE-0183    (0)   :  0.011 0.099 0.096 0.100 0.100 0.099 0.097 0.099 0.096 0.106 0.098 
184 COPE-0184    (0)   :  0.009 0.106 0.107 0.097 0.090 0.090 0.097 0.101 0.109 0.099 0.095 
185 COPE-0185    (0)   :  0.006 0.096 0.094 0.108 0.097 0.107 0.102 0.101 0.098 0.101 0.091 
186 COPE-0186    (0)   :  0.005 0.085 0.089 0.130 0.108 0.071 0.118 0.081 0.101 0.108 0.104 
187 COPE-0187    (0)   :  0.009 0.100 0.096 0.091 0.097 0.105 0.108 0.110 0.094 0.106 0.083 
188 COPE-0188    (0)   :  0.730 0.028 0.028 0.028 0.027 0.025 0.029 0.027 0.025 0.027 0.025 
189 COPE-0189    (0)   :  0.008 0.105 0.098 0.101 0.100 0.094 0.103 0.099 0.089 0.095 0.109 
190 COPE-0190    (0)   :  0.014 0.119 0.099 0.094 0.095 0.082 0.106 0.098 0.100 0.099 0.094 
191 COPE-0191    (0)   :  0.011 0.096 0.093 0.110 0.102 0.089 0.102 0.092 0.099 0.098 0.108 
192 COPE-0192   (14)   :  0.893 0.010 0.010 0.012 0.011 0.009 0.012 0.010 0.011 0.011 0.011 
193 COPE-0193    (0)   :  0.006 0.087 0.102 0.107 0.096 0.103 0.087 0.098 0.103 0.099 0.111 
194 COPE-0194    (0)   :  0.009 0.096 0.099 0.098 0.103 0.100 0.109 0.103 0.090 0.102 0.090 
195 COPE-0195    (0)   :  0.006 0.104 0.102 0.101 0.098 0.091 0.104 0.103 0.093 0.103 0.094 
196 COPE-0196    (0)   :  0.011 0.104 0.098 0.102 0.101 0.091 0.101 0.100 0.096 0.101 0.096 
197 COPE-0197    (0)   :  0.007 0.108 0.101 0.094 0.106 0.099 0.096 0.094 0.094 0.091 0.110 
198 COPE-0198    (0)   :  0.012 0.109 0.106 0.097 0.102 0.105 0.090 0.093 0.092 0.094 0.100 
199 COPE-0199    (0)   :  0.012 0.108 0.093 0.086 0.105 0.106 0.095 0.098 0.094 0.093 0.110 
200 COPE-0200   (42)   :  0.009 0.111 0.099 0.093 0.102 0.102 0.093 0.095 0.095 0.089 0.110 
201 COPE-0201    (0)   :  0.008 0.092 0.091 0.105 0.097 0.105 0.102 0.103 0.097 0.105 0.094 
202 COPE-0202    (0)   :  0.013 0.118 0.100 0.098 0.088 0.089 0.107 0.099 0.103 0.092 0.093 
203 COPE-0203    (0)   :  0.006 0.100 0.099 0.099 0.097 0.108 0.094 0.101 0.098 0.101 0.097 
204 COPE-0204    (0)   :  0.029 0.086 0.103 0.071 0.100 0.117 0.098 0.109 0.103 0.104 0.079 
205 COPE-0205    (0)   :  0.021 0.088 0.100 0.111 0.092 0.096 0.088 0.096 0.098 0.098 0.111 
206 COPE-0206    (0)   :  0.005 0.086 0.101 0.084 0.108 0.117 0.093 0.108 0.104 0.102 0.092 
207 COPE-0207    (0)   :  0.011 0.085 0.105 0.082 0.104 0.116 0.088 0.106 0.109 0.107 0.086 
208 COPE-0208    (0)   :  0.701 0.031 0.030 0.031 0.030 0.028 0.031 0.030 0.028 0.031 0.029 
209 COPE-0209    (0)   :  0.006 0.104 0.102 0.100 0.107 0.096 0.101 0.094 0.093 0.097 0.100 
210 COPE-0210    (0)   :  0.010 0.089 0.099 0.115 0.099 0.099 0.092 0.090 0.104 0.087 0.117 
211 COPE-0211    (0)   :  0.005 0.102 0.105 0.101 0.105 0.092 0.112 0.105 0.085 0.100 0.089 
212 COPE-0212    (0)   :  0.012 0.090 0.105 0.088 0.098 0.114 0.086 0.104 0.107 0.105 0.091 
213 COPE-0213    (0)   :  0.008 0.098 0.102 0.090 0.104 0.103 0.098 0.103 0.096 0.104 0.093 
214 COPE-0214    (0)   :  0.008 0.118 0.107 0.091 0.109 0.108 0.088 0.088 0.091 0.083 0.107 
215 COPE-0215    (0)   :  0.053 0.108 0.095 0.084 0.102 0.101 0.088 0.089 0.089 0.084 0.107 
216 COPE-0216   (14)   :  0.367 0.061 0.062 0.070 0.063 0.062 0.059 0.060 0.066 0.060 0.070 
217 COPE-0217    (0)   :  0.028 0.085 0.103 0.075 0.102 0.117 0.088 0.106 0.108 0.101 0.085 
218 COPE-0218    (0)   :  0.009 0.102 0.104 0.100 0.101 0.097 0.095 0.095 0.097 0.097 0.104 
219 COPE-0219   (14)   :  0.009 0.107 0.102 0.096 0.104 0.103 0.094 0.093 0.094 0.091 0.109 
220 COPE-0220    (0)   :  0.014 0.085 0.103 0.071 0.108 0.121 0.090 0.109 0.110 0.104 0.085 
221 COPE-0221    (0)   :  0.017 0.099 0.090 0.103 0.091 0.121 0.096 0.107 0.094 0.096 0.087 
222 COPE-0222    (0)   :  0.007 0.083 0.098 0.115 0.086 0.108 0.092 0.100 0.104 0.097 0.112 
223 COPE-0223    (0)   :  0.007 0.112 0.096 0.090 0.106 0.095 0.096 0.092 0.094 0.097 0.114 
224 COPE-0224    (0)   :  0.019 0.128 0.107 0.093 0.086 0.067 0.108 0.096 0.112 0.090 0.094 
225 COPE-0225    (0)   :  0.014 0.117 0.105 0.089 0.110 0.108 0.087 0.088 0.092 0.081 0.108 
226 COPE-0226    (0)   :  0.006 0.097 0.098 0.101 0.097 0.107 0.095 0.099 0.104 0.097 0.099 
227 COPE-0227    (0)   :  0.006 0.101 0.102 0.105 0.105 0.094 0.101 0.091 0.097 0.097 0.102 
228 COPE-0228    (0)   :  0.018 0.091 0.101 0.079 0.104 0.113 0.094 0.106 0.104 0.099 0.091 
229 COPE-0229    (0)   :  0.007 0.103 0.101 0.095 0.099 0.105 0.096 0.099 0.098 0.096 0.103 
230 COPE-0230    (0)   :  0.010 0.094 0.095 0.084 0.098 0.118 0.097 0.106 0.104 0.100 0.093 
231 COPE-0231    (0)   :  0.006 0.101 0.101 0.094 0.101 0.102 0.095 0.098 0.097 0.097 0.109 
232 COPE-0232    (0)   :  0.015 0.116 0.103 0.093 0.094 0.081 0.107 0.099 0.102 0.098 0.091 
233 COPE-0233    (0)   :  0.005 0.096 0.100 0.110 0.088 0.098 0.098 0.101 0.097 0.111 0.097 
234 COPE-0234    (0)   :  0.008 0.115 0.103 0.095 0.102 0.081 0.102 0.098 0.099 0.097 0.099 
235 COPE-0235    (0)   :  0.006 0.111 0.099 0.098 0.105 0.086 0.098 0.096 0.097 0.100 0.105 
236 COPE-0236    (0)   :  0.005 0.088 0.101 0.075 0.101 0.126 0.099 0.107 0.106 0.105 0.087 
237 COPE-0237    (0)   :  0.006 0.101 0.101 0.109 0.098 0.095 0.104 0.095 0.094 0.102 0.095 
238 COPE-0238    (0)   :  0.009 0.106 0.096 0.087 0.103 0.105 0.093 0.093 0.097 0.088 0.122 
239 COPE-0239    (0)   :  0.035 0.108 0.102 0.098 0.092 0.078 0.102 0.094 0.102 0.092 0.097 
240 COPE-0240    (0)   :  0.008 0.083 0.099 0.118 0.093 0.101 0.086 0.090 0.110 0.090 0.121 
241 COPE-0241    (0)   :  0.007 0.114 0.096 0.087 0.102 0.102 0.099 0.098 0.089 0.090 0.115 
242 COPE-0242    (0)   :  0.006 0.083 0.100 0.095 0.108 0.102 0.103 0.102 0.102 0.107 0.093 
243 COPE-0243    (0)   :  0.008 0.103 0.099 0.091 0.103 0.096 0.107 0.104 0.093 0.107 0.090 
244 COPE-0244    (0)   :  0.009 0.107 0.101 0.094 0.103 0.096 0.099 0.098 0.096 0.099 0.099 
245 COPE-0245    (0)   :  0.011 0.097 0.102 0.094 0.098 0.099 0.106 0.107 0.092 0.107 0.087 
246 COPE-0246    (0)   :  0.013 0.101 0.096 0.106 0.100 0.090 0.101 0.096 0.100 0.099 0.098 
247 COPE-0247    (0)   :  0.016 0.101 0.100 0.102 0.097 0.107 0.096 0.100 0.094 0.095 0.092 
248 COPE-0248    (0)   :  0.005 0.095 0.104 0.096 0.096 0.103 0.101 0.105 0.093 0.111 0.091 
249 COPE-0249    (0)   :  0.029 0.117 0.107 0.092 0.094 0.083 0.101 0.092 0.098 0.092 0.096 
250 COPE-0250    (0)   :  0.017 0.113 0.106 0.089 0.095 0.085 0.100 0.099 0.106 0.097 0.092 
251 COPE-0251   (14)   :  0.691 0.030 0.030 0.033 0.030 0.033 0.031 0.032 0.030 0.031 0.028 
252 COPE-0252    (0)   :  0.011 0.120 0.101 0.095 0.092 0.079 0.105 0.098 0.107 0.096 0.096 
253 COPE-0253    (0)   :  0.008 0.090 0.084 0.103 0.093 0.128 0.100 0.109 0.099 0.097 0.089 
254 COPE-0254    (0)   :  0.014 0.097 0.099 0.089 0.099 0.102 0.103 0.108 0.097 0.111 0.082 
255 COPE-0255    (0)   :  0.023 0.102 0.097 0.095 0.097 0.106 0.097 0.102 0.090 0.100 0.092 
256 COPE-0256    (0)   :  0.010 0.079 0.098 0.114 0.093 0.108 0.080 0.093 0.114 0.087 0.123 
257 COPE-0257    (0)   :  0.007 0.085 0.087 0.137 0.109 0.064 0.118 0.081 0.100 0.105 0.106 
258 COPE-0258    (0)   :  0.017 0.096 0.098 0.106 0.107 0.087 0.103 0.091 0.095 0.102 0.100 
259 COPE-0259    (0)   :  0.006 0.098 0.101 0.094 0.101 0.101 0.105 0.100 0.095 0.103 0.097 
260 COPE-0260    (0)   :  0.024 0.105 0.095 0.089 0.103 0.100 0.093 0.093 0.095 0.093 0.110 
261 COPE-0261    (0)   :  0.006 0.093 0.102 0.080 0.102 0.111 0.106 0.109 0.099 0.110 0.081 
262 COPE-0262    (0)   :  0.018 0.093 0.098 0.100 0.096 0.102 0.094 0.099 0.099 0.097 0.104 
263 COPE-0263    (0)   :  0.008 0.096 0.096 0.116 0.099 0.085 0.106 0.092 0.099 0.104 0.099 
264 COPE-0264    (0)   :  0.018 0.088 0.091 0.118 0.107 0.077 0.109 0.089 0.097 0.104 0.101 
265 COPE-0265    (0)   :  0.011 0.098 0.098 0.099 0.090 0.108 0.096 0.103 0.095 0.105 0.096 
266 COPE-0266    (0)   :  0.018 0.092 0.101 0.081 0.104 0.109 0.094 0.107 0.103 0.104 0.088 
267 COPE-0267    (0)   :  0.006 0.106 0.105 0.102 0.086 0.095 0.094 0.101 0.102 0.107 0.096 
268 COPE-0268    (0)   :  0.013 0.095 0.103 0.110 0.089 0.090 0.096 0.098 0.098 0.112 0.095 
269 COPE-0269    (0)   :  0.006 0.098 0.096 0.116 0.103 0.084 0.097 0.091 0.103 0.096 0.110 
270 COPE-0270    (0)   :  0.007 0.103 0.103 0.099 0.105 0.092 0.113 0.103 0.085 0.099 0.091 
271 COPE-0271    (0)   :  0.007 0.105 0.096 0.108 0.104 0.088 0.093 0.093 0.097 0.095 0.114 
272 COPE-0272    (0)   :  0.007 0.102 0.092 0.095 0.095 0.110 0.105 0.106 0.098 0.099 0.091 
273 COPE-0273    (0)   :  0.016 0.091 0.106 0.083 0.096 0.118 0.085 0.107 0.103 0.108 0.087 
274 COPE-0274   (14)   :  0.758 0.025 0.025 0.024 0.025 0.023 0.026 0.025 0.022 0.025 0.022 
275 COPE-0275    (0)   :  0.010 0.107 0.104 0.101 0.105 0.089 0.102 0.100 0.090 0.096 0.097 
276 COPE-0276   (14)   :  0.936 0.006 0.006 0.006 0.006 0.006 0.006 0.006 0.006 0.006 0.006 
277 COPE-0277   (14)   :  0.013 0.082 0.097 0.110 0.096 0.108 0.086 0.093 0.113 0.088 0.116 
278 COPE-0278    (0)   :  0.007 0.077 0.107 0.063 0.108 0.129 0.090 0.116 0.119 0.107 0.078 
279 COPE-0279    (0)   :  0.009 0.097 0.103 0.089 0.103 0.102 0.096 0.103 0.101 0.102 0.094 
280 COPE-0280    (0)   :  0.872 0.013 0.013 0.013 0.013 0.013 0.013 0.013 0.013 0.013 0.013 
281 COPE-0281    (0)   :  0.686 0.036 0.033 0.029 0.033 0.032 0.031 0.030 0.029 0.030 0.031 
282 COPE-0282   (14)   :  0.006 0.135 0.109 0.091 0.086 0.066 0.111 0.098 0.114 0.090 0.093 
283 COPE-0283    (0)   :  0.007 0.082 0.104 0.079 0.106 0.116 0.090 0.109 0.113 0.106 0.087 
284 COPE-0284   (14)   :  0.033 0.107 0.093 0.090 0.100 0.094 0.094 0.098 0.087 0.096 0.107 
285 COPE-0285    (0)   :  0.698 0.029 0.030 0.031 0.029 0.029 0.031 0.029 0.029 0.030 0.033 
286 COPE-0286    (0)   :  0.009 0.106 0.101 0.102 0.103 0.088 0.104 0.105 0.085 0.099 0.099 
287 COPE-0287    (0)   :  0.029 0.095 0.100 0.113 0.087 0.083 0.099 0.096 0.099 0.107 0.093 
288 COPE-0288    (0)   :  0.010 0.102 0.093 0.100 0.092 0.119 0.095 0.107 0.097 0.098 0.086 
289 COPE-0289    (0)   :  0.007 0.092 0.097 0.109 0.092 0.101 0.097 0.098 0.098 0.101 0.109 
290 COPE-0290    (0)   :  0.007 0.106 0.100 0.097 0.103 0.099 0.108 0.103 0.085 0.096 0.096 
291 COPE-0291    (0)   :  0.006 0.099 0.098 0.109 0.107 0.088 0.103 0.091 0.097 0.099 0.104 
292 COPE-0292   (42)   :  0.853 0.015 0.014 0.014 0.015 0.015 0.015 0.015 0.014 0.015 0.015 
293 COPE-0293    (0)   :  0.008 0.094 0.089 0.096 0.092 0.123 0.101 0.108 0.100 0.104 0.085 
294 COPE-0294    (0)   :  0.012 0.107 0.098 0.094 0.103 0.092 0.099 0.099 0.094 0.101 0.101 
295 COPE-0295    (0)   :  0.007 0.105 0.105 0.096 0.090 0.094 0.097 0.102 0.108 0.096 0.098 
296 COPE-0296   (14)   :  0.007 0.100 0.100 0.099 0.096 0.108 0.096 0.103 0.096 0.101 0.093 
297 COPE-0297   (14)   :  0.036 0.111 0.099 0.086 0.105 0.102 0.089 0.091 0.089 0.085 0.106 
298 COPE-0298    (0)   :  0.009 0.105 0.090 0.096 0.097 0.107 0.104 0.103 0.101 0.099 0.090 
299 COPE-0299    (0)   :  0.006 0.097 0.098 0.091 0.100 0.105 0.111 0.106 0.091 0.108 0.085 
300 COPE-0300   (14)   :  0.008 0.090 0.101 0.113 0.093 0.095 0.090 0.093 0.106 0.095 0.116 
301 COPE-0301   (14)   :  0.009 0.089 0.080 0.103 0.089 0.137 0.101 0.113 0.100 0.096 0.083 
302 COPE-0302    (0)   :  0.187 0.075 0.084 0.092 0.074 0.078 0.079 0.077 0.080 0.081 0.094 
303 COPE-0303    (0)   :  0.006 0.091 0.106 0.070 0.103 0.119 0.095 0.112 0.109 0.104 0.084 
304 COPE-0304    (0)   :  0.007 0.100 0.103 0.101 0.095 0.094 0.096 0.103 0.097 0.108 0.097 
305 COPE-0305   (14)   :  0.035 0.100 0.096 0.106 0.099 0.080 0.100 0.091 0.099 0.096 0.099 
306 COPE-0306    (0)   :  0.009 0.077 0.105 0.067 0.109 0.127 0.092 0.112 0.115 0.106 0.080 
307 COPE-0307   (28)   :  0.918 0.008 0.008 0.008 0.008 0.008 0.008 0.008 0.008 0.008 0.008 
308 COPE-0308    (0)   :  0.006 0.130 0.105 0.094 0.087 0.077 0.106 0.100 0.111 0.091 0.092 
309 COPE-0309   (14)   :  0.601 0.042 0.039 0.040 0.040 0.039 0.041 0.041 0.038 0.040 0.039 
310 COPE-0310   (28)   :  0.572 0.037 0.038 0.058 0.047 0.029 0.051 0.035 0.042 0.045 0.046 
311 COPE-0311    (0)   :  0.021 0.094 0.097 0.109 0.103 0.087 0.104 0.092 0.094 0.097 0.102 
312 COPE-0312   (28)   :  0.870 0.012 0.014 0.011 0.013 0.014 0.013 0.014 0.014 0.013 0.012 
313 COPE-0313    (0)   :  0.009 0.084 0.097 0.097 0.108 0.103 0.102 0.101 0.101 0.107 0.092 
314 COPE-0314    (0)   :  0.007 0.092 0.099 0.109 0.094 0.094 0.104 0.102 0.096 0.112 0.090 
315 COPE-0315    (0)   :  0.008 0.099 0.095 0.097 0.104 0.099 0.101 0.098 0.098 0.099 0.100 
316 COPE-0316    (0)   :  0.020 0.099 0.098 0.085 0.105 0.105 0.099 0.101 0.094 0.098 0.097 
317 COPE-0317   (14)   :  0.913 0.009 0.009 0.009 0.009 0.008 0.009 0.008 0.009 0.009 0.009 
318 COPE-0318    (0)   :  0.005 0.103 0.097 0.100 0.102 0.095 0.105 0.100 0.092 0.102 0.097 
319 COPE-0319    (0)   :  0.006 0.116 0.106 0.097 0.095 0.079 0.104 0.097 0.103 0.095 0.099 
320 COPE-0320   (14)   :  0.015 0.094 0.092 0.100 0.095 0.114 0.101 0.103 0.097 0.100 0.090 
321 COPE-0321   (14)   :  0.011 0.093 0.098 0.107 0.105 0.091 0.105 0.094 0.097 0.103 0.096 
322 COPE-0322   (14)   :  0.006 0.108 0.097 0.096 0.106 0.093 0.099 0.097 0.094 0.100 0.105 
323 COPE-0323    (0)   :  0.008 0.083 0.086 0.140 0.110 0.063 0.120 0.078 0.101 0.106 0.105 
324 COPE-0324    (0)   :  0.006 0.113 0.104 0.092 0.107 0.107 0.091 0.092 0.094 0.087 0.107 
325 COPE-0325   (14)   :  0.011 0.077 0.097 0.126 0.093 0.106 0.079 0.085 0.115 0.080 0.131 
326 COPE-0326    (0)   :  0.007 0.102 0.094 0.089 0.094 0.116 0.096 0.111 0.107 0.100 0.084 
327 COPE-0327   (14)   :  0.008 0.101 0.084 0.102 0.095 0.120 0.102 0.108 0.096 0.096 0.090 
328 COPE-0328    (0)   :  0.006 0.103 0.101 0.092 0.102 0.099 0.101 0.102 0.095 0.102 0.098 
329 COPE-0329   (28)   :  0.013 0.104 0.101 0.088 0.107 0.106 0.091 0.099 0.096 0.095 0.101 
330 COPE-0330    (0)   :  0.021 0.091 0.098 0.108 0.097 0.090 0.103 0.098 0.093 0.108 0.093 
331 COPE-0331    (0)   :  0.006 0.090 0.084 0.103 0.089 0.136 0.100 0.113 0.101 0.096 0.083 
332 COPE-0332   (14)   :  0.007 0.097 0.101 0.092 0.099 0.100 0.101 0.105 0.101 0.106 0.091 
333 COPE-0333    (0)   :  0.148 0.081 0.075 0.087 0.080 0.107 0.085 0.093 0.082 0.083 0.079 
334 COPE-0334   (28)   :  0.541 0.042 0.041 0.058 0.049 0.035 0.053 0.040 0.045 0.048 0.047 
335 COPE-0335    (0)   :  0.006 0.119 0.107 0.093 0.110 0.105 0.090 0.087 0.091 0.084 0.107 
336 COPE-0336    (0)   :  0.006 0.107 0.100 0.102 0.099 0.102 0.098 0.105 0.093 0.096 0.094 
337 COPE-0337   (28)   :  0.825 0.019 0.017 0.017 0.018 0.017 0.017 0.017 0.017 0.017 0.019 
338 COPE-0338    (0)   :  0.021 0.089 0.098 0.112 0.101 0.087 0.101 0.090 0.096 0.107 0.099 
339 COPE-0339    (0)   :  0.006 0.075 0.100 0.125 0.085 0.104 0.082 0.090 0.110 0.089 0.133 
340 COPE-0340   (14)   :  0.877 0.012 0.012 0.012 0.012 0.013 0.012 0.012 0.012 0.012 0.012 
341 COPE-0341    (0)   :  0.007 0.113 0.103 0.100 0.094 0.084 0.103 0.098 0.103 0.097 0.098 
342 COPE-0342    (0)   :  0.008 0.115 0.101 0.088 0.107 0.103 0.093 0.092 0.091 0.087 0.114 
343 COPE-0343    (0)   :  0.006 0.093 0.100 0.087 0.099 0.114 0.096 0.109 0.102 0.107 0.087 
344 COPE-0344   (14)   :  0.888 0.011 0.011 0.012 0.011 0.010 0.012 0.011 0.011 0.011 0.011 
345 COPE-0345    (0)   :  0.006 0.113 0.106 0.104 0.094 0.079 0.102 0.097 0.104 0.094 0.101 
346 COPE-0346    (0)   :  0.031 0.103 0.099 0.098 0.102 0.088 0.099 0.092 0.092 0.096 0.100 
347 COPE-0347    (0)   :  0.006 0.096 0.098 0.100 0.099 0.099 0.100 0.102 0.095 0.106 0.100 
348 COPE-0348    (0)   :  0.015 0.092 0.102 0.083 0.102 0.105 0.102 0.106 0.100 0.104 0.089 
349 COPE-0349    (0)   :  0.006 0.112 0.096 0.094 0.105 0.096 0.095 0.094 0.093 0.093 0.115 
350 COPE-0350    (0)   :  0.006 0.099 0.096 0.095 0.105 0.100 0.105 0.100 0.092 0.102 0.101 
351 COPE-0351    (0)   :  0.006 0.098 0.101 0.092 0.101 0.102 0.107 0.103 0.092 0.107 0.092 
352 COPE-0352    (0)   :  0.026 0.104 0.098 0.094 0.102 0.094 0.097 0.098 0.091 0.096 0.101 
353 COPE-0353    (0)   :  0.005 0.088 0.090 0.129 0.109 0.070 0.114 0.086 0.097 0.106 0.106 
354 COPE-0354    (0)   :  0.014 0.095 0.091 0.111 0.099 0.091 0.108 0.096 0.095 0.102 0.097 
355 COPE-0355    (0)   :  0.007 0.074 0.100 0.125 0.088 0.109 0.076 0.087 0.115 0.081 0.140 
356 COPE-0356    (0)   :  0.008 0.101 0.099 0.090 0.098 0.101 0.107 0.110 0.095 0.111 0.080 
357 COPE-0357    (0)   :  0.008 0.112 0.105 0.098 0.104 0.096 0.097 0.090 0.094 0.091 0.103 
358 COPE-0358    (0)   :  0.925 0.008 0.007 0.007 0.008 0.008 0.007 0.007 0.007 0.007 0.008 
359 COPE-0359   (14)   :  0.009 0.104 0.100 0.098 0.101 0.093 0.098 0.096 0.100 0.099 0.102 
360 COPE-0360    (0)   :  0.006 0.089 0.091 0.121 0.108 0.077 0.113 0.085 0.099 0.105 0.104 
361 COPE-0361    (0)   :  0.009 0.112 0.099 0.094 0.102 0.087 0.103 0.096 0.098 0.101 0.099 
362 COPE-0362    (0)   :  0.007 0.113 0.101 0.094 0.108 0.100 0.095 0.090 0.093 0.090 0.109 
363 COPE-0363   (14)   :  0.013 0.105 0.099 0.101 0.100 0.091 0.097 0.095 0.096 0.099 0.103 
364 COPE-0364    (0)   :  0.006 0.090 0.097 0.118 0.104 0.081 0.112 0.090 0.095 0.110 0.098 
365 COPE-0365    (0)   :  0.019 0.083 0.091 0.127 0.101 0.075 0.114 0.085 0.099 0.110 0.096 
366 COPE-0366    (0)   :  0.024 0.106 0.096 0.088 0.103 0.100 0.097 0.093 0.090 0.093 0.108 
367 COPE-0367   (14)   :  0.873 0.014 0.013 0.013 0.012 0.012 0.013 0.013 0.013 0.012 0.012 
368 COPE-0368    (0)   :  0.010 0.083 0.105 0.112 0.086 0.107 0.082 0.094 0.106 0.093 0.123 
369 COPE-0369    (0)   :  0.008 0.100 0.102 0.101 0.098 0.105 0.097 0.101 0.097 0.095 0.096 
370 COPE-0370   (28)   :  0.909 0.009 0.009 0.009 0.009 0.009 0.009 0.009 0.009 0.009 0.009 
371 COPE-0371    (0)   :  0.013 0.090 0.095 0.113 0.095 0.102 0.102 0.099 0.098 0.101 0.094 
372 COPE-0372    (0)   :  0.047 0.092 0.101 0.083 0.101 0.107 0.090 0.095 0.097 0.094 0.092 
373 COPE-0373   (14)   :  0.007 0.111 0.097 0.092 0.091 0.107 0.096 0.106 0.106 0.098 0.088 
374 COPE-0374    (0)   :  0.008 0.103 0.106 0.106 0.090 0.084 0.099 0.100 0.101 0.103 0.100 
375 COPE-0375   (14)   :  0.009 0.090 0.091 0.128 0.106 0.069 0.116 0.083 0.099 0.104 0.103 
376 COPE-0376   (14)   :  0.006 0.097 0.102 0.086 0.102 0.102 0.108 0.108 0.095 0.112 0.082 
377 COPE-0377    (0)   :  0.553 0.050 0.043 0.044 0.044 0.043 0.047 0.046 0.044 0.044 0.043 
378 COPE-0378    (0)   :  0.006 0.086 0.095 0.119 0.101 0.097 0.093 0.089 0.106 0.091 0.116 
379 COPE-0379    (0)   :  0.007 0.113 0.097 0.090 0.102 0.101 0.101 0.098 0.089 0.091 0.113 
380 COPE-0380   (28)   :  0.664 0.028 0.036 0.023 0.035 0.042 0.032 0.038 0.038 0.035 0.028 
381 COPE-0381    (0)   :  0.010 0.103 0.096 0.110 0.098 0.086 0.104 0.097 0.098 0.098 0.099 
382 COPE-0382    (0)   :  0.006 0.111 0.096 0.088 0.103 0.106 0.095 0.098 0.093 0.091 0.114 
383 COPE-0383    (0)   :  0.047 0.082 0.085 0.132 0.103 0.062 0.116 0.077 0.095 0.103 0.099 
384 COPE-0384    (0)   :  0.007 0.088 0.098 0.109 0.098 0.097 0.098 0.095 0.104 0.101 0.105 


Estimated Allele Frequencies in each cluster
First column gives estimated ancestral frequencies


Locus 1 : COPE5 
78 alleles
0.5% missing data
   1   (0.007) 0.711 0.001 0.001 0.001 0.001 0.001 0.001 0.001 0.001 0.001 0.001 
   2   (0.023) 0.009 0.026 0.025 0.026 0.024 0.023 0.025 0.024 0.025 0.024 0.025 
   3   (0.014) 0.001 0.017 0.015 0.015 0.014 0.012 0.014 0.014 0.016 0.013 0.016 
   4   (0.023) 0.001 0.025 0.025 0.025 0.025 0.024 0.024 0.024 0.024 0.023 0.028 
   5   (0.011) 0.001 0.011 0.010 0.010 0.010 0.010 0.009 0.010 0.009 0.009 0.010 
   6   (0.019) 0.003 0.021 0.019 0.017 0.018 0.017 0.019 0.018 0.018 0.017 0.018 
   7   (0.008) 0.001 0.004 0.004 0.004 0.004 0.003 0.004 0.004 0.004 0.004 0.004 
   8   (0.033) 0.002 0.086 0.097 0.075 0.089 0.101 0.083 0.098 0.102 0.093 0.081 
   9   (0.020) 0.001 0.023 0.021 0.020 0.022 0.020 0.021 0.021 0.021 0.022 0.022 
  10   (0.019) 0.001 0.019 0.020 0.021 0.020 0.018 0.020 0.019 0.019 0.021 0.020 
