

----------------------------------------------------
STRUCTURE by Pritchard, Stephens and Donnelly (2000)
     and Falush, Stephens and Pritchard (2003)
       Code by Pritchard, Falush and Hubisz
             Version 2.3.4 (Jul 2012)
----------------------------------------------------



Command line arguments:   /home/jason/Programs/structure -K 10 -i ../Data/microsats.structure -m Structure_Run/mainparams -e Structure_Run/extraparams -D 7791780 -o ../Structure_Results/08_K_10.out 
Input File:    ../Data/microsats.structure

Run parameters:
   384 individuals
   7 loci
   10 populations assumed
   1000000 Burn-in period
   10000000 Reps
RANDOMIZE turned off


--------------------------------------------
Overall proportion of membership of the
sample in each of the 10 clusters

Inferred Clusters
  1      2      3      4      5      6      7      8      9     10    
0.098  0.099  0.099  0.099  0.112  0.099  0.099  0.099  0.099  0.098  

--------------------------------------------

Allele-freq. divergence among pops (Net nucleotide distance),
computed using point estimates of P.

      1       2       3       4       5       6       7       8       9      10      
 1      -    0.0001  0.0003  0.0001  0.1643  0.0001  0.0002  0.0001  0.0000  0.0001  
 2   0.0001     -    0.0003  0.0001  0.1626  0.0001  0.0002  0.0001  0.0001  0.0003  
 3   0.0003  0.0003     -    0.0004  0.1654  0.0002  0.0005  0.0003  0.0003  0.0004  
 4   0.0001  0.0001  0.0004     -    0.1641  0.0001  0.0003  0.0001  0.0000  0.0001  
 5   0.1643  0.1626  0.1654  0.1641     -    0.1643  0.1636  0.1634  0.1639  0.1655  
 6   0.0001  0.0001  0.0002  0.0001  0.1643     -    0.0003  0.0002  0.0001  0.0002  
 7   0.0002  0.0002  0.0005  0.0003  0.1636  0.0003     -    0.0001  0.0002  0.0004  
 8   0.0001  0.0001  0.0003  0.0001  0.1634  0.0002  0.0001     -    0.0001  0.0004  
 9   0.0000  0.0001  0.0003  0.0000  0.1639  0.0001  0.0002  0.0001     -    0.0001  
10   0.0001  0.0003  0.0004  0.0001  0.1655  0.0002  0.0004  0.0004  0.0001     -    

Average distances (expected heterozygosity) between individuals in same cluster:
cluster  1  : 0.6240 
cluster  2  : 0.6309 
cluster  3  : 0.6218 
cluster  4  : 0.6251 
cluster  5  : 0.6397 
cluster  6  : 0.6262 
cluster  7  : 0.6235 
cluster  8  : 0.6241 
cluster  9  : 0.6250 
cluster 10  : 0.6224 

--------------------------------------------
Estimated Ln Prob of Data   = -9229.1
Mean value of ln likelihood = -7747.1
Variance of ln likelihood   = 2964.0
Mean value of alpha         = 0.0482

Mean value of Fst_1         = 0.0918
Mean value of Fst_2         = 0.0827
Mean value of Fst_3         = 0.0936
Mean value of Fst_4         = 0.0877
Mean value of Fst_5         = 0.1921
Mean value of Fst_6         = 0.0871
Mean value of Fst_7         = 0.0915
Mean value of Fst_8         = 0.0877
Mean value of Fst_9         = 0.0907
Mean value of Fst_10         = 0.0935


Inferred ancestry of individuals:
        Label (%Miss) :  Inferred clusters
  1 COPE-0001    (0)   :  0.009 0.008 0.009 0.008 0.923 0.008 0.009 0.009 0.008 0.008 
  2 COPE-0002    (0)   :  0.109 0.115 0.112 0.105 0.011 0.109 0.111 0.111 0.113 0.104 
  3 COPE-0003    (0)   :  0.103 0.114 0.099 0.119 0.007 0.111 0.108 0.129 0.111 0.098 
  4 COPE-0004    (0)   :  0.114 0.107 0.099 0.115 0.012 0.104 0.109 0.106 0.122 0.112 
  5 COPE-0005    (0)   :  0.120 0.104 0.110 0.107 0.021 0.102 0.105 0.101 0.114 0.116 
  6 COPE-0006    (0)   :  0.103 0.115 0.116 0.104 0.018 0.111 0.108 0.108 0.111 0.106 
  7 COPE-0007    (0)   :  0.117 0.099 0.121 0.106 0.007 0.103 0.111 0.104 0.111 0.122 
  8 COPE-0008    (0)   :  0.109 0.101 0.096 0.102 0.008 0.101 0.145 0.114 0.110 0.114 
  9 COPE-0009    (0)   :  0.099 0.123 0.114 0.102 0.017 0.115 0.105 0.119 0.107 0.100 
 10 COPE-0010    (0)   :  0.113 0.118 0.098 0.121 0.007 0.124 0.095 0.105 0.105 0.114 
 11 COPE-0011   (14)   :  0.013 0.013 0.013 0.013 0.879 0.014 0.014 0.013 0.014 0.013 
 12 COPE-0012   (14)   :  0.107 0.115 0.086 0.111 0.007 0.107 0.128 0.111 0.114 0.115 
 13 COPE-0013    (0)   :  0.099 0.100 0.095 0.125 0.006 0.115 0.106 0.139 0.117 0.097 
 14 COPE-0014    (0)   :  0.117 0.106 0.149 0.087 0.009 0.098 0.124 0.111 0.096 0.104 
 15 COPE-0015    (0)   :  0.112 0.108 0.133 0.098 0.007 0.105 0.119 0.109 0.103 0.108 
 16 COPE-0016    (0)   :  0.099 0.125 0.142 0.090 0.010 0.117 0.102 0.110 0.111 0.094 
 17 COPE-0017    (0)   :  0.045 0.042 0.054 0.037 0.609 0.042 0.045 0.043 0.041 0.043 
 18 COPE-0018    (0)   :  0.103 0.107 0.115 0.107 0.008 0.111 0.110 0.115 0.116 0.108 
 19 COPE-0019    (0)   :  0.105 0.108 0.107 0.117 0.006 0.114 0.104 0.125 0.112 0.101 
 20 COPE-0020    (0)   :  0.108 0.119 0.108 0.111 0.007 0.116 0.098 0.105 0.109 0.118 
 21 COPE-0021    (0)   :  0.117 0.098 0.125 0.112 0.006 0.115 0.096 0.092 0.110 0.130 
 22 COPE-0022    (0)   :  0.111 0.100 0.086 0.104 0.006 0.101 0.145 0.117 0.113 0.117 
 23 COPE-0023    (0)   :  0.103 0.121 0.102 0.108 0.008 0.115 0.116 0.113 0.109 0.106 
 24 COPE-0024   (14)   :  0.114 0.094 0.120 0.111 0.006 0.116 0.098 0.091 0.118 0.131 
 25 COPE-0025    (0)   :  0.094 0.136 0.090 0.109 0.057 0.117 0.102 0.105 0.100 0.092 
 26 COPE-0026    (0)   :  0.113 0.107 0.121 0.105 0.005 0.109 0.122 0.110 0.105 0.102 
 27 COPE-0027    (0)   :  0.105 0.101 0.098 0.122 0.006 0.109 0.111 0.130 0.113 0.104 
 28 COPE-0028    (0)   :  0.111 0.138 0.104 0.119 0.005 0.130 0.101 0.102 0.100 0.089 
 29 COPE-0029    (0)   :  0.101 0.122 0.144 0.093 0.005 0.117 0.101 0.105 0.110 0.102 
 30 COPE-0030   (14)   :  0.029 0.030 0.029 0.028 0.738 0.028 0.031 0.030 0.029 0.028 
 31 COPE-0031    (0)   :  0.106 0.098 0.128 0.096 0.010 0.102 0.136 0.116 0.102 0.105 
 32 COPE-0032    (0)   :  0.106 0.128 0.095 0.114 0.009 0.122 0.109 0.110 0.105 0.100 
 33 COPE-0033    (0)   :  0.103 0.121 0.103 0.110 0.011 0.118 0.111 0.115 0.106 0.102 
 34 COPE-0034    (0)   :  0.114 0.111 0.118 0.102 0.010 0.102 0.117 0.108 0.114 0.103 
 35 COPE-0035   (14)   :  0.109 0.130 0.098 0.122 0.007 0.128 0.103 0.107 0.104 0.092 
 36 COPE-0036   (14)   :  0.114 0.094 0.111 0.116 0.006 0.114 0.093 0.092 0.116 0.143 
 37 COPE-0037    (0)   :  0.110 0.101 0.109 0.112 0.023 0.110 0.102 0.104 0.112 0.116 
 38 COPE-0038    (0)   :  0.112 0.099 0.109 0.104 0.007 0.100 0.138 0.117 0.110 0.105 
 39 COPE-0039    (0)   :  0.097 0.120 0.095 0.109 0.060 0.109 0.098 0.107 0.103 0.101 
 40 COPE-0040   (14)   :  0.097 0.104 0.104 0.101 0.085 0.098 0.105 0.111 0.099 0.096 
 41 COPE-0041    (0)   :  0.099 0.118 0.101 0.105 0.028 0.113 0.113 0.113 0.109 0.102 
 42 COPE-0042    (0)   :  0.111 0.118 0.102 0.120 0.010 0.122 0.103 0.117 0.103 0.095 
 43 COPE-0043    (0)   :  0.107 0.120 0.124 0.099 0.005 0.110 0.108 0.109 0.111 0.106 
 44 COPE-0044    (0)   :  0.111 0.109 0.094 0.114 0.012 0.103 0.113 0.111 0.122 0.112 
 45 COPE-0045    (0)   :  0.104 0.110 0.090 0.111 0.033 0.104 0.114 0.108 0.115 0.111 
 46 COPE-0046    (0)   :  0.026 0.026 0.027 0.027 0.760 0.026 0.026 0.029 0.027 0.025 
 47 COPE-0047    (0)   :  0.007 0.008 0.007 0.007 0.933 0.008 0.007 0.007 0.007 0.007 
 48 COPE-0048    (0)   :  0.107 0.123 0.095 0.123 0.007 0.129 0.103 0.112 0.101 0.099 
 49 COPE-0049    (0)   :  0.110 0.127 0.097 0.111 0.016 0.110 0.107 0.105 0.112 0.106 
 50 COPE-0050    (0)   :  0.108 0.099 0.104 0.125 0.007 0.103 0.106 0.128 0.117 0.103 
 51 COPE-0051    (0)   :  0.108 0.115 0.086 0.120 0.104 0.120 0.084 0.093 0.089 0.079 
 52 COPE-0052    (0)   :  0.116 0.106 0.154 0.085 0.011 0.096 0.126 0.107 0.095 0.104 
 53 COPE-0053    (0)   :  0.097 0.131 0.153 0.087 0.008 0.120 0.097 0.105 0.112 0.090 
 54 COPE-0054    (0)   :  0.117 0.089 0.105 0.123 0.005 0.112 0.088 0.086 0.117 0.159 
 55 COPE-0055    (0)   :  0.110 0.101 0.084 0.104 0.005 0.101 0.149 0.117 0.112 0.118 
 56 COPE-0056    (0)   :  0.106 0.111 0.084 0.111 0.016 0.103 0.121 0.117 0.115 0.117 
 57 COPE-0057    (0)   :  0.101 0.119 0.096 0.112 0.010 0.116 0.104 0.115 0.108 0.119 
 58 COPE-0058    (0)   :  0.108 0.111 0.103 0.111 0.009 0.114 0.108 0.109 0.113 0.114 
 59 COPE-0059    (0)   :  0.109 0.100 0.099 0.129 0.018 0.100 0.098 0.134 0.111 0.102 
 60 COPE-0060    (0)   :  0.106 0.117 0.130 0.094 0.007 0.113 0.110 0.113 0.107 0.104 
 61 COPE-0061    (0)   :  0.097 0.126 0.143 0.094 0.010 0.118 0.100 0.111 0.112 0.089 
 62 COPE-0062    (0)   :  0.119 0.100 0.140 0.099 0.009 0.104 0.111 0.101 0.100 0.118 
 63 COPE-0063    (0)   :  0.107 0.105 0.076 0.107 0.024 0.097 0.141 0.113 0.111 0.120 
 64 COPE-0064    (0)   :  0.111 0.102 0.120 0.107 0.009 0.102 0.117 0.115 0.110 0.106 
 65 COPE-0065    (0)   :  0.006 0.006 0.006 0.006 0.947 0.006 0.006 0.006 0.006 0.006 
 66 COPE-0066    (0)   :  0.108 0.128 0.092 0.121 0.016 0.136 0.097 0.115 0.100 0.088 
 67 COPE-0067   (14)   :  0.027 0.032 0.026 0.029 0.748 0.031 0.026 0.028 0.026 0.026 
 68 COPE-0068    (0)   :  0.108 0.098 0.100 0.130 0.011 0.102 0.104 0.136 0.113 0.100 
 69 COPE-0069   (14)   :  0.116 0.103 0.120 0.108 0.011 0.101 0.112 0.112 0.107 0.110 
 70 COPE-0070    (0)   :  0.120 0.117 0.100 0.114 0.011 0.104 0.111 0.106 0.113 0.105 
 71 COPE-0071    (0)   :  0.114 0.135 0.095 0.121 0.004 0.132 0.093 0.103 0.100 0.102 
 72 COPE-0072    (0)   :  0.113 0.107 0.117 0.108 0.006 0.104 0.108 0.120 0.109 0.106 
 73 COPE-0073   (14)   :  0.037 0.039 0.046 0.036 0.652 0.041 0.032 0.033 0.040 0.043 
 74 COPE-0074    (0)   :  0.106 0.120 0.096 0.121 0.009 0.119 0.105 0.113 0.106 0.105 
 75 COPE-0075    (0)   :  0.118 0.126 0.094 0.133 0.012 0.131 0.095 0.104 0.099 0.087 
 76 COPE-0076    (0)   :  0.109 0.105 0.099 0.114 0.006 0.107 0.116 0.109 0.109 0.126 
 77 COPE-0077   (14)   :  0.111 0.108 0.107 0.115 0.008 0.102 0.113 0.119 0.111 0.106 
 78 COPE-0078   (14)   :  0.119 0.102 0.105 0.111 0.008 0.103 0.114 0.100 0.118 0.120 
 79 COPE-0079    (0)   :  0.121 0.106 0.098 0.116 0.008 0.097 0.114 0.105 0.124 0.110 
 80 COPE-0080   (42)   :  0.019 0.020 0.020 0.019 0.823 0.020 0.020 0.021 0.020 0.019 
 81 COPE-0081   (14)   :  0.061 0.062 0.056 0.062 0.446 0.061 0.067 0.062 0.061 0.062 
 82 COPE-0082   (14)   :  0.108 0.117 0.088 0.119 0.044 0.115 0.104 0.100 0.105 0.099 
 83 COPE-0083   (14)   :  0.122 0.098 0.166 0.078 0.005 0.090 0.134 0.108 0.091 0.107 
 84 COPE-0084    (0)   :  0.076 0.106 0.120 0.070 0.210 0.096 0.077 0.086 0.088 0.072 
 85 COPE-0085    (0)   :  0.110 0.122 0.098 0.113 0.010 0.108 0.110 0.109 0.115 0.106 
 86 COPE-0086    (0)   :  0.106 0.122 0.110 0.111 0.019 0.118 0.097 0.104 0.107 0.106 
 87 COPE-0087   (14)   :  0.101 0.121 0.132 0.094 0.007 0.118 0.106 0.114 0.108 0.099 
 88 COPE-0088   (14)   :  0.113 0.113 0.114 0.105 0.024 0.106 0.107 0.108 0.107 0.102 
 89 COPE-0089   (14)   :  0.008 0.008 0.007 0.008 0.932 0.007 0.008 0.008 0.008 0.008 
 90 COPE-0090    (0)   :  0.108 0.102 0.092 0.104 0.008 0.100 0.142 0.117 0.111 0.114 
 91 COPE-0091   (14)   :  0.107 0.115 0.141 0.089 0.005 0.113 0.110 0.110 0.104 0.104 
 92 COPE-0092   (28)   :  0.022 0.024 0.020 0.025 0.795 0.023 0.022 0.024 0.023 0.021 
 93 COPE-0093    (0)   :  0.108 0.105 0.073 0.111 0.006 0.098 0.143 0.114 0.114 0.129 
 94 COPE-0094    (0)   :  0.117 0.102 0.097 0.115 0.029 0.097 0.111 0.103 0.122 0.107 
 95 COPE-0095    (0)   :  0.098 0.125 0.149 0.088 0.005 0.118 0.107 0.110 0.108 0.092 
 96 COPE-0096    (0)   :  0.112 0.112 0.135 0.096 0.009 0.108 0.111 0.106 0.103 0.108 
 97 COPE-0097    (0)   :  0.118 0.123 0.112 0.119 0.007 0.124 0.097 0.102 0.100 0.098 
 98 COPE-0098    (0)   :  0.109 0.095 0.124 0.097 0.009 0.100 0.142 0.115 0.102 0.107 
 99 COPE-0099    (0)   :  0.102 0.123 0.097 0.118 0.021 0.108 0.104 0.125 0.101 0.100 
100 COPE-0100    (0)   :  0.104 0.118 0.103 0.114 0.007 0.115 0.110 0.118 0.110 0.101 
101 COPE-0101    (0)   :  0.102 0.119 0.089 0.111 0.045 0.115 0.107 0.111 0.105 0.096 
102 COPE-0102    (0)   :  0.105 0.113 0.107 0.112 0.006 0.112 0.112 0.117 0.113 0.103 
103 COPE-0103    (0)   :  0.119 0.108 0.116 0.104 0.016 0.099 0.116 0.103 0.110 0.110 
104 COPE-0104   (14)   :  0.112 0.125 0.094 0.120 0.007 0.122 0.110 0.106 0.102 0.104 
105 COPE-0105    (0)   :  0.115 0.129 0.090 0.127 0.036 0.130 0.087 0.098 0.098 0.091 
106 COPE-0106    (0)   :  0.122 0.077 0.109 0.129 0.004 0.119 0.066 0.068 0.125 0.181 
107 COPE-0107    (0)   :  0.020 0.019 0.017 0.019 0.821 0.019 0.024 0.021 0.020 0.020 
108 COPE-0108    (0)   :  0.110 0.106 0.124 0.104 0.006 0.107 0.119 0.112 0.103 0.109 
109 COPE-0109    (0)   :  0.112 0.107 0.100 0.115 0.011 0.103 0.112 0.111 0.121 0.108 
110 COPE-0110   (14)   :  0.111 0.112 0.116 0.107 0.013 0.111 0.097 0.098 0.115 0.121 
111 COPE-0111    (0)   :  0.113 0.099 0.123 0.107 0.009 0.111 0.093 0.096 0.114 0.134 
112 COPE-0112   (14)   :  0.108 0.120 0.096 0.117 0.010 0.124 0.111 0.114 0.102 0.098 
113 COPE-0113    (0)   :  0.102 0.117 0.098 0.112 0.018 0.113 0.112 0.118 0.106 0.103 
114 COPE-0114    (0)   :  0.114 0.096 0.104 0.121 0.009 0.113 0.089 0.090 0.117 0.149 
115 COPE-0115    (0)   :  0.028 0.028 0.034 0.023 0.753 0.026 0.029 0.027 0.026 0.025 
116 COPE-0116   (28)   :  0.010 0.012 0.010 0.011 0.904 0.011 0.010 0.011 0.011 0.010 
117 COPE-0117    (0)   :  0.097 0.130 0.154 0.086 0.010 0.117 0.100 0.108 0.109 0.088 
118 COPE-0118    (0)   :  0.121 0.083 0.125 0.118 0.009 0.110 0.083 0.081 0.113 0.157 
119 COPE-0119    (0)   :  0.115 0.093 0.126 0.103 0.010 0.103 0.112 0.101 0.109 0.128 
120 COPE-0120    (0)   :  0.111 0.105 0.103 0.117 0.010 0.105 0.109 0.114 0.116 0.110 
121 COPE-0121    (0)   :  0.106 0.105 0.117 0.100 0.055 0.103 0.101 0.102 0.102 0.109 
122 COPE-0122    (0)   :  0.106 0.112 0.108 0.109 0.008 0.117 0.113 0.114 0.108 0.105 
123 COPE-0123    (0)   :  0.105 0.116 0.098 0.112 0.016 0.113 0.114 0.111 0.109 0.105 
124 COPE-0124    (0)   :  0.101 0.120 0.102 0.107 0.012 0.112 0.117 0.112 0.109 0.108 
125 COPE-0125    (0)   :  0.113 0.112 0.090 0.128 0.006 0.119 0.095 0.097 0.108 0.131 
126 COPE-0126    (0)   :  0.097 0.128 0.153 0.087 0.012 0.117 0.102 0.108 0.109 0.088 
127 COPE-0127   (14)   :  0.114 0.126 0.104 0.116 0.007 0.119 0.100 0.106 0.107 0.101 
128 COPE-0128    (0)   :  0.103 0.115 0.106 0.110 0.018 0.115 0.100 0.102 0.110 0.121 
129 COPE-0129    (0)   :  0.118 0.109 0.098 0.118 0.006 0.102 0.110 0.110 0.121 0.108 
130 COPE-0130    (0)   :  0.109 0.099 0.104 0.121 0.013 0.102 0.109 0.128 0.114 0.102 
131 COPE-0131   (14)   :  0.117 0.100 0.142 0.093 0.008 0.096 0.123 0.113 0.100 0.107 
132 COPE-0132   (14)   :  0.113 0.089 0.114 0.107 0.039 0.109 0.101 0.089 0.115 0.124 
133 COPE-0133    (0)   :  0.098 0.131 0.149 0.087 0.009 0.119 0.098 0.106 0.111 0.093 
134 COPE-0134    (0)   :  0.111 0.110 0.103 0.110 0.007 0.111 0.107 0.110 0.112 0.119 
135 COPE-0135    (0)   :  0.110 0.122 0.085 0.113 0.008 0.112 0.118 0.114 0.107 0.110 
136 COPE-0136    (0)   :  0.013 0.014 0.013 0.013 0.881 0.013 0.013 0.014 0.013 0.012 
137 COPE-0137    (0)   :  0.096 0.122 0.098 0.110 0.012 0.118 0.111 0.123 0.111 0.099 
138 COPE-0138   (14)   :  0.009 0.009 0.009 0.010 0.918 0.009 0.008 0.008 0.009 0.010 
139 COPE-0139    (0)   :  0.099 0.132 0.098 0.113 0.007 0.119 0.105 0.123 0.107 0.095 
140 COPE-0140   (14)   :  0.023 0.027 0.023 0.024 0.785 0.025 0.023 0.025 0.023 0.022 
141 COPE-0141    (0)   :  0.109 0.112 0.082 0.111 0.008 0.100 0.130 0.111 0.115 0.121 
142 COPE-0142    (0)   :  0.109 0.104 0.091 0.114 0.009 0.106 0.118 0.108 0.113 0.128 
143 COPE-0143    (0)   :  0.103 0.123 0.122 0.097 0.009 0.110 0.111 0.109 0.114 0.102 
144 COPE-0144   (14)   :  0.087 0.103 0.090 0.090 0.165 0.097 0.089 0.092 0.098 0.088 
145 COPE-0145   (14)   :  0.070 0.110 0.072 0.075 0.287 0.084 0.076 0.084 0.071 0.070 
146 COPE-0146   (14)   :  0.101 0.114 0.116 0.098 0.028 0.108 0.111 0.108 0.110 0.104 
147 COPE-0147    (0)   :  0.106 0.099 0.087 0.103 0.070 0.095 0.117 0.105 0.113 0.106 
148 COPE-0148    (0)   :  0.100 0.126 0.144 0.090 0.009 0.118 0.099 0.106 0.113 0.096 
149 COPE-0149    (0)   :  0.101 0.112 0.116 0.106 0.007 0.115 0.106 0.126 0.111 0.099 
150 COPE-0150    (0)   :  0.105 0.127 0.093 0.128 0.008 0.136 0.100 0.114 0.099 0.090 
151 COPE-0151    (0)   :  0.100 0.131 0.108 0.105 0.007 0.116 0.108 0.113 0.107 0.105 
152 COPE-0152   (14)   :  0.097 0.097 0.079 0.093 0.126 0.089 0.117 0.100 0.099 0.103 
153 COPE-0153    (0)   :  0.111 0.106 0.117 0.105 0.006 0.101 0.121 0.111 0.111 0.111 
154 COPE-0154    (0)   :  0.106 0.107 0.106 0.113 0.007 0.112 0.105 0.110 0.112 0.122 
155 COPE-0155    (0)   :  0.103 0.118 0.107 0.112 0.006 0.115 0.105 0.112 0.108 0.115 
156 COPE-0156   (14)   :  0.009 0.009 0.009 0.009 0.919 0.009 0.009 0.009 0.009 0.009 
157 COPE-0157   (14)   :  0.082 0.092 0.068 0.079 0.253 0.081 0.094 0.081 0.086 0.084 
158 COPE-0158    (0)   :  0.103 0.118 0.138 0.094 0.010 0.116 0.101 0.114 0.111 0.096 
159 COPE-0159    (0)   :  0.115 0.100 0.105 0.109 0.008 0.103 0.128 0.111 0.114 0.108 
160 COPE-0160    (0)   :  0.116 0.110 0.096 0.115 0.007 0.106 0.115 0.107 0.115 0.113 
161 COPE-0161    (0)   :  0.107 0.110 0.101 0.110 0.012 0.107 0.118 0.116 0.113 0.107 
162 COPE-0162   (14)   :  0.007 0.007 0.007 0.007 0.937 0.007 0.007 0.007 0.007 0.007 
163 COPE-0163   (28)   :  0.013 0.013 0.013 0.013 0.882 0.013 0.013 0.013 0.013 0.013 
164 COPE-0164    (0)   :  0.101 0.119 0.110 0.103 0.028 0.108 0.109 0.115 0.109 0.099 
165 COPE-0165    (0)   :  0.111 0.111 0.102 0.116 0.008 0.107 0.109 0.123 0.111 0.102 
166 COPE-0166   (14)   :  0.113 0.110 0.106 0.108 0.008 0.109 0.107 0.109 0.112 0.119 
167 COPE-0167    (0)   :  0.119 0.106 0.105 0.114 0.008 0.105 0.101 0.096 0.118 0.127 
168 COPE-0168    (0)   :  0.108 0.114 0.128 0.097 0.006 0.113 0.113 0.109 0.109 0.103 
169 COPE-0169    (0)   :  0.108 0.097 0.101 0.124 0.011 0.104 0.105 0.138 0.113 0.099 
170 COPE-0170    (0)   :  0.109 0.119 0.095 0.100 0.027 0.097 0.127 0.108 0.107 0.112 
171 COPE-0171    (0)   :  0.110 0.120 0.111 0.103 0.008 0.109 0.116 0.105 0.106 0.111 
172 COPE-0172    (0)   :  0.109 0.114 0.116 0.108 0.007 0.110 0.112 0.112 0.107 0.106 
173 COPE-0173   (14)   :  0.102 0.099 0.098 0.119 0.059 0.096 0.099 0.126 0.104 0.097 
174 COPE-0174   (28)   :  0.106 0.113 0.105 0.103 0.015 0.112 0.115 0.109 0.113 0.110 
175 COPE-0175    (0)   :  0.103 0.114 0.116 0.098 0.040 0.103 0.110 0.108 0.106 0.102 
176 COPE-0176    (0)   :  0.114 0.100 0.096 0.115 0.009 0.106 0.108 0.095 0.120 0.138 
177 COPE-0177    (0)   :  0.103 0.111 0.105 0.111 0.007 0.113 0.109 0.125 0.113 0.104 
178 COPE-0178    (0)   :  0.121 0.078 0.107 0.130 0.007 0.119 0.066 0.069 0.125 0.179 
179 COPE-0179    (0)   :  0.103 0.118 0.101 0.114 0.009 0.113 0.108 0.115 0.112 0.109 
180 COPE-0180   (14)   :  0.108 0.101 0.100 0.127 0.006 0.108 0.104 0.137 0.113 0.097 
181 COPE-0181   (14)   :  0.103 0.104 0.101 0.121 0.009 0.112 0.106 0.125 0.115 0.104 
182 COPE-0182    (0)   :  0.114 0.110 0.112 0.115 0.005 0.115 0.116 0.110 0.105 0.098 
183 COPE-0183    (0)   :  0.105 0.107 0.111 0.107 0.011 0.110 0.114 0.111 0.113 0.110 
184 COPE-0184    (0)   :  0.122 0.108 0.107 0.110 0.009 0.104 0.106 0.101 0.116 0.116 
185 COPE-0185    (0)   :  0.112 0.099 0.107 0.103 0.007 0.102 0.136 0.119 0.108 0.108 
186 COPE-0186    (0)   :  0.119 0.101 0.157 0.085 0.005 0.096 0.128 0.109 0.093 0.108 
187 COPE-0187    (0)   :  0.117 0.124 0.089 0.130 0.010 0.123 0.104 0.104 0.103 0.096 
188 COPE-0188    (0)   :  0.025 0.028 0.024 0.028 0.767 0.030 0.025 0.026 0.025 0.022 
189 COPE-0189    (0)   :  0.103 0.115 0.106 0.114 0.008 0.118 0.107 0.126 0.107 0.097 
190 COPE-0190    (0)   :  0.109 0.113 0.100 0.117 0.014 0.109 0.108 0.108 0.117 0.106 
191 COPE-0191    (0)   :  0.111 0.112 0.121 0.099 0.011 0.105 0.116 0.111 0.107 0.106 
192 COPE-0192   (14)   :  0.011 0.010 0.013 0.010 0.903 0.010 0.012 0.011 0.010 0.011 
193 COPE-0193    (0)   :  0.103 0.118 0.132 0.100 0.006 0.112 0.105 0.107 0.111 0.105 
194 COPE-0194    (0)   :  0.112 0.132 0.097 0.121 0.009 0.137 0.096 0.108 0.098 0.090 
195 COPE-0195    (0)   :  0.101 0.123 0.103 0.117 0.006 0.123 0.108 0.115 0.106 0.098 
196 COPE-0196    (0)   :  0.112 0.112 0.104 0.108 0.011 0.105 0.118 0.108 0.111 0.111 
197 COPE-0197    (0)   :  0.106 0.110 0.111 0.117 0.007 0.108 0.105 0.124 0.106 0.106 
198 COPE-0198    (0)   :  0.113 0.095 0.109 0.117 0.013 0.099 0.116 0.124 0.116 0.099 
199 COPE-0199    (0)   :  0.104 0.100 0.099 0.123 0.012 0.110 0.103 0.131 0.112 0.107 
200 COPE-0200   (42)   :  0.106 0.100 0.102 0.126 0.009 0.107 0.106 0.131 0.116 0.099 
201 COPE-0201    (0)   :  0.111 0.111 0.112 0.104 0.009 0.108 0.120 0.107 0.107 0.112 
202 COPE-0202    (0)   :  0.116 0.099 0.095 0.110 0.013 0.098 0.128 0.109 0.120 0.113 
203 COPE-0203    (0)   :  0.110 0.106 0.105 0.109 0.006 0.108 0.121 0.111 0.113 0.112 
204 COPE-0204    (0)   :  0.116 0.105 0.097 0.126 0.030 0.124 0.075 0.084 0.109 0.135 
205 COPE-0205    (0)   :  0.098 0.119 0.131 0.095 0.022 0.106 0.111 0.112 0.109 0.098 
206 COPE-0206    (0)   :  0.116 0.103 0.111 0.117 0.005 0.114 0.090 0.088 0.116 0.140 
207 COPE-0207    (0)   :  0.121 0.086 0.115 0.115 0.011 0.109 0.095 0.084 0.118 0.146 
208 COPE-0208    (0)   :  0.029 0.034 0.028 0.030 0.727 0.031 0.031 0.032 0.029 0.029 
209 COPE-0209    (0)   :  0.111 0.113 0.107 0.111 0.006 0.107 0.111 0.120 0.108 0.105 
210 COPE-0210    (0)   :  0.105 0.118 0.132 0.098 0.011 0.118 0.103 0.110 0.106 0.099 
211 COPE-0211    (0)   :  0.107 0.131 0.095 0.125 0.005 0.134 0.103 0.111 0.100 0.089 
212 COPE-0212    (0)   :  0.115 0.092 0.118 0.110 0.012 0.112 0.102 0.091 0.117 0.131 
213 COPE-0213    (0)   :  0.110 0.104 0.107 0.116 0.008 0.113 0.101 0.104 0.112 0.125 
214 COPE-0214    (0)   :  0.111 0.093 0.099 0.135 0.008 0.098 0.101 0.142 0.115 0.098 
215 COPE-0215    (0)   :  0.102 0.095 0.095 0.123 0.048 0.102 0.098 0.134 0.108 0.095 
216 COPE-0216   (14)   :  0.065 0.073 0.077 0.062 0.386 0.070 0.065 0.067 0.068 0.066 
217 COPE-0217    (0)   :  0.119 0.087 0.107 0.120 0.028 0.111 0.083 0.082 0.119 0.145 
218 COPE-0218    (0)   :  0.108 0.111 0.114 0.109 0.009 0.106 0.112 0.117 0.112 0.101 
219 COPE-0219   (14)   :  0.109 0.102 0.107 0.119 0.009 0.104 0.108 0.128 0.111 0.103 
220 COPE-0220    (0)   :  0.116 0.085 0.110 0.124 0.014 0.116 0.080 0.082 0.120 0.154 
221 COPE-0221    (0)   :  0.113 0.099 0.081 0.107 0.017 0.096 0.146 0.114 0.115 0.112 
222 COPE-0222    (0)   :  0.102 0.114 0.134 0.092 0.007 0.110 0.124 0.113 0.107 0.098 
223 COPE-0223    (0)   :  0.101 0.116 0.099 0.115 0.007 0.115 0.108 0.128 0.109 0.101 
224 COPE-0224    (0)   :  0.121 0.106 0.097 0.114 0.020 0.096 0.112 0.102 0.122 0.111 
225 COPE-0225    (0)   :  0.111 0.092 0.100 0.134 0.015 0.098 0.098 0.141 0.114 0.098 
226 COPE-0226    (0)   :  0.108 0.112 0.106 0.107 0.007 0.110 0.112 0.108 0.115 0.116 
227 COPE-0227    (0)   :  0.113 0.100 0.126 0.108 0.006 0.101 0.115 0.118 0.105 0.109 
228 COPE-0228    (0)   :  0.112 0.099 0.106 0.118 0.019 0.116 0.084 0.087 0.116 0.142 
229 COPE-0229    (0)   :  0.111 0.104 0.103 0.117 0.007 0.108 0.108 0.114 0.116 0.112 
230 COPE-0230    (0)   :  0.109 0.109 0.092 0.123 0.010 0.111 0.100 0.098 0.115 0.133 
231 COPE-0231    (0)   :  0.105 0.113 0.112 0.114 0.006 0.116 0.105 0.117 0.108 0.105 
232 COPE-0232    (0)   :  0.111 0.104 0.101 0.113 0.015 0.106 0.110 0.108 0.118 0.114 
233 COPE-0233    (0)   :  0.104 0.101 0.127 0.098 0.005 0.106 0.134 0.117 0.106 0.103 
234 COPE-0234    (0)   :  0.108 0.117 0.102 0.111 0.008 0.108 0.115 0.110 0.113 0.106 
235 COPE-0235    (0)   :  0.104 0.113 0.103 0.110 0.006 0.115 0.117 0.117 0.109 0.105 
236 COPE-0236    (0)   :  0.115 0.102 0.096 0.129 0.005 0.114 0.088 0.089 0.115 0.147 
237 COPE-0237    (0)   :  0.114 0.092 0.124 0.100 0.006 0.099 0.137 0.118 0.107 0.103 
238 COPE-0238    (0)   :  0.104 0.106 0.105 0.119 0.008 0.112 0.103 0.133 0.110 0.099 
239 COPE-0239    (0)   :  0.113 0.109 0.105 0.107 0.034 0.102 0.111 0.106 0.110 0.105 
240 COPE-0240    (0)   :  0.105 0.118 0.142 0.092 0.008 0.114 0.105 0.107 0.107 0.101 
241 COPE-0241    (0)   :  0.100 0.100 0.095 0.125 0.007 0.113 0.106 0.140 0.117 0.098 
242 COPE-0242    (0)   :  0.116 0.095 0.127 0.107 0.006 0.107 0.101 0.095 0.111 0.135 
243 COPE-0243    (0)   :  0.117 0.124 0.098 0.129 0.008 0.132 0.096 0.105 0.101 0.090 
244 COPE-0244    (0)   :  0.110 0.116 0.101 0.119 0.009 0.110 0.106 0.118 0.110 0.102 
245 COPE-0245    (0)   :  0.113 0.121 0.099 0.123 0.011 0.127 0.104 0.108 0.102 0.091 
246 COPE-0246    (0)   :  0.109 0.110 0.112 0.103 0.013 0.108 0.114 0.105 0.113 0.112 
247 COPE-0247    (0)   :  0.111 0.098 0.094 0.111 0.016 0.098 0.130 0.121 0.113 0.106 
248 COPE-0248    (0)   :  0.111 0.120 0.108 0.117 0.005 0.122 0.107 0.107 0.104 0.098 
249 COPE-0249    (0)   :  0.109 0.110 0.098 0.113 0.030 0.104 0.105 0.111 0.116 0.104 
250 COPE-0250    (0)   :  0.117 0.104 0.101 0.112 0.016 0.102 0.107 0.103 0.120 0.117 
251 COPE-0251   (14)   :  0.032 0.028 0.029 0.029 0.720 0.029 0.038 0.034 0.031 0.030 
252 COPE-0252    (0)   :  0.114 0.108 0.106 0.113 0.012 0.107 0.108 0.106 0.117 0.109 
253 COPE-0253    (0)   :  0.107 0.106 0.084 0.107 0.008 0.100 0.143 0.115 0.110 0.120 
254 COPE-0254    (0)   :  0.120 0.124 0.093 0.128 0.014 0.125 0.094 0.100 0.104 0.099 
255 COPE-0255    (0)   :  0.110 0.109 0.092 0.118 0.024 0.106 0.116 0.113 0.109 0.104 
256 COPE-0256    (0)   :  0.102 0.120 0.142 0.092 0.010 0.117 0.096 0.104 0.112 0.104 
257 COPE-0257    (0)   :  0.121 0.100 0.157 0.082 0.007 0.093 0.132 0.108 0.094 0.107 
258 COPE-0258    (0)   :  0.110 0.116 0.124 0.102 0.019 0.106 0.114 0.112 0.097 0.100 
259 COPE-0259    (0)   :  0.113 0.115 0.106 0.115 0.006 0.118 0.104 0.106 0.106 0.111 
260 COPE-0260    (0)   :  0.103 0.105 0.103 0.115 0.024 0.111 0.105 0.124 0.109 0.101 
261 COPE-0261    (0)   :  0.120 0.124 0.094 0.134 0.006 0.133 0.084 0.095 0.103 0.107 
262 COPE-0262    (0)   :  0.106 0.125 0.117 0.111 0.019 0.125 0.094 0.104 0.106 0.092 
263 COPE-0263    (0)   :  0.113 0.101 0.136 0.094 0.007 0.099 0.128 0.117 0.101 0.104 
264 COPE-0264    (0)   :  0.114 0.106 0.134 0.094 0.019 0.099 0.121 0.106 0.099 0.108 
265 COPE-0265    (0)   :  0.104 0.116 0.107 0.110 0.011 0.112 0.117 0.112 0.110 0.101 
266 COPE-0266    (0)   :  0.111 0.102 0.104 0.117 0.018 0.116 0.090 0.089 0.117 0.137 
267 COPE-0267    (0)   :  0.113 0.100 0.117 0.105 0.006 0.105 0.127 0.111 0.111 0.105 
268 COPE-0268    (0)   :  0.108 0.092 0.130 0.096 0.013 0.099 0.136 0.119 0.104 0.103 
269 COPE-0269    (0)   :  0.108 0.116 0.131 0.096 0.006 0.113 0.113 0.109 0.104 0.104 
270 COPE-0270    (0)   :  0.108 0.124 0.095 0.127 0.007 0.136 0.101 0.113 0.099 0.089 
271 COPE-0271    (0)   :  0.106 0.112 0.120 0.099 0.007 0.112 0.111 0.118 0.107 0.107 
272 COPE-0272    (0)   :  0.111 0.114 0.090 0.113 0.007 0.106 0.116 0.105 0.116 0.121 
273 COPE-0273    (0)   :  0.117 0.087 0.112 0.113 0.016 0.111 0.105 0.089 0.117 0.133 
274 COPE-0274   (14)   :  0.022 0.026 0.022 0.025 0.791 0.027 0.022 0.024 0.021 0.020 
275 COPE-0275    (0)   :  0.108 0.114 0.103 0.115 0.010 0.113 0.110 0.116 0.107 0.103 
276 COPE-0276   (14)   :  0.006 0.006 0.006 0.006 0.943 0.006 0.006 0.006 0.006 0.006 
277 COPE-0277   (14)   :  0.104 0.116 0.136 0.097 0.013 0.114 0.095 0.100 0.111 0.114 
278 COPE-0278    (0)   :  0.120 0.079 0.110 0.125 0.007 0.119 0.071 0.072 0.123 0.174 
279 COPE-0279    (0)   :  0.110 0.105 0.107 0.114 0.009 0.113 0.099 0.100 0.114 0.129 
280 COPE-0280    (0)   :  0.013 0.013 0.013 0.013 0.884 0.013 0.013 0.013 0.013 0.013 
281 COPE-0281    (0)   :  0.030 0.035 0.028 0.034 0.717 0.032 0.029 0.034 0.032 0.030 
282 COPE-0282   (14)   :  0.124 0.105 0.096 0.117 0.006 0.096 0.115 0.105 0.125 0.111 
283 COPE-0283    (0)   :  0.117 0.092 0.115 0.117 0.007 0.115 0.083 0.082 0.119 0.153 
284 COPE-0284   (14)   :  0.097 0.118 0.097 0.109 0.033 0.112 0.105 0.122 0.108 0.099 
285 COPE-0285    (0)   :  0.030 0.032 0.034 0.030 0.721 0.031 0.031 0.032 0.031 0.029 
286 COPE-0286    (0)   :  0.095 0.142 0.094 0.112 0.010 0.121 0.109 0.120 0.104 0.092 
287 COPE-0287    (0)   :  0.109 0.090 0.131 0.091 0.032 0.096 0.131 0.117 0.101 0.102 
288 COPE-0288    (0)   :  0.115 0.099 0.084 0.109 0.010 0.098 0.143 0.112 0.117 0.113 
289 COPE-0289    (0)   :  0.104 0.114 0.126 0.099 0.008 0.110 0.116 0.114 0.109 0.100 
290 COPE-0290    (0)   :  0.106 0.117 0.094 0.128 0.008 0.132 0.098 0.122 0.103 0.092 
291 COPE-0291    (0)   :  0.111 0.114 0.122 0.104 0.006 0.107 0.113 0.114 0.103 0.107 
292 COPE-0292   (42)   :  0.014 0.015 0.014 0.015 0.869 0.015 0.015 0.015 0.015 0.015 
293 COPE-0293    (0)   :  0.107 0.111 0.087 0.114 0.008 0.108 0.128 0.110 0.111 0.117 
294 COPE-0294    (0)   :  0.104 0.115 0.103 0.114 0.012 0.114 0.108 0.110 0.114 0.107 
295 COPE-0295    (0)   :  0.118 0.113 0.105 0.108 0.007 0.106 0.106 0.102 0.118 0.117 
296 COPE-0296   (14)   :  0.112 0.109 0.101 0.112 0.007 0.111 0.120 0.107 0.112 0.109 
297 COPE-0297   (14)   :  0.103 0.101 0.095 0.124 0.036 0.105 0.098 0.133 0.112 0.092 
298 COPE-0298    (0)   :  0.106 0.112 0.088 0.115 0.010 0.107 0.119 0.108 0.117 0.118 
299 COPE-0299    (0)   :  0.115 0.132 0.093 0.126 0.006 0.134 0.099 0.104 0.099 0.090 
300 COPE-0300   (14)   :  0.106 0.110 0.138 0.096 0.008 0.109 0.116 0.112 0.106 0.101 
301 COPE-0301   (14)   :  0.107 0.103 0.077 0.106 0.009 0.097 0.150 0.115 0.113 0.123 
302 COPE-0302    (0)   :  0.088 0.095 0.109 0.078 0.210 0.088 0.086 0.086 0.085 0.074 
303 COPE-0303    (0)   :  0.115 0.088 0.104 0.125 0.006 0.117 0.081 0.085 0.121 0.158 
304 COPE-0304    (0)   :  0.110 0.110 0.111 0.110 0.007 0.108 0.113 0.113 0.111 0.107 
305 COPE-0305   (14)   :  0.106 0.112 0.117 0.099 0.035 0.108 0.109 0.104 0.106 0.105 
306 COPE-0306    (0)   :  0.123 0.083 0.111 0.125 0.009 0.113 0.076 0.074 0.122 0.165 
307 COPE-0307   (28)   :  0.008 0.008 0.008 0.008 0.927 0.008 0.008 0.008 0.008 0.008 
308 COPE-0308    (0)   :  0.124 0.107 0.091 0.115 0.006 0.095 0.120 0.106 0.122 0.114 
309 COPE-0309   (14)   :  0.041 0.048 0.039 0.043 0.615 0.044 0.043 0.043 0.043 0.041 
310 COPE-0310   (28)   :  0.049 0.041 0.064 0.033 0.598 0.038 0.052 0.044 0.038 0.043 
311 COPE-0311    (0)   :  0.110 0.116 0.123 0.098 0.022 0.100 0.117 0.107 0.102 0.105 
312 COPE-0312   (28)   :  0.013 0.012 0.012 0.014 0.884 0.013 0.011 0.011 0.013 0.016 
313 COPE-0313    (0)   :  0.117 0.095 0.123 0.108 0.008 0.106 0.104 0.095 0.112 0.130 
314 COPE-0314    (0)   :  0.112 0.102 0.117 0.104 0.007 0.107 0.125 0.117 0.103 0.105 
315 COPE-0315    (0)   :  0.111 0.099 0.114 0.112 0.008 0.105 0.111 0.114 0.111 0.116 
316 COPE-0316    (0)   :  0.107 0.123 0.096 0.118 0.020 0.121 0.095 0.107 0.103 0.109 
317 COPE-0317   (14)   :  0.009 0.009 0.009 0.008 0.923 0.008 0.009 0.009 0.008 0.009 
318 COPE-0318    (0)   :  0.108 0.116 0.104 0.116 0.005 0.117 0.109 0.112 0.108 0.103 
319 COPE-0319    (0)   :  0.115 0.111 0.106 0.110 0.007 0.104 0.115 0.114 0.112 0.106 
320 COPE-0320   (14)   :  0.110 0.104 0.092 0.104 0.014 0.104 0.128 0.110 0.116 0.118 
321 COPE-0321   (14)   :  0.115 0.101 0.131 0.100 0.011 0.104 0.120 0.110 0.101 0.106 
322 COPE-0322   (14)   :  0.105 0.112 0.104 0.111 0.006 0.115 0.112 0.120 0.112 0.103 
323 COPE-0323    (0)   :  0.121 0.096 0.165 0.079 0.008 0.089 0.135 0.109 0.090 0.106 
324 COPE-0324    (0)   :  0.111 0.094 0.104 0.128 0.006 0.101 0.102 0.133 0.116 0.104 
325 COPE-0325   (14)   :  0.100 0.124 0.153 0.084 0.011 0.117 0.098 0.107 0.109 0.097 
326 COPE-0326    (0)   :  0.116 0.102 0.088 0.116 0.007 0.103 0.120 0.101 0.118 0.130 
327 COPE-0327   (14)   :  0.108 0.114 0.080 0.109 0.008 0.104 0.133 0.115 0.113 0.117 
328 COPE-0328    (0)   :  0.108 0.110 0.103 0.115 0.006 0.115 0.104 0.111 0.111 0.118 
329 COPE-0329   (28)   :  0.110 0.095 0.107 0.121 0.013 0.107 0.100 0.120 0.113 0.114 
330 COPE-0330    (0)   :  0.111 0.104 0.117 0.102 0.021 0.104 0.122 0.113 0.104 0.103 
331 COPE-0331    (0)   :  0.110 0.101 0.080 0.106 0.006 0.099 0.151 0.115 0.113 0.120 
332 COPE-0332   (14)   :  0.109 0.104 0.110 0.114 0.007 0.116 0.100 0.097 0.112 0.131 
333 COPE-0333    (0)   :  0.091 0.095 0.073 0.091 0.150 0.088 0.116 0.101 0.096 0.097 
334 COPE-0334   (28)   :  0.053 0.046 0.063 0.039 0.561 0.043 0.056 0.049 0.043 0.047 
335 COPE-0335    (0)   :  0.113 0.095 0.102 0.132 0.007 0.097 0.103 0.139 0.115 0.098 
336 COPE-0336    (0)   :  0.108 0.123 0.087 0.113 0.006 0.106 0.122 0.118 0.112 0.105 
337 COPE-0337   (28)   :  0.018 0.017 0.017 0.019 0.839 0.018 0.018 0.019 0.018 0.017 
338 COPE-0338    (0)   :  0.109 0.104 0.132 0.094 0.021 0.100 0.124 0.112 0.102 0.103 
339 COPE-0339    (0)   :  0.101 0.131 0.158 0.085 0.006 0.118 0.100 0.107 0.108 0.087 
340 COPE-0340   (14)   :  0.012 0.012 0.011 0.012 0.891 0.012 0.012 0.013 0.012 0.012 
341 COPE-0341    (0)   :  0.115 0.110 0.105 0.108 0.007 0.099 0.120 0.112 0.115 0.109 
342 COPE-0342    (0)   :  0.107 0.095 0.100 0.127 0.008 0.106 0.105 0.140 0.115 0.099 
343 COPE-0343    (0)   :  0.114 0.106 0.104 0.119 0.006 0.117 0.100 0.095 0.113 0.126 
344 COPE-0344   (14)   :  0.011 0.010 0.011 0.010 0.902 0.010 0.012 0.011 0.011 0.011 
345 COPE-0345    (0)   :  0.111 0.112 0.109 0.107 0.006 0.107 0.116 0.114 0.113 0.105 
346 COPE-0346    (0)   :  0.103 0.117 0.102 0.107 0.031 0.102 0.113 0.112 0.109 0.104 
347 COPE-0347    (0)   :  0.107 0.132 0.108 0.113 0.006 0.125 0.102 0.109 0.103 0.096 
348 COPE-0348    (0)   :  0.118 0.112 0.102 0.122 0.015 0.121 0.092 0.096 0.105 0.117 
349 COPE-0349    (0)   :  0.107 0.101 0.107 0.116 0.006 0.109 0.107 0.132 0.111 0.103 
350 COPE-0350    (0)   :  0.107 0.124 0.097 0.118 0.006 0.121 0.103 0.112 0.103 0.109 
351 COPE-0351    (0)   :  0.112 0.127 0.095 0.125 0.006 0.134 0.098 0.111 0.101 0.091 
352 COPE-0352    (0)   :  0.101 0.122 0.100 0.111 0.026 0.115 0.103 0.112 0.107 0.104 
353 COPE-0353    (0)   :  0.117 0.102 0.146 0.088 0.005 0.097 0.129 0.110 0.100 0.106 
354 COPE-0354    (0)   :  0.115 0.110 0.114 0.101 0.015 0.101 0.121 0.107 0.106 0.109 
355 COPE-0355    (0)   :  0.096 0.132 0.157 0.084 0.006 0.121 0.096 0.108 0.110 0.089 
356 COPE-0356    (0)   :  0.121 0.124 0.090 0.131 0.008 0.122 0.100 0.102 0.105 0.097 
357 COPE-0357    (0)   :  0.113 0.101 0.107 0.119 0.008 0.100 0.113 0.124 0.112 0.102 
358 COPE-0358    (0)   :  0.007 0.008 0.007 0.008 0.933 0.007 0.007 0.008 0.007 0.007 
359 COPE-0359   (14)   :  0.106 0.112 0.108 0.110 0.009 0.112 0.111 0.112 0.112 0.108 
360 COPE-0360    (0)   :  0.117 0.105 0.147 0.091 0.006 0.103 0.120 0.110 0.096 0.105 
361 COPE-0361    (0)   :  0.107 0.111 0.099 0.114 0.009 0.116 0.113 0.111 0.112 0.108 
362 COPE-0362    (0)   :  0.111 0.100 0.105 0.123 0.007 0.102 0.106 0.134 0.114 0.098 
363 COPE-0363   (14)   :  0.102 0.114 0.109 0.106 0.013 0.108 0.117 0.112 0.112 0.106 
364 COPE-0364    (0)   :  0.115 0.101 0.135 0.091 0.006 0.098 0.132 0.113 0.104 0.106 
365 COPE-0365    (0)   :  0.113 0.092 0.154 0.083 0.018 0.090 0.138 0.114 0.095 0.103 
366 COPE-0366    (0)   :  0.101 0.115 0.092 0.118 0.023 0.115 0.102 0.132 0.110 0.092 
367 COPE-0367   (14)   :  0.013 0.012 0.012 0.012 0.889 0.012 0.013 0.012 0.013 0.012 
368 COPE-0368    (0)   :  0.101 0.123 0.142 0.093 0.010 0.117 0.105 0.105 0.112 0.093 
369 COPE-0369    (0)   :  0.115 0.101 0.098 0.112 0.009 0.101 0.127 0.116 0.113 0.109 
370 COPE-0370   (28)   :  0.009 0.009 0.009 0.009 0.919 0.009 0.009 0.009 0.009 0.009 
371 COPE-0371    (0)   :  0.112 0.101 0.117 0.097 0.013 0.099 0.136 0.113 0.105 0.108 
372 COPE-0372    (0)   :  0.111 0.091 0.110 0.115 0.046 0.102 0.092 0.099 0.110 0.124 
373 COPE-0373   (14)   :  0.118 0.102 0.090 0.111 0.007 0.100 0.128 0.106 0.119 0.118 
374 COPE-0374    (0)   :  0.112 0.107 0.118 0.106 0.008 0.104 0.118 0.112 0.107 0.107 
375 COPE-0375   (14)   :  0.118 0.100 0.152 0.085 0.009 0.094 0.131 0.112 0.095 0.104 
376 COPE-0376   (14)   :  0.121 0.127 0.096 0.133 0.006 0.132 0.091 0.100 0.101 0.093 
377 COPE-0377    (0)   :  0.048 0.049 0.041 0.050 0.570 0.046 0.050 0.048 0.050 0.048 
378 COPE-0378    (0)   :  0.108 0.121 0.137 0.093 0.006 0.116 0.105 0.108 0.105 0.101 
379 COPE-0379    (0)   :  0.100 0.102 0.096 0.125 0.007 0.115 0.107 0.134 0.115 0.099 
380 COPE-0380   (28)   :  0.037 0.029 0.032 0.039 0.689 0.037 0.024 0.026 0.037 0.049 
381 COPE-0381    (0)   :  0.110 0.115 0.111 0.106 0.010 0.110 0.114 0.109 0.109 0.106 
382 COPE-0382    (0)   :  0.102 0.098 0.098 0.127 0.006 0.110 0.105 0.137 0.116 0.100 
383 COPE-0383    (0)   :  0.116 0.092 0.155 0.077 0.047 0.086 0.133 0.107 0.087 0.100 
384 COPE-0384    (0)   :  0.109 0.115 0.133 0.100 0.007 0.114 0.107 0.103 0.106 0.105 


Estimated Allele Frequencies in each cluster
First column gives estimated ancestral frequencies


Locus 1 : COPE5 
78 alleles
0.5% missing data
   1   (0.007) 0.001 0.002 0.001 0.001 0.700 0.001 0.001 0.001 0.001 0.001 
   2   (0.023) 0.024 0.025 0.024 0.024 0.011 0.025 0.025 0.024 0.025 0.024 
   3   (0.014) 0.014 0.015 0.015 0.014 0.001 0.014 0.014 0.014 0.015 0.014 
   4   (0.023) 0.024 0.027 0.026 0.024 0.001 0.026 0.024 0.027 0.024 0.022 
   5   (0.011) 0.010 0.009 0.009 0.011 0.001 0.009 0.010 0.012 0.010 0.009 
   6   (0.020) 0.018 0.018 0.017 0.020 0.004 0.018 0.017 0.019 0.019 0.018 
   7   (0.008) 0.004 0.004 0.003 0.004 0.001 0.004 0.004 0.004 0.004 0.004 
   8   (0.032) 0.097 0.079 0.089 0.094 0.002 0.090 0.079 0.074 0.099 0.113 
   9   (0.020) 0.021 0.021 0.020 0.022 0.001 0.022 0.022 0.022 0.022 0.021 
  10   (0.019) 0.020 0.020 0.021 0.019 0.001 0.019 0.021 0.020 0.019 0.019 
  11   (0.015) 0.016 0.014 0.018 0.013 0.013 0.014 0.018 0.017 0.014 0.014 
  12   (0.015) 0.023 0.023 0.018 0.023 0.001 0.022 0.028 0.024 0.024 0.026 
  13   (0.010) 0.011 0.011 0.008 0.011 0.001 0.010 0.013 0.011 0.011 0.012 
  14   (0.024) 0.027 0.027 0.025 0.026 0.002 0.026 0.031 0.029 0.027 0.027 
  15   (0.016) 0.030 0.036 0.043 0.026 0.001 0.034 0.030 0.032 0.032 0.029 
  16   (0.010) 0.006 0.007 0.005 0.006 0.001 0.006 0.006 0.006 0.006 0.006 
  17   (0.017) 0.014 0.014 0.014 0.015 0.001 0.015 0.014 0.014 0.015 0.015 
  18   (0.017) 0.013 0.013 0.013 0.014 0.006 0.014 0.013 0.016 0.014 0.013 
  19   (0.011) 0.009 0.009 0.009 0.011 0.001 0.010 0.009 0.012 0.010 0.009 
  20   (0.029) 0.051 0.052 0.061 0.047 0.002 0.051 0.060 0.054 0.051 0.050 
  21   (0.023) 0.021 0.022 0.021 0.023 0.001 0.022 0.022 0.023 0.022 0.021 
  22   (0.019) 0.015 0.016 0.016 0.015 0.007 0.015 0.016 0.016 0.015 0.015 
  23   (0.013) 0.011 0.012 0.010 0.012 0.001 0.012 0.012 0.013 0.012 0.011 
  24   (0.015) 0.020 0.020 0.020 0.020 0.001 0.020 0.018 0.018 0.017 0.017 
  25   (0.010) 0.008 0.008 0.007 0.007 0.001 0.008 0.009 0.008 0.008 0.008 
  26   (0.013) 0.008 0.009 0.008 0.009 0.001 0.009 0.009 0.009 0.009 0.009 
  27   (0.012) 0.009 0.011 0.008 0.010 0.001 0.011 0.009 0.010 0.009 0.009 
  28   (0.008) 0.003 0.003 0.003 0.003 0.016 0.003 0.003 0.003 0.003 0.003 
  29   (0.014) 0.011 0.013 0.010 0.013 0.001 0.013 0.011 0.011 0.011 0.010 
  30   (0.018) 0.020 0.019 0.019 0.020 0.003 0.019 0.021 0.020 0.021 0.020 
  31   (0.020) 0.018 0.020 0.020 0.019 0.001 0.020 0.018 0.020 0.018 0.017 
  32   (0.024) 0.039 0.035 0.036 0.041 0.001 0.035 0.041 0.043 0.039 0.036 
  33   (0.006) 0.002 0.002 0.002 0.002 0.000 0.002 0.002 0.002 0.002 0.002 
  34   (0.018) 0.019 0.018 0.020 0.018 0.001 0.018 0.022 0.020 0.019 0.019 
  35   (0.007) 0.001 0.001 0.001 0.001 0.056 0.001 0.001 0.001 0.001 0.001 
  36   (0.006) 0.002 0.002 0.002 0.002 0.000 0.002 0.002 0.002 0.002 0.002 
  37   (0.020) 0.026 0.026 0.032 0.021 0.014 0.024 0.027 0.025 0.023 0.023 
  38   (0.015) 0.012 0.014 0.013 0.013 0.006 0.014 0.011 0.012 0.012 0.011 
  39   (0.014) 0.020 0.016 0.018 0.021 0.001 0.020 0.015 0.016 0.020 0.025 
  40   (0.011) 0.009 0.010 0.009 0.010 0.001 0.009 0.009 0.011 0.009 0.009 
  41   (0.009) 0.005 0.005 0.004 0.005 0.001 0.005 0.004 0.005 0.004 0.004 
  42   (0.006) 0.002 0.002 0.002 0.002 0.000 0.002 0.002 0.002 0.002 0.002 
  43   (0.008) 0.005 0.005 0.004 0.005 0.001 0.005 0.005 0.005 0.005 0.005 
  44   (0.023) 0.029 0.028 0.025 0.029 0.001 0.026 0.026 0.026 0.027 0.025 
  45   (0.006) 0.002 0.002 0.002 0.002 0.000 0.002 0.002 0.002 0.002 0.002 
