

----------------------------------------------------
STRUCTURE by Pritchard, Stephens and Donnelly (2000)
     and Falush, Stephens and Pritchard (2003)
       Code by Pritchard, Falush and Hubisz
             Version 2.3.4 (Jul 2012)
----------------------------------------------------



Command line arguments:   /home/jason/Programs/structure -K 7 -i ../Data/microsats.structure -m Structure_Run/mainparams -e Structure_Run/extraparams -D 73535281 -o ../Structure_Results/08_K_07.out 
Input File:    ../Data/microsats.structure

Run parameters:
   384 individuals
   7 loci
   7 populations assumed
   1000000 Burn-in period
   10000000 Reps
RANDOMIZE turned off


--------------------------------------------
Overall proportion of membership of the
sample in each of the 7 clusters

Inferred Clusters
  1      2      3      4      5      6      7    
0.147  0.146  0.147  0.146  0.122  0.146  0.146  

--------------------------------------------

Allele-freq. divergence among pops (Net nucleotide distance),
computed using point estimates of P.

      1       2       3       4       5       6       7      
 1      -    0.0007  0.0002  0.0003  0.1508  0.0003  0.0005  
 2   0.0007     -    0.0002  0.0003  0.1532  0.0003  0.0002  
 3   0.0002  0.0002     -    0.0002  0.1517  0.0002  0.0001  
 4   0.0003  0.0003  0.0002     -    0.1530  0.0000  0.0004  
 5   0.1508  0.1532  0.1517  0.1530     -    0.1534  0.1510  
 6   0.0003  0.0003  0.0002  0.0000  0.1534     -    0.0004  
 7   0.0005  0.0002  0.0001  0.0004  0.1510  0.0004     -    

Average distances (expected heterozygosity) between individuals in same cluster:
cluster  1  : 0.6259 
cluster  2  : 0.6209 
cluster  3  : 0.6245 
cluster  4  : 0.6219 
cluster  5  : 0.6569 
cluster  6  : 0.6216 
cluster  7  : 0.6271 

--------------------------------------------
Estimated Ln Prob of Data   = -8857.6
Mean value of ln likelihood = -7975.9
Variance of ln likelihood   = 1763.4
Mean value of alpha         = 0.0458

Mean value of Fst_1         = 0.0562
Mean value of Fst_2         = 0.0656
Mean value of Fst_3         = 0.0588
Mean value of Fst_4         = 0.0601
Mean value of Fst_5         = 0.1573
Mean value of Fst_6         = 0.0593
Mean value of Fst_7         = 0.0610


Inferred ancestry of individuals:
        Label (%Miss) :  Inferred clusters
  1 COPE-0001    (0)   :  0.008 0.008 0.008 0.008 0.952 0.008 0.008 
  2 COPE-0002    (0)   :  0.197 0.154 0.161 0.148 0.010 0.126 0.202 
  3 COPE-0003    (0)   :  0.222 0.125 0.174 0.177 0.007 0.173 0.123 
  4 COPE-0004    (0)   :  0.211 0.139 0.170 0.138 0.014 0.110 0.218 
  5 COPE-0005    (0)   :  0.157 0.180 0.137 0.177 0.019 0.147 0.183 
  6 COPE-0006    (0)   :  0.170 0.157 0.162 0.168 0.019 0.164 0.160 
  7 COPE-0007    (0)   :  0.150 0.191 0.143 0.175 0.007 0.156 0.177 
  8 COPE-0008    (0)   :  0.114 0.218 0.190 0.133 0.007 0.155 0.182 
  9 COPE-0009    (0)   :  0.200 0.152 0.162 0.171 0.018 0.163 0.135 
 10 COPE-0010    (0)   :  0.151 0.140 0.177 0.165 0.007 0.205 0.154 
 11 COPE-0011   (14)   :  0.015 0.012 0.014 0.012 0.920 0.011 0.016 
 12 COPE-0012   (14)   :  0.132 0.202 0.188 0.140 0.007 0.158 0.173 
 13 COPE-0013    (0)   :  0.243 0.113 0.174 0.180 0.006 0.173 0.111 
 14 COPE-0014    (0)   :  0.141 0.187 0.130 0.189 0.011 0.174 0.168 
 15 COPE-0015    (0)   :  0.135 0.184 0.149 0.179 0.007 0.178 0.168 
 16 COPE-0016    (0)   :  0.158 0.201 0.146 0.165 0.010 0.156 0.164 
 17 COPE-0017    (0)   :  0.040 0.046 0.039 0.046 0.742 0.044 0.043 
 18 COPE-0018    (0)   :  0.198 0.149 0.170 0.169 0.008 0.159 0.146 
 19 COPE-0019    (0)   :  0.215 0.139 0.174 0.174 0.006 0.170 0.122 
 20 COPE-0020    (0)   :  0.161 0.160 0.164 0.176 0.008 0.179 0.152 
 21 COPE-0021    (0)   :  0.131 0.170 0.142 0.204 0.006 0.183 0.165 
 22 COPE-0022    (0)   :  0.125 0.204 0.190 0.139 0.007 0.153 0.184 
 23 COPE-0023    (0)   :  0.199 0.130 0.177 0.154 0.008 0.145 0.188 
 24 COPE-0024   (14)   :  0.143 0.194 0.155 0.174 0.007 0.162 0.166 
 25 COPE-0025    (0)   :  0.169 0.127 0.160 0.150 0.079 0.160 0.156 
 26 COPE-0026    (0)   :  0.138 0.202 0.154 0.160 0.005 0.168 0.173 
 27 COPE-0027    (0)   :  0.208 0.143 0.180 0.168 0.006 0.167 0.127 
 28 COPE-0028    (0)   :  0.145 0.158 0.168 0.163 0.006 0.197 0.163 
 29 COPE-0029    (0)   :  0.142 0.219 0.146 0.166 0.005 0.159 0.162 
 30 COPE-0030   (14)   :  0.038 0.033 0.035 0.033 0.792 0.031 0.039 
 31 COPE-0031    (0)   :  0.127 0.213 0.171 0.148 0.010 0.157 0.173 
 32 COPE-0032    (0)   :  0.163 0.130 0.182 0.158 0.009 0.188 0.168 
 33 COPE-0033    (0)   :  0.178 0.140 0.175 0.161 0.011 0.173 0.162 
 34 COPE-0034    (0)   :  0.149 0.202 0.151 0.159 0.011 0.148 0.181 
 35 COPE-0035   (14)   :  0.159 0.140 0.176 0.160 0.008 0.191 0.166 
 36 COPE-0036   (14)   :  0.159 0.155 0.161 0.181 0.006 0.175 0.163 
 37 COPE-0037    (0)   :  0.160 0.157 0.159 0.175 0.023 0.170 0.157 
 38 COPE-0038    (0)   :  0.119 0.209 0.176 0.146 0.006 0.166 0.178 
 39 COPE-0039    (0)   :  0.171 0.130 0.157 0.147 0.109 0.143 0.144 
 40 COPE-0040   (14)   :  0.190 0.125 0.153 0.158 0.101 0.150 0.123 
 41 COPE-0041    (0)   :  0.192 0.142 0.169 0.162 0.032 0.154 0.150 
 42 COPE-0042    (0)   :  0.160 0.131 0.173 0.168 0.011 0.204 0.153 
 43 COPE-0043    (0)   :  0.176 0.167 0.162 0.156 0.005 0.144 0.190 
 44 COPE-0044    (0)   :  0.204 0.143 0.175 0.141 0.015 0.120 0.201 
 45 COPE-0045    (0)   :  0.183 0.148 0.176 0.141 0.031 0.131 0.190 
 46 COPE-0046    (0)   :  0.034 0.027 0.028 0.030 0.825 0.029 0.027 
 47 COPE-0047    (0)   :  0.008 0.007 0.007 0.007 0.956 0.007 0.007 
 48 COPE-0048    (0)   :  0.147 0.132 0.181 0.169 0.007 0.214 0.150 
 49 COPE-0049    (0)   :  0.185 0.144 0.168 0.148 0.016 0.135 0.203 
 50 COPE-0050    (0)   :  0.228 0.125 0.172 0.170 0.007 0.159 0.139 
 51 COPE-0051    (0)   :  0.130 0.121 0.156 0.146 0.106 0.187 0.153 
 52 COPE-0052    (0)   :  0.129 0.203 0.128 0.187 0.010 0.168 0.175 
 53 COPE-0053    (0)   :  0.149 0.216 0.141 0.169 0.010 0.156 0.158 
 54 COPE-0054    (0)   :  0.123 0.183 0.163 0.182 0.005 0.183 0.160 
 55 COPE-0055    (0)   :  0.110 0.219 0.196 0.134 0.005 0.157 0.179 
 56 COPE-0056    (0)   :  0.176 0.152 0.183 0.147 0.018 0.146 0.177 
 57 COPE-0057    (0)   :  0.196 0.143 0.175 0.171 0.011 0.172 0.132 
 58 COPE-0058    (0)   :  0.185 0.149 0.172 0.152 0.009 0.152 0.181 
 59 COPE-0059    (0)   :  0.234 0.119 0.169 0.178 0.019 0.167 0.113 
 60 COPE-0060    (0)   :  0.178 0.176 0.155 0.161 0.007 0.151 0.172 
 61 COPE-0061    (0)   :  0.181 0.184 0.153 0.173 0.013 0.158 0.138 
 62 COPE-0062    (0)   :  0.126 0.171 0.138 0.206 0.010 0.185 0.165 
 63 COPE-0063    (0)   :  0.107 0.213 0.193 0.127 0.029 0.152 0.180 
 64 COPE-0064    (0)   :  0.169 0.172 0.159 0.164 0.010 0.159 0.168 
 65 COPE-0065    (0)   :  0.006 0.006 0.006 0.006 0.966 0.006 0.006 
 66 COPE-0066    (0)   :  0.157 0.123 0.177 0.168 0.016 0.215 0.144 
 67 COPE-0067   (14)   :  0.025 0.024 0.027 0.027 0.841 0.030 0.026 
 68 COPE-0068    (0)   :  0.240 0.116 0.172 0.178 0.010 0.171 0.113 
 69 COPE-0069   (14)   :  0.147 0.173 0.147 0.188 0.013 0.170 0.161 
 70 COPE-0070    (0)   :  0.179 0.157 0.168 0.150 0.012 0.140 0.195 
 71 COPE-0071    (0)   :  0.148 0.143 0.174 0.170 0.004 0.212 0.149 
 72 COPE-0072    (0)   :  0.196 0.147 0.165 0.166 0.007 0.159 0.161 
 73 COPE-0073   (14)   :  0.039 0.052 0.039 0.045 0.741 0.043 0.042 
 74 COPE-0074    (0)   :  0.151 0.139 0.180 0.165 0.009 0.199 0.157 
 75 COPE-0075    (0)   :  0.146 0.130 0.175 0.161 0.013 0.207 0.169 
 76 COPE-0076    (0)   :  0.155 0.177 0.175 0.164 0.006 0.172 0.153 
 77 COPE-0077   (14)   :  0.177 0.153 0.169 0.164 0.009 0.168 0.160 
 78 COPE-0078   (14)   :  0.150 0.192 0.159 0.158 0.008 0.149 0.183 
 79 COPE-0079    (0)   :  0.223 0.130 0.169 0.137 0.009 0.097 0.236 
 80 COPE-0080   (42)   :  0.024 0.020 0.021 0.022 0.872 0.021 0.019 
 81 COPE-0081   (14)   :  0.074 0.095 0.090 0.080 0.487 0.086 0.086 
 82 COPE-0082   (14)   :  0.134 0.155 0.175 0.144 0.047 0.173 0.173 
 83 COPE-0083   (14)   :  0.119 0.196 0.119 0.204 0.006 0.181 0.175 
 84 COPE-0084    (0)   :  0.113 0.156 0.111 0.126 0.251 0.119 0.123 
 85 COPE-0085    (0)   :  0.200 0.143 0.167 0.155 0.010 0.139 0.184 
 86 COPE-0086    (0)   :  0.157 0.156 0.164 0.163 0.021 0.171 0.168 
 87 COPE-0087   (14)   :  0.172 0.177 0.155 0.163 0.007 0.159 0.167 
 88 COPE-0088   (14)   :  0.176 0.170 0.148 0.158 0.024 0.140 0.183 
 89 COPE-0089   (14)   :  0.007 0.007 0.008 0.007 0.956 0.007 0.008 
 90 COPE-0090    (0)   :  0.115 0.215 0.191 0.135 0.008 0.156 0.180 
 91 COPE-0091   (14)   :  0.160 0.186 0.146 0.171 0.006 0.165 0.166 
 92 COPE-0092   (28)   :  0.031 0.020 0.026 0.025 0.849 0.024 0.025 
 93 COPE-0093    (0)   :  0.110 0.218 0.199 0.130 0.006 0.156 0.181 
 94 COPE-0094    (0)   :  0.218 0.127 0.165 0.134 0.032 0.096 0.230 
 95 COPE-0095    (0)   :  0.143 0.220 0.149 0.163 0.005 0.160 0.160 
 96 COPE-0096    (0)   :  0.138 0.193 0.135 0.184 0.009 0.169 0.173 
 97 COPE-0097    (0)   :  0.130 0.165 0.156 0.175 0.008 0.198 0.167 
 98 COPE-0098    (0)   :  0.121 0.217 0.175 0.143 0.008 0.156 0.181 
 99 COPE-0099    (0)   :  0.225 0.117 0.173 0.175 0.021 0.171 0.118 
100 COPE-0100    (0)   :  0.174 0.155 0.178 0.166 0.007 0.178 0.142 
101 COPE-0101    (0)   :  0.149 0.144 0.172 0.150 0.044 0.175 0.165 
102 COPE-0102    (0)   :  0.186 0.146 0.172 0.161 0.006 0.160 0.168 
103 COPE-0103    (0)   :  0.186 0.155 0.154 0.158 0.017 0.133 0.196 
104 COPE-0104   (14)   :  0.138 0.155 0.183 0.161 0.007 0.196 0.159 
105 COPE-0105    (0)   :  0.131 0.153 0.165 0.152 0.037 0.198 0.163 
106 COPE-0106    (0)   :  0.127 0.180 0.142 0.209 0.005 0.187 0.151 
107 COPE-0107    (0)   :  0.016 0.021 0.020 0.017 0.887 0.018 0.021 
108 COPE-0108    (0)   :  0.133 0.181 0.163 0.167 0.006 0.181 0.168 
109 COPE-0109    (0)   :  0.203 0.140 0.175 0.142 0.012 0.120 0.208 
110 COPE-0110   (14)   :  0.158 0.177 0.152 0.176 0.014 0.161 0.161 
111 COPE-0111    (0)   :  0.150 0.174 0.143 0.192 0.009 0.171 0.162 
112 COPE-0112   (14)   :  0.148 0.139 0.179 0.168 0.011 0.204 0.151 
113 COPE-0113    (0)   :  0.189 0.146 0.175 0.159 0.023 0.161 0.146 
114 COPE-0114    (0)   :  0.147 0.172 0.163 0.183 0.010 0.173 0.151 
115 COPE-0115    (0)   :  0.023 0.029 0.022 0.026 0.849 0.025 0.027 
116 COPE-0116   (28)   :  0.010 0.009 0.010 0.010 0.942 0.010 0.010 
117 COPE-0117    (0)   :  0.150 0.217 0.142 0.165 0.011 0.153 0.161 
118 COPE-0118    (0)   :  0.128 0.175 0.137 0.211 0.009 0.182 0.158 
119 COPE-0119    (0)   :  0.121 0.182 0.157 0.179 0.010 0.180 0.171 
120 COPE-0120    (0)   :  0.189 0.139 0.175 0.156 0.012 0.155 0.174 
121 COPE-0121    (0)   :  0.146 0.162 0.134 0.182 0.061 0.166 0.149 
122 COPE-0122    (0)   :  0.201 0.138 0.171 0.153 0.008 0.139 0.190 
123 COPE-0123    (0)   :  0.188 0.134 0.179 0.149 0.015 0.146 0.190 
124 COPE-0124    (0)   :  0.203 0.139 0.170 0.155 0.013 0.135 0.185 
125 COPE-0125    (0)   :  0.139 0.167 0.177 0.160 0.007 0.194 0.156 
126 COPE-0126    (0)   :  0.142 0.223 0.144 0.163 0.013 0.155 0.161 
127 COPE-0127   (14)   :  0.153 0.176 0.162 0.157 0.007 0.173 0.173 
128 COPE-0128    (0)   :  0.168 0.149 0.165 0.176 0.020 0.170 0.151 
129 COPE-0129    (0)   :  0.218 0.134 0.168 0.150 0.007 0.122 0.201 
130 COPE-0130    (0)   :  0.215 0.135 0.172 0.169 0.012 0.163 0.133 
131 COPE-0131   (14)   :  0.157 0.164 0.141 0.197 0.010 0.177 0.154 
132 COPE-0132   (14)   :  0.121 0.196 0.148 0.178 0.036 0.161 0.160 
133 COPE-0133    (0)   :  0.155 0.205 0.143 0.163 0.010 0.153 0.171 
134 COPE-0134    (0)   :  0.188 0.153 0.173 0.158 0.007 0.152 0.170 
135 COPE-0135    (0)   :  0.149 0.149 0.187 0.152 0.009 0.181 0.173 
136 COPE-0136    (0)   :  0.013 0.012 0.012 0.012 0.926 0.012 0.012 
137 COPE-0137    (0)   :  0.207 0.128 0.175 0.173 0.013 0.175 0.130 
138 COPE-0138   (14)   :  0.008 0.008 0.008 0.008 0.951 0.008 0.008 
139 COPE-0139    (0)   :  0.214 0.131 0.171 0.174 0.008 0.172 0.130 
140 COPE-0140   (14)   :  0.023 0.019 0.022 0.022 0.872 0.023 0.019 
141 COPE-0141    (0)   :  0.138 0.192 0.191 0.136 0.008 0.147 0.187 
142 COPE-0142    (0)   :  0.138 0.188 0.184 0.151 0.009 0.165 0.165 
143 COPE-0143    (0)   :  0.146 0.195 0.170 0.148 0.009 0.149 0.183 
144 COPE-0144   (14)   :  0.137 0.106 0.115 0.105 0.317 0.094 0.126 
145 COPE-0145   (14)   :  0.118 0.084 0.106 0.097 0.398 0.099 0.098 
146 COPE-0146   (14)   :  0.145 0.185 0.166 0.156 0.029 0.160 0.158 
147 COPE-0147    (0)   :  0.174 0.147 0.170 0.129 0.063 0.114 0.203 
148 COPE-0148    (0)   :  0.152 0.212 0.146 0.162 0.009 0.151 0.168 
149 COPE-0149    (0)   :  0.213 0.144 0.165 0.175 0.007 0.166 0.129 
150 COPE-0150    (0)   :  0.146 0.125 0.181 0.168 0.008 0.223 0.149 
151 COPE-0151    (0)   :  0.169 0.175 0.176 0.164 0.007 0.165 0.144 
152 COPE-0152   (14)   :  0.111 0.176 0.168 0.119 0.120 0.136 0.169 
153 COPE-0153    (0)   :  0.152 0.175 0.166 0.160 0.006 0.161 0.180 
154 COPE-0154    (0)   :  0.180 0.162 0.174 0.169 0.006 0.170 0.138 
155 COPE-0155    (0)   :  0.187 0.144 0.175 0.175 0.006 0.175 0.138 
156 COPE-0156   (14)   :  0.009 0.009 0.009 0.009 0.948 0.008 0.009 
157 COPE-0157   (14)   :  0.107 0.130 0.128 0.100 0.302 0.101 0.131 
158 COPE-0158    (0)   :  0.170 0.188 0.147 0.172 0.009 0.161 0.153 
159 COPE-0159    (0)   :  0.137 0.203 0.164 0.151 0.007 0.153 0.184 
160 COPE-0160    (0)   :  0.183 0.153 0.171 0.150 0.006 0.137 0.199 
161 COPE-0161    (0)   :  0.188 0.139 0.177 0.154 0.012 0.151 0.181 
162 COPE-0162   (14)   :  0.007 0.007 0.007 0.007 0.959 0.007 0.007 
163 COPE-0163   (28)   :  0.013 0.013 0.013 0.013 0.921 0.013 0.013 
164 COPE-0164    (0)   :  0.182 0.154 0.170 0.160 0.034 0.156 0.143 
165 COPE-0165    (0)   :  0.206 0.137 0.169 0.169 0.008 0.167 0.145 
166 COPE-0166   (14)   :  0.196 0.151 0.166 0.157 0.008 0.136 0.186 
167 COPE-0167    (0)   :  0.187 0.154 0.159 0.164 0.008 0.136 0.193 
168 COPE-0168    (0)   :  0.143 0.206 0.148 0.163 0.006 0.160 0.174 
169 COPE-0169    (0)   :  0.236 0.120 0.169 0.177 0.012 0.170 0.117 
170 COPE-0170    (0)   :  0.131 0.182 0.169 0.151 0.036 0.152 0.179 
171 COPE-0171    (0)   :  0.132 0.196 0.147 0.180 0.009 0.169 0.167 
172 COPE-0172    (0)   :  0.151 0.175 0.165 0.161 0.006 0.172 0.168 
173 COPE-0173   (14)   :  0.224 0.110 0.161 0.165 0.068 0.157 0.115 
174 COPE-0174   (28)   :  0.166 0.166 0.171 0.152 0.020 0.147 0.178 
175 COPE-0175    (0)   :  0.175 0.172 0.148 0.149 0.040 0.131 0.185 
176 COPE-0176    (0)   :  0.142 0.187 0.168 0.160 0.010 0.154 0.179 
177 COPE-0177    (0)   :  0.224 0.132 0.176 0.173 0.007 0.166 0.122 
178 COPE-0178    (0)   :  0.130 0.175 0.151 0.200 0.008 0.188 0.149 
179 COPE-0179    (0)   :  0.184 0.141 0.179 0.160 0.009 0.167 0.160 
180 COPE-0180   (14)   :  0.239 0.117 0.172 0.178 0.006 0.171 0.117 
181 COPE-0181   (14)   :  0.220 0.126 0.175 0.172 0.009 0.167 0.131 
182 COPE-0182    (0)   :  0.126 0.201 0.174 0.147 0.005 0.171 0.176 
183 COPE-0183    (0)   :  0.170 0.163 0.171 0.164 0.011 0.160 0.160 
184 COPE-0184    (0)   :  0.158 0.184 0.144 0.171 0.009 0.150 0.185 
185 COPE-0185    (0)   :  0.132 0.202 0.173 0.156 0.006 0.163 0.168 
186 COPE-0186    (0)   :  0.124 0.182 0.131 0.202 0.006 0.185 0.170 
187 COPE-0187    (0)   :  0.141 0.146 0.175 0.156 0.010 0.196 0.176 
188 COPE-0188    (0)   :  0.023 0.020 0.023 0.022 0.865 0.024 0.023 
189 COPE-0189    (0)   :  0.190 0.138 0.169 0.171 0.009 0.184 0.138 
190 COPE-0190    (0)   :  0.201 0.134 0.173 0.146 0.015 0.129 0.202 
191 COPE-0191    (0)   :  0.176 0.163 0.162 0.167 0.013 0.163 0.157 
192 COPE-0192   (14)   :  0.009 0.010 0.009 0.011 0.941 0.010 0.010 
193 COPE-0193    (0)   :  0.156 0.190 0.163 0.167 0.006 0.164 0.154 
194 COPE-0194    (0)   :  0.145 0.132 0.176 0.166 0.009 0.217 0.155 
195 COPE-0195    (0)   :  0.167 0.144 0.177 0.159 0.007 0.180 0.167 
196 COPE-0196    (0)   :  0.158 0.152 0.173 0.157 0.011 0.167 0.182 
197 COPE-0197    (0)   :  0.222 0.128 0.171 0.177 0.007 0.171 0.123 
198 COPE-0198    (0)   :  0.164 0.172 0.166 0.171 0.013 0.165 0.150 
199 COPE-0199    (0)   :  0.236 0.122 0.174 0.177 0.010 0.169 0.112 
200 COPE-0200   (42)   :  0.235 0.121 0.172 0.175 0.009 0.166 0.122 
201 COPE-0201    (0)   :  0.125 0.198 0.171 0.158 0.009 0.167 0.172 
202 COPE-0202    (0)   :  0.153 0.178 0.178 0.134 0.014 0.134 0.210 
203 COPE-0203    (0)   :  0.154 0.183 0.166 0.166 0.006 0.158 0.166 
204 COPE-0204    (0)   :  0.132 0.157 0.161 0.166 0.037 0.196 0.151 
205 COPE-0205    (0)   :  0.149 0.192 0.164 0.155 0.022 0.157 0.161 
206 COPE-0206    (0)   :  0.142 0.169 0.147 0.202 0.005 0.183 0.152 
207 COPE-0207    (0)   :  0.126 0.179 0.140 0.204 0.011 0.179 0.161 
208 COPE-0208    (0)   :  0.028 0.028 0.029 0.026 0.834 0.028 0.028 
209 COPE-0209    (0)   :  0.185 0.139 0.167 0.179 0.007 0.186 0.137 
210 COPE-0210    (0)   :  0.149 0.187 0.144 0.174 0.012 0.175 0.159 
211 COPE-0211    (0)   :  0.148 0.129 0.181 0.170 0.005 0.218 0.149 
212 COPE-0212    (0)   :  0.132 0.194 0.146 0.187 0.012 0.166 0.164 
213 COPE-0213    (0)   :  0.154 0.154 0.170 0.175 0.008 0.184 0.156 
214 COPE-0214    (0)   :  0.243 0.115 0.170 0.178 0.008 0.170 0.115 
215 COPE-0215    (0)   :  0.237 0.110 0.168 0.173 0.038 0.165 0.109 
216 COPE-0216   (14)   :  0.087 0.090 0.082 0.086 0.482 0.084 0.089 
217 COPE-0217    (0)   :  0.136 0.170 0.142 0.195 0.027 0.172 0.159 
218 COPE-0218    (0)   :  0.170 0.170 0.161 0.169 0.009 0.166 0.156 
219 COPE-0219   (14)   :  0.219 0.133 0.171 0.173 0.009 0.165 0.130 
220 COPE-0220    (0)   :  0.149 0.161 0.151 0.197 0.014 0.179 0.149 
221 COPE-0221    (0)   :  0.115 0.209 0.186 0.135 0.014 0.156 0.185 
222 COPE-0222    (0)   :  0.127 0.225 0.163 0.153 0.007 0.156 0.168 
223 COPE-0223    (0)   :  0.230 0.120 0.173 0.172 0.008 0.162 0.135 
224 COPE-0224    (0)   :  0.212 0.139 0.162 0.140 0.022 0.103 0.223 
225 COPE-0225    (0)   :  0.242 0.114 0.168 0.179 0.015 0.169 0.112 
226 COPE-0226    (0)   :  0.161 0.187 0.167 0.155 0.008 0.147 0.176 
227 COPE-0227    (0)   :  0.164 0.170 0.151 0.181 0.006 0.171 0.157 
228 COPE-0228    (0)   :  0.159 0.160 0.158 0.177 0.025 0.164 0.156 
229 COPE-0229    (0)   :  0.179 0.165 0.171 0.161 0.007 0.161 0.155 
230 COPE-0230    (0)   :  0.151 0.177 0.176 0.155 0.010 0.171 0.159 
231 COPE-0231    (0)   :  0.204 0.139 0.172 0.177 0.006 0.175 0.128 
232 COPE-0232    (0)   :  0.197 0.139 0.172 0.147 0.014 0.133 0.197 
233 COPE-0233    (0)   :  0.130 0.214 0.172 0.148 0.005 0.159 0.172 
234 COPE-0234    (0)   :  0.210 0.134 0.171 0.145 0.008 0.117 0.215 
235 COPE-0235    (0)   :  0.210 0.133 0.172 0.156 0.006 0.139 0.184 
236 COPE-0236    (0)   :  0.135 0.177 0.169 0.169 0.005 0.192 0.154 
237 COPE-0237    (0)   :  0.129 0.202 0.168 0.153 0.006 0.167 0.175 
238 COPE-0238    (0)   :  0.243 0.121 0.172 0.181 0.007 0.168 0.109 
239 COPE-0239    (0)   :  0.194 0.150 0.158 0.144 0.035 0.118 0.202 
240 COPE-0240    (0)   :  0.146 0.209 0.137 0.170 0.008 0.159 0.172 
241 COPE-0241    (0)   :  0.244 0.112 0.174 0.180 0.007 0.174 0.110 
242 COPE-0242    (0)   :  0.131 0.171 0.151 0.189 0.006 0.184 0.168 
243 COPE-0243    (0)   :  0.150 0.134 0.175 0.162 0.008 0.201 0.171 
244 COPE-0244    (0)   :  0.198 0.138 0.170 0.164 0.009 0.160 0.161 
245 COPE-0245    (0)   :  0.140 0.153 0.176 0.154 0.013 0.197 0.167 
246 COPE-0246    (0)   :  0.180 0.156 0.167 0.155 0.013 0.143 0.186 
247 COPE-0247    (0)   :  0.161 0.172 0.175 0.158 0.017 0.160 0.156 
248 COPE-0248    (0)   :  0.138 0.174 0.171 0.161 0.005 0.191 0.162 
249 COPE-0249    (0)   :  0.216 0.130 0.165 0.144 0.033 0.119 0.192 
250 COPE-0250    (0)   :  0.200 0.142 0.165 0.151 0.016 0.121 0.206 
251 COPE-0251   (14)   :  0.027 0.040 0.034 0.030 0.803 0.032 0.035 
252 COPE-0252    (0)   :  0.200 0.141 0.169 0.145 0.012 0.123 0.210 
253 COPE-0253    (0)   :  0.117 0.209 0.196 0.136 0.008 0.158 0.176 
254 COPE-0254    (0)   :  0.141 0.164 0.168 0.152 0.013 0.186 0.176 
255 COPE-0255    (0)   :  0.138 0.173 0.177 0.146 0.028 0.170 0.168 
256 COPE-0256    (0)   :  0.146 0.208 0.141 0.171 0.011 0.161 0.163 
257 COPE-0257    (0)   :  0.130 0.172 0.135 0.198 0.008 0.185 0.171 
258 COPE-0258    (0)   :  0.148 0.154 0.150 0.184 0.024 0.179 0.160 
259 COPE-0259    (0)   :  0.147 0.158 0.170 0.169 0.006 0.193 0.157 
260 COPE-0260    (0)   :  0.226 0.124 0.168 0.174 0.024 0.163 0.120 
261 COPE-0261    (0)   :  0.134 0.161 0.169 0.161 0.006 0.206 0.163 
262 COPE-0262    (0)   :  0.152 0.159 0.165 0.160 0.024 0.176 0.165 
263 COPE-0263    (0)   :  0.146 0.196 0.146 0.171 0.009 0.162 0.170 
264 COPE-0264    (0)   :  0.140 0.156 0.148 0.192 0.023 0.182 0.159 
265 COPE-0265    (0)   :  0.135 0.198 0.180 0.146 0.010 0.166 0.164 
266 COPE-0266    (0)   :  0.150 0.154 0.164 0.178 0.019 0.174 0.162 
267 COPE-0267    (0)   :  0.135 0.212 0.166 0.147 0.006 0.155 0.179 
268 COPE-0268    (0)   :  0.128 0.212 0.164 0.150 0.013 0.159 0.175 
269 COPE-0269    (0)   :  0.179 0.173 0.153 0.162 0.007 0.145 0.182 
270 COPE-0270    (0)   :  0.153 0.126 0.179 0.170 0.007 0.219 0.146 
271 COPE-0271    (0)   :  0.193 0.153 0.163 0.164 0.008 0.164 0.155 
272 COPE-0272    (0)   :  0.158 0.167 0.178 0.150 0.007 0.149 0.191 
273 COPE-0273    (0)   :  0.123 0.201 0.158 0.173 0.014 0.166 0.165 
274 COPE-0274   (14)   :  0.019 0.017 0.021 0.020 0.879 0.024 0.019 
275 COPE-0275    (0)   :  0.181 0.136 0.175 0.162 0.011 0.172 0.164 
276 COPE-0276   (14)   :  0.006 0.006 0.006 0.006 0.964 0.006 0.006 
277 COPE-0277   (14)   :  0.141 0.202 0.138 0.173 0.014 0.169 0.163 
278 COPE-0278    (0)   :  0.133 0.179 0.146 0.201 0.007 0.181 0.152 
279 COPE-0279    (0)   :  0.161 0.159 0.169 0.166 0.008 0.166 0.170 
280 COPE-0280    (0)   :  0.014 0.012 0.013 0.013 0.922 0.013 0.013 
281 COPE-0281    (0)   :  0.032 0.022 0.028 0.027 0.839 0.027 0.025 
282 COPE-0282   (14)   :  0.220 0.135 0.168 0.139 0.007 0.098 0.234 
283 COPE-0283    (0)   :  0.138 0.174 0.144 0.200 0.007 0.175 0.162 
284 COPE-0284   (14)   :  0.222 0.120 0.170 0.166 0.035 0.166 0.121 
285 COPE-0285    (0)   :  0.032 0.033 0.031 0.033 0.807 0.032 0.031 
286 COPE-0286    (0)   :  0.186 0.127 0.177 0.167 0.014 0.180 0.148 
287 COPE-0287    (0)   :  0.131 0.204 0.152 0.147 0.043 0.151 0.173 
288 COPE-0288    (0)   :  0.121 0.208 0.182 0.137 0.010 0.153 0.188 
289 COPE-0289    (0)   :  0.145 0.202 0.164 0.158 0.008 0.161 0.162 
290 COPE-0290    (0)   :  0.178 0.122 0.177 0.173 0.008 0.207 0.135 
291 COPE-0291    (0)   :  0.173 0.153 0.156 0.181 0.006 0.185 0.146 
292 COPE-0292   (42)   :  0.015 0.013 0.014 0.014 0.917 0.014 0.014 
293 COPE-0293    (0)   :  0.119 0.203 0.186 0.139 0.008 0.168 0.176 
294 COPE-0294    (0)   :  0.199 0.139 0.173 0.157 0.011 0.140 0.180 
295 COPE-0295    (0)   :  0.160 0.189 0.158 0.158 0.008 0.147 0.179 
296 COPE-0296   (14)   :  0.137 0.186 0.173 0.159 0.007 0.168 0.171 
297 COPE-0297   (14)   :  0.233 0.112 0.167 0.174 0.035 0.167 0.111 
298 COPE-0298    (0)   :  0.179 0.158 0.182 0.141 0.011 0.134 0.195 
299 COPE-0299    (0)   :  0.138 0.146 0.176 0.159 0.006 0.210 0.164 
300 COPE-0300   (14)   :  0.153 0.204 0.144 0.166 0.008 0.157 0.167 
301 COPE-0301   (14)   :  0.106 0.221 0.198 0.128 0.010 0.153 0.184 
302 COPE-0302    (0)   :  0.101 0.148 0.100 0.130 0.280 0.118 0.123 
303 COPE-0303    (0)   :  0.157 0.166 0.165 0.178 0.006 0.177 0.149 
304 COPE-0304    (0)   :  0.169 0.170 0.171 0.157 0.007 0.156 0.169 
305 COPE-0305   (14)   :  0.187 0.150 0.158 0.146 0.042 0.130 0.187 
306 COPE-0306    (0)   :  0.126 0.172 0.142 0.211 0.009 0.189 0.150 
307 COPE-0307   (28)   :  0.008 0.008 0.008 0.008 0.953 0.008 0.008 
308 COPE-0308    (0)   :  0.204 0.148 0.171 0.139 0.006 0.107 0.226 
309 COPE-0309   (14)   :  0.052 0.052 0.058 0.050 0.677 0.051 0.059 
310 COPE-0310   (28)   :  0.034 0.045 0.034 0.049 0.750 0.045 0.043 
311 COPE-0311    (0)   :  0.134 0.173 0.146 0.182 0.023 0.170 0.172 
312 COPE-0312   (28)   :  0.011 0.011 0.011 0.012 0.932 0.011 0.011 
313 COPE-0313    (0)   :  0.135 0.161 0.149 0.202 0.009 0.189 0.155 
314 COPE-0314    (0)   :  0.128 0.199 0.171 0.150 0.008 0.169 0.175 
315 COPE-0315    (0)   :  0.187 0.152 0.161 0.179 0.008 0.166 0.147 
316 COPE-0316    (0)   :  0.168 0.136 0.171 0.169 0.023 0.191 0.141 
317 COPE-0317   (14)   :  0.008 0.008 0.008 0.008 0.951 0.008 0.008 
318 COPE-0318    (0)   :  0.176 0.141 0.172 0.169 0.006 0.178 0.158 
319 COPE-0319    (0)   :  0.205 0.148 0.165 0.152 0.007 0.128 0.195 
320 COPE-0320   (14)   :  0.155 0.174 0.182 0.143 0.015 0.144 0.187 
321 COPE-0321   (14)   :  0.133 0.169 0.150 0.189 0.011 0.186 0.162 
322 COPE-0322   (14)   :  0.207 0.127 0.172 0.172 0.006 0.173 0.142 
323 COPE-0323    (0)   :  0.119 0.189 0.120 0.205 0.014 0.181 0.172 
324 COPE-0324    (0)   :  0.225 0.129 0.168 0.178 0.006 0.171 0.122 
325 COPE-0325   (14)   :  0.142 0.215 0.133 0.171 0.012 0.162 0.165 
326 COPE-0326    (0)   :  0.137 0.203 0.178 0.144 0.007 0.150 0.182 
327 COPE-0327   (14)   :  0.130 0.191 0.193 0.140 0.009 0.154 0.184 
328 COPE-0328    (0)   :  0.169 0.147 0.174 0.168 0.006 0.186 0.150 
329 COPE-0329   (28)   :  0.211 0.133 0.167 0.182 0.012 0.169 0.127 
330 COPE-0330    (0)   :  0.133 0.184 0.168 0.150 0.022 0.173 0.169 
331 COPE-0331    (0)   :  0.109 0.222 0.197 0.131 0.006 0.155 0.181 
332 COPE-0332   (14)   :  0.160 0.157 0.168 0.172 0.007 0.175 0.160 
333 COPE-0333    (0)   :  0.108 0.175 0.166 0.119 0.146 0.136 0.150 
334 COPE-0334   (28)   :  0.044 0.057 0.047 0.058 0.685 0.055 0.054 
335 COPE-0335    (0)   :  0.239 0.117 0.168 0.179 0.007 0.173 0.117 
336 COPE-0336    (0)   :  0.166 0.162 0.182 0.153 0.006 0.157 0.175 
337 COPE-0337   (28)   :  0.022 0.017 0.019 0.020 0.885 0.019 0.017 
338 COPE-0338    (0)   :  0.136 0.182 0.149 0.175 0.025 0.173 0.160 
339 COPE-0339    (0)   :  0.140 0.229 0.137 0.167 0.007 0.156 0.164 
340 COPE-0340   (14)   :  0.012 0.011 0.012 0.011 0.930 0.011 0.011 
341 COPE-0341    (0)   :  0.189 0.154 0.168 0.144 0.007 0.126 0.213 
342 COPE-0342    (0)   :  0.249 0.111 0.172 0.180 0.007 0.170 0.110 
343 COPE-0343    (0)   :  0.130 0.186 0.166 0.166 0.006 0.178 0.168 
344 COPE-0344   (14)   :  0.009 0.010 0.010 0.009 0.942 0.009 0.010 
345 COPE-0345    (0)   :  0.207 0.152 0.164 0.146 0.006 0.118 0.207 
346 COPE-0346    (0)   :  0.175 0.143 0.167 0.150 0.035 0.148 0.182 
347 COPE-0347    (0)   :  0.150 0.166 0.167 0.160 0.007 0.189 0.162 
348 COPE-0348    (0)   :  0.145 0.152 0.164 0.171 0.015 0.195 0.157 
349 COPE-0349    (0)   :  0.238 0.121 0.172 0.174 0.006 0.167 0.121 
350 COPE-0350    (0)   :  0.159 0.138 0.179 0.166 0.006 0.202 0.150 
351 COPE-0351    (0)   :  0.160 0.140 0.175 0.163 0.006 0.204 0.152 
352 COPE-0352    (0)   :  0.192 0.143 0.165 0.163 0.027 0.165 0.146 
353 COPE-0353    (0)   :  0.148 0.158 0.152 0.186 0.006 0.183 0.167 
354 COPE-0354    (0)   :  0.138 0.176 0.159 0.168 0.017 0.167 0.175 
355 COPE-0355    (0)   :  0.148 0.222 0.138 0.167 0.006 0.158 0.161 
356 COPE-0356    (0)   :  0.143 0.160 0.172 0.149 0.008 0.182 0.185 
357 COPE-0357    (0)   :  0.200 0.145 0.166 0.165 0.009 0.165 0.150 
358 COPE-0358    (0)   :  0.008 0.007 0.008 0.008 0.955 0.007 0.007 
359 COPE-0359   (14)   :  0.189 0.150 0.168 0.160 0.009 0.145 0.179 
360 COPE-0360    (0)   :  0.135 0.172 0.139 0.195 0.006 0.185 0.167 
361 COPE-0361    (0)   :  0.197 0.133 0.176 0.149 0.008 0.142 0.194 
362 COPE-0362    (0)   :  0.232 0.120 0.169 0.178 0.007 0.176 0.118 
363 COPE-0363   (14)   :  0.192 0.146 0.168 0.150 0.014 0.135 0.194 
364 COPE-0364    (0)   :  0.136 0.178 0.163 0.165 0.006 0.182 0.170 
365 COPE-0365    (0)   :  0.121 0.201 0.142 0.174 0.027 0.166 0.170 
366 COPE-0366    (0)   :  0.217 0.114 0.176 0.172 0.023 0.182 0.118 
367 COPE-0367   (14)   :  0.011 0.011 0.011 0.010 0.935 0.010 0.012 
368 COPE-0368    (0)   :  0.139 0.220 0.146 0.166 0.010 0.159 0.160 
369 COPE-0369    (0)   :  0.150 0.183 0.173 0.153 0.009 0.156 0.177 
370 COPE-0370   (28)   :  0.008 0.009 0.009 0.008 0.949 0.008 0.009 
371 COPE-0371    (0)   :  0.124 0.206 0.159 0.166 0.012 0.163 0.170 
372 COPE-0372    (0)   :  0.143 0.162 0.142 0.188 0.049 0.165 0.150 
373 COPE-0373   (14)   :  0.138 0.199 0.174 0.144 0.007 0.145 0.192 
374 COPE-0374    (0)   :  0.173 0.179 0.157 0.155 0.008 0.141 0.188 
375 COPE-0375   (14)   :  0.149 0.184 0.139 0.173 0.013 0.162 0.180 
376 COPE-0376   (14)   :  0.138 0.151 0.168 0.164 0.006 0.204 0.169 
377 COPE-0377    (0)   :  0.064 0.056 0.063 0.055 0.641 0.053 0.067 
378 COPE-0378    (0)   :  0.145 0.188 0.142 0.175 0.007 0.179 0.165 
379 COPE-0379    (0)   :  0.239 0.114 0.175 0.178 0.007 0.170 0.115 
380 COPE-0380   (28)   :  0.029 0.035 0.033 0.038 0.795 0.038 0.032 
381 COPE-0381    (0)   :  0.177 0.160 0.161 0.160 0.013 0.149 0.180 
382 COPE-0382    (0)   :  0.242 0.117 0.174 0.179 0.006 0.170 0.112 
383 COPE-0383    (0)   :  0.114 0.171 0.118 0.159 0.127 0.153 0.158 
384 COPE-0384    (0)   :  0.134 0.193 0.140 0.184 0.008 0.176 0.165 


Estimated Allele Frequencies in each cluster
First column gives estimated ancestral frequencies


Locus 1 : COPE5 
78 alleles
0.5% missing data
   1   (0.007) 0.001 0.001 0.001 0.001 0.658 0.001 0.001 
   2   (0.022) 0.026 0.023 0.024 0.022 0.018 0.020 0.027 
   3   (0.014) 0.017 0.013 0.014 0.013 0.002 0.012 0.017 
   4   (0.023) 0.029 0.023 0.025 0.026 0.002 0.026 0.023 
   5   (0.011) 0.013 0.009 0.011 0.010 0.001 0.010 0.009 
   6   (0.018) 0.023 0.015 0.019 0.018 0.006 0.016 0.018 
   7   (0.007) 0.004 0.003 0.004 0.003 0.001 0.003 0.004 
   8   (0.035) 0.078 0.099 0.082 0.095 0.002 0.086 0.093 
   9   (0.020) 0.026 0.019 0.023 0.021 0.001 0.020 0.024 
  10   (0.019) 0.019 0.020 0.020 0.020 0.001 0.021 0.020 
  11   (0.016) 0.013 0.017 0.014 0.015 0.017 0.015 0.015 
  12   (0.017) 0.019 0.028 0.027 0.021 0.001 0.023 0.024 
  13   (0.010) 0.008 0.013 0.012 0.009 0.001 0.010 0.012 
  14   (0.023) 0.025 0.030 0.030 0.025 0.002 0.026 0.029 
  15   (0.016) 0.029 0.041 0.027 0.034 0.001 0.032 0.032 
  16   (0.010) 0.006 0.005 0.007 0.006 0.001 0.007 0.006 
  17   (0.018) 0.015 0.013 0.015 0.015 0.001 0.016 0.014 
  18   (0.016) 0.017 0.011 0.014 0.015 0.007 0.014 0.011 
  19   (0.011) 0.014 0.007 0.011 0.011 0.001 0.011 0.008 
  20   (0.028) 0.043 0.065 0.052 0.051 0.002 0.053 0.054 
  21   (0.023) 0.024 0.021 0.023 0.022 0.001 0.022 0.020 
  22   (0.019) 0.018 0.014 0.016 0.016 0.009 0.015 0.014 
  23   (0.013) 0.013 0.011 0.013 0.012 0.001 0.012 0.010 
  24   (0.015) 0.015 0.018 0.018 0.021 0.001 0.022 0.019 
  25   (0.009) 0.007 0.008 0.008 0.007 0.001 0.007 0.009 
  26   (0.013) 0.010 0.008 0.010 0.009 0.001 0.009 0.009 
  27   (0.012) 0.010 0.008 0.011 0.010 0.001 0.011 0.010 
  28   (0.008) 0.003 0.002 0.003 0.003 0.020 0.003 0.003 
  29   (0.013) 0.010 0.010 0.012 0.011 0.001 0.013 0.011 
  30   (0.019) 0.020 0.021 0.021 0.019 0.004 0.019 0.022 
  31   (0.019) 0.021 0.018 0.019 0.020 0.001 0.020 0.016 
  32   (0.025) 0.041 0.038 0.041 0.039 0.002 0.040 0.036 
  33   (0.006) 0.002 0.002 0.002 0.002 0.000 0.002 0.002 
  34   (0.017) 0.017 0.023 0.020 0.019 0.001 0.019 0.020 
  35   (0.006) 0.001 0.001 0.001 0.001 0.053 0.001 0.001 
  36   (0.006) 0.002 0.002 0.002 0.002 0.000 0.002 0.002 
  37   (0.021) 0.020 0.028 0.021 0.026 0.021 0.025 0.025 
  38   (0.016) 0.013 0.011 0.013 0.012 0.008 0.013 0.013 
  39   (0.015) 0.018 0.018 0.019 0.019 0.001 0.019 0.018 
  40   (0.011) 0.013 0.008 0.010 0.011 0.001 0.010 0.008 
  41   (0.008) 0.005 0.004 0.005 0.005 0.001 0.006 0.005 
  42   (0.006) 0.002 0.002 0.002 0.002 0.000 0.002 0.002 
  43   (0.008) 0.005 0.004 0.005 0.004 0.001 0.004 0.005 
  44   (0.023) 0.030 0.024 0.027 0.025 0.002 0.024 0.030 
  45   (0.006) 0.002 0.002 0.002 0.002 0.000 0.002 0.002 
  46   (0.015) 0.015 0.020 0.018 0.018 0.001 0.018 0.019 
  47   (0.009) 0.007 0.006 0.006 0.006 0.001 0.005 0.007 
  48   (0.006) 0.003 0.002 0.002 0.002 0.000 0.002 0.002 
  49   (0.015) 0.018 0.016 0.015 0.015 0.001 0.014 0.018 
  50   (0.013) 0.014 0.010 0.012 0.011 0.002 0.011 0.011 
  51   (0.013) 0.011 0.015 0.011 0.016 0.015 0.014 0.014 
  52   (0.013) 0.010 0.014 0.013 0.011 0.001 0.013 0.013 
  53   (0.006) 0.001 0.001 0.001 0.001 0.031 0.001 0.001 
  54   (0.007) 0.001 0.001 0.001 0.001 0.075 0.001 0.001 
  55   (0.010) 0.007 0.007 0.008 0.007 0.001 0.009 0.007 
  56   (0.011) 0.009 0.011 0.010 0.013 0.001 0.011 0.011 
  57   (0.013) 0.014 0.009 0.012 0.012 0.001 0.013 0.009 
  58   (0.009) 0.006 0.005 0.006 0.006 0.001 0.007 0.006 
  59   (0.011) 0.015 0.010 0.011 0.010 0.001 0.008 0.015 
  60   (0.010) 0.007 0.009 0.007 0.009 0.001 0.008 0.008 
  61   (0.006) 0.003 0.002 0.002 0.002 0.000 0.002 0.002 
  62   (0.013) 0.011 0.011 0.011 0.013 0.001 0.013 0.012 
  63   (0.011) 0.013 0.015 0.016 0.015 0.001 0.018 0.016 
  64   (0.009) 0.005 0.005 0.005 0.005 0.001 0.005 0.005 
  65   (0.019) 0.022 0.019 0.020 0.023 0.001 0.021 0.018 
  66   (0.010) 0.008 0.010 0.009 0.009 0.001 0.010 0.009 
  67   (0.010) 0.006 0.005 0.007 0.006 0.001 0.007 0.006 
  68   (0.012) 0.015 0.008 0.012 0.012 0.001 0.012 0.009 
  69   (0.006) 0.002 0.002 0.002 0.002 0.000 0.002 0.002 
  70   (0.006) 0.002 0.002 0.002 0.002 0.000 0.002 0.002 
  71   (0.010) 0.007 0.006 0.007 0.006 0.001 0.006 0.007 
  72   (0.006) 0.002 0.002 0.002 0.002 0.000 0.002 0.002 
  73   (0.006) 0.002 0.002 0.002 0.002 0.001 0.002 0.002 
  74   (0.006) 0.002 0.002 0.002 0.002 0.000 0.002 0.002 
  75   (0.008) 0.005 0.004 0.005 0.005 0.001 0.005 0.004 
  76   (0.006) 0.003 0.002 0.002 0.002 0.000 0.002 0.003 
  77   (0.008) 0.004 0.003 0.004 0.004 0.001 0.004 0.003 
  78   (0.006) 0.002 0.002 0.002 0.002 0.000 0.002 0.002 

Locus 2 : COPE9 
12 alleles
8.3% missing data
   1   (0.412) 0.451 0.481 0.472 0.465 0.409 0.472 0.471 
   2   (0.143) 0.141 0.130 0.136 0.133 0.264 0.132 0.147 
   3   (0.049) 0.046 0.052 0.047 0.056 0.026 0.052 0.047 
   4   (0.072) 0.086 0.071 0.074 0.079 0.025 0.076 0.066 
   5   (0.037) 0.027 0.024 0.027 0.025 0.023 0.028 0.024 
   6   (0.131) 0.133 0.140 0.136 0.131 0.053 0.133 0.136 
   7   (0.039) 0.032 0.022 0.027 0.025 0.068 0.023 0.029 
   8   (0.081) 0.072 0.070 0.070 0.075 0.080 0.072 0.070 
   9   (0.011) 0.004 0.004 0.004 0.005 0.001 0.005 0.004 
  10   (0.009) 0.001 0.001 0.001 0.001 0.050 0.001 0.001 
  11   (0.008) 0.002 0.003 0.003 0.003 0.001 0.003 0.003 
  12   (0.008) 0.003 0.003 0.003 0.003 0.001 0.002 0.003 

Locus 3 : CPER26 
12 alleles
2.6% missing data
   1   (0.231) 0.227 0.242 0.237 0.232 0.130 0.234 0.239 
   2   (0.033) 0.030 0.019 0.024 0.025 0.151 0.024 0.018 
   3   (0.083) 0.095 0.066 0.082 0.079 0.007 0.078 0.078 
   4   (0.500) 0.571 0.592 0.577 0.580 0.055 0.580 0.582 
   5   (0.055) 0.038 0.045 0.041 0.046 0.304 0.044 0.043 
   6   (0.030) 0.015 0.016 0.015 0.014 0.316 0.014 0.016 
   7   (0.013) 0.006 0.005 0.006 0.006 0.001 0.006 0.006 
   8   (0.018) 0.007 0.006 0.008 0.007 0.023 0.009 0.007 
   9   (0.008) 0.002 0.002 0.002 0.002 0.003 0.002 0.002 
  10   (0.012) 0.003 0.003 0.003 0.003 0.010 0.003 0.003 
  11   (0.008) 0.003 0.002 0.002 0.002 0.001 0.003 0.002 
  12   (0.008) 0.003 0.002 0.003 0.002 0.001 0.002 0.003 

Locus 4 : CPER92 
12 alleles
6.8% missing data
   1   (0.620) 0.690 0.672 0.673 0.700 0.510 0.697 0.657 
   2   (0.108) 0.129 0.136 0.144 0.115 0.281 0.116 0.156 
   3   (0.090) 0.083 0.095 0.084 0.085 0.045 0.086 0.090 
   4   (0.015) 0.006 0.008 0.006 0.009 0.018 0.008 0.008 
   5   (0.040) 0.025 0.025 0.026 0.024 0.033 0.025 0.026 
   6   (0.036) 0.024 0.029 0.029 0.025 0.007 0.028 0.027 
   7   (0.019) 0.008 0.008 0.008 0.009 0.035 0.009 0.007 
   8   (0.012) 0.003 0.003 0.003 0.003 0.035 0.003 0.003 
   9   (0.021) 0.015 0.009 0.012 0.012 0.018 0.012 0.010 
  10   (0.017) 0.007 0.008 0.008 0.009 0.015 0.009 0.008 
  11   (0.013) 0.005 0.005 0.006 0.006 0.001 0.006 0.006 
  12   (0.008) 0.002 0.002 0.003 0.002 0.001 0.003 0.002 

Locus 5 : CPER99 
5 alleles
1.0% missing data
   1   (0.013) 0.003 0.002 0.003 0.003 0.347 0.003 0.003 
   2   (0.869) 0.929 0.930 0.932 0.930 0.081 0.932 0.929 
   3   (0.080) 0.056 0.056 0.052 0.056 0.478 0.053 0.056 
   4   (0.013) 0.003 0.003 0.003 0.003 0.030 0.003 0.003 
   5   (0.024) 0.009 0.009 0.010 0.009 0.064 0.009 0.009 

Locus 6 : CPER119 
22 alleles
5.5% missing data
   1   (0.009) 0.001 0.001 0.001 0.001 0.111 0.001 0.001 
   2   (0.080) 0.080 0.103 0.096 0.085 0.042 0.088 0.096 
   3   (0.036) 0.031 0.033 0.028 0.033 0.054 0.029 0.035 
   4   (0.008) 0.003 0.002 0.003 0.003 0.001 0.003 0.002 
   5   (0.161) 0.194 0.167 0.184 0.172 0.093 0.171 0.166 
   6   (0.069) 0.095 0.060 0.075 0.076 0.080 0.072 0.066 
   7   (0.070) 0.087 0.096 0.087 0.081 0.080 0.078 0.101 
   8   (0.084) 0.079 0.075 0.078 0.077 0.104 0.076 0.074 
   9   (0.115) 0.130 0.136 0.123 0.144 0.060 0.136 0.135 
  10   (0.061) 0.056 0.060 0.064 0.065 0.032 0.071 0.061 
  11   (0.021) 0.016 0.011 0.014 0.013 0.023 0.011 0.016 
  12   (0.087) 0.091 0.106 0.104 0.106 0.010 0.113 0.106 
  13   (0.016) 0.007 0.005 0.007 0.006 0.010 0.006 0.006 
  14   (0.024) 0.033 0.048 0.033 0.036 0.007 0.035 0.036 
  15   (0.027) 0.017 0.023 0.020 0.021 0.068 0.020 0.020 
  16   (0.023) 0.011 0.009 0.011 0.010 0.030 0.010 0.011 
  17   (0.024) 0.014 0.010 0.013 0.012 0.100 0.013 0.011 
  18   (0.017) 0.009 0.010 0.011 0.009 0.007 0.010 0.010 
  19   (0.011) 0.003 0.003 0.003 0.003 0.024 0.003 0.003 
  20   (0.035) 0.030 0.026 0.034 0.033 0.059 0.041 0.030 
  21   (0.013) 0.007 0.007 0.007 0.006 0.004 0.006 0.008 
  22   (0.010) 0.005 0.006 0.005 0.006 0.001 0.006 0.005 

Locus 7 : CPER188 
15 alleles
1.6% missing data
   1   (0.596) 0.677 0.676 0.677 0.671 0.822 0.670 0.672 
   2   (0.112) 0.104 0.100 0.102 0.102 0.090 0.105 0.098 
   3   (0.032) 0.028 0.023 0.025 0.024 0.002 0.022 0.028 
   4   (0.041) 0.031 0.032 0.032 0.030 0.003 0.031 0.033 
   5   (0.090) 0.096 0.117 0.105 0.117 0.006 0.118 0.109 
   6   (0.016) 0.006 0.006 0.007 0.006 0.008 0.007 0.006 
   7   (0.017) 0.012 0.009 0.011 0.010 0.006 0.009 0.012 
   8   (0.023) 0.015 0.010 0.013 0.012 0.007 0.012 0.013 
   9   (0.009) 0.001 0.001 0.001 0.001 0.041 0.001 0.001 
  10   (0.008) 0.001 0.001 0.001 0.001 0.010 0.001 0.001 
  11   (0.019) 0.014 0.009 0.012 0.011 0.001 0.010 0.012 
  12   (0.015) 0.007 0.007 0.007 0.007 0.001 0.007 0.007 
  13   (0.008) 0.002 0.002 0.002 0.002 0.003 0.002 0.002 
  14   (0.008) 0.002 0.002 0.002 0.003 0.000 0.003 0.002 
  15   (0.008) 0.002 0.002 0.002 0.003 0.001 0.003 0.003 

Values of parameters used in structure:
DATAFILE=../Data/microsats.structure,	OUTFILE=../Structure_Results/08_K_07.out,	NUMINDS=384,	NUMLOCI=7,	MISSING=-9,	LABEL=1,	POPDATA=0,	POPFLAG=0,	PHENOTYPE=0,	EXTRACOLS=0,	MAXPOPS=7,	BURNIN=1000000,	NUMREPS=10000000,	USEPOPINFO=0,	INFERALPHA=1,	INFERLAMBDA=0,	POPSPECIFICLAMBDA=0,	POPALPHAS=0,	COMPUTEPROB=1,	NOADMIX=0,	ADMBURNIN=500,	UPDATEFREQ=100,	PRINTLIKES=0,	INTERMEDSAVE=0,	PRINTKLD=0,	PRINTNET=1,	PRINTLAMBDA=1,	ANCESTDIST=0,	NUMBOXES=1000,	ANCESTPINT=0.90000,	GENSBACK=2,	MIGRPRIOR=0.01000,	PRINTQHAT=0,	PRINTQSUM=1,	ALPHA=1.0000,	FREQSCORR=1,	FPRIORMEAN=0.0100,	FPRIORSD=0.0500,	ONEFST=0,	LAMBDA=1.0000,	UNIFPRIORALPHA=1,	ALPHAMAX=10.0000,	ALPHAPRIORA=1.0000,	ALPHAPRIORB=2.0000,	ALPHAPROPSD=0.0250,	STARTATPOPINFO=0,	RANDOMIZE=0,	LINKAGE=0,	METROFREQ=10,	REPORTHITRATE=0,	MARKOVPHASE=-1,	PHASED=0,	PLOIDY=2,	PHASEINFO=0	LOCPRIOR=0, 	LOCPRIORINIT=1.000000, 	LOCDATA=0, 	LOCISPOP=0, 	LOCPRIORSTEP=0.100000, 	MAXLOCPRIOR=20.000000, 	SEED=73535281,	
[STRAT parameters]:    NUMSIMSTATS=1000,	PHENOTYPECOL=-9,	POOLFREQ=10,	LOCUSxONLY=0,	EMERROR=0.00100,	MISSINGPHENO=-9,	