

----------------------------------------------------
STRUCTURE by Pritchard, Stephens and Donnelly (2000)
     and Falush, Stephens and Pritchard (2003)
       Code by Pritchard, Falush and Hubisz
             Version 2.3.4 (Jul 2012)
----------------------------------------------------



Command line arguments:   /home/jason/Programs/structure -K 5 -i ../Data/microsats.structure -m Structure_Run/mainparams -e Structure_Run/extraparams -D 82590672 -o ../Structure_Results/08_K_05.out 
Input File:    ../Data/microsats.structure

Run parameters:
   384 individuals
   7 loci
   5 populations assumed
   1000000 Burn-in period
   10000000 Reps
RANDOMIZE turned off


--------------------------------------------
Overall proportion of membership of the
sample in each of the 5 clusters

Inferred Clusters
  1      2      3      4      5    
0.217  0.217  0.129  0.219  0.218  

--------------------------------------------

Allele-freq. divergence among pops (Net nucleotide distance),
computed using point estimates of P.

      1       2       3       4       5      
 1      -    0.0001  0.1422  0.0001  0.0001  
 2   0.0001     -    0.1433  0.0002  0.0001  
 3   0.1422  0.1433     -    0.1414  0.1425  
 4   0.0001  0.0002  0.1414     -    0.0001  
 5   0.0001  0.0001  0.1425  0.0001     -    

Average distances (expected heterozygosity) between individuals in same cluster:
cluster  1  : 0.6238 
cluster  2  : 0.6211 
cluster  3  : 0.6685 
cluster  4  : 0.6262 
cluster  5  : 0.6227 

--------------------------------------------
Estimated Ln Prob of Data   = -8821.8
Mean value of ln likelihood = -8219.4
Variance of ln likelihood   = 1204.7
Mean value of alpha         = 0.0429

Mean value of Fst_1         = 0.0401
Mean value of Fst_2         = 0.0420
Mean value of Fst_3         = 0.1347
Mean value of Fst_4         = 0.0366
Mean value of Fst_5         = 0.0395


Inferred ancestry of individuals:
        Label (%Miss) :  Inferred clusters
  1 COPE-0001    (0)   :  0.007 0.007 0.970 0.007 0.007 
  2 COPE-0002    (0)   :  0.257 0.222 0.011 0.279 0.232 
  3 COPE-0003    (0)   :  0.221 0.213 0.006 0.280 0.280 
  4 COPE-0004    (0)   :  0.263 0.214 0.017 0.279 0.228 
  5 COPE-0005    (0)   :  0.241 0.273 0.018 0.228 0.240 
  6 COPE-0006    (0)   :  0.248 0.234 0.019 0.264 0.235 
  7 COPE-0007    (0)   :  0.238 0.289 0.007 0.213 0.254 
  8 COPE-0008    (0)   :  0.279 0.273 0.008 0.199 0.242 
  9 COPE-0009    (0)   :  0.228 0.221 0.016 0.270 0.264 
 10 COPE-0010    (0)   :  0.241 0.233 0.007 0.273 0.246 
 11 COPE-0011   (14)   :  0.012 0.010 0.954 0.012 0.011 
 12 COPE-0012   (14)   :  0.281 0.262 0.007 0.215 0.234 
 13 COPE-0013    (0)   :  0.216 0.206 0.006 0.287 0.286 
 14 COPE-0014    (0)   :  0.225 0.278 0.012 0.231 0.254 
 15 COPE-0015    (0)   :  0.242 0.283 0.007 0.222 0.246 
 16 COPE-0016    (0)   :  0.235 0.260 0.010 0.245 0.251 
 17 COPE-0017    (0)   :  0.036 0.039 0.851 0.036 0.038 
 18 COPE-0018    (0)   :  0.254 0.230 0.008 0.267 0.241 
 19 COPE-0019    (0)   :  0.237 0.231 0.006 0.260 0.266 
 20 COPE-0020    (0)   :  0.242 0.247 0.008 0.256 0.246 
 21 COPE-0021    (0)   :  0.244 0.283 0.006 0.227 0.240 
 22 COPE-0022    (0)   :  0.275 0.256 0.007 0.224 0.238 
 23 COPE-0023    (0)   :  0.252 0.208 0.008 0.290 0.242 
 24 COPE-0024   (14)   :  0.247 0.280 0.006 0.216 0.250 
 25 COPE-0025    (0)   :  0.220 0.199 0.090 0.258 0.234 
 26 COPE-0026    (0)   :  0.244 0.287 0.005 0.202 0.262 
 27 COPE-0027    (0)   :  0.240 0.229 0.006 0.260 0.265 
 28 COPE-0028    (0)   :  0.245 0.258 0.006 0.245 0.246 
 29 COPE-0029    (0)   :  0.241 0.287 0.005 0.218 0.249 
 30 COPE-0030   (14)   :  0.040 0.036 0.847 0.040 0.037 
 31 COPE-0031    (0)   :  0.257 0.279 0.010 0.200 0.254 
 32 COPE-0032    (0)   :  0.248 0.217 0.009 0.284 0.243 
 33 COPE-0033    (0)   :  0.240 0.216 0.010 0.278 0.256 
 34 COPE-0034    (0)   :  0.248 0.282 0.010 0.201 0.260 
 35 COPE-0035   (14)   :  0.242 0.219 0.008 0.278 0.252 
 36 COPE-0036   (14)   :  0.251 0.242 0.006 0.269 0.231 
 37 COPE-0037    (0)   :  0.237 0.248 0.022 0.243 0.251 
 38 COPE-0038    (0)   :  0.257 0.284 0.006 0.198 0.254 
 39 COPE-0039    (0)   :  0.202 0.188 0.164 0.229 0.217 
 40 COPE-0040   (14)   :  0.210 0.202 0.103 0.244 0.241 
 41 COPE-0041    (0)   :  0.240 0.223 0.032 0.260 0.246 
 42 COPE-0042    (0)   :  0.230 0.218 0.010 0.275 0.267 
 43 COPE-0043    (0)   :  0.260 0.225 0.006 0.276 0.234 
 44 COPE-0044    (0)   :  0.258 0.214 0.019 0.273 0.236 
 45 COPE-0045    (0)   :  0.252 0.222 0.032 0.263 0.232 
 46 COPE-0046    (0)   :  0.027 0.027 0.887 0.029 0.029 
 47 COPE-0047    (0)   :  0.007 0.007 0.972 0.007 0.007 
 48 COPE-0048    (0)   :  0.230 0.219 0.007 0.278 0.266 
 49 COPE-0049    (0)   :  0.264 0.219 0.015 0.276 0.227 
 50 COPE-0050    (0)   :  0.225 0.215 0.007 0.280 0.272 
 51 COPE-0051    (0)   :  0.222 0.204 0.131 0.244 0.199 
 52 COPE-0052    (0)   :  0.232 0.297 0.011 0.210 0.251 
 53 COPE-0053    (0)   :  0.234 0.279 0.013 0.223 0.251 
 54 COPE-0054    (0)   :  0.271 0.279 0.005 0.216 0.228 
 55 COPE-0055    (0)   :  0.276 0.271 0.005 0.208 0.240 
 56 COPE-0056    (0)   :  0.256 0.224 0.017 0.264 0.239 
 57 COPE-0057    (0)   :  0.236 0.227 0.010 0.271 0.256 
 58 COPE-0058    (0)   :  0.256 0.220 0.009 0.284 0.230 
 59 COPE-0059    (0)   :  0.221 0.219 0.029 0.264 0.267 
 60 COPE-0060    (0)   :  0.243 0.235 0.007 0.268 0.248 
 61 COPE-0061    (0)   :  0.230 0.243 0.016 0.247 0.264 
 62 COPE-0062    (0)   :  0.245 0.288 0.011 0.215 0.242 
 63 COPE-0063    (0)   :  0.280 0.265 0.025 0.201 0.228 
 64 COPE-0064    (0)   :  0.240 0.260 0.010 0.232 0.259 
 65 COPE-0065    (0)   :  0.005 0.005 0.978 0.006 0.006 
 66 COPE-0066    (0)   :  0.221 0.212 0.014 0.281 0.272 
 67 COPE-0067   (14)   :  0.023 0.022 0.909 0.024 0.023 
 68 COPE-0068    (0)   :  0.217 0.213 0.010 0.279 0.281 
 69 COPE-0069   (14)   :  0.235 0.277 0.014 0.222 0.252 
 70 COPE-0070    (0)   :  0.268 0.231 0.013 0.258 0.230 
 71 COPE-0071    (0)   :  0.234 0.241 0.004 0.268 0.252 
 72 COPE-0072    (0)   :  0.234 0.222 0.007 0.274 0.263 
 73 COPE-0073   (14)   :  0.043 0.048 0.828 0.039 0.042 
 74 COPE-0074    (0)   :  0.241 0.225 0.008 0.274 0.251 
 75 COPE-0075    (0)   :  0.249 0.224 0.021 0.279 0.227 
 76 COPE-0076    (0)   :  0.256 0.258 0.006 0.235 0.245 
 77 COPE-0077   (14)   :  0.238 0.237 0.008 0.259 0.258 
 78 COPE-0078   (14)   :  0.260 0.272 0.008 0.213 0.247 
 79 COPE-0079    (0)   :  0.269 0.206 0.012 0.288 0.225 
 80 COPE-0080   (42)   :  0.021 0.020 0.915 0.022 0.022 
 81 COPE-0081   (14)   :  0.120 0.118 0.539 0.109 0.114 
 82 COPE-0082   (14)   :  0.264 0.241 0.041 0.234 0.220 
 83 COPE-0083   (14)   :  0.227 0.303 0.008 0.205 0.257 
 84 COPE-0084    (0)   :  0.166 0.168 0.333 0.169 0.163 
 85 COPE-0085    (0)   :  0.252 0.221 0.010 0.277 0.240 
 86 COPE-0086    (0)   :  0.250 0.223 0.023 0.275 0.229 
 87 COPE-0087   (14)   :  0.242 0.229 0.007 0.270 0.252 
 88 COPE-0088   (14)   :  0.243 0.239 0.025 0.258 0.235 
 89 COPE-0089   (14)   :  0.007 0.007 0.972 0.007 0.007 
 90 COPE-0090    (0)   :  0.276 0.269 0.007 0.208 0.239 
 91 COPE-0091   (14)   :  0.238 0.249 0.006 0.257 0.251 
 92 COPE-0092   (28)   :  0.025 0.023 0.895 0.030 0.027 
 93 COPE-0093    (0)   :  0.286 0.270 0.007 0.209 0.229 
 94 COPE-0094    (0)   :  0.256 0.198 0.051 0.279 0.217 
 95 COPE-0095    (0)   :  0.238 0.280 0.005 0.218 0.259 
 96 COPE-0096    (0)   :  0.234 0.287 0.008 0.227 0.244 
 97 COPE-0097    (0)   :  0.251 0.280 0.008 0.228 0.233 
 98 COPE-0098    (0)   :  0.259 0.281 0.008 0.196 0.256 
 99 COPE-0099    (0)   :  0.215 0.209 0.020 0.280 0.275 
100 COPE-0100    (0)   :  0.241 0.236 0.007 0.255 0.261 
101 COPE-0101    (0)   :  0.238 0.216 0.044 0.257 0.245 
102 COPE-0102    (0)   :  0.245 0.220 0.006 0.277 0.252 
103 COPE-0103    (0)   :  0.256 0.239 0.017 0.255 0.233 
104 COPE-0104   (14)   :  0.246 0.243 0.008 0.247 0.256 
105 COPE-0105    (0)   :  0.262 0.250 0.036 0.238 0.213 
106 COPE-0106    (0)   :  0.250 0.294 0.005 0.222 0.230 
107 COPE-0107    (0)   :  0.015 0.015 0.940 0.014 0.015 
108 COPE-0108    (0)   :  0.262 0.271 0.006 0.222 0.238 
109 COPE-0109    (0)   :  0.253 0.215 0.014 0.275 0.243 
110 COPE-0110   (14)   :  0.250 0.265 0.015 0.236 0.234 
111 COPE-0111    (0)   :  0.236 0.267 0.010 0.244 0.243 
112 COPE-0112   (14)   :  0.231 0.222 0.011 0.272 0.264 
113 COPE-0113    (0)   :  0.237 0.223 0.025 0.259 0.257 
114 COPE-0114    (0)   :  0.261 0.269 0.011 0.229 0.230 
115 COPE-0115    (0)   :  0.021 0.024 0.913 0.020 0.022 
116 COPE-0116   (28)   :  0.009 0.009 0.964 0.009 0.009 
117 COPE-0117    (0)   :  0.241 0.271 0.014 0.225 0.249 
118 COPE-0118    (0)   :  0.240 0.297 0.011 0.212 0.241 
119 COPE-0119    (0)   :  0.265 0.281 0.010 0.204 0.240 
120 COPE-0120    (0)   :  0.239 0.220 0.011 0.273 0.256 
121 COPE-0121    (0)   :  0.226 0.257 0.061 0.224 0.232 
122 COPE-0122    (0)   :  0.248 0.211 0.007 0.288 0.246 
123 COPE-0123    (0)   :  0.255 0.211 0.014 0.283 0.237 
124 COPE-0124    (0)   :  0.251 0.216 0.013 0.282 0.238 
125 COPE-0125    (0)   :  0.258 0.261 0.007 0.239 0.235 
126 COPE-0126    (0)   :  0.242 0.284 0.015 0.208 0.251 
127 COPE-0127   (14)   :  0.263 0.260 0.007 0.243 0.228 
128 COPE-0128    (0)   :  0.239 0.232 0.021 0.269 0.239 
129 COPE-0129    (0)   :  0.254 0.210 0.007 0.293 0.237 
130 COPE-0130    (0)   :  0.234 0.224 0.012 0.268 0.261 
131 COPE-0131   (14)   :  0.236 0.270 0.011 0.225 0.258 
132 COPE-0132   (14)   :  0.236 0.290 0.032 0.190 0.252 
133 COPE-0133    (0)   :  0.245 0.250 0.013 0.252 0.240 
134 COPE-0134    (0)   :  0.247 0.222 0.007 0.278 0.245 
135 COPE-0135    (0)   :  0.250 0.239 0.009 0.259 0.243 
136 COPE-0136    (0)   :  0.011 0.011 0.955 0.012 0.011 
137 COPE-0137    (0)   :  0.222 0.211 0.012 0.280 0.274 
138 COPE-0138   (14)   :  0.007 0.007 0.971 0.007 0.007 
139 COPE-0139    (0)   :  0.221 0.216 0.008 0.282 0.273 
140 COPE-0140   (14)   :  0.019 0.019 0.920 0.021 0.021 
141 COPE-0141    (0)   :  0.286 0.252 0.009 0.229 0.224 
142 COPE-0142    (0)   :  0.274 0.260 0.008 0.224 0.234 
143 COPE-0143    (0)   :  0.270 0.243 0.008 0.235 0.243 
144 COPE-0144   (14)   :  0.123 0.105 0.521 0.135 0.116 
145 COPE-0145   (14)   :  0.138 0.123 0.423 0.166 0.150 
146 COPE-0146   (14)   :  0.260 0.258 0.029 0.221 0.232 
147 COPE-0147    (0)   :  0.253 0.211 0.072 0.248 0.216 
148 COPE-0148    (0)   :  0.245 0.271 0.011 0.229 0.243 
149 COPE-0149    (0)   :  0.224 0.220 0.007 0.274 0.275 
150 COPE-0150    (0)   :  0.229 0.211 0.012 0.283 0.264 
151 COPE-0151    (0)   :  0.251 0.239 0.007 0.249 0.254 
152 COPE-0152   (14)   :  0.250 0.228 0.119 0.195 0.208 
153 COPE-0153    (0)   :  0.258 0.258 0.006 0.227 0.252 
154 COPE-0154    (0)   :  0.250 0.247 0.006 0.247 0.249 
155 COPE-0155    (0)   :  0.234 0.223 0.006 0.274 0.263 
156 COPE-0156   (14)   :  0.008 0.008 0.968 0.008 0.008 
157 COPE-0157   (14)   :  0.177 0.160 0.369 0.145 0.150 
158 COPE-0158    (0)   :  0.228 0.253 0.009 0.252 0.258 
159 COPE-0159    (0)   :  0.251 0.279 0.007 0.206 0.257 
160 COPE-0160    (0)   :  0.268 0.227 0.006 0.272 0.227 
161 COPE-0161    (0)   :  0.244 0.219 0.011 0.277 0.250 
162 COPE-0162   (14)   :  0.006 0.006 0.974 0.006 0.007 
163 COPE-0163   (28)   :  0.012 0.012 0.951 0.012 0.012 
164 COPE-0164    (0)   :  0.248 0.223 0.039 0.250 0.240 
165 COPE-0165    (0)   :  0.231 0.221 0.008 0.276 0.264 
166 COPE-0166   (14)   :  0.254 0.218 0.008 0.282 0.238 
167 COPE-0167    (0)   :  0.265 0.235 0.007 0.263 0.230 
168 COPE-0168    (0)   :  0.238 0.283 0.006 0.222 0.252 
169 COPE-0169    (0)   :  0.214 0.214 0.015 0.276 0.281 
170 COPE-0170    (0)   :  0.253 0.262 0.044 0.206 0.235 
171 COPE-0171    (0)   :  0.235 0.287 0.009 0.219 0.250 
172 COPE-0172    (0)   :  0.259 0.256 0.006 0.240 0.239 
173 COPE-0173   (14)   :  0.206 0.198 0.067 0.266 0.263 
174 COPE-0174   (28)   :  0.261 0.232 0.024 0.252 0.231 
175 COPE-0175    (0)   :  0.241 0.242 0.038 0.246 0.233 
176 COPE-0176    (0)   :  0.276 0.271 0.010 0.216 0.228 
177 COPE-0177    (0)   :  0.235 0.224 0.007 0.270 0.264 
178 COPE-0178    (0)   :  0.255 0.275 0.008 0.238 0.224 
179 COPE-0179    (0)   :  0.242 0.227 0.008 0.271 0.252 
180 COPE-0180   (14)   :  0.219 0.211 0.006 0.283 0.280 
181 COPE-0181   (14)   :  0.226 0.219 0.010 0.276 0.270 
182 COPE-0182    (0)   :  0.266 0.280 0.005 0.202 0.247 
183 COPE-0183    (0)   :  0.257 0.243 0.011 0.255 0.235 
184 COPE-0184    (0)   :  0.243 0.275 0.009 0.232 0.241 
185 COPE-0185    (0)   :  0.249 0.274 0.007 0.214 0.257 
186 COPE-0186    (0)   :  0.240 0.296 0.006 0.213 0.246 
187 COPE-0187    (0)   :  0.264 0.242 0.010 0.261 0.223 
188 COPE-0188    (0)   :  0.016 0.015 0.936 0.017 0.016 
189 COPE-0189    (0)   :  0.223 0.221 0.010 0.273 0.272 
190 COPE-0190    (0)   :  0.254 0.209 0.015 0.289 0.233 
191 COPE-0191    (0)   :  0.244 0.243 0.012 0.248 0.253 
192 COPE-0192   (14)   :  0.009 0.010 0.964 0.009 0.009 
193 COPE-0193    (0)   :  0.257 0.257 0.007 0.234 0.245 
194 COPE-0194    (0)   :  0.234 0.228 0.011 0.274 0.253 
195 COPE-0195    (0)   :  0.253 0.221 0.008 0.273 0.245 
196 COPE-0196    (0)   :  0.255 0.241 0.010 0.254 0.239 
197 COPE-0197    (0)   :  0.218 0.214 0.007 0.282 0.279 
198 COPE-0198    (0)   :  0.240 0.269 0.012 0.217 0.262 
199 COPE-0199    (0)   :  0.227 0.222 0.012 0.271 0.269 
200 COPE-0200   (42)   :  0.223 0.217 0.010 0.278 0.272 
201 COPE-0201    (0)   :  0.272 0.277 0.008 0.203 0.240 
202 COPE-0202    (0)   :  0.271 0.245 0.017 0.225 0.242 
203 COPE-0203    (0)   :  0.251 0.264 0.006 0.229 0.249 
204 COPE-0204    (0)   :  0.244 0.254 0.043 0.242 0.217 
205 COPE-0205    (0)   :  0.255 0.246 0.021 0.230 0.247 
206 COPE-0206    (0)   :  0.240 0.276 0.005 0.237 0.243 
207 COPE-0207    (0)   :  0.237 0.298 0.011 0.206 0.249 
208 COPE-0208    (0)   :  0.022 0.022 0.912 0.022 0.022 
209 COPE-0209    (0)   :  0.222 0.227 0.007 0.271 0.273 
210 COPE-0210    (0)   :  0.224 0.258 0.010 0.247 0.260 
211 COPE-0211    (0)   :  0.227 0.216 0.005 0.277 0.274 
212 COPE-0212    (0)   :  0.236 0.295 0.011 0.202 0.255 
213 COPE-0213    (0)   :  0.251 0.246 0.007 0.258 0.238 
214 COPE-0214    (0)   :  0.220 0.216 0.009 0.276 0.279 
215 COPE-0215    (0)   :  0.210 0.203 0.034 0.277 0.276 
216 COPE-0216   (14)   :  0.102 0.097 0.596 0.107 0.098 
217 COPE-0217    (0)   :  0.242 0.278 0.028 0.219 0.234 
218 COPE-0218    (0)   :  0.243 0.256 0.009 0.235 0.258 
219 COPE-0219   (14)   :  0.227 0.223 0.009 0.270 0.271 
220 COPE-0220    (0)   :  0.250 0.262 0.014 0.241 0.232 
221 COPE-0221    (0)   :  0.268 0.267 0.018 0.207 0.241 
222 COPE-0222    (0)   :  0.245 0.289 0.006 0.198 0.261 
223 COPE-0223    (0)   :  0.226 0.202 0.008 0.297 0.267 
224 COPE-0224    (0)   :  0.266 0.218 0.024 0.265 0.226 
225 COPE-0225    (0)   :  0.216 0.218 0.018 0.272 0.277 
226 COPE-0226    (0)   :  0.260 0.260 0.009 0.236 0.235 
227 COPE-0227    (0)   :  0.230 0.274 0.006 0.227 0.263 
228 COPE-0228    (0)   :  0.241 0.244 0.033 0.252 0.230 
229 COPE-0229    (0)   :  0.246 0.244 0.008 0.248 0.254 
230 COPE-0230    (0)   :  0.265 0.262 0.009 0.234 0.229 
231 COPE-0231    (0)   :  0.226 0.219 0.006 0.275 0.275 
232 COPE-0232    (0)   :  0.254 0.216 0.014 0.284 0.232 
233 COPE-0233    (0)   :  0.261 0.275 0.005 0.204 0.254 
234 COPE-0234    (0)   :  0.263 0.209 0.008 0.289 0.231 
235 COPE-0235    (0)   :  0.250 0.208 0.005 0.292 0.245 
236 COPE-0236    (0)   :  0.260 0.274 0.005 0.234 0.228 
237 COPE-0237    (0)   :  0.248 0.279 0.006 0.205 0.262 
238 COPE-0238    (0)   :  0.218 0.212 0.007 0.281 0.281 
239 COPE-0239    (0)   :  0.256 0.217 0.035 0.265 0.226 
240 COPE-0240    (0)   :  0.234 0.286 0.008 0.225 0.247 
241 COPE-0241    (0)   :  0.216 0.205 0.007 0.286 0.286 
242 COPE-0242    (0)   :  0.258 0.272 0.007 0.223 0.241 
243 COPE-0243    (0)   :  0.249 0.221 0.008 0.289 0.233 
244 COPE-0244    (0)   :  0.247 0.214 0.009 0.282 0.249 
245 COPE-0245    (0)   :  0.257 0.238 0.015 0.253 0.236 
246 COPE-0246    (0)   :  0.267 0.229 0.013 0.267 0.224 
247 COPE-0247    (0)   :  0.240 0.244 0.018 0.243 0.255 
248 COPE-0248    (0)   :  0.257 0.266 0.005 0.221 0.251 
249 COPE-0249    (0)   :  0.248 0.201 0.039 0.278 0.234 
250 COPE-0250    (0)   :  0.257 0.221 0.018 0.275 0.230 
251 COPE-0251   (14)   :  0.027 0.029 0.893 0.024 0.027 
252 COPE-0252    (0)   :  0.262 0.213 0.012 0.288 0.225 
253 COPE-0253    (0)   :  0.275 0.261 0.008 0.218 0.238 
254 COPE-0254    (0)   :  0.270 0.256 0.011 0.247 0.217 
255 COPE-0255    (0)   :  0.257 0.250 0.025 0.229 0.240 
256 COPE-0256    (0)   :  0.236 0.281 0.011 0.229 0.243 
257 COPE-0257    (0)   :  0.240 0.277 0.009 0.229 0.245 
258 COPE-0258    (0)   :  0.235 0.257 0.029 0.239 0.241 
259 COPE-0259    (0)   :  0.244 0.251 0.007 0.250 0.249 
260 COPE-0260    (0)   :  0.220 0.219 0.028 0.270 0.263 
261 COPE-0261    (0)   :  0.262 0.266 0.006 0.246 0.220 
262 COPE-0262    (0)   :  0.247 0.220 0.032 0.273 0.229 
263 COPE-0263    (0)   :  0.230 0.287 0.009 0.212 0.262 
264 COPE-0264    (0)   :  0.236 0.254 0.025 0.241 0.243 
265 COPE-0265    (0)   :  0.269 0.262 0.010 0.215 0.244 
266 COPE-0266    (0)   :  0.250 0.242 0.018 0.260 0.229 
267 COPE-0267    (0)   :  0.255 0.278 0.006 0.204 0.257 
268 COPE-0268    (0)   :  0.248 0.283 0.012 0.195 0.262 
269 COPE-0269    (0)   :  0.247 0.239 0.007 0.266 0.241 
270 COPE-0270    (0)   :  0.223 0.212 0.008 0.282 0.275 
271 COPE-0271    (0)   :  0.235 0.219 0.008 0.279 0.260 
272 COPE-0272    (0)   :  0.273 0.250 0.007 0.242 0.228 
273 COPE-0273    (0)   :  0.254 0.289 0.013 0.194 0.250 
274 COPE-0274   (14)   :  0.015 0.015 0.938 0.016 0.016 
275 COPE-0275    (0)   :  0.236 0.219 0.011 0.275 0.260 
276 COPE-0276   (14)   :  0.006 0.006 0.977 0.006 0.006 
277 COPE-0277   (14)   :  0.238 0.279 0.016 0.229 0.238 
278 COPE-0278    (0)   :  0.254 0.283 0.007 0.225 0.231 
279 COPE-0279    (0)   :  0.256 0.233 0.008 0.273 0.230 
280 COPE-0280    (0)   :  0.012 0.012 0.951 0.013 0.012 
281 COPE-0281    (0)   :  0.023 0.022 0.904 0.027 0.025 
282 COPE-0282   (14)   :  0.274 0.214 0.007 0.275 0.230 
283 COPE-0283    (0)   :  0.247 0.278 0.008 0.228 0.239 
284 COPE-0284   (14)   :  0.216 0.203 0.035 0.277 0.269 
285 COPE-0285    (0)   :  0.031 0.032 0.876 0.030 0.031 
286 COPE-0286    (0)   :  0.227 0.205 0.012 0.287 0.268 
287 COPE-0287    (0)   :  0.232 0.275 0.051 0.189 0.253 
288 COPE-0288    (0)   :  0.270 0.269 0.010 0.209 0.241 
289 COPE-0289    (0)   :  0.257 0.266 0.008 0.219 0.250 
290 COPE-0290    (0)   :  0.217 0.208 0.008 0.283 0.283 
291 COPE-0291    (0)   :  0.225 0.238 0.006 0.267 0.265 
292 COPE-0292   (42)   :  0.013 0.013 0.947 0.014 0.013 
293 COPE-0293    (0)   :  0.282 0.267 0.008 0.214 0.229 
294 COPE-0294    (0)   :  0.250 0.220 0.011 0.281 0.238 
295 COPE-0295    (0)   :  0.262 0.264 0.008 0.233 0.234 
296 COPE-0296   (14)   :  0.250 0.267 0.007 0.228 0.248 
297 COPE-0297   (14)   :  0.208 0.203 0.039 0.276 0.275 
298 COPE-0298    (0)   :  0.272 0.233 0.012 0.259 0.224 
299 COPE-0299    (0)   :  0.253 0.254 0.006 0.247 0.241 
300 COPE-0300   (14)   :  0.236 0.281 0.007 0.215 0.261 
301 COPE-0301   (14)   :  0.284 0.273 0.012 0.200 0.231 
302 COPE-0302    (0)   :  0.159 0.197 0.326 0.141 0.176 
303 COPE-0303    (0)   :  0.255 0.253 0.006 0.254 0.231 
304 COPE-0304    (0)   :  0.267 0.242 0.007 0.248 0.236 
305 COPE-0305   (14)   :  0.245 0.222 0.048 0.260 0.224 
306 COPE-0306    (0)   :  0.248 0.289 0.011 0.220 0.232 
307 COPE-0307   (28)   :  0.008 0.008 0.970 0.007 0.008 
308 COPE-0308    (0)   :  0.279 0.221 0.006 0.266 0.227 
309 COPE-0309   (14)   :  0.068 0.061 0.734 0.071 0.066 
310 COPE-0310   (28)   :  0.032 0.036 0.871 0.029 0.033 
311 COPE-0311    (0)   :  0.240 0.272 0.022 0.220 0.246 
312 COPE-0312   (28)   :  0.010 0.010 0.960 0.010 0.010 
313 COPE-0313    (0)   :  0.249 0.275 0.009 0.224 0.242 
314 COPE-0314    (0)   :  0.258 0.272 0.008 0.211 0.251 
315 COPE-0315    (0)   :  0.247 0.251 0.008 0.241 0.253 
316 COPE-0316    (0)   :  0.226 0.225 0.020 0.272 0.258 
317 COPE-0317   (14)   :  0.008 0.008 0.969 0.008 0.008 
318 COPE-0318    (0)   :  0.245 0.231 0.005 0.269 0.249 
319 COPE-0319    (0)   :  0.254 0.224 0.007 0.269 0.246 
320 COPE-0320   (14)   :  0.278 0.238 0.015 0.244 0.225 
321 COPE-0321   (14)   :  0.240 0.278 0.011 0.217 0.253 
322 COPE-0322   (14)   :  0.230 0.215 0.006 0.287 0.261 
323 COPE-0323    (0)   :  0.226 0.299 0.017 0.201 0.257 
324 COPE-0324    (0)   :  0.225 0.228 0.007 0.269 0.271 
325 COPE-0325   (14)   :  0.230 0.284 0.014 0.227 0.245 
326 COPE-0326    (0)   :  0.281 0.263 0.007 0.222 0.228 
327 COPE-0327   (14)   :  0.270 0.243 0.011 0.236 0.240 
328 COPE-0328    (0)   :  0.243 0.235 0.005 0.269 0.248 
329 COPE-0329   (28)   :  0.238 0.240 0.013 0.252 0.257 
330 COPE-0330    (0)   :  0.258 0.255 0.021 0.222 0.243 
331 COPE-0331    (0)   :  0.282 0.275 0.006 0.200 0.236 
332 COPE-0332   (14)   :  0.253 0.245 0.007 0.263 0.231 
333 COPE-0333    (0)   :  0.236 0.224 0.129 0.196 0.215 
334 COPE-0334   (28)   :  0.050 0.055 0.799 0.045 0.051 
335 COPE-0335    (0)   :  0.217 0.217 0.007 0.277 0.281 
336 COPE-0336    (0)   :  0.255 0.230 0.006 0.261 0.248 
337 COPE-0337   (28)   :  0.017 0.017 0.926 0.020 0.020 
338 COPE-0338    (0)   :  0.236 0.283 0.021 0.205 0.255 
339 COPE-0339    (0)   :  0.237 0.291 0.007 0.208 0.258 
340 COPE-0340   (14)   :  0.011 0.011 0.957 0.011 0.011 
341 COPE-0341    (0)   :  0.272 0.221 0.007 0.268 0.232 
342 COPE-0342    (0)   :  0.216 0.207 0.008 0.285 0.284 
343 COPE-0343    (0)   :  0.270 0.274 0.006 0.224 0.226 
344 COPE-0344   (14)   :  0.009 0.009 0.965 0.008 0.009 
345 COPE-0345    (0)   :  0.262 0.223 0.007 0.270 0.239 
346 COPE-0346    (0)   :  0.248 0.218 0.034 0.261 0.239 
347 COPE-0347    (0)   :  0.257 0.255 0.007 0.247 0.234 
348 COPE-0348    (0)   :  0.245 0.253 0.015 0.249 0.238 
349 COPE-0349    (0)   :  0.221 0.211 0.006 0.283 0.279 
350 COPE-0350    (0)   :  0.236 0.226 0.006 0.274 0.258 
351 COPE-0351    (0)   :  0.240 0.237 0.006 0.262 0.254 
352 COPE-0352    (0)   :  0.231 0.219 0.026 0.273 0.250 
353 COPE-0353    (0)   :  0.241 0.252 0.006 0.250 0.250 
354 COPE-0354    (0)   :  0.261 0.270 0.016 0.215 0.238 
355 COPE-0355    (0)   :  0.236 0.274 0.007 0.235 0.249 
356 COPE-0356    (0)   :  0.273 0.252 0.007 0.248 0.219 
357 COPE-0357    (0)   :  0.229 0.231 0.009 0.261 0.271 
358 COPE-0358    (0)   :  0.007 0.007 0.972 0.007 0.007 
359 COPE-0359   (14)   :  0.256 0.220 0.009 0.280 0.235 
360 COPE-0360    (0)   :  0.240 0.279 0.007 0.233 0.242 
361 COPE-0361    (0)   :  0.254 0.211 0.007 0.293 0.234 
362 COPE-0362    (0)   :  0.216 0.214 0.007 0.281 0.283 
363 COPE-0363   (14)   :  0.261 0.214 0.014 0.279 0.232 
364 COPE-0364    (0)   :  0.252 0.267 0.006 0.223 0.252 
365 COPE-0365    (0)   :  0.228 0.294 0.027 0.190 0.261 
366 COPE-0366    (0)   :  0.214 0.204 0.021 0.283 0.278 
367 COPE-0367   (14)   :  0.010 0.009 0.963 0.009 0.009 
368 COPE-0368    (0)   :  0.238 0.290 0.009 0.202 0.262 
369 COPE-0369    (0)   :  0.249 0.257 0.009 0.234 0.252 
370 COPE-0370   (28)   :  0.008 0.008 0.969 0.008 0.008 
371 COPE-0371    (0)   :  0.239 0.294 0.012 0.200 0.256 
372 COPE-0372    (0)   :  0.231 0.271 0.046 0.213 0.239 
373 COPE-0373   (14)   :  0.274 0.267 0.007 0.217 0.234 
374 COPE-0374    (0)   :  0.250 0.262 0.008 0.242 0.239 
375 COPE-0375   (14)   :  0.240 0.275 0.014 0.219 0.252 
376 COPE-0376   (14)   :  0.261 0.253 0.006 0.256 0.224 
377 COPE-0377    (0)   :  0.076 0.069 0.708 0.076 0.070 
378 COPE-0378    (0)   :  0.230 0.270 0.007 0.241 0.253 
379 COPE-0379    (0)   :  0.217 0.208 0.008 0.286 0.281 
380 COPE-0380   (28)   :  0.033 0.034 0.872 0.031 0.030 
381 COPE-0381    (0)   :  0.253 0.245 0.015 0.252 0.235 
382 COPE-0382    (0)   :  0.219 0.214 0.006 0.280 0.281 
383 COPE-0383    (0)   :  0.192 0.242 0.186 0.164 0.216 
384 COPE-0384    (0)   :  0.235 0.290 0.008 0.218 0.250 


Estimated Allele Frequencies in each cluster
First column gives estimated ancestral frequencies


Locus 1 : COPE5 
78 alleles
0.5% missing data
   1   (0.007) 0.001 0.001 0.624 0.001 0.001 
   2   (0.024) 0.024 0.022 0.027 0.024 0.022 
   3   (0.014) 0.015 0.013 0.002 0.016 0.014 
   4   (0.022) 0.024 0.023 0.002 0.027 0.027 
   5   (0.011) 0.010 0.009 0.001 0.011 0.011 
   6   (0.019) 0.017 0.016 0.009 0.020 0.018 
   7   (0.007) 0.004 0.003 0.001 0.004 0.003 
   8   (0.035) 0.090 0.097 0.003 0.081 0.086 
   9   (0.019) 0.023 0.020 0.002 0.025 0.022 
  10   (0.019) 0.021 0.021 0.002 0.020 0.021 
  11   (0.016) 0.014 0.016 0.020 0.013 0.015 
  12   (0.016) 0.025 0.024 0.001 0.021 0.023 
  13   (0.011) 0.012 0.012 0.002 0.009 0.010 
  14   (0.023) 0.029 0.027 0.002 0.027 0.027 
  15   (0.018) 0.031 0.036 0.001 0.031 0.033 
  16   (0.010) 0.006 0.006 0.001 0.007 0.006 
  17   (0.017) 0.014 0.014 0.001 0.016 0.015 
  18   (0.017) 0.013 0.013 0.009 0.015 0.015 
  19   (0.011) 0.009 0.009 0.001 0.011 0.011 
  20   (0.026) 0.054 0.059 0.002 0.046 0.053 
  21   (0.021) 0.021 0.021 0.002 0.022 0.022 
  22   (0.019) 0.015 0.014 0.010 0.016 0.016 
  23   (0.013) 0.012 0.011 0.001 0.012 0.012 
  24   (0.016) 0.019 0.020 0.001 0.019 0.018 
  25   (0.010) 0.009 0.008 0.001 0.008 0.007 
  26   (0.013) 0.009 0.009 0.001 0.010 0.009 
  27   (0.012) 0.010 0.009 0.001 0.011 0.010 
  28   (0.008) 0.002 0.002 0.021 0.003 0.002 
  29   (0.014) 0.012 0.011 0.001 0.012 0.012 
  30   (0.020) 0.020 0.020 0.006 0.020 0.021 
  31   (0.018) 0.018 0.019 0.001 0.019 0.020 
  32   (0.026) 0.038 0.039 0.002 0.038 0.041 
  33   (0.006) 0.002 0.002 0.000 0.002 0.002 
  34   (0.016) 0.020 0.021 0.001 0.017 0.019 
  35   (0.007) 0.001 0.001 0.050 0.001 0.001 
  36   (0.006) 0.002 0.002 0.000 0.002 0.002 
  37   (0.021) 0.023 0.027 0.025 0.021 0.024 
  38   (0.015) 0.012 0.011 0.010 0.014 0.012 
  39   (0.014) 0.019 0.018 0.001 0.020 0.017 
  40   (0.011) 0.009 0.009 0.001 0.011 0.011 
  41   (0.009) 0.005 0.004 0.001 0.005 0.005 
  42   (0.006) 0.002 0.002 0.001 0.002 0.002 
  43   (0.009) 0.005 0.004 0.001 0.005 0.005 
  44   (0.022) 0.028 0.025 0.002 0.029 0.026 
  45   (0.006) 0.002 0.002 0.000 0.002 0.002 
  46   (0.015) 0.019 0.019 0.001 0.016 0.017 
  47   (0.009) 0.007 0.006 0.001 0.007 0.006 
  48   (0.006) 0.002 0.002 0.001 0.002 0.002 
  49   (0.015) 0.016 0.015 0.001 0.017 0.016 
  50   (0.013) 0.011 0.010 0.002 0.013 0.012 
  51   (0.015) 0.012 0.014 0.022 0.011 0.013 
  52   (0.013) 0.013 0.013 0.001 0.011 0.012 
  53   (0.006) 0.001 0.001 0.030 0.001 0.001 
  54   (0.007) 0.001 0.001 0.071 0.001 0.001 
  55   (0.011) 0.007 0.007 0.001 0.008 0.008 
  56   (0.011) 0.011 0.012 0.001 0.010 0.011 
  57   (0.012) 0.010 0.010 0.001 0.013 0.012 
  58   (0.009) 0.006 0.005 0.001 0.007 0.006 
  59   (0.012) 0.013 0.011 0.001 0.013 0.011 
  60   (0.010) 0.008 0.009 0.001 0.007 0.008 
  61   (0.006) 0.002 0.002 0.001 0.002 0.002 
  62   (0.013) 0.011 0.011 0.001 0.012 0.012 
  63   (0.010) 0.017 0.017 0.001 0.016 0.014 
  64   (0.009) 0.005 0.005 0.001 0.005 0.005 
  65   (0.020) 0.020 0.021 0.002 0.021 0.021 
  66   (0.010) 0.010 0.010 0.001 0.009 0.009 
  67   (0.010) 0.006 0.006 0.001 0.007 0.006 
  68   (0.012) 0.010 0.010 0.001 0.013 0.012 
  69   (0.006) 0.002 0.002 0.000 0.002 0.002 
  70   (0.006) 0.002 0.002 0.000 0.002 0.002 
  71   (0.010) 0.007 0.006 0.001 0.007 0.006 
  72   (0.006) 0.002 0.002 0.000 0.002 0.002 
  73   (0.006) 0.002 0.002 0.001 0.002 0.002 
  74   (0.006) 0.002 0.002 0.000 0.002 0.002 
  75   (0.009) 0.004 0.004 0.001 0.005 0.005 
  76   (0.006) 0.002 0.002 0.000 0.002 0.002 
  77   (0.007) 0.003 0.003 0.001 0.004 0.004 
  78   (0.006) 0.002 0.002 0.001 0.002 0.002 

Locus 2 : COPE9 
12 alleles
8.3% missing data
   1   (0.413) 0.473 0.479 0.406 0.458 0.470 
   2   (0.139) 0.138 0.131 0.254 0.145 0.132 
   3   (0.050) 0.049 0.053 0.032 0.047 0.048 
   4   (0.076) 0.072 0.074 0.029 0.077 0.079 
   5   (0.036) 0.026 0.025 0.025 0.026 0.026 
   6   (0.129) 0.135 0.134 0.057 0.134 0.137 
   7   (0.039) 0.026 0.024 0.064 0.030 0.026 
   8   (0.081) 0.070 0.070 0.085 0.072 0.070 
   9   (0.010) 0.004 0.004 0.001 0.004 0.004 
  10   (0.009) 0.001 0.001 0.046 0.001 0.001 
  11   (0.008) 0.003 0.003 0.001 0.003 0.003 
  12   (0.008) 0.003 0.003 0.001 0.003 0.003 

Locus 3 : CPER26 
12 alleles
2.6% missing data
   1   (0.230) 0.234 0.235 0.146 0.229 0.234 
   2   (0.036) 0.022 0.022 0.145 0.026 0.025 
   3   (0.084) 0.078 0.072 0.009 0.088 0.082 
   4   (0.496) 0.586 0.588 0.068 0.577 0.577 
   5   (0.055) 0.042 0.046 0.291 0.040 0.044 
   6   (0.030) 0.015 0.015 0.301 0.015 0.015 
   7   (0.013) 0.006 0.005 0.001 0.006 0.006 
   8   (0.019) 0.007 0.007 0.023 0.008 0.008 
   9   (0.008) 0.002 0.002 0.006 0.002 0.002 
  10   (0.012) 0.003 0.003 0.011 0.003 0.003 
  11   (0.008) 0.002 0.002 0.001 0.003 0.003 
  12   (0.008) 0.002 0.002 0.001 0.003 0.002 

Locus 4 : CPER92 
12 alleles
6.8% missing data
   1   (0.617) 0.670 0.680 0.516 0.684 0.689 
   2   (0.121) 0.145 0.131 0.270 0.134 0.127 
   3   (0.083) 0.087 0.092 0.046 0.083 0.087 
   4   (0.015) 0.007 0.008 0.020 0.007 0.008 
   5   (0.038) 0.025 0.024 0.034 0.026 0.024 
   6   (0.035) 0.028 0.027 0.009 0.026 0.027 
   7   (0.019) 0.008 0.008 0.034 0.008 0.008 
   8   (0.012) 0.003 0.003 0.034 0.003 0.003 
   9   (0.022) 0.011 0.010 0.019 0.013 0.013 
  10   (0.017) 0.008 0.009 0.016 0.008 0.008 
  11   (0.013) 0.006 0.006 0.001 0.006 0.006 
  12   (0.008) 0.002 0.002 0.001 0.003 0.003 

Locus 5 : CPER99 
5 alleles
1.0% missing data
   1   (0.013) 0.003 0.003 0.336 0.003 0.003 
   2   (0.872) 0.932 0.932 0.100 0.930 0.933 
   3   (0.079) 0.053 0.054 0.473 0.054 0.053 
   4   (0.013) 0.003 0.003 0.029 0.003 0.003 
   5   (0.023) 0.009 0.009 0.063 0.009 0.009 

Locus 6 : CPER119 
22 alleles
5.5% missing data
   1   (0.009) 0.001 0.001 0.101 0.001 0.001 
   2   (0.080) 0.092 0.094 0.048 0.085 0.090 
   3   (0.036) 0.031 0.033 0.050 0.031 0.031 
   4   (0.008) 0.002 0.002 0.001 0.003 0.003 
   5   (0.160) 0.176 0.167 0.096 0.183 0.176 
   6   (0.073) 0.069 0.067 0.081 0.081 0.078 
   7   (0.070) 0.091 0.091 0.079 0.083 0.089 
   8   (0.081) 0.079 0.076 0.098 0.077 0.075 
   9   (0.116) 0.130 0.137 0.073 0.132 0.132 
  10   (0.061) 0.064 0.064 0.035 0.064 0.061 
  11   (0.022) 0.014 0.012 0.023 0.015 0.013 
  12   (0.081) 0.108 0.110 0.011 0.101 0.103 
  13   (0.015) 0.006 0.006 0.011 0.007 0.006 
  14   (0.030) 0.037 0.040 0.012 0.034 0.038 
  15   (0.025) 0.020 0.022 0.061 0.017 0.020 
  16   (0.022) 0.011 0.010 0.028 0.011 0.010 
  17   (0.023) 0.012 0.011 0.090 0.014 0.013 
  18   (0.017) 0.010 0.009 0.008 0.009 0.009 
  19   (0.011) 0.003 0.002 0.025 0.003 0.003 
  20   (0.041) 0.032 0.030 0.062 0.037 0.035 
  21   (0.012) 0.007 0.007 0.006 0.006 0.007 
  22   (0.010) 0.005 0.006 0.001 0.005 0.005 

Locus 7 : CPER188 
15 alleles
1.6% missing data
   1   (0.602) 0.675 0.674 0.819 0.671 0.673 
   2   (0.110) 0.100 0.100 0.091 0.104 0.104 
   3   (0.031) 0.026 0.024 0.002 0.026 0.025 
   4   (0.039) 0.032 0.031 0.003 0.032 0.031 
   5   (0.088) 0.109 0.118 0.006 0.104 0.110 
   6   (0.016) 0.006 0.006 0.009 0.006 0.006 
   7   (0.017) 0.011 0.009 0.007 0.012 0.010 
   8   (0.023) 0.012 0.011 0.008 0.014 0.012 
   9   (0.009) 0.001 0.001 0.039 0.001 0.001 
  10   (0.008) 0.001 0.001 0.009 0.001 0.001 
  11   (0.018) 0.011 0.010 0.001 0.013 0.011 
  12   (0.015) 0.007 0.007 0.001 0.007 0.007 
  13   (0.008) 0.002 0.002 0.003 0.002 0.002 
  14   (0.008) 0.003 0.003 0.001 0.002 0.002 
  15   (0.008) 0.002 0.003 0.001 0.002 0.002 

Values of parameters used in structure:
DATAFILE=../Data/microsats.structure,	OUTFILE=../Structure_Results/08_K_05.out,	NUMINDS=384,	NUMLOCI=7,	MISSING=-9,	LABEL=1,	POPDATA=0,	POPFLAG=0,	PHENOTYPE=0,	EXTRACOLS=0,	MAXPOPS=5,	BURNIN=1000000,	NUMREPS=10000000,	USEPOPINFO=0,	INFERALPHA=1,	INFERLAMBDA=0,	POPSPECIFICLAMBDA=0,	POPALPHAS=0,	COMPUTEPROB=1,	NOADMIX=0,	ADMBURNIN=500,	UPDATEFREQ=100,	PRINTLIKES=0,	INTERMEDSAVE=0,	PRINTKLD=0,	PRINTNET=1,	PRINTLAMBDA=1,	ANCESTDIST=0,	NUMBOXES=1000,	ANCESTPINT=0.90000,	GENSBACK=2,	MIGRPRIOR=0.01000,	PRINTQHAT=0,	PRINTQSUM=1,	ALPHA=1.0000,	FREQSCORR=1,	FPRIORMEAN=0.0100,	FPRIORSD=0.0500,	ONEFST=0,	LAMBDA=1.0000,	UNIFPRIORALPHA=1,	ALPHAMAX=10.0000,	ALPHAPRIORA=1.0000,	ALPHAPRIORB=2.0000,	ALPHAPROPSD=0.0250,	STARTATPOPINFO=0,	RANDOMIZE=0,	LINKAGE=0,	METROFREQ=10,	REPORTHITRATE=0,	MARKOVPHASE=-1,	PHASED=0,	PLOIDY=2,	PHASEINFO=0	LOCPRIOR=0, 	LOCPRIORINIT=1.000000, 	LOCDATA=0, 	LOCISPOP=0, 	LOCPRIORSTEP=0.100000, 	MAXLOCPRIOR=20.000000, 	SEED=82590672,	
[STRAT parameters]:    NUMSIMSTATS=1000,	PHENOTYPECOL=-9,	POOLFREQ=10,	LOCUSxONLY=0,	EMERROR=0.00100,	MISSINGPHENO=-9,	