

----------------------------------------------------
STRUCTURE by Pritchard, Stephens and Donnelly (2000)
     and Falush, Stephens and Pritchard (2003)
       Code by Pritchard, Falush and Hubisz
             Version 2.3.4 (Jul 2012)
----------------------------------------------------



Command line arguments:   /home/jason/Programs/structure -K 6 -i ../Data/microsats.structure -m Structure_Run/mainparams -e Structure_Run/extraparams -D 28986847 -o ../Structure_Results/08_K_06.out 
Input File:    ../Data/microsats.structure

Run parameters:
   384 individuals
   7 loci
   6 populations assumed
   1000000 Burn-in period
   10000000 Reps
RANDOMIZE turned off


--------------------------------------------
Overall proportion of membership of the
sample in each of the 6 clusters

Inferred Clusters
  1      2      3      4      5      6    
0.174  0.176  0.175  0.125  0.175  0.174  

--------------------------------------------

Allele-freq. divergence among pops (Net nucleotide distance),
computed using point estimates of P.

      1       2       3       4       5       6      
 1      -    0.0005  0.0002  0.1478  0.0002  0.0001  
 2   0.0005     -    0.0002  0.1470  0.0003  0.0005  
 3   0.0002  0.0002     -    0.1468  0.0000  0.0002  
 4   0.1478  0.1470  0.1468     -    0.1466  0.1484  
 5   0.0002  0.0003  0.0000  0.1466     -    0.0002  
 6   0.0001  0.0005  0.0002  0.1484  0.0002     -    

Average distances (expected heterozygosity) between individuals in same cluster:
cluster  1  : 0.6238 
cluster  2  : 0.6221 
cluster  3  : 0.6250 
cluster  4  : 0.6628 
cluster  5  : 0.6266 
cluster  6  : 0.6206 

--------------------------------------------
Estimated Ln Prob of Data   = -8834.1
Mean value of ln likelihood = -8089.5
Variance of ln likelihood   = 1489.1
Mean value of alpha         = 0.0446

Mean value of Fst_1         = 0.0514
Mean value of Fst_2         = 0.0476
Mean value of Fst_3         = 0.0483
Mean value of Fst_4         = 0.1457
Mean value of Fst_5         = 0.0481
Mean value of Fst_6         = 0.0531


Inferred ancestry of individuals:
        Label (%Miss) :  Inferred clusters
  1 COPE-0001    (0)   :  0.008 0.008 0.008 0.961 0.008 0.008 
  2 COPE-0002    (0)   :  0.183 0.181 0.217 0.010 0.238 0.169 
  3 COPE-0003    (0)   :  0.144 0.283 0.212 0.006 0.191 0.163 
  4 COPE-0004    (0)   :  0.182 0.195 0.218 0.015 0.225 0.165 
  5 COPE-0005    (0)   :  0.202 0.150 0.196 0.018 0.215 0.220 
  6 COPE-0006    (0)   :  0.192 0.187 0.204 0.019 0.210 0.187 
  7 COPE-0007    (0)   :  0.209 0.163 0.184 0.007 0.204 0.233 
  8 COPE-0008    (0)   :  0.235 0.198 0.169 0.008 0.159 0.232 
  9 COPE-0009    (0)   :  0.153 0.247 0.211 0.017 0.198 0.174 
 10 COPE-0010    (0)   :  0.224 0.192 0.195 0.007 0.204 0.179 
 11 COPE-0011   (14)   :  0.012 0.013 0.013 0.936 0.014 0.011 
 12 COPE-0012   (14)   :  0.228 0.196 0.190 0.007 0.168 0.210 
 13 COPE-0013    (0)   :  0.131 0.302 0.217 0.006 0.189 0.156 
 14 COPE-0014    (0)   :  0.196 0.158 0.198 0.011 0.206 0.231 
 15 COPE-0015    (0)   :  0.215 0.166 0.193 0.007 0.195 0.225 
 16 COPE-0016    (0)   :  0.188 0.175 0.202 0.010 0.216 0.210 
 17 COPE-0017    (0)   :  0.040 0.036 0.041 0.798 0.042 0.043 
 18 COPE-0018    (0)   :  0.176 0.220 0.211 0.008 0.200 0.185 
 19 COPE-0019    (0)   :  0.158 0.261 0.209 0.006 0.187 0.180 
 20 COPE-0020    (0)   :  0.203 0.191 0.201 0.008 0.203 0.193 
 21 COPE-0021    (0)   :  0.215 0.144 0.197 0.006 0.203 0.235 
 22 COPE-0022    (0)   :  0.221 0.197 0.183 0.007 0.175 0.217 
 23 COPE-0023    (0)   :  0.190 0.207 0.216 0.008 0.225 0.154 
 24 COPE-0024   (14)   :  0.218 0.169 0.183 0.006 0.193 0.230 
 25 COPE-0025    (0)   :  0.185 0.193 0.183 0.083 0.196 0.159 
 26 COPE-0026    (0)   :  0.223 0.186 0.173 0.005 0.186 0.228 
 27 COPE-0027    (0)   :  0.163 0.265 0.204 0.006 0.182 0.179 
 28 COPE-0028    (0)   :  0.227 0.179 0.194 0.006 0.203 0.192 
 29 COPE-0029    (0)   :  0.213 0.152 0.188 0.005 0.208 0.234 
 30 COPE-0030   (14)   :  0.036 0.037 0.038 0.816 0.039 0.034 
 31 COPE-0031    (0)   :  0.230 0.188 0.164 0.010 0.177 0.231 
 32 COPE-0032    (0)   :  0.214 0.196 0.200 0.009 0.214 0.166 
 33 COPE-0033    (0)   :  0.193 0.212 0.206 0.011 0.213 0.166 
 34 COPE-0034    (0)   :  0.220 0.176 0.174 0.011 0.194 0.226 
 35 COPE-0035   (14)   :  0.216 0.200 0.193 0.008 0.207 0.177 
 36 COPE-0036   (14)   :  0.206 0.174 0.203 0.006 0.213 0.197 
 37 COPE-0037    (0)   :  0.196 0.196 0.193 0.022 0.192 0.201 
 38 COPE-0038    (0)   :  0.228 0.197 0.165 0.006 0.165 0.239 
 39 COPE-0039    (0)   :  0.154 0.202 0.187 0.131 0.174 0.151 
 40 COPE-0040   (14)   :  0.145 0.226 0.191 0.101 0.178 0.160 
 41 COPE-0041    (0)   :  0.178 0.222 0.202 0.032 0.195 0.171 
 42 COPE-0042    (0)   :  0.203 0.221 0.199 0.011 0.195 0.172 
 43 COPE-0043    (0)   :  0.187 0.185 0.214 0.005 0.228 0.180 
 44 COPE-0044    (0)   :  0.181 0.210 0.214 0.017 0.213 0.166 
 45 COPE-0045    (0)   :  0.193 0.199 0.201 0.032 0.199 0.176 
 46 COPE-0046    (0)   :  0.026 0.033 0.030 0.853 0.030 0.028 
 47 COPE-0047    (0)   :  0.007 0.007 0.007 0.964 0.007 0.007 
 48 COPE-0048    (0)   :  0.215 0.216 0.196 0.007 0.197 0.169 
 49 COPE-0049    (0)   :  0.194 0.179 0.210 0.015 0.226 0.176 
 50 COPE-0050    (0)   :  0.144 0.281 0.214 0.007 0.195 0.159 
 51 COPE-0051    (0)   :  0.206 0.154 0.172 0.114 0.190 0.165 
 52 COPE-0052    (0)   :  0.210 0.145 0.187 0.010 0.204 0.244 
 53 COPE-0053    (0)   :  0.200 0.156 0.194 0.012 0.214 0.224 
 54 COPE-0054    (0)   :  0.219 0.164 0.198 0.005 0.178 0.236 
 55 COPE-0055    (0)   :  0.235 0.198 0.172 0.005 0.158 0.232 
 56 COPE-0056    (0)   :  0.188 0.213 0.209 0.018 0.194 0.178 
 57 COPE-0057    (0)   :  0.164 0.244 0.212 0.010 0.195 0.175 
 58 COPE-0058    (0)   :  0.202 0.184 0.202 0.009 0.223 0.181 
 59 COPE-0059    (0)   :  0.136 0.279 0.212 0.022 0.185 0.167 
 60 COPE-0060    (0)   :  0.183 0.189 0.213 0.007 0.228 0.180 
 61 COPE-0061    (0)   :  0.168 0.223 0.204 0.014 0.196 0.195 
 62 COPE-0062    (0)   :  0.215 0.144 0.197 0.010 0.195 0.238 
 63 COPE-0063    (0)   :  0.235 0.188 0.175 0.028 0.154 0.220 
 64 COPE-0064    (0)   :  0.186 0.206 0.202 0.010 0.192 0.204 
 65 COPE-0065    (0)   :  0.006 0.006 0.006 0.972 0.006 0.006 
 66 COPE-0066    (0)   :  0.204 0.225 0.196 0.015 0.197 0.163 
 67 COPE-0067   (14)   :  0.027 0.025 0.025 0.874 0.026 0.024 
 68 COPE-0068    (0)   :  0.131 0.297 0.215 0.010 0.189 0.157 
 69 COPE-0069   (14)   :  0.194 0.177 0.203 0.014 0.189 0.225 
 70 COPE-0070    (0)   :  0.202 0.182 0.200 0.012 0.218 0.184 
 71 COPE-0071    (0)   :  0.219 0.192 0.198 0.004 0.201 0.186 
 72 COPE-0072    (0)   :  0.166 0.227 0.218 0.007 0.211 0.171 
 73 COPE-0073   (14)   :  0.045 0.033 0.046 0.779 0.046 0.051 
 74 COPE-0074    (0)   :  0.217 0.198 0.198 0.009 0.202 0.177 
 75 COPE-0075    (0)   :  0.228 0.176 0.191 0.015 0.212 0.178 
 76 COPE-0076    (0)   :  0.194 0.213 0.202 0.006 0.180 0.205 
 77 COPE-0077   (14)   :  0.183 0.227 0.202 0.009 0.196 0.184 
 78 COPE-0078   (14)   :  0.218 0.179 0.183 0.008 0.191 0.220 
 79 COPE-0079    (0)   :  0.180 0.188 0.221 0.010 0.240 0.160 
 80 COPE-0080   (42)   :  0.020 0.024 0.023 0.890 0.022 0.021 
 81 COPE-0081   (14)   :  0.107 0.098 0.094 0.509 0.090 0.102 
 82 COPE-0082   (14)   :  0.225 0.174 0.183 0.044 0.187 0.187 
 83 COPE-0083   (14)   :  0.212 0.135 0.194 0.007 0.203 0.250 
 84 COPE-0084    (0)   :  0.142 0.112 0.143 0.292 0.158 0.153 
 85 COPE-0085    (0)   :  0.182 0.214 0.206 0.010 0.215 0.173 
 86 COPE-0086    (0)   :  0.210 0.169 0.195 0.022 0.216 0.188 
 87 COPE-0087   (14)   :  0.189 0.188 0.208 0.007 0.227 0.180 
 88 COPE-0088   (14)   :  0.188 0.170 0.203 0.025 0.227 0.187 
 89 COPE-0089   (14)   :  0.007 0.007 0.007 0.964 0.007 0.007 
 90 COPE-0090    (0)   :  0.234 0.197 0.172 0.007 0.160 0.229 
 91 COPE-0091   (14)   :  0.191 0.174 0.207 0.006 0.227 0.195 
 92 COPE-0092   (28)   :  0.023 0.031 0.027 0.870 0.027 0.023 
 93 COPE-0093    (0)   :  0.237 0.193 0.183 0.006 0.157 0.224 
 94 COPE-0094    (0)   :  0.175 0.182 0.216 0.038 0.235 0.154 
 95 COPE-0095    (0)   :  0.216 0.173 0.181 0.005 0.198 0.226 
 96 COPE-0096    (0)   :  0.205 0.146 0.195 0.008 0.210 0.236 
 97 COPE-0097    (0)   :  0.230 0.156 0.197 0.008 0.197 0.212 
 98 COPE-0098    (0)   :  0.234 0.193 0.159 0.008 0.171 0.235 
 99 COPE-0099    (0)   :  0.141 0.277 0.209 0.020 0.192 0.159 
100 COPE-0100    (0)   :  0.190 0.230 0.200 0.007 0.186 0.187 
101 COPE-0101    (0)   :  0.211 0.198 0.190 0.044 0.182 0.175 
102 COPE-0102    (0)   :  0.188 0.217 0.207 0.006 0.208 0.174 
103 COPE-0103    (0)   :  0.190 0.177 0.205 0.018 0.225 0.184 
104 COPE-0104   (14)   :  0.224 0.200 0.192 0.007 0.189 0.188 
105 COPE-0105    (0)   :  0.230 0.165 0.189 0.036 0.192 0.189 
106 COPE-0106    (0)   :  0.216 0.131 0.206 0.005 0.195 0.246 
107 COPE-0107    (0)   :  0.018 0.017 0.016 0.914 0.016 0.018 
108 COPE-0108    (0)   :  0.227 0.179 0.182 0.006 0.183 0.223 
109 COPE-0109    (0)   :  0.182 0.212 0.215 0.013 0.213 0.164 
110 COPE-0110   (14)   :  0.197 0.166 0.204 0.015 0.207 0.212 
111 COPE-0111    (0)   :  0.195 0.157 0.203 0.009 0.211 0.225 
112 COPE-0112   (14)   :  0.202 0.217 0.198 0.011 0.196 0.176 
113 COPE-0113    (0)   :  0.174 0.236 0.203 0.025 0.190 0.172 
114 COPE-0114    (0)   :  0.200 0.178 0.208 0.011 0.187 0.215 
115 COPE-0115    (0)   :  0.024 0.020 0.023 0.883 0.025 0.025 
116 COPE-0116   (28)   :  0.009 0.010 0.010 0.953 0.010 0.009 
117 COPE-0117    (0)   :  0.202 0.162 0.192 0.013 0.214 0.217 
118 COPE-0118    (0)   :  0.207 0.138 0.208 0.010 0.192 0.245 
119 COPE-0119    (0)   :  0.217 0.178 0.175 0.010 0.171 0.249 
120 COPE-0120    (0)   :  0.175 0.233 0.211 0.012 0.201 0.168 
121 COPE-0121    (0)   :  0.187 0.159 0.192 0.062 0.191 0.210 
122 COPE-0122    (0)   :  0.188 0.202 0.214 0.008 0.230 0.158 
123 COPE-0123    (0)   :  0.198 0.200 0.211 0.014 0.218 0.159 
124 COPE-0124    (0)   :  0.185 0.207 0.211 0.013 0.219 0.165 
125 COPE-0125    (0)   :  0.225 0.185 0.201 0.007 0.186 0.196 
126 COPE-0126    (0)   :  0.218 0.158 0.181 0.015 0.200 0.228 
127 COPE-0127   (14)   :  0.226 0.172 0.194 0.007 0.202 0.199 
128 COPE-0128    (0)   :  0.191 0.191 0.203 0.021 0.208 0.186 
129 COPE-0129    (0)   :  0.176 0.210 0.213 0.007 0.229 0.164 
130 COPE-0130    (0)   :  0.152 0.269 0.208 0.012 0.189 0.171 
131 COPE-0131   (14)   :  0.188 0.191 0.197 0.011 0.192 0.222 
132 COPE-0132   (14)   :  0.216 0.160 0.175 0.033 0.178 0.238 
133 COPE-0133    (0)   :  0.189 0.153 0.209 0.011 0.228 0.209 
134 COPE-0134    (0)   :  0.188 0.205 0.211 0.007 0.217 0.172 
135 COPE-0135    (0)   :  0.222 0.198 0.198 0.009 0.194 0.179 
136 COPE-0136    (0)   :  0.011 0.013 0.012 0.940 0.012 0.011 
137 COPE-0137    (0)   :  0.163 0.259 0.207 0.012 0.195 0.163 
138 COPE-0138   (14)   :  0.008 0.007 0.008 0.961 0.008 0.008 
139 COPE-0139    (0)   :  0.153 0.266 0.209 0.009 0.197 0.167 
140 COPE-0140   (14)   :  0.020 0.023 0.021 0.897 0.021 0.019 
141 COPE-0141    (0)   :  0.223 0.192 0.191 0.009 0.175 0.210 
142 COPE-0142    (0)   :  0.211 0.200 0.191 0.009 0.175 0.214 
143 COPE-0143    (0)   :  0.216 0.179 0.188 0.008 0.195 0.213 
144 COPE-0144   (14)   :  0.104 0.123 0.130 0.403 0.135 0.105 
145 COPE-0145   (14)   :  0.106 0.127 0.127 0.415 0.130 0.095 
146 COPE-0146   (14)   :  0.206 0.178 0.192 0.030 0.184 0.210 
147 COPE-0147    (0)   :  0.184 0.185 0.199 0.067 0.198 0.167 
148 COPE-0148    (0)   :  0.204 0.152 0.195 0.010 0.218 0.221 
149 COPE-0149    (0)   :  0.153 0.264 0.208 0.007 0.197 0.171 
150 COPE-0150    (0)   :  0.221 0.208 0.195 0.010 0.202 0.164 
151 COPE-0151    (0)   :  0.190 0.220 0.200 0.007 0.185 0.198 
152 COPE-0152   (14)   :  0.202 0.174 0.159 0.117 0.152 0.196 
153 COPE-0153    (0)   :  0.204 0.200 0.188 0.006 0.188 0.215 
154 COPE-0154    (0)   :  0.176 0.228 0.211 0.006 0.183 0.196 
155 COPE-0155    (0)   :  0.176 0.226 0.210 0.006 0.202 0.180 
156 COPE-0156   (14)   :  0.008 0.008 0.008 0.958 0.009 0.008 
157 COPE-0157   (14)   :  0.148 0.131 0.129 0.329 0.128 0.135 
158 COPE-0158    (0)   :  0.174 0.196 0.207 0.009 0.211 0.203 
159 COPE-0159    (0)   :  0.218 0.190 0.179 0.007 0.181 0.225 
160 COPE-0160    (0)   :  0.208 0.185 0.199 0.006 0.215 0.187 
161 COPE-0161    (0)   :  0.188 0.215 0.210 0.011 0.208 0.167 
162 COPE-0162   (14)   :  0.007 0.007 0.007 0.967 0.007 0.007 
163 COPE-0163   (28)   :  0.013 0.013 0.013 0.936 0.013 0.013 
164 COPE-0164    (0)   :  0.176 0.219 0.197 0.035 0.186 0.187 
165 COPE-0165    (0)   :  0.162 0.250 0.209 0.008 0.201 0.171 
166 COPE-0166   (14)   :  0.184 0.193 0.216 0.008 0.227 0.171 
167 COPE-0167    (0)   :  0.191 0.176 0.209 0.008 0.226 0.190 
168 COPE-0168    (0)   :  0.203 0.171 0.193 0.006 0.203 0.224 
169 COPE-0169    (0)   :  0.135 0.291 0.210 0.013 0.188 0.163 
170 COPE-0170    (0)   :  0.211 0.175 0.181 0.041 0.176 0.216 
171 COPE-0171    (0)   :  0.208 0.160 0.193 0.009 0.194 0.235 
172 COPE-0172    (0)   :  0.221 0.180 0.187 0.006 0.198 0.207 
173 COPE-0173   (14)   :  0.129 0.269 0.202 0.069 0.183 0.148 
174 COPE-0174   (28)   :  0.193 0.184 0.207 0.022 0.209 0.185 
175 COPE-0175    (0)   :  0.189 0.168 0.193 0.040 0.216 0.194 
176 COPE-0176    (0)   :  0.218 0.169 0.198 0.010 0.186 0.217 
177 COPE-0177    (0)   :  0.151 0.267 0.212 0.007 0.191 0.172 
178 COPE-0178    (0)   :  0.224 0.143 0.204 0.008 0.193 0.228 
179 COPE-0179    (0)   :  0.186 0.224 0.207 0.008 0.198 0.177 
180 COPE-0180   (14)   :  0.139 0.292 0.212 0.006 0.193 0.158 
181 COPE-0181   (14)   :  0.150 0.272 0.214 0.009 0.192 0.162 
182 COPE-0182    (0)   :  0.239 0.184 0.167 0.005 0.175 0.230 
183 COPE-0183    (0)   :  0.194 0.197 0.204 0.011 0.197 0.196 
184 COPE-0184    (0)   :  0.209 0.152 0.195 0.009 0.212 0.222 
185 COPE-0185    (0)   :  0.215 0.205 0.172 0.006 0.170 0.232 
186 COPE-0186    (0)   :  0.215 0.143 0.197 0.006 0.199 0.241 
187 COPE-0187    (0)   :  0.232 0.174 0.193 0.010 0.204 0.187 
188 COPE-0188    (0)   :  0.020 0.019 0.020 0.901 0.021 0.018 
189 COPE-0189    (0)   :  0.176 0.246 0.205 0.010 0.196 0.168 
190 COPE-0190    (0)   :  0.191 0.195 0.210 0.015 0.223 0.166 
191 COPE-0191    (0)   :  0.183 0.210 0.203 0.013 0.200 0.191 
192 COPE-0192   (14)   :  0.010 0.009 0.009 0.953 0.009 0.010 
193 COPE-0193    (0)   :  0.202 0.188 0.195 0.007 0.192 0.216 
194 COPE-0194    (0)   :  0.225 0.193 0.196 0.010 0.202 0.173 
195 COPE-0195    (0)   :  0.214 0.194 0.198 0.007 0.207 0.180 
196 COPE-0196    (0)   :  0.206 0.196 0.197 0.011 0.197 0.193 
197 COPE-0197    (0)   :  0.146 0.270 0.213 0.007 0.199 0.164 
198 COPE-0198    (0)   :  0.193 0.221 0.183 0.013 0.173 0.218 
199 COPE-0199    (0)   :  0.140 0.281 0.214 0.010 0.188 0.167 
200 COPE-0200   (42)   :  0.140 0.286 0.213 0.010 0.191 0.161 
201 COPE-0201    (0)   :  0.231 0.175 0.183 0.009 0.175 0.227 
202 COPE-0202    (0)   :  0.212 0.197 0.186 0.015 0.184 0.206 
203 COPE-0203    (0)   :  0.206 0.198 0.191 0.006 0.186 0.212 
204 COPE-0204    (0)   :  0.228 0.155 0.191 0.037 0.195 0.194 
205 COPE-0205    (0)   :  0.210 0.192 0.179 0.021 0.188 0.210 
206 COPE-0206    (0)   :  0.211 0.161 0.198 0.005 0.198 0.227 
207 COPE-0207    (0)   :  0.215 0.150 0.189 0.011 0.189 0.248 
208 COPE-0208    (0)   :  0.025 0.027 0.024 0.874 0.024 0.025 
209 COPE-0209    (0)   :  0.167 0.246 0.209 0.007 0.187 0.184 
210 COPE-0210    (0)   :  0.188 0.176 0.203 0.011 0.210 0.212 
211 COPE-0211    (0)   :  0.214 0.218 0.195 0.005 0.199 0.169 
212 COPE-0212    (0)   :  0.214 0.160 0.183 0.011 0.190 0.242 
213 COPE-0213    (0)   :  0.212 0.188 0.193 0.008 0.199 0.201 
214 COPE-0214    (0)   :  0.134 0.294 0.214 0.008 0.188 0.162 
215 COPE-0215    (0)   :  0.128 0.289 0.208 0.036 0.186 0.153 
216 COPE-0216   (14)   :  0.090 0.083 0.097 0.537 0.102 0.090 
217 COPE-0217    (0)   :  0.205 0.145 0.198 0.027 0.193 0.232 
218 COPE-0218    (0)   :  0.192 0.210 0.191 0.009 0.195 0.202 
219 COPE-0219   (14)   :  0.148 0.273 0.212 0.009 0.190 0.168 
220 COPE-0220    (0)   :  0.202 0.165 0.204 0.014 0.195 0.220 
221 COPE-0221    (0)   :  0.227 0.200 0.171 0.016 0.159 0.228 
222 COPE-0222    (0)   :  0.229 0.181 0.168 0.006 0.181 0.234 
223 COPE-0223    (0)   :  0.155 0.257 0.212 0.008 0.211 0.156 
224 COPE-0224    (0)   :  0.181 0.181 0.212 0.022 0.236 0.168 
225 COPE-0225    (0)   :  0.131 0.291 0.214 0.016 0.186 0.162 
226 COPE-0226    (0)   :  0.204 0.177 0.205 0.008 0.204 0.202 
227 COPE-0227    (0)   :  0.188 0.200 0.201 0.006 0.189 0.216 
228 COPE-0228    (0)   :  0.195 0.169 0.205 0.028 0.203 0.200 
229 COPE-0229    (0)   :  0.182 0.227 0.210 0.007 0.187 0.186 
230 COPE-0230    (0)   :  0.213 0.183 0.205 0.010 0.190 0.199 
231 COPE-0231    (0)   :  0.165 0.249 0.208 0.006 0.197 0.176 
232 COPE-0232    (0)   :  0.196 0.188 0.208 0.015 0.222 0.172 
233 COPE-0233    (0)   :  0.232 0.195 0.163 0.005 0.173 0.232 
234 COPE-0234    (0)   :  0.189 0.193 0.216 0.008 0.233 0.161 
235 COPE-0235    (0)   :  0.183 0.211 0.214 0.006 0.225 0.162 
236 COPE-0236    (0)   :  0.225 0.169 0.203 0.005 0.189 0.210 
237 COPE-0237    (0)   :  0.219 0.204 0.166 0.006 0.169 0.236 
238 COPE-0238    (0)   :  0.134 0.292 0.213 0.007 0.192 0.162 
239 COPE-0239    (0)   :  0.183 0.178 0.207 0.034 0.229 0.168 
240 COPE-0240    (0)   :  0.201 0.148 0.195 0.008 0.215 0.233 
241 COPE-0241    (0)   :  0.130 0.303 0.216 0.007 0.189 0.155 
242 COPE-0242    (0)   :  0.206 0.167 0.193 0.007 0.188 0.239 
243 COPE-0243    (0)   :  0.229 0.174 0.194 0.008 0.215 0.181 
244 COPE-0244    (0)   :  0.180 0.222 0.206 0.009 0.208 0.176 
245 COPE-0245    (0)   :  0.227 0.187 0.184 0.014 0.196 0.193 
246 COPE-0246    (0)   :  0.192 0.183 0.211 0.013 0.220 0.181 
247 COPE-0247    (0)   :  0.183 0.236 0.189 0.017 0.176 0.199 
248 COPE-0248    (0)   :  0.231 0.189 0.178 0.005 0.185 0.213 
249 COPE-0249    (0)   :  0.165 0.217 0.209 0.035 0.217 0.157 
250 COPE-0250    (0)   :  0.190 0.187 0.212 0.016 0.226 0.170 
251 COPE-0251   (14)   :  0.032 0.032 0.026 0.848 0.027 0.035 
252 COPE-0252    (0)   :  0.186 0.183 0.219 0.012 0.237 0.164 
253 COPE-0253    (0)   :  0.228 0.202 0.182 0.008 0.161 0.219 
254 COPE-0254    (0)   :  0.233 0.165 0.193 0.012 0.201 0.196 
255 COPE-0255    (0)   :  0.217 0.200 0.178 0.027 0.173 0.204 
256 COPE-0256    (0)   :  0.201 0.143 0.199 0.011 0.216 0.230 
257 COPE-0257    (0)   :  0.206 0.153 0.199 0.009 0.204 0.229 
258 COPE-0258    (0)   :  0.196 0.177 0.195 0.026 0.194 0.212 
259 COPE-0259    (0)   :  0.219 0.187 0.196 0.006 0.196 0.195 
260 COPE-0260    (0)   :  0.146 0.261 0.208 0.024 0.193 0.167 
261 COPE-0261    (0)   :  0.239 0.162 0.195 0.006 0.199 0.199 
262 COPE-0262    (0)   :  0.213 0.167 0.191 0.027 0.215 0.187 
263 COPE-0263    (0)   :  0.204 0.185 0.176 0.009 0.194 0.232 
264 COPE-0264    (0)   :  0.202 0.171 0.196 0.025 0.193 0.213 
265 COPE-0265    (0)   :  0.228 0.197 0.180 0.010 0.170 0.214 
266 COPE-0266    (0)   :  0.212 0.172 0.197 0.019 0.201 0.199 
267 COPE-0267    (0)   :  0.231 0.191 0.164 0.006 0.177 0.231 
268 COPE-0268    (0)   :  0.228 0.193 0.158 0.012 0.173 0.236 
269 COPE-0269    (0)   :  0.188 0.174 0.213 0.007 0.234 0.183 
270 COPE-0270    (0)   :  0.207 0.225 0.196 0.008 0.202 0.163 
271 COPE-0271    (0)   :  0.171 0.217 0.215 0.008 0.220 0.169 
272 COPE-0272    (0)   :  0.212 0.185 0.203 0.007 0.195 0.198 
273 COPE-0273    (0)   :  0.228 0.174 0.170 0.013 0.173 0.242 
274 COPE-0274   (14)   :  0.019 0.018 0.017 0.911 0.018 0.017 
275 COPE-0275    (0)   :  0.189 0.228 0.202 0.011 0.205 0.165 
276 COPE-0276   (14)   :  0.006 0.006 0.006 0.971 0.006 0.006 
277 COPE-0277   (14)   :  0.201 0.144 0.202 0.015 0.210 0.229 
278 COPE-0278    (0)   :  0.211 0.138 0.206 0.007 0.197 0.241 
279 COPE-0279    (0)   :  0.209 0.176 0.201 0.008 0.213 0.193 
280 COPE-0280    (0)   :  0.012 0.013 0.013 0.936 0.013 0.012 
281 COPE-0281    (0)   :  0.022 0.030 0.026 0.873 0.026 0.023 
282 COPE-0282   (14)   :  0.184 0.188 0.216 0.007 0.238 0.166 
283 COPE-0283    (0)   :  0.206 0.144 0.204 0.008 0.203 0.236 
284 COPE-0284   (14)   :  0.142 0.269 0.206 0.035 0.192 0.157 
285 COPE-0285    (0)   :  0.032 0.032 0.032 0.840 0.031 0.032 
286 COPE-0286    (0)   :  0.179 0.237 0.203 0.014 0.201 0.167 
287 COPE-0287    (0)   :  0.217 0.185 0.152 0.045 0.174 0.228 
288 COPE-0288    (0)   :  0.229 0.196 0.173 0.010 0.164 0.227 
289 COPE-0289    (0)   :  0.218 0.192 0.187 0.008 0.180 0.215 
290 COPE-0290    (0)   :  0.179 0.252 0.204 0.009 0.197 0.159 
291 COPE-0291    (0)   :  0.176 0.216 0.207 0.006 0.201 0.194 
292 COPE-0292   (42)   :  0.013 0.014 0.014 0.932 0.014 0.013 
293 COPE-0293    (0)   :  0.241 0.182 0.186 0.008 0.170 0.213 
294 COPE-0294    (0)   :  0.183 0.207 0.214 0.011 0.215 0.169 
295 COPE-0295    (0)   :  0.214 0.171 0.197 0.008 0.201 0.210 
296 COPE-0296   (14)   :  0.222 0.186 0.185 0.007 0.189 0.211 
297 COPE-0297   (14)   :  0.128 0.287 0.209 0.036 0.186 0.154 
298 COPE-0298    (0)   :  0.205 0.193 0.209 0.011 0.205 0.176 
299 COPE-0299    (0)   :  0.234 0.185 0.193 0.006 0.196 0.186 
300 COPE-0300   (14)   :  0.203 0.180 0.184 0.008 0.204 0.222 
301 COPE-0301   (14)   :  0.240 0.192 0.174 0.011 0.155 0.229 
302 COPE-0302    (0)   :  0.151 0.112 0.131 0.301 0.142 0.163 
303 COPE-0303    (0)   :  0.206 0.177 0.207 0.006 0.203 0.200 
304 COPE-0304    (0)   :  0.201 0.199 0.196 0.007 0.195 0.202 
305 COPE-0305   (14)   :  0.177 0.179 0.207 0.045 0.219 0.172 
306 COPE-0306    (0)   :  0.218 0.143 0.200 0.010 0.190 0.239 
307 COPE-0307   (28)   :  0.008 0.008 0.008 0.961 0.008 0.008 
308 COPE-0308    (0)   :  0.190 0.194 0.211 0.006 0.225 0.173 
309 COPE-0309   (14)   :  0.061 0.059 0.060 0.703 0.061 0.056 
310 COPE-0310   (28)   :  0.038 0.029 0.036 0.817 0.037 0.043 
311 COPE-0311    (0)   :  0.202 0.170 0.185 0.024 0.189 0.230 
312 COPE-0312   (28)   :  0.011 0.010 0.011 0.947 0.011 0.011 
313 COPE-0313    (0)   :  0.217 0.171 0.190 0.009 0.185 0.228 
314 COPE-0314    (0)   :  0.229 0.193 0.162 0.008 0.176 0.232 
315 COPE-0315    (0)   :  0.179 0.222 0.202 0.008 0.191 0.198 
316 COPE-0316    (0)   :  0.195 0.210 0.198 0.022 0.198 0.176 
317 COPE-0317   (14)   :  0.008 0.008 0.008 0.960 0.008 0.008 
318 COPE-0318    (0)   :  0.199 0.213 0.206 0.006 0.198 0.179 
319 COPE-0319    (0)   :  0.185 0.197 0.209 0.007 0.232 0.170 
320 COPE-0320   (14)   :  0.205 0.187 0.200 0.015 0.198 0.195 
321 COPE-0321   (14)   :  0.213 0.178 0.185 0.012 0.184 0.228 
322 COPE-0322   (14)   :  0.171 0.239 0.211 0.006 0.203 0.169 
323 COPE-0323    (0)   :  0.211 0.140 0.189 0.016 0.198 0.247 
324 COPE-0324    (0)   :  0.144 0.275 0.216 0.007 0.187 0.171 
325 COPE-0325   (14)   :  0.197 0.139 0.201 0.013 0.219 0.231 
326 COPE-0326    (0)   :  0.228 0.184 0.187 0.007 0.175 0.218 
327 COPE-0327   (14)   :  0.222 0.203 0.188 0.010 0.172 0.206 
328 COPE-0328    (0)   :  0.205 0.202 0.201 0.006 0.204 0.183 
329 COPE-0329   (28)   :  0.160 0.248 0.208 0.012 0.186 0.185 
330 COPE-0330    (0)   :  0.222 0.191 0.170 0.021 0.177 0.219 
331 COPE-0331    (0)   :  0.237 0.196 0.173 0.006 0.156 0.232 
332 COPE-0332   (14)   :  0.209 0.177 0.201 0.007 0.210 0.196 
333 COPE-0333    (0)   :  0.195 0.181 0.156 0.138 0.143 0.187 
334 COPE-0334   (28)   :  0.053 0.044 0.049 0.744 0.050 0.059 
335 COPE-0335    (0)   :  0.132 0.296 0.217 0.007 0.186 0.163 
336 COPE-0336    (0)   :  0.197 0.224 0.194 0.006 0.188 0.190 
337 COPE-0337   (28)   :  0.016 0.023 0.020 0.904 0.019 0.018 
338 COPE-0338    (0)   :  0.213 0.175 0.176 0.023 0.186 0.226 
339 COPE-0339    (0)   :  0.222 0.151 0.180 0.007 0.205 0.235 
340 COPE-0340   (14)   :  0.011 0.012 0.011 0.944 0.011 0.011 
341 COPE-0341    (0)   :  0.194 0.195 0.208 0.007 0.221 0.174 
342 COPE-0342    (0)   :  0.128 0.303 0.216 0.007 0.190 0.156 
343 COPE-0343    (0)   :  0.236 0.165 0.189 0.006 0.185 0.220 
344 COPE-0344   (14)   :  0.009 0.009 0.009 0.954 0.009 0.010 
345 COPE-0345    (0)   :  0.187 0.187 0.213 0.006 0.235 0.171 
346 COPE-0346    (0)   :  0.184 0.204 0.200 0.036 0.204 0.173 
347 COPE-0347    (0)   :  0.226 0.182 0.195 0.007 0.200 0.190 
348 COPE-0348    (0)   :  0.221 0.175 0.193 0.015 0.199 0.197 
349 COPE-0349    (0)   :  0.140 0.279 0.215 0.006 0.200 0.159 
350 COPE-0350    (0)   :  0.213 0.210 0.197 0.006 0.202 0.171 
351 COPE-0351    (0)   :  0.212 0.213 0.199 0.006 0.194 0.177 
352 COPE-0352    (0)   :  0.167 0.223 0.204 0.026 0.205 0.175 
353 COPE-0353    (0)   :  0.198 0.185 0.202 0.006 0.201 0.209 
354 COPE-0354    (0)   :  0.221 0.170 0.190 0.017 0.187 0.214 
355 COPE-0355    (0)   :  0.197 0.153 0.198 0.007 0.220 0.224 
356 COPE-0356    (0)   :  0.235 0.171 0.190 0.008 0.200 0.196 
357 COPE-0357    (0)   :  0.161 0.255 0.209 0.009 0.189 0.177 
358 COPE-0358    (0)   :  0.007 0.008 0.007 0.963 0.007 0.007 
359 COPE-0359   (14)   :  0.188 0.194 0.209 0.009 0.220 0.180 
360 COPE-0360    (0)   :  0.209 0.153 0.199 0.007 0.205 0.227 
361 COPE-0361    (0)   :  0.200 0.191 0.212 0.008 0.226 0.163 
362 COPE-0362    (0)   :  0.136 0.288 0.216 0.007 0.189 0.164 
363 COPE-0363   (14)   :  0.188 0.200 0.211 0.014 0.220 0.168 
364 COPE-0364    (0)   :  0.223 0.188 0.178 0.006 0.182 0.224 
365 COPE-0365    (0)   :  0.213 0.173 0.162 0.028 0.179 0.245 
366 COPE-0366    (0)   :  0.151 0.276 0.207 0.023 0.186 0.158 
367 COPE-0367   (14)   :  0.010 0.010 0.010 0.949 0.010 0.010 
368 COPE-0368    (0)   :  0.223 0.170 0.175 0.009 0.194 0.230 
369 COPE-0369    (0)   :  0.200 0.210 0.192 0.009 0.185 0.204 
370 COPE-0370   (28)   :  0.008 0.008 0.008 0.959 0.008 0.008 
371 COPE-0371    (0)   :  0.215 0.173 0.177 0.012 0.181 0.241 
372 COPE-0372    (0)   :  0.187 0.166 0.200 0.047 0.183 0.218 
373 COPE-0373   (14)   :  0.226 0.185 0.184 0.007 0.178 0.220 
374 COPE-0374    (0)   :  0.206 0.174 0.188 0.008 0.216 0.208 
375 COPE-0375   (14)   :  0.202 0.164 0.190 0.014 0.209 0.222 
376 COPE-0376   (14)   :  0.234 0.167 0.194 0.006 0.205 0.193 
377 COPE-0377    (0)   :  0.066 0.068 0.067 0.674 0.065 0.061 
378 COPE-0378    (0)   :  0.202 0.162 0.198 0.007 0.215 0.218 
379 COPE-0379    (0)   :  0.134 0.297 0.216 0.007 0.190 0.156 
380 COPE-0380   (28)   :  0.037 0.028 0.034 0.832 0.033 0.036 
381 COPE-0381    (0)   :  0.197 0.178 0.210 0.014 0.217 0.183 
382 COPE-0382    (0)   :  0.132 0.297 0.216 0.006 0.189 0.160 
383 COPE-0383    (0)   :  0.178 0.141 0.149 0.164 0.162 0.205 
384 COPE-0384    (0)   :  0.212 0.153 0.192 0.008 0.204 0.230 


Estimated Allele Frequencies in each cluster
First column gives estimated ancestral frequencies


Locus 1 : COPE5 
78 alleles
0.5% missing data
   1   (0.007) 0.001 0.001 0.001 0.641 0.001 0.001 
   2   (0.022) 0.023 0.022 0.025 0.022 0.025 0.021 
   3   (0.013) 0.013 0.013 0.016 0.002 0.017 0.012 
   4   (0.022) 0.023 0.029 0.026 0.002 0.027 0.023 
   5   (0.011) 0.009 0.013 0.011 0.001 0.010 0.009 
   6   (0.019) 0.016 0.021 0.019 0.007 0.019 0.015 
   7   (0.007) 0.003 0.003 0.004 0.001 0.004 0.003 
   8   (0.035) 0.095 0.073 0.086 0.002 0.088 0.100 
   9   (0.019) 0.021 0.023 0.024 0.002 0.024 0.020 
  10   (0.019) 0.021 0.020 0.019 0.001 0.020 0.021 
  11   (0.016) 0.015 0.015 0.013 0.018 0.014 0.017 
  12   (0.017) 0.026 0.024 0.022 0.001 0.020 0.026 
  13   (0.011) 0.013 0.010 0.010 0.002 0.009 0.012 
  14   (0.023) 0.029 0.028 0.026 0.002 0.026 0.028 
  15   (0.017) 0.032 0.026 0.033 0.001 0.035 0.037 
  16   (0.010) 0.007 0.006 0.006 0.001 0.006 0.006 
  17   (0.017) 0.015 0.015 0.015 0.001 0.015 0.014 
  18   (0.017) 0.011 0.017 0.015 0.008 0.014 0.012 
  19   (0.011) 0.008 0.014 0.011 0.001 0.010 0.008 
  20   (0.027) 0.059 0.049 0.049 0.002 0.049 0.060 
  21   (0.022) 0.020 0.025 0.023 0.002 0.021 0.021 
  22   (0.018) 0.014 0.017 0.016 0.009 0.015 0.014 
  23   (0.013) 0.011 0.014 0.012 0.001 0.011 0.011 
  24   (0.016) 0.021 0.015 0.018 0.001 0.019 0.020 
  25   (0.010) 0.008 0.007 0.008 0.001 0.008 0.008 
  26   (0.013) 0.009 0.010 0.010 0.001 0.009 0.008 
  27   (0.012) 0.011 0.011 0.010 0.001 0.011 0.008 
  28   (0.008) 0.002 0.003 0.002 0.021 0.003 0.002 
  29   (0.013) 0.013 0.012 0.011 0.001 0.012 0.011 
  30   (0.020) 0.020 0.021 0.020 0.005 0.020 0.020 
  31   (0.019) 0.018 0.021 0.019 0.001 0.019 0.018 
  32   (0.026) 0.037 0.046 0.038 0.002 0.036 0.040 
  33   (0.006) 0.002 0.002 0.002 0.000 0.002 0.002 
  34   (0.017) 0.021 0.019 0.018 0.001 0.018 0.022 
  35   (0.006) 0.001 0.001 0.001 0.052 0.001 0.001 
  36   (0.006) 0.002 0.002 0.002 0.000 0.002 0.002 
  37   (0.021) 0.026 0.020 0.023 0.023 0.024 0.027 
  38   (0.016) 0.013 0.012 0.012 0.009 0.013 0.011 
  39   (0.015) 0.019 0.016 0.019 0.001 0.019 0.018 
  40   (0.011) 0.008 0.013 0.011 0.001 0.010 0.008 
  41   (0.008) 0.005 0.005 0.005 0.001 0.005 0.004 
  42   (0.006) 0.002 0.002 0.002 0.000 0.002 0.002 
  43   (0.009) 0.005 0.005 0.005 0.001 0.005 0.004 
  44   (0.023) 0.027 0.026 0.028 0.002 0.030 0.025 
  45   (0.006) 0.002 0.002 0.002 0.000 0.002 0.002 
  46   (0.015) 0.019 0.017 0.017 0.001 0.016 0.021 
  47   (0.010) 0.006 0.006 0.006 0.001 0.007 0.006 
  48   (0.006) 0.002 0.003 0.002 0.000 0.002 0.002 
  49   (0.014) 0.015 0.015 0.017 0.001 0.018 0.014 
  50   (0.013) 0.010 0.013 0.012 0.002 0.013 0.010 
  51   (0.015) 0.014 0.011 0.013 0.019 0.013 0.015 
  52   (0.013) 0.014 0.012 0.011 0.001 0.011 0.013 
  53   (0.007) 0.001 0.001 0.001 0.031 0.001 0.001 
  54   (0.007) 0.001 0.001 0.001 0.073 0.001 0.001 
  55   (0.010) 0.008 0.007 0.007 0.001 0.008 0.007 
  56   (0.011) 0.011 0.009 0.011 0.001 0.010 0.012 
  57   (0.013) 0.009 0.015 0.012 0.001 0.011 0.010 
  58   (0.009) 0.007 0.006 0.006 0.001 0.006 0.005 
  59   (0.011) 0.011 0.011 0.012 0.001 0.013 0.010 
  60   (0.010) 0.008 0.007 0.008 0.001 0.008 0.009 
  61   (0.006) 0.002 0.003 0.002 0.000 0.002 0.002 
  62   (0.013) 0.012 0.011 0.012 0.001 0.012 0.012 
  63   (0.011) 0.018 0.013 0.015 0.001 0.016 0.015 
  64   (0.009) 0.005 0.005 0.005 0.001 0.005 0.005 
  65   (0.019) 0.019 0.022 0.021 0.001 0.020 0.021 
  66   (0.009) 0.010 0.008 0.009 0.001 0.009 0.010 
  67   (0.010) 0.006 0.007 0.006 0.001 0.006 0.006 
  68   (0.012) 0.009 0.015 0.012 0.001 0.011 0.009 
  69   (0.006) 0.002 0.003 0.002 0.000 0.002 0.002 
  70   (0.006) 0.002 0.002 0.002 0.000 0.002 0.002 
  71   (0.010) 0.006 0.006 0.007 0.001 0.007 0.006 
  72   (0.006) 0.002 0.002 0.002 0.000 0.002 0.002 
  73   (0.006) 0.002 0.002 0.002 0.001 0.002 0.002 
  74   (0.006) 0.002 0.002 0.002 0.000 0.002 0.002 
  75   (0.008) 0.004 0.006 0.005 0.001 0.005 0.004 
  76   (0.006) 0.002 0.002 0.002 0.000 0.002 0.002 
  77   (0.008) 0.003 0.004 0.004 0.001 0.004 0.003 
  78   (0.006) 0.002 0.002 0.002 0.000 0.002 0.002 

Locus 2 : COPE9 
12 alleles
8.3% missing data
   1   (0.412) 0.478 0.469 0.462 0.408 0.458 0.479 
   2   (0.142) 0.138 0.129 0.140 0.259 0.146 0.130 
   3   (0.050) 0.050 0.043 0.051 0.029 0.049 0.054 
   4   (0.074) 0.067 0.086 0.078 0.027 0.075 0.072 
   5   (0.037) 0.026 0.028 0.026 0.024 0.025 0.024 
   6   (0.130) 0.138 0.136 0.131 0.055 0.134 0.135 
   7   (0.039) 0.024 0.029 0.028 0.066 0.029 0.023 
   8   (0.081) 0.069 0.069 0.073 0.082 0.073 0.072 
   9   (0.011) 0.005 0.004 0.004 0.001 0.004 0.004 
  10   (0.009) 0.001 0.001 0.001 0.048 0.001 0.001 
  11   (0.008) 0.003 0.003 0.003 0.001 0.003 0.003 
  12   (0.008) 0.003 0.002 0.003 0.001 0.003 0.002 

Locus 3 : CPER26 
12 alleles
2.6% missing data
   1   (0.231) 0.237 0.234 0.232 0.138 0.231 0.237 
   2   (0.034) 0.019 0.030 0.025 0.148 0.023 0.021 
   3   (0.083) 0.073 0.090 0.084 0.008 0.084 0.070 
   4   (0.499) 0.587 0.567 0.580 0.061 0.581 0.588 
   5   (0.056) 0.045 0.040 0.041 0.298 0.041 0.047 
   6   (0.030) 0.015 0.015 0.015 0.308 0.015 0.015 
   7   (0.013) 0.006 0.006 0.006 0.001 0.006 0.005 
   8   (0.018) 0.008 0.007 0.008 0.023 0.008 0.007 
   9   (0.008) 0.002 0.002 0.002 0.004 0.002 0.002 
  10   (0.012) 0.003 0.003 0.003 0.010 0.003 0.003 
  11   (0.008) 0.002 0.003 0.002 0.001 0.002 0.002 
  12   (0.008) 0.002 0.003 0.002 0.001 0.002 0.002 

Locus 4 : CPER92 
12 alleles
6.8% missing data
   1   (0.618) 0.667 0.693 0.685 0.513 0.681 0.681 
   2   (0.115) 0.142 0.129 0.133 0.276 0.133 0.130 
   3   (0.088) 0.091 0.080 0.085 0.045 0.089 0.090 
   4   (0.015) 0.008 0.006 0.007 0.019 0.008 0.009 
   5   (0.039) 0.026 0.024 0.024 0.034 0.026 0.024 
   6   (0.035) 0.029 0.027 0.026 0.008 0.025 0.028 
   7   (0.019) 0.008 0.008 0.008 0.035 0.008 0.008 
   8   (0.012) 0.003 0.003 0.003 0.035 0.003 0.003 
   9   (0.021) 0.010 0.015 0.012 0.018 0.012 0.010 
  10   (0.017) 0.008 0.007 0.008 0.016 0.008 0.009 
  11   (0.013) 0.006 0.006 0.006 0.001 0.006 0.006 
  12   (0.008) 0.003 0.003 0.002 0.001 0.002 0.002 

Locus 5 : CPER99 
5 alleles
1.0% missing data
   1   (0.013) 0.003 0.003 0.003 0.341 0.003 0.003 
   2   (0.870) 0.932 0.934 0.929 0.090 0.928 0.931 
   3   (0.080) 0.053 0.050 0.055 0.476 0.057 0.054 
   4   (0.013) 0.003 0.003 0.003 0.030 0.003 0.003 
   5   (0.024) 0.009 0.009 0.009 0.064 0.009 0.009 

Locus 6 : CPER119 
22 alleles
5.5% missing data
   1   (0.009) 0.001 0.001 0.001 0.106 0.001 0.001 
   2   (0.079) 0.096 0.091 0.086 0.045 0.085 0.097 
   3   (0.036) 0.032 0.027 0.032 0.052 0.034 0.033 
   4   (0.008) 0.002 0.003 0.003 0.001 0.002 0.002 
   5   (0.160) 0.166 0.195 0.181 0.094 0.174 0.164 
   6   (0.070) 0.060 0.093 0.080 0.080 0.075 0.065 
   7   (0.069) 0.092 0.086 0.083 0.079 0.088 0.093 
   8   (0.083) 0.075 0.077 0.078 0.101 0.077 0.076 
   9   (0.116) 0.131 0.119 0.136 0.067 0.140 0.138 
  10   (0.061) 0.069 0.056 0.063 0.033 0.063 0.063 
  11   (0.021) 0.013 0.014 0.014 0.023 0.015 0.011 
  12   (0.085) 0.115 0.096 0.100 0.010 0.102 0.111 
  13   (0.015) 0.006 0.007 0.006 0.010 0.007 0.006 
  14   (0.028) 0.039 0.031 0.036 0.010 0.038 0.041 
  15   (0.026) 0.021 0.019 0.019 0.064 0.018 0.023 
  16   (0.022) 0.010 0.011 0.011 0.029 0.011 0.010 
  17   (0.024) 0.012 0.015 0.013 0.095 0.012 0.011 
  18   (0.017) 0.010 0.010 0.010 0.008 0.009 0.010 
  19   (0.011) 0.003 0.003 0.003 0.025 0.003 0.003 
  20   (0.037) 0.035 0.034 0.033 0.060 0.034 0.029 
  21   (0.013) 0.007 0.007 0.007 0.005 0.007 0.007 
  22   (0.010) 0.006 0.005 0.006 0.001 0.006 0.006 

Locus 7 : CPER188 
15 alleles
1.6% missing data
   1   (0.597) 0.671 0.680 0.672 0.820 0.669 0.676 
   2   (0.112) 0.100 0.104 0.103 0.091 0.104 0.098 
   3   (0.032) 0.025 0.024 0.026 0.002 0.027 0.024 
   4   (0.040) 0.032 0.032 0.032 0.003 0.032 0.031 
   5   (0.089) 0.116 0.100 0.108 0.006 0.107 0.119 
   6   (0.016) 0.007 0.006 0.006 0.008 0.006 0.006 
   7   (0.017) 0.010 0.011 0.011 0.006 0.011 0.009 
   8   (0.023) 0.011 0.014 0.013 0.008 0.013 0.011 
   9   (0.009) 0.001 0.001 0.001 0.040 0.001 0.001 
  10   (0.008) 0.001 0.001 0.001 0.010 0.001 0.001 
  11   (0.018) 0.010 0.012 0.012 0.001 0.012 0.010 
  12   (0.015) 0.007 0.007 0.007 0.001 0.007 0.007 
  13   (0.008) 0.002 0.002 0.002 0.003 0.002 0.002 
  14   (0.008) 0.003 0.002 0.003 0.001 0.003 0.003 
  15   (0.008) 0.002 0.002 0.002 0.001 0.002 0.003 

Values of parameters used in structure:
DATAFILE=../Data/microsats.structure,	OUTFILE=../Structure_Results/08_K_06.out,	NUMINDS=384,	NUMLOCI=7,	MISSING=-9,	LABEL=1,	POPDATA=0,	POPFLAG=0,	PHENOTYPE=0,	EXTRACOLS=0,	MAXPOPS=6,	BURNIN=1000000,	NUMREPS=10000000,	USEPOPINFO=0,	INFERALPHA=1,	INFERLAMBDA=0,	POPSPECIFICLAMBDA=0,	POPALPHAS=0,	COMPUTEPROB=1,	NOADMIX=0,	ADMBURNIN=500,	UPDATEFREQ=100,	PRINTLIKES=0,	INTERMEDSAVE=0,	PRINTKLD=0,	PRINTNET=1,	PRINTLAMBDA=1,	ANCESTDIST=0,	NUMBOXES=1000,	ANCESTPINT=0.90000,	GENSBACK=2,	MIGRPRIOR=0.01000,	PRINTQHAT=0,	PRINTQSUM=1,	ALPHA=1.0000,	FREQSCORR=1,	FPRIORMEAN=0.0100,	FPRIORSD=0.0500,	ONEFST=0,	LAMBDA=1.0000,	UNIFPRIORALPHA=1,	ALPHAMAX=10.0000,	ALPHAPRIORA=1.0000,	ALPHAPRIORB=2.0000,	ALPHAPROPSD=0.0250,	STARTATPOPINFO=0,	RANDOMIZE=0,	LINKAGE=0,	METROFREQ=10,	REPORTHITRATE=0,	MARKOVPHASE=-1,	PHASED=0,	PLOIDY=2,	PHASEINFO=0	LOCPRIOR=0, 	LOCPRIORINIT=1.000000, 	LOCDATA=0, 	LOCISPOP=0, 	LOCPRIORSTEP=0.100000, 	MAXLOCPRIOR=20.000000, 	SEED=28986847,	
[STRAT parameters]:    NUMSIMSTATS=1000,	PHENOTYPECOL=-9,	POOLFREQ=10,	LOCUSxONLY=0,	EMERROR=0.00100,	MISSINGPHENO=-9,	