

----------------------------------------------------
STRUCTURE by Pritchard, Stephens and Donnelly (2000)
     and Falush, Stephens and Pritchard (2003)
       Code by Pritchard, Falush and Hubisz
             Version 2.3.4 (Jul 2012)
----------------------------------------------------



Command line arguments:   /home/jason/Programs/structure -K 9 -i ../Data/microsats.structure -m Structure_Run/mainparams -e Structure_Run/extraparams -D 41561564 -o ../Structure_Results/08_K_09.out 
Input File:    ../Data/microsats.structure

Run parameters:
   384 individuals
   7 loci
   9 populations assumed
   1000000 Burn-in period
   10000000 Reps
RANDOMIZE turned off


--------------------------------------------
Overall proportion of membership of the
sample in each of the 9 clusters

Inferred Clusters
  1      2      3      4      5      6      7      8      9    
0.111  0.111  0.111  0.115  0.111  0.110  0.110  0.110  0.112  

--------------------------------------------

Allele-freq. divergence among pops (Net nucleotide distance),
computed using point estimates of P.

      1       2       3       4       5       6       7       8       9      
 1      -    0.0001  0.0001  0.1603  0.0001  0.0002  0.0001  0.0001  0.0003  
 2   0.0001     -    0.0001  0.1609  0.0000  0.0004  0.0000  0.0001  0.0000  
 3   0.0001  0.0001     -    0.1598  0.0001  0.0002  0.0001  0.0002  0.0002  
 4   0.1603  0.1609  0.1598     -    0.1602  0.1595  0.1608  0.1617  0.1608  
 5   0.0001  0.0000  0.0001  0.1602     -    0.0003  0.0000  0.0002  0.0001  
 6   0.0002  0.0004  0.0002  0.1595  0.0003     -    0.0003  0.0002  0.0006  
 7   0.0001  0.0000  0.0001  0.1608  0.0000  0.0003     -    0.0001  0.0001  
 8   0.0001  0.0001  0.0002  0.1617  0.0002  0.0002  0.0001     -    0.0003  
 9   0.0003  0.0000  0.0002  0.1608  0.0001  0.0006  0.0001  0.0003     -    

Average distances (expected heterozygosity) between individuals in same cluster:
cluster  1  : 0.6243 
cluster  2  : 0.6221 
cluster  3  : 0.6267 
cluster  4  : 0.6453 
cluster  5  : 0.6252 
cluster  6  : 0.6292 
cluster  7  : 0.6239 
cluster  8  : 0.6219 
cluster  9  : 0.6223 

--------------------------------------------
Estimated Ln Prob of Data   = -9017.8
Mean value of ln likelihood = -7809.0
Variance of ln likelihood   = 2417.7
Mean value of alpha         = 0.0477

Mean value of Fst_1         = 0.0816
Mean value of Fst_2         = 0.0805
Mean value of Fst_3         = 0.0791
Mean value of Fst_4         = 0.1802
Mean value of Fst_5         = 0.0785
Mean value of Fst_6         = 0.0802
Mean value of Fst_7         = 0.0808
Mean value of Fst_8         = 0.0834
Mean value of Fst_9         = 0.0768


Inferred ancestry of individuals:
        Label (%Miss) :  Inferred clusters
  1 COPE-0001    (0)   :  0.008 0.009 0.008 0.933 0.008 0.008 0.008 0.008 0.009 
  2 COPE-0002    (0)   :  0.121 0.115 0.131 0.011 0.130 0.144 0.123 0.113 0.110 
  3 COPE-0003    (0)   :  0.118 0.139 0.127 0.007 0.134 0.092 0.122 0.102 0.159 
  4 COPE-0004    (0)   :  0.121 0.109 0.137 0.013 0.127 0.159 0.122 0.112 0.100 
  5 COPE-0005    (0)   :  0.119 0.107 0.133 0.020 0.121 0.154 0.127 0.116 0.103 
  6 COPE-0006    (0)   :  0.123 0.124 0.124 0.018 0.126 0.111 0.123 0.122 0.128 
  7 COPE-0007    (0)   :  0.119 0.114 0.119 0.007 0.121 0.142 0.132 0.134 0.113 
  8 COPE-0008    (0)   :  0.149 0.123 0.119 0.008 0.108 0.130 0.115 0.141 0.107 
  9 COPE-0009    (0)   :  0.121 0.129 0.129 0.017 0.134 0.101 0.126 0.106 0.137 
 10 COPE-0010    (0)   :  0.115 0.122 0.123 0.007 0.120 0.140 0.119 0.128 0.126 
 11 COPE-0011   (14)   :  0.013 0.013 0.014 0.893 0.014 0.016 0.013 0.013 0.012 
 12 COPE-0012   (14)   :  0.145 0.122 0.128 0.007 0.116 0.119 0.118 0.133 0.112 
 13 COPE-0013    (0)   :  0.116 0.142 0.126 0.006 0.138 0.082 0.122 0.098 0.170 
 14 COPE-0014    (0)   :  0.113 0.125 0.110 0.009 0.137 0.115 0.131 0.138 0.122 
 15 COPE-0015    (0)   :  0.118 0.128 0.116 0.007 0.126 0.120 0.129 0.135 0.121 
 16 COPE-0016    (0)   :  0.123 0.125 0.137 0.010 0.137 0.113 0.129 0.107 0.119 
 17 COPE-0017    (0)   :  0.043 0.044 0.042 0.644 0.047 0.043 0.046 0.047 0.043 
 18 COPE-0018    (0)   :  0.130 0.129 0.124 0.008 0.125 0.105 0.124 0.120 0.135 
 19 COPE-0019    (0)   :  0.125 0.138 0.129 0.006 0.133 0.089 0.124 0.108 0.148 
 20 COPE-0020    (0)   :  0.122 0.123 0.121 0.007 0.126 0.121 0.129 0.125 0.126 
 21 COPE-0021    (0)   :  0.119 0.125 0.115 0.006 0.115 0.129 0.128 0.146 0.117 
 22 COPE-0022    (0)   :  0.152 0.128 0.120 0.007 0.108 0.125 0.115 0.135 0.111 
 23 COPE-0023    (0)   :  0.120 0.118 0.123 0.008 0.134 0.132 0.119 0.117 0.128 
 24 COPE-0024   (14)   :  0.125 0.118 0.118 0.006 0.116 0.132 0.132 0.137 0.115 
 25 COPE-0025    (0)   :  0.110 0.111 0.120 0.065 0.122 0.125 0.116 0.105 0.127 
 26 COPE-0026    (0)   :  0.119 0.121 0.120 0.005 0.122 0.138 0.125 0.130 0.118 
 27 COPE-0027    (0)   :  0.130 0.140 0.127 0.006 0.130 0.089 0.120 0.109 0.149 
 28 COPE-0028    (0)   :  0.115 0.123 0.128 0.005 0.121 0.145 0.115 0.123 0.124 
 29 COPE-0029    (0)   :  0.126 0.124 0.133 0.005 0.134 0.115 0.130 0.116 0.118 
 30 COPE-0030   (14)   :  0.030 0.030 0.031 0.754 0.031 0.033 0.031 0.031 0.030 
 31 COPE-0031    (0)   :  0.134 0.123 0.114 0.010 0.116 0.125 0.121 0.140 0.118 
 32 COPE-0032    (0)   :  0.116 0.122 0.123 0.009 0.128 0.138 0.116 0.118 0.132 
 33 COPE-0033    (0)   :  0.118 0.121 0.123 0.012 0.129 0.131 0.118 0.116 0.133 
 34 COPE-0034    (0)   :  0.125 0.110 0.130 0.010 0.125 0.148 0.125 0.121 0.107 
 35 COPE-0035   (14)   :  0.118 0.121 0.127 0.008 0.123 0.143 0.114 0.119 0.127 
 36 COPE-0036   (14)   :  0.126 0.120 0.115 0.006 0.114 0.118 0.135 0.143 0.122 
 37 COPE-0037    (0)   :  0.121 0.124 0.119 0.023 0.120 0.118 0.123 0.126 0.126 
 38 COPE-0038    (0)   :  0.132 0.126 0.111 0.007 0.115 0.131 0.121 0.138 0.119 
 39 COPE-0039    (0)   :  0.111 0.115 0.115 0.074 0.119 0.113 0.118 0.106 0.129 
 40 COPE-0040   (14)   :  0.114 0.120 0.110 0.090 0.120 0.094 0.116 0.107 0.129 
 41 COPE-0041    (0)   :  0.119 0.120 0.120 0.029 0.129 0.113 0.122 0.116 0.131 
 42 COPE-0042    (0)   :  0.110 0.130 0.123 0.011 0.128 0.131 0.113 0.116 0.137 
 43 COPE-0043    (0)   :  0.126 0.118 0.137 0.005 0.128 0.133 0.126 0.116 0.111 
 44 COPE-0044    (0)   :  0.127 0.116 0.130 0.013 0.127 0.141 0.123 0.114 0.109 
 45 COPE-0045    (0)   :  0.128 0.114 0.126 0.032 0.123 0.133 0.118 0.115 0.111 
 46 COPE-0046    (0)   :  0.027 0.029 0.028 0.779 0.029 0.024 0.028 0.025 0.031 
 47 COPE-0047    (0)   :  0.007 0.007 0.008 0.940 0.007 0.007 0.007 0.007 0.008 
 48 COPE-0048    (0)   :  0.113 0.125 0.124 0.007 0.126 0.144 0.111 0.119 0.131 
 49 COPE-0049    (0)   :  0.130 0.111 0.132 0.016 0.121 0.143 0.120 0.114 0.112 
 50 COPE-0050    (0)   :  0.116 0.139 0.128 0.007 0.136 0.099 0.123 0.100 0.152 
 51 COPE-0051    (0)   :  0.101 0.113 0.125 0.105 0.103 0.143 0.096 0.109 0.107 
 52 COPE-0052    (0)   :  0.112 0.122 0.109 0.011 0.132 0.123 0.130 0.143 0.118 
 53 COPE-0053    (0)   :  0.123 0.125 0.135 0.009 0.140 0.113 0.130 0.106 0.118 
 54 COPE-0054    (0)   :  0.130 0.126 0.117 0.005 0.108 0.113 0.135 0.151 0.116 
 55 COPE-0055    (0)   :  0.157 0.128 0.116 0.005 0.105 0.125 0.113 0.140 0.110 
 56 COPE-0056    (0)   :  0.141 0.121 0.122 0.017 0.117 0.116 0.120 0.123 0.123 
 57 COPE-0057    (0)   :  0.126 0.126 0.123 0.010 0.126 0.104 0.126 0.119 0.140 
 58 COPE-0058    (0)   :  0.130 0.112 0.129 0.009 0.122 0.134 0.126 0.117 0.119 
 59 COPE-0059    (0)   :  0.119 0.149 0.125 0.018 0.131 0.074 0.119 0.096 0.167 
 60 COPE-0060    (0)   :  0.124 0.123 0.126 0.007 0.137 0.123 0.129 0.111 0.119 
 61 COPE-0061    (0)   :  0.124 0.128 0.134 0.011 0.139 0.103 0.126 0.104 0.129 
 62 COPE-0062    (0)   :  0.114 0.125 0.109 0.009 0.119 0.123 0.129 0.152 0.119 
 63 COPE-0063    (0)   :  0.157 0.123 0.118 0.025 0.104 0.119 0.109 0.139 0.106 
 64 COPE-0064    (0)   :  0.123 0.131 0.120 0.009 0.125 0.119 0.127 0.121 0.125 
 65 COPE-0065    (0)   :  0.006 0.006 0.006 0.953 0.006 0.006 0.006 0.006 0.006 
 66 COPE-0066    (0)   :  0.107 0.128 0.125 0.016 0.124 0.139 0.108 0.117 0.135 
 67 COPE-0067   (14)   :  0.027 0.028 0.028 0.779 0.028 0.029 0.027 0.027 0.028 
 68 COPE-0068    (0)   :  0.116 0.149 0.129 0.011 0.135 0.076 0.122 0.094 0.169 
 69 COPE-0069   (14)   :  0.117 0.130 0.114 0.012 0.123 0.114 0.127 0.130 0.133 
 70 COPE-0070    (0)   :  0.122 0.110 0.144 0.011 0.119 0.158 0.119 0.110 0.107 
 71 COPE-0071    (0)   :  0.112 0.125 0.125 0.005 0.119 0.145 0.118 0.126 0.127 
 72 COPE-0072    (0)   :  0.119 0.129 0.122 0.007 0.135 0.117 0.128 0.112 0.132 
 73 COPE-0073   (14)   :  0.041 0.040 0.041 0.678 0.041 0.038 0.044 0.040 0.037 
 74 COPE-0074    (0)   :  0.119 0.120 0.124 0.009 0.125 0.139 0.115 0.120 0.128 
 75 COPE-0075    (0)   :  0.110 0.123 0.137 0.012 0.115 0.162 0.106 0.117 0.117 
 76 COPE-0076    (0)   :  0.134 0.128 0.123 0.006 0.119 0.109 0.127 0.132 0.123 
 77 COPE-0077   (14)   :  0.118 0.134 0.124 0.008 0.131 0.109 0.125 0.112 0.139 
 78 COPE-0078   (14)   :  0.128 0.110 0.132 0.008 0.115 0.151 0.125 0.127 0.105 
 79 COPE-0079    (0)   :  0.123 0.101 0.154 0.008 0.125 0.181 0.117 0.106 0.085 
 80 COPE-0080   (42)   :  0.020 0.021 0.020 0.838 0.021 0.018 0.021 0.020 0.022 
 81 COPE-0081   (14)   :  0.073 0.068 0.066 0.458 0.064 0.068 0.066 0.070 0.067 
 82 COPE-0082   (14)   :  0.125 0.115 0.124 0.045 0.110 0.136 0.108 0.125 0.112 
 83 COPE-0083   (14)   :  0.110 0.125 0.103 0.005 0.132 0.119 0.134 0.158 0.115 
 84 COPE-0084    (0)   :  0.099 0.099 0.108 0.220 0.108 0.089 0.101 0.084 0.093 
 85 COPE-0085    (0)   :  0.121 0.113 0.139 0.010 0.131 0.139 0.125 0.106 0.116 
 86 COPE-0086    (0)   :  0.123 0.118 0.129 0.020 0.120 0.124 0.120 0.121 0.124 
 87 COPE-0087   (14)   :  0.121 0.124 0.130 0.007 0.138 0.123 0.126 0.108 0.122 
 88 COPE-0088   (14)   :  0.118 0.114 0.132 0.025 0.127 0.139 0.124 0.108 0.113 
 89 COPE-0089   (14)   :  0.008 0.008 0.008 0.940 0.007 0.008 0.007 0.008 0.007 
 90 COPE-0090    (0)   :  0.151 0.125 0.118 0.008 0.109 0.124 0.114 0.137 0.115 
 91 COPE-0091   (14)   :  0.120 0.125 0.125 0.006 0.140 0.121 0.128 0.116 0.120 
 92 COPE-0092   (28)   :  0.023 0.023 0.025 0.811 0.025 0.023 0.024 0.020 0.026 
 93 COPE-0093    (0)   :  0.162 0.126 0.122 0.006 0.106 0.117 0.113 0.142 0.106 
 94 COPE-0094    (0)   :  0.120 0.100 0.146 0.029 0.123 0.175 0.116 0.106 0.084 
 95 COPE-0095    (0)   :  0.127 0.127 0.131 0.005 0.136 0.113 0.126 0.114 0.121 
 96 COPE-0096    (0)   :  0.116 0.124 0.119 0.009 0.132 0.121 0.133 0.127 0.119 
 97 COPE-0097    (0)   :  0.112 0.123 0.124 0.008 0.117 0.145 0.118 0.133 0.120 
 98 COPE-0098    (0)   :  0.135 0.122 0.112 0.009 0.113 0.132 0.121 0.143 0.113 
 99 COPE-0099    (0)   :  0.121 0.138 0.122 0.022 0.133 0.087 0.120 0.101 0.157 
100 COPE-0100    (0)   :  0.124 0.126 0.123 0.007 0.128 0.112 0.118 0.120 0.140 
101 COPE-0101    (0)   :  0.124 0.120 0.121 0.045 0.117 0.129 0.106 0.117 0.121 
102 COPE-0102    (0)   :  0.122 0.120 0.127 0.006 0.131 0.126 0.123 0.116 0.129 
103 COPE-0103    (0)   :  0.118 0.111 0.133 0.017 0.125 0.149 0.124 0.120 0.103 
104 COPE-0104   (14)   :  0.121 0.124 0.123 0.007 0.119 0.142 0.115 0.127 0.123 
105 COPE-0105    (0)   :  0.111 0.117 0.133 0.037 0.108 0.145 0.108 0.123 0.118 
106 COPE-0106    (0)   :  0.123 0.121 0.111 0.005 0.104 0.117 0.145 0.161 0.114 
107 COPE-0107    (0)   :  0.022 0.020 0.019 0.843 0.018 0.021 0.019 0.020 0.019 
108 COPE-0108    (0)   :  0.124 0.122 0.117 0.006 0.117 0.124 0.124 0.141 0.124 
109 COPE-0109    (0)   :  0.118 0.114 0.134 0.011 0.128 0.154 0.121 0.111 0.109 
110 COPE-0110   (14)   :  0.124 0.116 0.125 0.014 0.123 0.126 0.133 0.124 0.115 
111 COPE-0111    (0)   :  0.121 0.124 0.119 0.009 0.123 0.118 0.131 0.135 0.120 
112 COPE-0112   (14)   :  0.116 0.125 0.120 0.010 0.126 0.138 0.113 0.121 0.130 
113 COPE-0113    (0)   :  0.121 0.126 0.121 0.020 0.129 0.112 0.121 0.116 0.134 
114 COPE-0114    (0)   :  0.128 0.122 0.116 0.009 0.111 0.113 0.137 0.142 0.121 
115 COPE-0115    (0)   :  0.026 0.027 0.027 0.780 0.029 0.028 0.028 0.028 0.026 
116 COPE-0116   (28)   :  0.010 0.010 0.010 0.917 0.010 0.010 0.011 0.010 0.011 
117 COPE-0117    (0)   :  0.124 0.126 0.134 0.010 0.141 0.111 0.128 0.107 0.119 
118 COPE-0118    (0)   :  0.120 0.125 0.105 0.009 0.110 0.120 0.140 0.157 0.115 
119 COPE-0119    (0)   :  0.125 0.125 0.110 0.010 0.111 0.122 0.126 0.150 0.120 
120 COPE-0120    (0)   :  0.117 0.126 0.124 0.011 0.130 0.122 0.125 0.111 0.132 
121 COPE-0121    (0)   :  0.113 0.119 0.108 0.058 0.120 0.107 0.127 0.125 0.123 
122 COPE-0122    (0)   :  0.119 0.117 0.127 0.008 0.134 0.142 0.119 0.115 0.120 
123 COPE-0123    (0)   :  0.120 0.118 0.125 0.016 0.127 0.139 0.117 0.116 0.122 
124 COPE-0124    (0)   :  0.125 0.118 0.123 0.013 0.126 0.124 0.125 0.119 0.127 
125 COPE-0125    (0)   :  0.124 0.122 0.124 0.007 0.119 0.123 0.127 0.134 0.120 
126 COPE-0126    (0)   :  0.126 0.125 0.133 0.012 0.139 0.110 0.127 0.110 0.118 
127 COPE-0127   (14)   :  0.121 0.118 0.136 0.007 0.123 0.136 0.119 0.118 0.121 
128 COPE-0128    (0)   :  0.126 0.117 0.118 0.019 0.120 0.112 0.131 0.132 0.126 
129 COPE-0129    (0)   :  0.122 0.110 0.148 0.006 0.127 0.155 0.120 0.105 0.106 
130 COPE-0130    (0)   :  0.120 0.142 0.127 0.013 0.130 0.091 0.122 0.103 0.153 
131 COPE-0131   (14)   :  0.114 0.130 0.108 0.008 0.131 0.109 0.130 0.141 0.128 
132 COPE-0132   (14)   :  0.121 0.117 0.104 0.039 0.109 0.126 0.128 0.140 0.115 
133 COPE-0133    (0)   :  0.125 0.125 0.136 0.009 0.136 0.118 0.129 0.108 0.114 
134 COPE-0134    (0)   :  0.125 0.117 0.127 0.007 0.129 0.132 0.126 0.119 0.119 
135 COPE-0135    (0)   :  0.132 0.122 0.123 0.008 0.117 0.134 0.113 0.128 0.123 
136 COPE-0136    (0)   :  0.013 0.013 0.013 0.895 0.014 0.013 0.013 0.012 0.013 
137 COPE-0137    (0)   :  0.118 0.124 0.122 0.012 0.135 0.106 0.121 0.113 0.149 
138 COPE-0138   (14)   :  0.009 0.009 0.009 0.929 0.009 0.009 0.009 0.009 0.009 
139 COPE-0139    (0)   :  0.116 0.129 0.126 0.008 0.136 0.099 0.125 0.105 0.157 
140 COPE-0140   (14)   :  0.022 0.023 0.023 0.815 0.024 0.022 0.023 0.022 0.025 
141 COPE-0141    (0)   :  0.151 0.118 0.128 0.008 0.112 0.125 0.118 0.128 0.111 
142 COPE-0142    (0)   :  0.140 0.126 0.123 0.009 0.114 0.113 0.122 0.134 0.119 
143 COPE-0143    (0)   :  0.137 0.122 0.131 0.009 0.125 0.122 0.122 0.118 0.115 
144 COPE-0144   (14)   :  0.101 0.097 0.102 0.204 0.107 0.102 0.102 0.087 0.098 
145 COPE-0145   (14)   :  0.083 0.078 0.082 0.332 0.088 0.086 0.087 0.074 0.091 
146 COPE-0146   (14)   :  0.135 0.123 0.123 0.028 0.120 0.109 0.119 0.123 0.120 
147 COPE-0147    (0)   :  0.123 0.114 0.117 0.069 0.112 0.133 0.113 0.114 0.104 
148 COPE-0148    (0)   :  0.123 0.124 0.136 0.009 0.137 0.121 0.128 0.107 0.115 
149 COPE-0149    (0)   :  0.120 0.133 0.128 0.007 0.139 0.100 0.126 0.103 0.145 
150 COPE-0150    (0)   :  0.108 0.125 0.125 0.008 0.127 0.154 0.106 0.117 0.131 
151 COPE-0151    (0)   :  0.133 0.126 0.127 0.007 0.127 0.103 0.127 0.116 0.133 
152 COPE-0152   (14)   :  0.131 0.107 0.106 0.126 0.098 0.111 0.103 0.118 0.100 
153 COPE-0153    (0)   :  0.123 0.121 0.122 0.006 0.122 0.130 0.126 0.131 0.119 
154 COPE-0154    (0)   :  0.131 0.132 0.125 0.007 0.123 0.101 0.127 0.124 0.131 
155 COPE-0155    (0)   :  0.130 0.125 0.121 0.006 0.124 0.105 0.128 0.124 0.136 
156 COPE-0156   (14)   :  0.009 0.009 0.009 0.929 0.009 0.009 0.009 0.009 0.009 
157 COPE-0157   (14)   :  0.100 0.086 0.099 0.266 0.087 0.102 0.089 0.092 0.079 
158 COPE-0158    (0)   :  0.119 0.131 0.134 0.009 0.138 0.104 0.130 0.106 0.128 
159 COPE-0159    (0)   :  0.129 0.122 0.121 0.008 0.116 0.141 0.123 0.126 0.114 
160 COPE-0160    (0)   :  0.135 0.109 0.137 0.006 0.117 0.156 0.119 0.113 0.106 
161 COPE-0161    (0)   :  0.123 0.118 0.123 0.012 0.131 0.132 0.120 0.118 0.122 
162 COPE-0162   (14)   :  0.007 0.007 0.007 0.944 0.007 0.007 0.007 0.007 0.007 
163 COPE-0163   (28)   :  0.013 0.013 0.013 0.894 0.013 0.014 0.013 0.013 0.013 
164 COPE-0164    (0)   :  0.130 0.124 0.120 0.030 0.122 0.104 0.121 0.115 0.135 
165 COPE-0165    (0)   :  0.117 0.133 0.127 0.008 0.132 0.108 0.123 0.106 0.146 
166 COPE-0166   (14)   :  0.126 0.116 0.131 0.008 0.127 0.138 0.126 0.115 0.112 
167 COPE-0167    (0)   :  0.125 0.111 0.138 0.008 0.121 0.144 0.129 0.118 0.105 
168 COPE-0168    (0)   :  0.124 0.127 0.128 0.006 0.128 0.122 0.131 0.118 0.117 
169 COPE-0169    (0)   :  0.117 0.145 0.123 0.011 0.135 0.082 0.120 0.098 0.167 
170 COPE-0170    (0)   :  0.137 0.120 0.111 0.029 0.112 0.121 0.121 0.135 0.114 
171 COPE-0171    (0)   :  0.127 0.126 0.116 0.008 0.123 0.119 0.130 0.129 0.122 
172 COPE-0172    (0)   :  0.123 0.121 0.126 0.007 0.124 0.126 0.122 0.125 0.126 
173 COPE-0173   (14)   :  0.114 0.138 0.117 0.062 0.131 0.077 0.117 0.094 0.152 
174 COPE-0174   (28)   :  0.131 0.124 0.125 0.017 0.124 0.119 0.122 0.121 0.117 
175 COPE-0175    (0)   :  0.120 0.110 0.131 0.040 0.124 0.134 0.122 0.109 0.111 
176 COPE-0176    (0)   :  0.135 0.117 0.126 0.009 0.112 0.132 0.127 0.139 0.102 
177 COPE-0177    (0)   :  0.127 0.135 0.125 0.007 0.133 0.090 0.122 0.111 0.150 
178 COPE-0178    (0)   :  0.123 0.119 0.113 0.007 0.104 0.115 0.146 0.160 0.113 
179 COPE-0179    (0)   :  0.121 0.125 0.124 0.009 0.128 0.115 0.123 0.117 0.137 
180 COPE-0180   (14)   :  0.119 0.146 0.129 0.006 0.136 0.082 0.120 0.098 0.164 
181 COPE-0181   (14)   :  0.118 0.134 0.126 0.009 0.135 0.097 0.124 0.106 0.152 
182 COPE-0182    (0)   :  0.125 0.118 0.123 0.005 0.117 0.143 0.116 0.133 0.120 
183 COPE-0183    (0)   :  0.129 0.126 0.123 0.011 0.122 0.113 0.124 0.125 0.129 
184 COPE-0184    (0)   :  0.120 0.108 0.139 0.009 0.123 0.156 0.128 0.114 0.103 
185 COPE-0185    (0)   :  0.135 0.129 0.112 0.007 0.116 0.122 0.121 0.137 0.122 
186 COPE-0186    (0)   :  0.110 0.126 0.106 0.005 0.128 0.121 0.131 0.155 0.118 
187 COPE-0187    (0)   :  0.122 0.123 0.136 0.010 0.111 0.153 0.108 0.123 0.113 
188 COPE-0188    (0)   :  0.024 0.025 0.026 0.799 0.026 0.028 0.024 0.024 0.024 
189 COPE-0189    (0)   :  0.114 0.129 0.122 0.008 0.135 0.110 0.120 0.112 0.150 
190 COPE-0190    (0)   :  0.123 0.115 0.132 0.015 0.126 0.146 0.120 0.113 0.110 
191 COPE-0191    (0)   :  0.123 0.124 0.122 0.012 0.130 0.115 0.127 0.125 0.122 
192 COPE-0192   (14)   :  0.010 0.011 0.010 0.915 0.011 0.010 0.011 0.012 0.010 
193 COPE-0193    (0)   :  0.130 0.125 0.128 0.006 0.126 0.112 0.126 0.122 0.124 
194 COPE-0194    (0)   :  0.110 0.126 0.127 0.009 0.121 0.150 0.109 0.121 0.127 
195 COPE-0195    (0)   :  0.122 0.118 0.126 0.007 0.129 0.138 0.115 0.119 0.125 
196 COPE-0196    (0)   :  0.123 0.123 0.118 0.011 0.124 0.128 0.125 0.126 0.123 
197 COPE-0197    (0)   :  0.126 0.135 0.124 0.007 0.135 0.092 0.124 0.107 0.149 
198 COPE-0198    (0)   :  0.120 0.138 0.116 0.014 0.125 0.100 0.124 0.117 0.146 
199 COPE-0199    (0)   :  0.123 0.142 0.127 0.011 0.132 0.080 0.124 0.105 0.155 
200 COPE-0200   (42)   :  0.118 0.142 0.129 0.009 0.135 0.086 0.122 0.098 0.160 
201 COPE-0201    (0)   :  0.132 0.122 0.122 0.009 0.117 0.122 0.120 0.138 0.117 
202 COPE-0202    (0)   :  0.134 0.113 0.132 0.013 0.113 0.158 0.118 0.122 0.096 
203 COPE-0203    (0)   :  0.130 0.125 0.119 0.006 0.122 0.123 0.124 0.127 0.124 
204 COPE-0204    (0)   :  0.115 0.117 0.118 0.032 0.106 0.130 0.127 0.140 0.115 
205 COPE-0205    (0)   :  0.127 0.121 0.127 0.022 0.128 0.112 0.122 0.118 0.123 
206 COPE-0206    (0)   :  0.124 0.122 0.114 0.005 0.114 0.119 0.137 0.145 0.122 
207 COPE-0207    (0)   :  0.124 0.123 0.107 0.011 0.108 0.125 0.134 0.152 0.116 
208 COPE-0208    (0)   :  0.029 0.029 0.028 0.763 0.029 0.030 0.030 0.029 0.032 
209 COPE-0209    (0)   :  0.119 0.133 0.116 0.006 0.129 0.108 0.124 0.120 0.145 
210 COPE-0210    (0)   :  0.116 0.130 0.131 0.011 0.135 0.115 0.126 0.112 0.124 
211 COPE-0211    (0)   :  0.110 0.127 0.126 0.005 0.126 0.149 0.109 0.118 0.131 
212 COPE-0212    (0)   :  0.125 0.122 0.109 0.012 0.112 0.128 0.131 0.144 0.117 
213 COPE-0213    (0)   :  0.129 0.125 0.117 0.008 0.114 0.115 0.127 0.136 0.129 
214 COPE-0214    (0)   :  0.117 0.154 0.128 0.008 0.136 0.071 0.122 0.091 0.173 
215 COPE-0215    (0)   :  0.115 0.142 0.122 0.044 0.132 0.074 0.116 0.093 0.161 
216 COPE-0216   (14)   :  0.074 0.073 0.077 0.408 0.078 0.072 0.076 0.071 0.073 
217 COPE-0217    (0)   :  0.121 0.119 0.115 0.028 0.107 0.121 0.135 0.140 0.115 
218 COPE-0218    (0)   :  0.117 0.129 0.123 0.009 0.131 0.110 0.125 0.117 0.138 
219 COPE-0219   (14)   :  0.122 0.140 0.126 0.009 0.132 0.094 0.123 0.104 0.150 
220 COPE-0220    (0)   :  0.123 0.123 0.115 0.014 0.108 0.116 0.136 0.145 0.120 
221 COPE-0221    (0)   :  0.148 0.129 0.114 0.016 0.105 0.132 0.112 0.133 0.110 
222 COPE-0222    (0)   :  0.136 0.128 0.121 0.007 0.125 0.116 0.123 0.126 0.118 
223 COPE-0223    (0)   :  0.123 0.133 0.123 0.008 0.135 0.100 0.120 0.107 0.153 
224 COPE-0224    (0)   :  0.122 0.100 0.150 0.020 0.123 0.175 0.119 0.104 0.086 
225 COPE-0225    (0)   :  0.116 0.153 0.126 0.015 0.136 0.069 0.121 0.092 0.172 
226 COPE-0226    (0)   :  0.129 0.122 0.126 0.007 0.126 0.123 0.127 0.123 0.116 
227 COPE-0227    (0)   :  0.117 0.132 0.113 0.006 0.127 0.111 0.129 0.131 0.132 
228 COPE-0228    (0)   :  0.122 0.119 0.119 0.020 0.114 0.118 0.136 0.136 0.116 
229 COPE-0229    (0)   :  0.125 0.129 0.128 0.007 0.126 0.112 0.126 0.115 0.132 
230 COPE-0230    (0)   :  0.129 0.119 0.125 0.010 0.123 0.114 0.131 0.132 0.117 
231 COPE-0231    (0)   :  0.127 0.129 0.126 0.006 0.129 0.104 0.123 0.117 0.140 
232 COPE-0232    (0)   :  0.129 0.110 0.131 0.015 0.123 0.147 0.120 0.116 0.110 
233 COPE-0233    (0)   :  0.135 0.122 0.115 0.005 0.117 0.128 0.121 0.138 0.120 
234 COPE-0234    (0)   :  0.120 0.112 0.137 0.008 0.126 0.154 0.120 0.113 0.109 
235 COPE-0235    (0)   :  0.123 0.121 0.127 0.006 0.131 0.128 0.121 0.115 0.128 
236 COPE-0236    (0)   :  0.124 0.120 0.122 0.005 0.118 0.117 0.135 0.141 0.117 
237 COPE-0237    (0)   :  0.123 0.127 0.108 0.006 0.118 0.129 0.125 0.141 0.123 
238 COPE-0238    (0)   :  0.123 0.141 0.129 0.008 0.137 0.080 0.122 0.101 0.160 
239 COPE-0239    (0)   :  0.121 0.107 0.136 0.034 0.123 0.153 0.119 0.106 0.101 
240 COPE-0240    (0)   :  0.120 0.124 0.133 0.008 0.135 0.119 0.130 0.116 0.114 
241 COPE-0241    (0)   :  0.117 0.144 0.125 0.007 0.139 0.080 0.121 0.097 0.170 
242 COPE-0242    (0)   :  0.125 0.129 0.113 0.006 0.113 0.116 0.130 0.150 0.118 
243 COPE-0243    (0)   :  0.112 0.126 0.133 0.008 0.117 0.153 0.108 0.123 0.121 
244 COPE-0244    (0)   :  0.125 0.129 0.129 0.009 0.126 0.116 0.119 0.111 0.138 
245 COPE-0245    (0)   :  0.119 0.122 0.128 0.012 0.116 0.149 0.109 0.125 0.120 
246 COPE-0246    (0)   :  0.127 0.121 0.128 0.013 0.125 0.125 0.125 0.123 0.113 
247 COPE-0247    (0)   :  0.129 0.135 0.118 0.017 0.118 0.111 0.120 0.119 0.133 
248 COPE-0248    (0)   :  0.121 0.123 0.123 0.005 0.119 0.141 0.117 0.130 0.122 
249 COPE-0249    (0)   :  0.118 0.115 0.133 0.032 0.132 0.135 0.119 0.102 0.113 
250 COPE-0250    (0)   :  0.119 0.110 0.139 0.016 0.122 0.159 0.120 0.115 0.100 
251 COPE-0251   (14)   :  0.034 0.033 0.028 0.747 0.029 0.033 0.030 0.034 0.032 
252 COPE-0252    (0)   :  0.126 0.108 0.140 0.012 0.124 0.158 0.120 0.114 0.098 
253 COPE-0253    (0)   :  0.154 0.128 0.119 0.008 0.109 0.119 0.112 0.139 0.111 
254 COPE-0254    (0)   :  0.121 0.118 0.139 0.014 0.112 0.147 0.112 0.122 0.116 
255 COPE-0255    (0)   :  0.130 0.127 0.121 0.026 0.114 0.125 0.111 0.123 0.124 
256 COPE-0256    (0)   :  0.124 0.125 0.135 0.011 0.135 0.111 0.131 0.113 0.116 
257 COPE-0257    (0)   :  0.111 0.125 0.103 0.008 0.131 0.119 0.132 0.153 0.118 
258 COPE-0258    (0)   :  0.115 0.125 0.114 0.021 0.125 0.117 0.126 0.132 0.126 
259 COPE-0259    (0)   :  0.117 0.121 0.122 0.006 0.125 0.130 0.124 0.128 0.129 
260 COPE-0260    (0)   :  0.120 0.135 0.123 0.024 0.132 0.090 0.122 0.106 0.148 
261 COPE-0261    (0)   :  0.113 0.120 0.132 0.006 0.110 0.149 0.117 0.134 0.118 
262 COPE-0262    (0)   :  0.122 0.119 0.133 0.020 0.121 0.130 0.116 0.117 0.120 
263 COPE-0263    (0)   :  0.115 0.123 0.107 0.008 0.126 0.127 0.130 0.139 0.124 
264 COPE-0264    (0)   :  0.113 0.121 0.107 0.020 0.127 0.119 0.131 0.141 0.122 
265 COPE-0265    (0)   :  0.133 0.123 0.123 0.011 0.119 0.119 0.117 0.129 0.126 
266 COPE-0266    (0)   :  0.125 0.118 0.118 0.018 0.110 0.124 0.130 0.139 0.118 
267 COPE-0267    (0)   :  0.128 0.114 0.121 0.006 0.120 0.148 0.120 0.129 0.114 
268 COPE-0268    (0)   :  0.123 0.118 0.109 0.013 0.120 0.134 0.124 0.140 0.118 
269 COPE-0269    (0)   :  0.120 0.122 0.123 0.007 0.136 0.127 0.128 0.119 0.118 
270 COPE-0270    (0)   :  0.106 0.128 0.126 0.007 0.128 0.150 0.107 0.116 0.133 
271 COPE-0271    (0)   :  0.121 0.125 0.124 0.007 0.138 0.118 0.126 0.110 0.131 
272 COPE-0272    (0)   :  0.139 0.118 0.127 0.007 0.114 0.131 0.121 0.128 0.115 
273 COPE-0273    (0)   :  0.129 0.118 0.107 0.015 0.106 0.130 0.130 0.149 0.116 
274 COPE-0274   (14)   :  0.021 0.023 0.022 0.821 0.022 0.025 0.021 0.022 0.023 
275 COPE-0275    (0)   :  0.113 0.127 0.122 0.010 0.130 0.128 0.120 0.115 0.134 
276 COPE-0276   (14)   :  0.006 0.006 0.006 0.950 0.006 0.006 0.006 0.006 0.006 
277 COPE-0277   (14)   :  0.119 0.125 0.129 0.014 0.135 0.109 0.136 0.120 0.115 
278 COPE-0278    (0)   :  0.124 0.121 0.114 0.007 0.106 0.118 0.142 0.154 0.114 
279 COPE-0279    (0)   :  0.131 0.121 0.121 0.009 0.115 0.117 0.129 0.134 0.122 
280 COPE-0280    (0)   :  0.013 0.013 0.013 0.895 0.013 0.013 0.013 0.013 0.013 
281 COPE-0281    (0)   :  0.029 0.031 0.031 0.759 0.032 0.027 0.031 0.027 0.035 
282 COPE-0282   (14)   :  0.124 0.099 0.154 0.006 0.124 0.183 0.118 0.106 0.084 
283 COPE-0283    (0)   :  0.124 0.121 0.115 0.007 0.111 0.122 0.137 0.146 0.117 
284 COPE-0284   (14)   :  0.117 0.128 0.119 0.035 0.131 0.095 0.120 0.103 0.151 
285 COPE-0285    (0)   :  0.031 0.031 0.031 0.747 0.033 0.030 0.032 0.031 0.033 
286 COPE-0286    (0)   :  0.118 0.122 0.120 0.012 0.130 0.123 0.119 0.111 0.146 
287 COPE-0287    (0)   :  0.116 0.115 0.106 0.033 0.118 0.135 0.125 0.137 0.115 
288 COPE-0288    (0)   :  0.147 0.126 0.117 0.010 0.108 0.137 0.114 0.132 0.109 
289 COPE-0289    (0)   :  0.128 0.125 0.124 0.008 0.129 0.114 0.122 0.124 0.126 
290 COPE-0290    (0)   :  0.108 0.135 0.125 0.008 0.129 0.126 0.112 0.110 0.147 
291 COPE-0291    (0)   :  0.117 0.128 0.114 0.006 0.133 0.112 0.130 0.125 0.135 
292 COPE-0292   (42)   :  0.014 0.014 0.014 0.885 0.014 0.014 0.014 0.014 0.015 
293 COPE-0293    (0)   :  0.146 0.125 0.123 0.008 0.111 0.121 0.115 0.138 0.113 
294 COPE-0294    (0)   :  0.120 0.120 0.126 0.012 0.126 0.126 0.125 0.118 0.126 
295 COPE-0295    (0)   :  0.125 0.108 0.139 0.008 0.124 0.149 0.128 0.115 0.104 
296 COPE-0296   (14)   :  0.130 0.125 0.120 0.007 0.117 0.135 0.119 0.127 0.120 
297 COPE-0297   (14)   :  0.114 0.142 0.123 0.036 0.132 0.078 0.117 0.094 0.165 
298 COPE-0298    (0)   :  0.136 0.114 0.130 0.010 0.123 0.133 0.119 0.127 0.109 
299 COPE-0299    (0)   :  0.116 0.123 0.132 0.006 0.113 0.152 0.108 0.129 0.122 
300 COPE-0300   (14)   :  0.120 0.122 0.126 0.008 0.133 0.123 0.128 0.122 0.118 
301 COPE-0301   (14)   :  0.162 0.127 0.118 0.009 0.103 0.122 0.110 0.143 0.106 
302 COPE-0302    (0)   :  0.090 0.096 0.093 0.232 0.103 0.095 0.097 0.096 0.096 
303 COPE-0303    (0)   :  0.127 0.120 0.117 0.006 0.111 0.110 0.140 0.147 0.121 
304 COPE-0304    (0)   :  0.131 0.119 0.130 0.007 0.122 0.124 0.122 0.120 0.125 
305 COPE-0305   (14)   :  0.116 0.117 0.120 0.037 0.127 0.125 0.125 0.120 0.113 
306 COPE-0306    (0)   :  0.122 0.121 0.110 0.009 0.105 0.118 0.141 0.158 0.116 
307 COPE-0307   (28)   :  0.008 0.008 0.008 0.935 0.008 0.008 0.008 0.008 0.008 
308 COPE-0308    (0)   :  0.132 0.102 0.151 0.006 0.121 0.175 0.117 0.108 0.088 
309 COPE-0309   (14)   :  0.047 0.044 0.046 0.636 0.044 0.049 0.044 0.045 0.046 
310 COPE-0310   (28)   :  0.041 0.046 0.038 0.636 0.048 0.043 0.048 0.057 0.043 
311 COPE-0311    (0)   :  0.117 0.122 0.110 0.023 0.121 0.119 0.129 0.134 0.124 
312 COPE-0312   (28)   :  0.013 0.013 0.012 0.899 0.012 0.012 0.013 0.013 0.012 
313 COPE-0313    (0)   :  0.119 0.123 0.111 0.008 0.114 0.120 0.132 0.151 0.122 
314 COPE-0314    (0)   :  0.125 0.121 0.113 0.008 0.116 0.136 0.122 0.138 0.121 
315 COPE-0315    (0)   :  0.124 0.128 0.120 0.008 0.125 0.108 0.128 0.127 0.132 
316 COPE-0316    (0)   :  0.115 0.124 0.122 0.021 0.121 0.122 0.119 0.121 0.134 
317 COPE-0317   (14)   :  0.008 0.008 0.008 0.932 0.009 0.009 0.009 0.009 0.008 
318 COPE-0318    (0)   :  0.117 0.124 0.122 0.006 0.127 0.128 0.120 0.126 0.131 
319 COPE-0319    (0)   :  0.120 0.112 0.139 0.007 0.128 0.153 0.120 0.110 0.111 
320 COPE-0320   (14)   :  0.142 0.124 0.126 0.015 0.114 0.121 0.117 0.130 0.110 
321 COPE-0321   (14)   :  0.114 0.127 0.108 0.011 0.120 0.125 0.126 0.147 0.123 
322 COPE-0322   (14)   :  0.119 0.128 0.123 0.006 0.132 0.109 0.122 0.117 0.144 
323 COPE-0323    (0)   :  0.109 0.125 0.100 0.009 0.129 0.118 0.134 0.159 0.116 
324 COPE-0324    (0)   :  0.119 0.148 0.125 0.006 0.134 0.080 0.125 0.101 0.163 
325 COPE-0325   (14)   :  0.121 0.126 0.135 0.011 0.141 0.110 0.132 0.109 0.115 
326 COPE-0326    (0)   :  0.143 0.115 0.129 0.007 0.113 0.136 0.121 0.133 0.102 
327 COPE-0327   (14)   :  0.150 0.123 0.120 0.008 0.112 0.127 0.113 0.134 0.113 
328 COPE-0328    (0)   :  0.121 0.122 0.121 0.006 0.127 0.113 0.127 0.127 0.137 
329 COPE-0329   (28)   :  0.125 0.139 0.122 0.012 0.126 0.089 0.123 0.116 0.148 
330 COPE-0330    (0)   :  0.121 0.120 0.115 0.021 0.119 0.127 0.121 0.133 0.122 
331 COPE-0331    (0)   :  0.160 0.127 0.118 0.006 0.104 0.123 0.113 0.142 0.107 
332 COPE-0332   (14)   :  0.128 0.118 0.117 0.007 0.116 0.120 0.133 0.139 0.122 
333 COPE-0333    (0)   :  0.128 0.109 0.102 0.152 0.095 0.103 0.097 0.113 0.102 
334 COPE-0334   (28)   :  0.049 0.052 0.044 0.591 0.052 0.049 0.053 0.061 0.049 
335 COPE-0335    (0)   :  0.115 0.153 0.125 0.007 0.137 0.073 0.124 0.094 0.173 
336 COPE-0336    (0)   :  0.129 0.128 0.125 0.006 0.120 0.127 0.119 0.116 0.130 
337 COPE-0337   (28)   :  0.018 0.019 0.018 0.853 0.020 0.016 0.018 0.017 0.021 
338 COPE-0338    (0)   :  0.112 0.120 0.109 0.021 0.126 0.122 0.129 0.139 0.123 
339 COPE-0339    (0)   :  0.123 0.125 0.131 0.006 0.141 0.115 0.127 0.112 0.119 
340 COPE-0340   (14)   :  0.012 0.012 0.012 0.903 0.012 0.011 0.012 0.012 0.012 
341 COPE-0341    (0)   :  0.125 0.112 0.139 0.007 0.120 0.153 0.120 0.117 0.108 
342 COPE-0342    (0)   :  0.118 0.147 0.125 0.007 0.139 0.075 0.121 0.096 0.170 
343 COPE-0343    (0)   :  0.129 0.120 0.122 0.006 0.110 0.131 0.125 0.141 0.115 
344 COPE-0344   (14)   :  0.011 0.010 0.011 0.914 0.011 0.011 0.011 0.011 0.010 
345 COPE-0345    (0)   :  0.121 0.110 0.138 0.006 0.130 0.157 0.122 0.110 0.106 
346 COPE-0346    (0)   :  0.117 0.123 0.117 0.032 0.126 0.116 0.121 0.115 0.133 
347 COPE-0347    (0)   :  0.119 0.124 0.128 0.007 0.124 0.133 0.118 0.121 0.127 
348 COPE-0348    (0)   :  0.115 0.121 0.123 0.015 0.115 0.138 0.121 0.134 0.119 
349 COPE-0349    (0)   :  0.122 0.138 0.124 0.006 0.140 0.090 0.124 0.103 0.153 
350 COPE-0350    (0)   :  0.117 0.122 0.124 0.006 0.128 0.133 0.118 0.120 0.132 
351 COPE-0351    (0)   :  0.112 0.127 0.131 0.006 0.118 0.139 0.111 0.123 0.133 
352 COPE-0352    (0)   :  0.121 0.120 0.122 0.027 0.126 0.108 0.127 0.111 0.138 
353 COPE-0353    (0)   :  0.112 0.125 0.107 0.005 0.135 0.117 0.132 0.144 0.123 
354 COPE-0354    (0)   :  0.126 0.118 0.118 0.016 0.120 0.130 0.122 0.135 0.115 
355 COPE-0355    (0)   :  0.124 0.127 0.138 0.006 0.141 0.111 0.131 0.104 0.118 
356 COPE-0356    (0)   :  0.123 0.117 0.143 0.008 0.110 0.156 0.109 0.121 0.113 
357 COPE-0357    (0)   :  0.115 0.138 0.122 0.008 0.131 0.107 0.125 0.108 0.146 
358 COPE-0358    (0)   :  0.008 0.008 0.008 0.940 0.008 0.007 0.007 0.007 0.008 
359 COPE-0359   (14)   :  0.129 0.121 0.127 0.009 0.122 0.120 0.126 0.121 0.125 
360 COPE-0360    (0)   :  0.112 0.127 0.111 0.006 0.129 0.120 0.128 0.146 0.121 
361 COPE-0361    (0)   :  0.122 0.116 0.128 0.009 0.127 0.140 0.119 0.121 0.118 
362 COPE-0362    (0)   :  0.117 0.144 0.122 0.007 0.138 0.084 0.124 0.102 0.163 
363 COPE-0363   (14)   :  0.126 0.119 0.126 0.013 0.124 0.126 0.123 0.120 0.123 
364 COPE-0364    (0)   :  0.112 0.123 0.108 0.006 0.127 0.127 0.131 0.144 0.123 
365 COPE-0365    (0)   :  0.114 0.121 0.096 0.020 0.121 0.125 0.130 0.154 0.119 
366 COPE-0366    (0)   :  0.114 0.136 0.124 0.023 0.132 0.093 0.114 0.105 0.160 
367 COPE-0367   (14)   :  0.012 0.012 0.012 0.904 0.012 0.014 0.012 0.012 0.011 
368 COPE-0368    (0)   :  0.123 0.122 0.127 0.010 0.134 0.119 0.128 0.116 0.120 
369 COPE-0369    (0)   :  0.128 0.133 0.121 0.009 0.119 0.125 0.123 0.119 0.125 
370 COPE-0370   (28)   :  0.009 0.009 0.009 0.929 0.009 0.009 0.009 0.009 0.009 
371 COPE-0371    (0)   :  0.130 0.130 0.106 0.013 0.117 0.120 0.125 0.141 0.118 
372 COPE-0372    (0)   :  0.115 0.125 0.109 0.046 0.112 0.109 0.125 0.130 0.128 
373 COPE-0373   (14)   :  0.141 0.115 0.128 0.007 0.112 0.150 0.116 0.130 0.100 
374 COPE-0374    (0)   :  0.126 0.111 0.129 0.008 0.125 0.145 0.126 0.117 0.113 
375 COPE-0375   (14)   :  0.115 0.123 0.106 0.010 0.129 0.125 0.131 0.148 0.115 
376 COPE-0376   (14)   :  0.115 0.122 0.138 0.006 0.111 0.153 0.110 0.125 0.119 
377 COPE-0377    (0)   :  0.053 0.049 0.054 0.588 0.050 0.057 0.050 0.049 0.048 
378 COPE-0378    (0)   :  0.117 0.127 0.127 0.006 0.136 0.120 0.127 0.122 0.118 
379 COPE-0379    (0)   :  0.115 0.140 0.127 0.007 0.139 0.086 0.121 0.099 0.167 
380 COPE-0380   (28)   :  0.034 0.034 0.033 0.720 0.031 0.034 0.039 0.042 0.033 
381 COPE-0381    (0)   :  0.119 0.119 0.126 0.011 0.129 0.131 0.126 0.123 0.116 
382 COPE-0382    (0)   :  0.119 0.144 0.128 0.006 0.137 0.079 0.123 0.098 0.167 
383 COPE-0383    (0)   :  0.107 0.116 0.095 0.057 0.121 0.117 0.127 0.150 0.110 
384 COPE-0384    (0)   :  0.117 0.127 0.122 0.008 0.128 0.125 0.127 0.128 0.119 


Estimated Allele Frequencies in each cluster
First column gives estimated ancestral frequencies


Locus 1 : COPE5 
78 alleles
0.5% missing data
   1   (0.007) 0.001 0.001 0.001 0.688 0.001 0.001 0.001 0.001 0.001 
   2   (0.022) 0.024 0.023 0.025 0.013 0.025 0.026 0.024 0.023 0.022 
   3   (0.013) 0.014 0.013 0.016 0.001 0.015 0.017 0.014 0.013 0.012 
   4   (0.024) 0.024 0.026 0.026 0.001 0.027 0.023 0.025 0.022 0.028 
   5   (0.011) 0.010 0.011 0.010 0.001 0.010 0.008 0.010 0.009 0.012 
   6   (0.019) 0.017 0.018 0.019 0.004 0.019 0.018 0.018 0.016 0.019 
   7   (0.008) 0.003 0.003 0.004 0.001 0.004 0.004 0.004 0.003 0.003 
   8   (0.033) 0.092 0.084 0.089 0.002 0.083 0.100 0.096 0.099 0.079 
   9   (0.020) 0.022 0.021 0.022 0.001 0.022 0.022 0.022 0.021 0.022 
  10   (0.019) 0.019 0.020 0.019 0.001 0.020 0.019 0.020 0.020 0.021 
  11   (0.014) 0.014 0.015 0.013 0.014 0.015 0.016 0.015 0.017 0.015 
  12   (0.016) 0.028 0.024 0.023 0.001 0.021 0.022 0.022 0.026 0.022 
  13   (0.011) 0.013 0.011 0.011 0.001 0.010 0.011 0.010 0.012 0.009 
  14   (0.023) 0.030 0.027 0.027 0.002 0.026 0.027 0.026 0.028 0.026 
  15   (0.016) 0.032 0.033 0.035 0.001 0.036 0.029 0.034 0.029 0.031 
  16   (0.009) 0.006 0.006 0.006 0.001 0.006 0.006 0.006 0.006 0.006 
  17   (0.018) 0.014 0.015 0.014 0.001 0.014 0.015 0.015 0.015 0.015 
  18   (0.017) 0.013 0.015 0.014 0.006 0.015 0.011 0.013 0.012 0.017 
  19   (0.011) 0.010 0.011 0.010 0.001 0.011 0.007 0.010 0.008 0.013 
  20   (0.029) 0.056 0.054 0.050 0.002 0.052 0.051 0.052 0.057 0.051 
  21   (0.023) 0.022 0.023 0.022 0.001 0.023 0.020 0.022 0.020 0.023 
  22   (0.019) 0.015 0.016 0.015 0.008 0.016 0.013 0.016 0.015 0.017 
  23   (0.013) 0.012 0.012 0.012 0.001 0.012 0.009 0.011 0.011 0.013 
  24   (0.015) 0.017 0.019 0.019 0.001 0.018 0.021 0.018 0.021 0.018 
  25   (0.009) 0.009 0.008 0.008 0.001 0.007 0.008 0.007 0.008 0.007 
  26   (0.013) 0.009 0.009 0.009 0.001 0.009 0.009 0.009 0.009 0.009 
  27   (0.012) 0.009 0.009 0.010 0.001 0.010 0.011 0.009 0.009 0.010 
  28   (0.008) 0.003 0.003 0.003 0.018 0.003 0.003 0.003 0.003 0.003 
  29   (0.013) 0.011 0.011 0.012 0.001 0.011 0.013 0.010 0.011 0.011 
  30   (0.019) 0.020 0.020 0.020 0.003 0.020 0.021 0.020 0.019 0.019 
  31   (0.019) 0.018 0.019 0.019 0.001 0.020 0.017 0.019 0.018 0.020 
  32   (0.025) 0.039 0.043 0.037 0.002 0.039 0.033 0.038 0.037 0.044 
  33   (0.006) 0.002 0.002 0.002 0.000 0.002 0.002 0.002 0.002 0.002 
  34   (0.018) 0.020 0.019 0.019 0.001 0.019 0.020 0.020 0.021 0.019 
  35   (0.006) 0.001 0.001 0.001 0.055 0.001 0.001 0.001 0.001 0.001 
  36   (0.006) 0.002 0.002 0.002 0.000 0.002 0.002 0.002 0.002 0.002 
  37   (0.020) 0.024 0.025 0.024 0.016 0.026 0.025 0.026 0.027 0.024 
  38   (0.016) 0.012 0.012 0.013 0.006 0.013 0.013 0.012 0.012 0.013 
  39   (0.015) 0.019 0.018 0.018 0.001 0.017 0.019 0.021 0.022 0.018 
  40   (0.011) 0.010 0.011 0.010 0.001 0.010 0.007 0.010 0.009 0.012 
  41   (0.009) 0.004 0.005 0.005 0.001 0.005 0.005 0.004 0.005 0.005 
  42   (0.006) 0.002 0.002 0.002 0.000 0.002 0.002 0.002 0.002 0.002 
  43   (0.009) 0.005 0.005 0.005 0.001 0.005 0.005 0.005 0.005 0.005 
  44   (0.022) 0.026 0.025 0.030 0.001 0.027 0.033 0.026 0.024 0.024 
  45   (0.006) 0.002 0.002 0.002 0.000 0.002 0.002 0.002 0.002 0.002 
  46   (0.016) 0.019 0.018 0.017 0.001 0.017 0.018 0.018 0.020 0.017 
  47   (0.009) 0.006 0.006 0.007 0.001 0.006 0.007 0.006 0.006 0.006 
  48   (0.006) 0.002 0.002 0.002 0.000 0.002 0.002 0.002 0.002 0.003 
  49   (0.015) 0.015 0.015 0.016 0.001 0.017 0.017 0.016 0.015 0.015 
  50   (0.013) 0.011 0.011 0.011 0.001 0.012 0.011 0.011 0.010 0.012 
  51   (0.011) 0.013 0.015 0.012 0.007 0.015 0.014 0.015 0.018 0.014 
  52   (0.014) 0.013 0.012 0.012 0.001 0.011 0.013 0.011 0.013 0.012 
  53   (0.007) 0.001 0.001 0.001 0.032 0.001 0.001 0.001 0.001 0.001 
  54   (0.006) 0.001 0.001 0.001 0.078 0.001 0.001 0.001 0.001 0.001 
  55   (0.010) 0.007 0.008 0.008 0.001 0.007 0.009 0.007 0.007 0.008 
  56   (0.010) 0.011 0.011 0.010 0.001 0.010 0.011 0.012 0.013 0.011 
  57   (0.013) 0.011 0.013 0.011 0.001 0.012 0.009 0.011 0.010 0.014 
  58   (0.009) 0.006 0.006 0.006 0.000 0.006 0.007 0.005 0.006 0.006 
  59   (0.010) 0.012 0.010 0.014 0.001 0.012 0.016 0.011 0.010 0.009 
  60   (0.010) 0.008 0.008 0.007 0.001 0.008 0.008 0.008 0.008 0.008 
  61   (0.006) 0.002 0.002 0.002 0.000 0.002 0.002 0.002 0.002 0.002 
  62   (0.012) 0.011 0.012 0.011 0.001 0.013 0.012 0.012 0.013 0.012 
  63   (0.012) 0.015 0.015 0.017 0.001 0.014 0.019 0.014 0.016 0.015 
  64   (0.009) 0.005 0.005 0.005 0.001 0.005 0.005 0.005 0.005 0.005 
  65   (0.019) 0.020 0.021 0.019 0.001 0.020 0.018 0.021 0.021 0.022 
  66   (0.009) 0.009 0.009 0.009 0.001 0.009 0.009 0.010 0.010 0.009 
  67   (0.010) 0.006 0.006 0.006 0.001 0.006 0.007 0.006 0.006 0.007 
  68   (0.013) 0.010 0.012 0.011 0.001 0.012 0.009 0.011 0.010 0.014 
  69   (0.006) 0.002 0.002 0.002 0.000 0.002 0.002 0.002 0.002 0.002 
  70   (0.006) 0.002 0.002 0.002 0.000 0.002 0.002 0.002 0.002 0.002 
  71   (0.010) 0.007 0.006 0.007 0.001 0.006 0.006 0.006 0.006 0.006 
  72   (0.006) 0.002 0.002 0.002 0.000 0.002 0.002 0.002 0.002 0.002 
  73   (0.006) 0.002 0.002 0.002 0.000 0.002 0.002 0.002 0.002 0.002 
  74   (0.006) 0.002 0.002 0.002 0.000 0.002 0.002 0.002 0.002 0.002 
  75   (0.009) 0.004 0.005 0.005 0.001 0.005 0.005 0.005 0.004 0.005 
  76   (0.006) 0.002 0.002 0.002 0.000 0.002 0.002 0.002 0.002 0.002 
  77   (0.008) 0.003 0.004 0.003 0.001 0.004 0.003 0.004 0.003 0.004 
  78   (0.006) 0.002 0.002 0.002 0.000 0.002 0.002 0.002 0.002 0.002 

Locus 2 : COPE9 
12 alleles
8.3% missing data
   1   (0.410) 0.473 0.470 0.461 0.409 0.462 0.467 0.465 0.478 0.467 
   2   (0.142) 0.134 0.132 0.143 0.276 0.137 0.150 0.135 0.131 0.129 
   3   (0.045) 0.051 0.051 0.049 0.020 0.048 0.047 0.056 0.057 0.050 
   4   (0.073) 0.073 0.079 0.076 0.022 0.081 0.064 0.076 0.069 0.083 
   5   (0.037) 0.025 0.026 0.026 0.021 0.026 0.025 0.024 0.025 0.028 
   6   (0.134) 0.136 0.132 0.135 0.047 0.136 0.138 0.132 0.132 0.134 
   7   (0.039) 0.026 0.026 0.029 0.072 0.028 0.029 0.026 0.023 0.026 
