

----------------------------------------------------
STRUCTURE by Pritchard, Stephens and Donnelly (2000)
     and Falush, Stephens and Pritchard (2003)
       Code by Pritchard, Falush and Hubisz
             Version 2.3.4 (Jul 2012)
----------------------------------------------------



Command line arguments:   /home/jason/Programs/structure -K 7 -i ../Data/microsats.structure -m Structure_Run/mainparams -e Structure_Run/extraparams -D 90394616 -o ../Structure_Results/09_K_07.out 
Input File:    ../Data/microsats.structure

Run parameters:
   384 individuals
   7 loci
   7 populations assumed
   1000000 Burn-in period
   10000000 Reps
RANDOMIZE turned off


--------------------------------------------
Overall proportion of membership of the
sample in each of the 7 clusters

Inferred Clusters
  1      2      3      4      5      6      7    
0.146  0.122  0.146  0.147  0.146  0.147  0.146  

--------------------------------------------

Allele-freq. divergence among pops (Net nucleotide distance),
computed using point estimates of P.

      1       2       3       4       5       6       7      
 1      -    0.1513  0.0004  0.0003  0.0004  0.0007  0.0003  
 2   0.1513     -    0.1525  0.1510  0.1534  0.1531  0.1523  
 3   0.0004  0.1525     -    0.0001  0.0001  0.0001  0.0001  
 4   0.0003  0.1510  0.0001     -    0.0002  0.0004  0.0003  
 5   0.0004  0.1534  0.0001  0.0002     -    0.0002  0.0001  
 6   0.0007  0.1531  0.0001  0.0004  0.0002     -    0.0001  
 7   0.0003  0.1523  0.0001  0.0003  0.0001  0.0001     -    

Average distances (expected heterozygosity) between individuals in same cluster:
cluster  1  : 0.6302 
cluster  2  : 0.6569 
cluster  3  : 0.6225 
cluster  4  : 0.6279 
cluster  5  : 0.6204 
cluster  6  : 0.6189 
cluster  7  : 0.6223 

--------------------------------------------
Estimated Ln Prob of Data   = -8866.2
Mean value of ln likelihood = -7975.8
Variance of ln likelihood   = 1780.8
Mean value of alpha         = 0.0459

Mean value of Fst_1         = 0.0589
Mean value of Fst_2         = 0.1575
Mean value of Fst_3         = 0.0589
Mean value of Fst_4         = 0.0571
Mean value of Fst_5         = 0.0627
Mean value of Fst_6         = 0.0618
Mean value of Fst_7         = 0.0615


Inferred ancestry of individuals:
        Label (%Miss) :  Inferred clusters
  1 COPE-0001    (0)   :  0.008 0.952 0.008 0.008 0.008 0.008 0.008 
  2 COPE-0002    (0)   :  0.222 0.010 0.139 0.181 0.130 0.143 0.174 
  3 COPE-0003    (0)   :  0.096 0.006 0.185 0.164 0.157 0.215 0.177 
  4 COPE-0004    (0)   :  0.227 0.013 0.140 0.199 0.118 0.134 0.168 
  5 COPE-0005    (0)   :  0.200 0.019 0.150 0.146 0.153 0.160 0.172 
  6 COPE-0006    (0)   :  0.173 0.019 0.162 0.158 0.156 0.161 0.171 
  7 COPE-0007    (0)   :  0.187 0.007 0.153 0.143 0.170 0.168 0.172 
  8 COPE-0008    (0)   :  0.136 0.008 0.164 0.172 0.196 0.163 0.162 
  9 COPE-0009    (0)   :  0.127 0.018 0.168 0.149 0.158 0.196 0.184 
 10 COPE-0010    (0)   :  0.178 0.007 0.180 0.201 0.171 0.133 0.129 
 11 COPE-0011   (14)   :  0.018 0.919 0.012 0.016 0.011 0.011 0.013 
 12 COPE-0012   (14)   :  0.142 0.007 0.170 0.171 0.186 0.167 0.156 
 13 COPE-0013    (0)   :  0.072 0.006 0.191 0.164 0.153 0.233 0.182 
 14 COPE-0014    (0)   :  0.174 0.010 0.150 0.123 0.182 0.175 0.185 
 15 COPE-0015    (0)   :  0.173 0.007 0.159 0.140 0.185 0.163 0.173 
 16 COPE-0016    (0)   :  0.183 0.010 0.148 0.132 0.168 0.167 0.191 
 17 COPE-0017    (0)   :  0.046 0.741 0.040 0.038 0.046 0.044 0.047 
 18 COPE-0018    (0)   :  0.146 0.008 0.172 0.156 0.154 0.185 0.179 
 19 COPE-0019    (0)   :  0.099 0.006 0.184 0.155 0.162 0.214 0.180 
 20 COPE-0020    (0)   :  0.169 0.008 0.167 0.164 0.168 0.162 0.160 
 21 COPE-0021    (0)   :  0.182 0.006 0.161 0.137 0.180 0.169 0.165 
 22 COPE-0022    (0)   :  0.145 0.007 0.165 0.169 0.189 0.161 0.165 
 23 COPE-0023    (0)   :  0.219 0.008 0.148 0.207 0.128 0.136 0.154 
 24 COPE-0024   (14)   :  0.173 0.006 0.158 0.151 0.172 0.171 0.169 
 25 COPE-0025    (0)   :  0.167 0.082 0.161 0.181 0.142 0.131 0.136 
 26 COPE-0026    (0)   :  0.170 0.005 0.158 0.155 0.183 0.161 0.168 
 27 COPE-0027    (0)   :  0.088 0.006 0.186 0.164 0.166 0.214 0.176 
 28 COPE-0028    (0)   :  0.175 0.006 0.181 0.193 0.180 0.131 0.134 
 29 COPE-0029    (0)   :  0.185 0.005 0.148 0.124 0.177 0.167 0.194 
 30 COPE-0030   (14)   :  0.041 0.791 0.032 0.037 0.031 0.032 0.035 
 31 COPE-0031    (0)   :  0.153 0.010 0.160 0.155 0.188 0.164 0.171 
 32 COPE-0032    (0)   :  0.195 0.009 0.172 0.213 0.155 0.125 0.132 
 33 COPE-0033    (0)   :  0.182 0.011 0.168 0.192 0.152 0.145 0.150 
 34 COPE-0034    (0)   :  0.185 0.011 0.149 0.153 0.170 0.159 0.174 
 35 COPE-0035   (14)   :  0.175 0.008 0.184 0.205 0.165 0.131 0.132 
 36 COPE-0036   (14)   :  0.188 0.006 0.159 0.160 0.157 0.164 0.165 
 37 COPE-0037    (0)   :  0.157 0.023 0.167 0.160 0.165 0.168 0.160 
 38 COPE-0038    (0)   :  0.138 0.006 0.165 0.164 0.198 0.167 0.162 
 39 COPE-0039    (0)   :  0.137 0.109 0.151 0.158 0.136 0.156 0.152 
 40 COPE-0040   (14)   :  0.111 0.100 0.160 0.145 0.142 0.180 0.161 
 41 COPE-0041    (0)   :  0.155 0.032 0.161 0.170 0.148 0.170 0.164 
 42 COPE-0042    (0)   :  0.155 0.011 0.188 0.200 0.173 0.139 0.134 
 43 COPE-0043    (0)   :  0.208 0.005 0.144 0.171 0.148 0.148 0.175 
 44 COPE-0044    (0)   :  0.204 0.015 0.151 0.192 0.129 0.143 0.167 
 45 COPE-0045    (0)   :  0.196 0.031 0.151 0.183 0.142 0.139 0.159 
 46 COPE-0046    (0)   :  0.025 0.824 0.030 0.028 0.028 0.033 0.031 
 47 COPE-0047    (0)   :  0.007 0.956 0.007 0.007 0.007 0.007 0.007 
 48 COPE-0048    (0)   :  0.172 0.007 0.191 0.211 0.174 0.124 0.121 
 49 COPE-0049    (0)   :  0.211 0.016 0.151 0.185 0.136 0.134 0.167 
 50 COPE-0050    (0)   :  0.112 0.007 0.180 0.168 0.148 0.206 0.179 
 51 COPE-0051    (0)   :  0.168 0.105 0.167 0.188 0.155 0.109 0.108 
 52 COPE-0052    (0)   :  0.187 0.010 0.146 0.116 0.185 0.170 0.186 
 53 COPE-0053    (0)   :  0.185 0.010 0.144 0.119 0.174 0.169 0.198 
 54 COPE-0054    (0)   :  0.169 0.005 0.170 0.144 0.179 0.168 0.165 
 55 COPE-0055    (0)   :  0.133 0.005 0.166 0.170 0.200 0.164 0.162 
 56 COPE-0056    (0)   :  0.161 0.019 0.161 0.177 0.157 0.159 0.166 
 57 COPE-0057    (0)   :  0.130 0.011 0.177 0.164 0.157 0.189 0.173 
 58 COPE-0058    (0)   :  0.205 0.009 0.155 0.185 0.139 0.143 0.163 
 59 COPE-0059    (0)   :  0.076 0.019 0.191 0.153 0.154 0.228 0.179 
 60 COPE-0060    (0)   :  0.198 0.007 0.141 0.155 0.150 0.164 0.184 
 61 COPE-0061    (0)   :  0.146 0.013 0.160 0.132 0.169 0.189 0.191 
 62 COPE-0062    (0)   :  0.180 0.010 0.163 0.129 0.185 0.170 0.164 
 63 COPE-0063    (0)   :  0.136 0.028 0.161 0.171 0.191 0.158 0.155 
 64 COPE-0064    (0)   :  0.161 0.010 0.160 0.152 0.166 0.172 0.179 
 65 COPE-0065    (0)   :  0.006 0.965 0.006 0.006 0.006 0.006 0.006 
 66 COPE-0066    (0)   :  0.156 0.016 0.192 0.213 0.172 0.130 0.122 
 67 COPE-0067   (14)   :  0.028 0.840 0.028 0.030 0.027 0.023 0.024 
 68 COPE-0068    (0)   :  0.073 0.010 0.191 0.158 0.155 0.231 0.182 
 69 COPE-0069   (14)   :  0.152 0.013 0.163 0.140 0.178 0.180 0.174 
 70 COPE-0070    (0)   :  0.200 0.012 0.159 0.186 0.146 0.139 0.156 
 71 COPE-0071    (0)   :  0.168 0.004 0.186 0.201 0.180 0.134 0.126 
 72 COPE-0072    (0)   :  0.162 0.007 0.160 0.165 0.149 0.182 0.175 
 73 COPE-0073   (14)   :  0.048 0.740 0.040 0.035 0.045 0.044 0.049 
 74 COPE-0074    (0)   :  0.179 0.009 0.178 0.204 0.169 0.130 0.131 
 75 COPE-0075    (0)   :  0.187 0.013 0.184 0.213 0.169 0.115 0.117 
 76 COPE-0076    (0)   :  0.146 0.006 0.171 0.153 0.175 0.179 0.171 
 77 COPE-0077   (14)   :  0.151 0.009 0.169 0.166 0.163 0.172 0.170 
 78 COPE-0078   (14)   :  0.175 0.008 0.159 0.164 0.168 0.160 0.166 
 79 COPE-0079    (0)   :  0.252 0.009 0.134 0.209 0.106 0.124 0.166 
 80 COPE-0080   (42)   :  0.019 0.871 0.022 0.021 0.021 0.023 0.022 
 81 COPE-0081   (14)   :  0.079 0.487 0.087 0.087 0.092 0.085 0.083 
 82 COPE-0082   (14)   :  0.169 0.047 0.174 0.188 0.166 0.131 0.125 
 83 COPE-0083   (14)   :  0.186 0.006 0.146 0.110 0.194 0.172 0.186 
 84 COPE-0084    (0)   :  0.142 0.250 0.113 0.099 0.128 0.121 0.146 
 85 COPE-0085    (0)   :  0.191 0.010 0.159 0.180 0.138 0.155 0.167 
 86 COPE-0086    (0)   :  0.186 0.021 0.166 0.176 0.156 0.142 0.152 
 87 COPE-0087   (14)   :  0.193 0.007 0.151 0.156 0.155 0.158 0.180 
 88 COPE-0088   (14)   :  0.196 0.024 0.150 0.155 0.146 0.153 0.175 
 89 COPE-0089   (14)   :  0.007 0.956 0.007 0.008 0.007 0.007 0.007 
 90 COPE-0090    (0)   :  0.136 0.008 0.166 0.169 0.195 0.163 0.163 
 91 COPE-0091   (14)   :  0.192 0.006 0.143 0.143 0.165 0.164 0.187 
 92 COPE-0092   (28)   :  0.024 0.849 0.026 0.027 0.022 0.026 0.025 
 93 COPE-0093    (0)   :  0.140 0.006 0.165 0.171 0.195 0.162 0.160 
 94 COPE-0094    (0)   :  0.247 0.032 0.129 0.206 0.103 0.121 0.162 
 95 COPE-0095    (0)   :  0.177 0.005 0.149 0.129 0.182 0.168 0.190 
 96 COPE-0096    (0)   :  0.186 0.009 0.152 0.128 0.177 0.164 0.184 
 97 COPE-0097    (0)   :  0.176 0.008 0.183 0.175 0.184 0.141 0.134 
 98 COPE-0098    (0)   :  0.149 0.008 0.160 0.162 0.192 0.162 0.167 
 99 COPE-0099    (0)   :  0.093 0.021 0.185 0.165 0.152 0.212 0.173 
100 COPE-0100    (0)   :  0.132 0.007 0.178 0.172 0.172 0.180 0.158 
101 COPE-0101    (0)   :  0.155 0.045 0.174 0.192 0.167 0.131 0.136 
102 COPE-0102    (0)   :  0.179 0.006 0.165 0.181 0.151 0.158 0.160 
103 COPE-0103    (0)   :  0.213 0.018 0.148 0.173 0.137 0.146 0.166 
104 COPE-0104   (14)   :  0.163 0.007 0.187 0.194 0.180 0.139 0.130 
105 COPE-0105    (0)   :  0.171 0.037 0.182 0.187 0.175 0.131 0.117 
106 COPE-0106    (0)   :  0.176 0.005 0.165 0.131 0.174 0.180 0.169 
107 COPE-0107    (0)   :  0.018 0.887 0.018 0.020 0.020 0.018 0.019 
108 COPE-0108    (0)   :  0.160 0.006 0.169 0.155 0.185 0.162 0.162 
109 COPE-0109    (0)   :  0.211 0.012 0.146 0.200 0.126 0.140 0.165 
110 COPE-0110   (14)   :  0.179 0.014 0.159 0.147 0.161 0.169 0.171 
111 COPE-0111    (0)   :  0.175 0.009 0.155 0.136 0.171 0.174 0.179 
112 COPE-0112   (14)   :  0.164 0.011 0.182 0.199 0.173 0.138 0.132 
113 COPE-0113    (0)   :  0.133 0.023 0.172 0.172 0.159 0.179 0.162 
114 COPE-0114    (0)   :  0.161 0.010 0.170 0.145 0.168 0.178 0.168 
115 COPE-0115    (0)   :  0.029 0.849 0.023 0.021 0.026 0.025 0.027 
116 COPE-0116   (28)   :  0.009 0.942 0.010 0.010 0.009 0.010 0.010 
117 COPE-0117    (0)   :  0.187 0.012 0.143 0.121 0.173 0.167 0.198 
118 COPE-0118    (0)   :  0.174 0.009 0.160 0.127 0.179 0.177 0.174 
119 COPE-0119    (0)   :  0.160 0.010 0.169 0.146 0.183 0.166 0.166 
120 COPE-0120    (0)   :  0.168 0.012 0.163 0.185 0.146 0.162 0.163 
121 COPE-0121    (0)   :  0.157 0.062 0.155 0.130 0.166 0.164 0.167 
122 COPE-0122    (0)   :  0.219 0.008 0.149 0.203 0.126 0.138 0.157 
123 COPE-0123    (0)   :  0.218 0.015 0.152 0.208 0.130 0.129 0.148 
124 COPE-0124    (0)   :  0.206 0.013 0.149 0.190 0.130 0.148 0.164 
125 COPE-0125    (0)   :  0.168 0.007 0.185 0.173 0.177 0.150 0.141 
126 COPE-0126    (0)   :  0.183 0.013 0.143 0.120 0.180 0.166 0.195 
127 COPE-0127   (14)   :  0.179 0.007 0.174 0.171 0.168 0.154 0.147 
128 COPE-0128    (0)   :  0.172 0.020 0.163 0.163 0.154 0.162 0.165 
129 COPE-0129    (0)   :  0.211 0.007 0.151 0.196 0.122 0.149 0.164 
130 COPE-0130    (0)   :  0.101 0.012 0.182 0.157 0.158 0.210 0.179 
131 COPE-0131   (14)   :  0.153 0.010 0.165 0.132 0.181 0.188 0.171 
132 COPE-0132   (14)   :  0.154 0.036 0.153 0.139 0.183 0.172 0.163 
133 COPE-0133    (0)   :  0.196 0.010 0.141 0.128 0.166 0.162 0.197 
134 COPE-0134    (0)   :  0.194 0.007 0.156 0.183 0.141 0.157 0.161 
135 COPE-0135    (0)   :  0.179 0.009 0.174 0.198 0.170 0.133 0.137 
136 COPE-0136    (0)   :  0.012 0.925 0.013 0.013 0.012 0.013 0.013 
137 COPE-0137    (0)   :  0.126 0.013 0.176 0.174 0.154 0.189 0.168 
138 COPE-0138   (14)   :  0.008 0.952 0.008 0.008 0.008 0.008 0.008 
139 COPE-0139    (0)   :  0.112 0.008 0.179 0.166 0.157 0.201 0.175 
140 COPE-0140   (14)   :  0.020 0.872 0.022 0.022 0.021 0.022 0.021 
141 COPE-0141    (0)   :  0.161 0.008 0.164 0.175 0.177 0.154 0.161 
142 COPE-0142    (0)   :  0.153 0.009 0.167 0.164 0.176 0.165 0.166 
143 COPE-0143    (0)   :  0.182 0.009 0.153 0.159 0.167 0.151 0.179 
144 COPE-0144   (14)   :  0.128 0.320 0.107 0.118 0.095 0.109 0.122 
145 COPE-0145   (14)   :  0.110 0.399 0.098 0.112 0.087 0.097 0.097 
146 COPE-0146   (14)   :  0.163 0.030 0.162 0.140 0.172 0.163 0.171 
147 COPE-0147    (0)   :  0.200 0.064 0.135 0.184 0.128 0.130 0.159 
148 COPE-0148    (0)   :  0.193 0.009 0.143 0.127 0.170 0.163 0.195 
149 COPE-0149    (0)   :  0.115 0.007 0.176 0.155 0.156 0.208 0.183 
150 COPE-0150    (0)   :  0.175 0.008 0.193 0.223 0.175 0.114 0.111 
151 COPE-0151    (0)   :  0.142 0.007 0.169 0.155 0.170 0.182 0.175 
152 COPE-0152   (14)   :  0.137 0.122 0.143 0.156 0.161 0.137 0.145 
153 COPE-0153    (0)   :  0.172 0.006 0.160 0.164 0.168 0.161 0.169 
154 COPE-0154    (0)   :  0.135 0.006 0.175 0.146 0.168 0.191 0.178 
155 COPE-0155    (0)   :  0.147 0.006 0.171 0.168 0.161 0.179 0.168 
156 COPE-0156   (14)   :  0.009 0.948 0.009 0.009 0.009 0.009 0.009 
157 COPE-0157   (14)   :  0.119 0.303 0.115 0.125 0.118 0.106 0.114 
158 COPE-0158    (0)   :  0.160 0.009 0.154 0.132 0.167 0.182 0.197 
159 COPE-0159    (0)   :  0.164 0.007 0.155 0.164 0.180 0.162 0.167 
160 COPE-0160    (0)   :  0.209 0.006 0.152 0.192 0.143 0.139 0.159 
161 COPE-0161    (0)   :  0.198 0.011 0.156 0.192 0.142 0.146 0.155 
162 COPE-0162   (14)   :  0.007 0.959 0.007 0.007 0.007 0.007 0.007 
163 COPE-0163   (28)   :  0.014 0.921 0.013 0.013 0.013 0.013 0.013 
164 COPE-0164    (0)   :  0.137 0.034 0.172 0.151 0.157 0.177 0.172 
165 COPE-0165    (0)   :  0.134 0.008 0.174 0.170 0.154 0.190 0.170 
166 COPE-0166   (14)   :  0.212 0.008 0.148 0.184 0.133 0.150 0.165 
167 COPE-0167    (0)   :  0.210 0.008 0.155 0.169 0.136 0.154 0.170 
168 COPE-0168    (0)   :  0.180 0.006 0.148 0.138 0.177 0.166 0.185 
169 COPE-0169    (0)   :  0.076 0.012 0.188 0.158 0.155 0.229 0.182 
170 COPE-0170    (0)   :  0.164 0.036 0.155 0.156 0.177 0.156 0.156 
171 COPE-0171    (0)   :  0.169 0.009 0.157 0.137 0.184 0.167 0.178 
172 COPE-0172    (0)   :  0.174 0.006 0.166 0.164 0.176 0.153 0.160 
173 COPE-0173   (14)   :  0.085 0.068 0.176 0.152 0.141 0.209 0.169 
174 COPE-0174   (28)   :  0.180 0.020 0.156 0.162 0.156 0.154 0.172 
175 COPE-0175    (0)   :  0.202 0.040 0.145 0.152 0.145 0.145 0.172 
176 COPE-0176    (0)   :  0.176 0.010 0.159 0.158 0.170 0.164 0.164 
177 COPE-0177    (0)   :  0.101 0.007 0.182 0.156 0.157 0.215 0.182 
178 COPE-0178    (0)   :  0.178 0.008 0.167 0.137 0.171 0.177 0.162 
179 COPE-0179    (0)   :  0.158 0.009 0.171 0.181 0.155 0.165 0.161 
180 COPE-0180   (14)   :  0.084 0.006 0.190 0.166 0.152 0.224 0.177 
181 COPE-0181   (14)   :  0.108 0.009 0.180 0.166 0.151 0.210 0.176 
182 COPE-0182    (0)   :  0.153 0.005 0.168 0.173 0.193 0.157 0.151 
183 COPE-0183    (0)   :  0.163 0.011 0.165 0.157 0.161 0.170 0.172 
184 COPE-0184    (0)   :  0.202 0.009 0.149 0.152 0.157 0.161 0.170 
185 COPE-0185    (0)   :  0.134 0.006 0.167 0.156 0.193 0.177 0.167 
186 COPE-0186    (0)   :  0.181 0.006 0.155 0.125 0.191 0.169 0.174 
187 COPE-0187    (0)   :  0.182 0.010 0.183 0.203 0.174 0.125 0.123 
188 COPE-0188    (0)   :  0.024 0.866 0.023 0.026 0.022 0.019 0.020 
189 COPE-0189    (0)   :  0.130 0.009 0.185 0.177 0.160 0.179 0.160 
190 COPE-0190    (0)   :  0.221 0.015 0.147 0.201 0.127 0.132 0.158 
191 COPE-0191    (0)   :  0.163 0.013 0.160 0.151 0.164 0.175 0.174 
192 COPE-0192   (14)   :  0.010 0.940 0.010 0.009 0.010 0.010 0.010 
193 COPE-0193    (0)   :  0.167 0.006 0.162 0.140 0.173 0.169 0.181 
194 COPE-0194    (0)   :  0.175 0.009 0.189 0.213 0.178 0.118 0.117 
195 COPE-0195    (0)   :  0.184 0.007 0.171 0.198 0.163 0.133 0.144 
196 COPE-0196    (0)   :  0.185 0.011 0.164 0.180 0.162 0.146 0.153 
197 COPE-0197    (0)   :  0.110 0.007 0.180 0.164 0.154 0.208 0.177 
198 COPE-0198    (0)   :  0.116 0.013 0.175 0.152 0.179 0.197 0.168 
199 COPE-0199    (0)   :  0.079 0.010 0.188 0.157 0.154 0.229 0.182 
200 COPE-0200   (42)   :  0.087 0.009 0.186 0.158 0.154 0.224 0.182 
201 COPE-0201    (0)   :  0.154 0.009 0.167 0.154 0.186 0.167 0.163 
202 COPE-0202    (0)   :  0.185 0.014 0.148 0.186 0.158 0.144 0.165 
203 COPE-0203    (0)   :  0.159 0.006 0.161 0.161 0.174 0.172 0.168 
204 COPE-0204    (0)   :  0.172 0.036 0.172 0.172 0.170 0.146 0.132 
205 COPE-0205    (0)   :  0.165 0.022 0.158 0.150 0.174 0.157 0.174 
206 COPE-0206    (0)   :  0.175 0.005 0.169 0.143 0.175 0.169 0.164 
207 COPE-0207    (0)   :  0.171 0.011 0.162 0.131 0.182 0.176 0.167 
208 COPE-0208    (0)   :  0.025 0.836 0.028 0.029 0.028 0.028 0.027 
209 COPE-0209    (0)   :  0.128 0.007 0.180 0.160 0.169 0.189 0.167 
210 COPE-0210    (0)   :  0.171 0.012 0.154 0.139 0.175 0.165 0.185 
211 COPE-0211    (0)   :  0.168 0.005 0.195 0.217 0.175 0.122 0.117 
212 COPE-0212    (0)   :  0.166 0.012 0.157 0.140 0.182 0.172 0.171 
213 COPE-0213    (0)   :  0.166 0.008 0.170 0.167 0.166 0.164 0.158 
214 COPE-0214    (0)   :  0.073 0.008 0.194 0.159 0.154 0.233 0.180 
215 COPE-0215    (0)   :  0.073 0.037 0.185 0.157 0.147 0.225 0.176 
216 COPE-0216   (14)   :  0.098 0.480 0.081 0.082 0.083 0.083 0.091 
217 COPE-0217    (0)   :  0.173 0.027 0.161 0.136 0.166 0.171 0.166 
218 COPE-0218    (0)   :  0.149 0.009 0.167 0.151 0.171 0.180 0.173 
219 COPE-0219   (14)   :  0.100 0.009 0.182 0.159 0.158 0.213 0.179 
220 COPE-0220    (0)   :  0.168 0.015 0.168 0.140 0.164 0.179 0.165 
221 COPE-0221    (0)   :  0.137 0.014 0.165 0.171 0.195 0.161 0.156 
222 COPE-0222    (0)   :  0.161 0.007 0.152 0.141 0.192 0.166 0.183 
223 COPE-0223    (0)   :  0.125 0.008 0.176 0.175 0.143 0.199 0.174 
224 COPE-0224    (0)   :  0.241 0.021 0.136 0.196 0.111 0.129 0.166 
225 COPE-0225    (0)   :  0.069 0.015 0.194 0.155 0.152 0.234 0.180 
226 COPE-0226    (0)   :  0.181 0.008 0.154 0.158 0.165 0.160 0.175 
227 COPE-0227    (0)   :  0.151 0.006 0.167 0.143 0.175 0.184 0.174 
228 COPE-0228    (0)   :  0.175 0.026 0.161 0.155 0.153 0.164 0.168 
229 COPE-0229    (0)   :  0.147 0.007 0.168 0.163 0.162 0.180 0.174 
230 COPE-0230    (0)   :  0.174 0.010 0.168 0.161 0.169 0.159 0.160 
231 COPE-0231    (0)   :  0.123 0.006 0.180 0.165 0.164 0.193 0.169 
232 COPE-0232    (0)   :  0.214 0.014 0.146 0.195 0.128 0.138 0.164 
233 COPE-0233    (0)   :  0.150 0.005 0.163 0.161 0.188 0.165 0.169 
234 COPE-0234    (0)   :  0.239 0.008 0.141 0.205 0.117 0.130 0.161 
235 COPE-0235    (0)   :  0.201 0.006 0.152 0.195 0.128 0.152 0.166 
236 COPE-0236    (0)   :  0.174 0.005 0.178 0.158 0.177 0.157 0.152 
237 COPE-0237    (0)   :  0.139 0.006 0.165 0.161 0.193 0.172 0.165 
238 COPE-0238    (0)   :  0.077 0.007 0.189 0.154 0.155 0.233 0.185 
239 COPE-0239    (0)   :  0.218 0.034 0.140 0.180 0.125 0.136 0.166 
240 COPE-0240    (0)   :  0.193 0.008 0.143 0.124 0.175 0.164 0.193 
241 COPE-0241    (0)   :  0.071 0.007 0.191 0.162 0.153 0.234 0.182 
242 COPE-0242    (0)   :  0.174 0.006 0.165 0.138 0.178 0.165 0.173 
243 COPE-0243    (0)   :  0.188 0.008 0.182 0.209 0.167 0.123 0.123 
244 COPE-0244    (0)   :  0.153 0.009 0.172 0.172 0.152 0.174 0.168 
245 COPE-0245    (0)   :  0.173 0.013 0.180 0.201 0.178 0.128 0.126 
246 COPE-0246    (0)   :  0.204 0.014 0.151 0.171 0.144 0.147 0.170 
247 COPE-0247    (0)   :  0.122 0.017 0.171 0.157 0.180 0.185 0.168 
248 COPE-0248    (0)   :  0.163 0.005 0.180 0.181 0.184 0.148 0.138 
249 COPE-0249    (0)   :  0.195 0.033 0.150 0.187 0.119 0.150 0.166 
250 COPE-0250    (0)   :  0.232 0.016 0.142 0.196 0.122 0.136 0.155 
251 COPE-0251   (14)   :  0.027 0.806 0.032 0.031 0.037 0.034 0.032 
252 COPE-0252    (0)   :  0.235 0.012 0.139 0.196 0.123 0.131 0.163 
253 COPE-0253    (0)   :  0.133 0.008 0.167 0.172 0.194 0.167 0.160 
254 COPE-0254    (0)   :  0.183 0.013 0.178 0.186 0.171 0.139 0.129 
255 COPE-0255    (0)   :  0.138 0.028 0.172 0.180 0.182 0.155 0.146 
256 COPE-0256    (0)   :  0.187 0.011 0.146 0.121 0.172 0.169 0.194 
257 COPE-0257    (0)   :  0.189 0.008 0.154 0.126 0.184 0.167 0.172 
258 COPE-0258    (0)   :  0.165 0.024 0.166 0.148 0.172 0.164 0.161 
259 COPE-0259    (0)   :  0.172 0.006 0.175 0.183 0.175 0.143 0.146 
260 COPE-0260    (0)   :  0.097 0.024 0.180 0.154 0.154 0.214 0.177 
261 COPE-0261    (0)   :  0.179 0.006 0.186 0.190 0.179 0.138 0.122 
262 COPE-0262    (0)   :  0.184 0.024 0.171 0.181 0.159 0.136 0.146 
263 COPE-0263    (0)   :  0.166 0.009 0.155 0.139 0.181 0.175 0.175 
264 COPE-0264    (0)   :  0.176 0.023 0.166 0.145 0.172 0.160 0.158 
265 COPE-0265    (0)   :  0.137 0.010 0.170 0.169 0.190 0.169 0.155 
266 COPE-0266    (0)   :  0.185 0.019 0.163 0.163 0.160 0.156 0.155 
267 COPE-0267    (0)   :  0.155 0.006 0.160 0.170 0.184 0.163 0.163 
268 COPE-0268    (0)   :  0.149 0.013 0.160 0.160 0.189 0.164 0.165 
269 COPE-0269    (0)   :  0.208 0.007 0.142 0.157 0.150 0.154 0.183 
270 COPE-0270    (0)   :  0.166 0.007 0.194 0.218 0.172 0.124 0.119 
271 COPE-0271    (0)   :  0.170 0.008 0.156 0.167 0.149 0.175 0.175 
272 COPE-0272    (0)   :  0.182 0.007 0.160 0.179 0.162 0.148 0.163 
273 COPE-0273    (0)   :  0.151 0.014 0.160 0.149 0.189 0.175 0.161 
274 COPE-0274   (14)   :  0.021 0.879 0.022 0.023 0.021 0.017 0.017 
275 COPE-0275    (0)   :  0.180 0.011 0.175 0.193 0.146 0.150 0.145 
276 COPE-0276   (14)   :  0.006 0.964 0.006 0.006 0.006 0.006 0.006 
277 COPE-0277   (14)   :  0.182 0.014 0.149 0.126 0.175 0.164 0.190 
278 COPE-0278    (0)   :  0.179 0.007 0.164 0.132 0.167 0.180 0.171 
279 COPE-0279    (0)   :  0.192 0.008 0.158 0.168 0.153 0.154 0.166 
280 COPE-0280    (0)   :  0.013 0.922 0.013 0.013 0.013 0.013 0.013 
281 COPE-0281    (0)   :  0.023 0.840 0.028 0.028 0.024 0.029 0.027 
282 COPE-0282   (14)   :  0.249 0.007 0.136 0.208 0.109 0.126 0.166 
283 COPE-0283    (0)   :  0.180 0.007 0.161 0.134 0.169 0.175 0.173 
284 COPE-0284   (14)   :  0.105 0.036 0.175 0.161 0.146 0.206 0.170 
285 COPE-0285    (0)   :  0.030 0.807 0.033 0.030 0.033 0.034 0.033 
286 COPE-0286    (0)   :  0.156 0.014 0.176 0.191 0.155 0.157 0.151 
287 COPE-0287    (0)   :  0.155 0.043 0.150 0.149 0.181 0.160 0.161 
288 COPE-0288    (0)   :  0.147 0.010 0.164 0.174 0.189 0.161 0.156 
289 COPE-0289    (0)   :  0.151 0.008 0.162 0.148 0.181 0.175 0.174 
290 COPE-0290    (0)   :  0.135 0.008 0.197 0.200 0.166 0.155 0.138 
291 COPE-0291    (0)   :  0.150 0.006 0.172 0.152 0.168 0.182 0.170 
292 COPE-0292   (42)   :  0.014 0.917 0.014 0.014 0.013 0.014 0.014 
293 COPE-0293    (0)   :  0.149 0.008 0.172 0.173 0.193 0.157 0.149 
294 COPE-0294    (0)   :  0.190 0.011 0.155 0.184 0.136 0.157 0.167 
295 COPE-0295    (0)   :  0.191 0.008 0.154 0.161 0.157 0.163 0.166 
296 COPE-0296   (14)   :  0.161 0.007 0.169 0.171 0.180 0.156 0.155 
297 COPE-0297   (14)   :  0.075 0.035 0.186 0.158 0.149 0.221 0.176 
298 COPE-0298    (0)   :  0.202 0.011 0.153 0.190 0.144 0.142 0.159 
299 COPE-0299    (0)   :  0.172 0.006 0.190 0.208 0.183 0.123 0.118 
300 COPE-0300   (14)   :  0.181 0.008 0.148 0.134 0.175 0.168 0.186 
301 COPE-0301   (14)   :  0.134 0.010 0.164 0.173 0.198 0.162 0.159 
302 COPE-0302    (0)   :  0.126 0.281 0.110 0.097 0.131 0.123 0.132 
303 COPE-0303    (0)   :  0.175 0.006 0.165 0.153 0.158 0.174 0.169 
304 COPE-0304    (0)   :  0.166 0.007 0.168 0.163 0.164 0.165 0.167 
305 COPE-0305   (14)   :  0.201 0.042 0.139 0.169 0.136 0.143 0.170 
306 COPE-0306    (0)   :  0.175 0.009 0.170 0.132 0.177 0.174 0.163 
307 COPE-0307   (28)   :  0.008 0.952 0.008 0.008 0.008 0.008 0.008 
308 COPE-0308    (0)   :  0.231 0.006 0.141 0.203 0.125 0.132 0.161 
309 COPE-0309   (14)   :  0.060 0.675 0.052 0.062 0.051 0.048 0.052 
310 COPE-0310   (28)   :  0.047 0.747 0.039 0.032 0.047 0.044 0.044 
311 COPE-0311    (0)   :  0.172 0.023 0.160 0.140 0.171 0.163 0.172 
312 COPE-0312   (28)   :  0.012 0.932 0.011 0.011 0.011 0.011 0.011 
313 COPE-0313    (0)   :  0.170 0.009 0.173 0.143 0.179 0.168 0.158 
314 COPE-0314    (0)   :  0.152 0.008 0.164 0.166 0.192 0.160 0.159 
315 COPE-0315    (0)   :  0.136 0.008 0.173 0.155 0.162 0.192 0.174 
316 COPE-0316    (0)   :  0.151 0.023 0.182 0.186 0.164 0.154 0.140 
317 COPE-0317   (14)   :  0.009 0.951 0.008 0.008 0.008 0.008 0.008 
318 COPE-0318    (0)   :  0.165 0.006 0.173 0.187 0.159 0.159 0.151 
319 COPE-0319    (0)   :  0.211 0.007 0.147 0.188 0.132 0.146 0.168 
320 COPE-0320   (14)   :  0.173 0.015 0.161 0.170 0.163 0.152 0.166 
321 COPE-0321   (14)   :  0.163 0.011 0.171 0.150 0.183 0.164 0.158 
322 COPE-0322   (14)   :  0.143 0.006 0.174 0.175 0.152 0.183 0.167 
323 COPE-0323    (0)   :  0.183 0.013 0.149 0.112 0.192 0.171 0.180 
324 COPE-0324    (0)   :  0.086 0.007 0.189 0.155 0.158 0.224 0.183 
325 COPE-0325   (14)   :  0.186 0.012 0.140 0.116 0.176 0.169 0.201 
326 COPE-0326    (0)   :  0.164 0.007 0.162 0.170 0.176 0.164 0.158 
327 COPE-0327   (14)   :  0.151 0.009 0.163 0.181 0.184 0.155 0.157 
328 COPE-0328    (0)   :  0.162 0.006 0.172 0.176 0.162 0.163 0.159 
329 COPE-0329   (28)   :  0.103 0.012 0.186 0.152 0.159 0.212 0.175 
330 COPE-0330    (0)   :  0.156 0.023 0.165 0.167 0.184 0.150 0.156 
331 COPE-0331    (0)   :  0.131 0.006 0.166 0.172 0.201 0.164 0.161 
332 COPE-0332   (14)   :  0.187 0.007 0.161 0.162 0.159 0.160 0.164 
333 COPE-0333    (0)   :  0.111 0.146 0.145 0.150 0.166 0.145 0.137 
334 COPE-0334   (28)   :  0.056 0.683 0.050 0.044 0.059 0.055 0.054 
335 COPE-0335    (0)   :  0.073 0.007 0.194 0.157 0.155 0.232 0.181 
336 COPE-0336    (0)   :  0.154 0.006 0.169 0.180 0.171 0.163 0.158 
337 COPE-0337   (28)   :  0.015 0.885 0.020 0.019 0.019 0.023 0.020 
338 COPE-0338    (0)   :  0.165 0.025 0.161 0.140 0.182 0.161 0.165 
339 COPE-0339    (0)   :  0.188 0.007 0.141 0.119 0.181 0.167 0.198 
340 COPE-0340   (14)   :  0.011 0.930 0.012 0.012 0.011 0.012 0.012 
341 COPE-0341    (0)   :  0.219 0.007 0.143 0.195 0.136 0.136 0.165 
342 COPE-0342    (0)   :  0.068 0.007 0.192 0.160 0.152 0.237 0.184 
343 COPE-0343    (0)   :  0.169 0.006 0.170 0.163 0.181 0.160 0.151 
344 COPE-0344   (14)   :  0.010 0.942 0.009 0.010 0.010 0.010 0.010 
345 COPE-0345    (0)   :  0.227 0.006 0.142 0.190 0.124 0.140 0.171 
346 COPE-0346    (0)   :  0.183 0.035 0.152 0.180 0.143 0.144 0.162 
347 COPE-0347    (0)   :  0.172 0.007 0.178 0.182 0.177 0.144 0.140 
348 COPE-0348    (0)   :  0.173 0.015 0.179 0.180 0.173 0.143 0.137 
349 COPE-0349    (0)   :  0.097 0.006 0.181 0.163 0.150 0.224 0.179 
350 COPE-0350    (0)   :  0.171 0.006 0.180 0.202 0.170 0.138 0.133 
351 COPE-0351    (0)   :  0.154 0.006 0.192 0.201 0.176 0.141 0.131 
352 COPE-0352    (0)   :  0.150 0.027 0.170 0.164 0.147 0.174 0.167 
353 COPE-0353    (0)   :  0.184 0.006 0.160 0.146 0.173 0.164 0.166 
354 COPE-0354    (0)   :  0.173 0.018 0.163 0.158 0.176 0.156 0.157 
355 COPE-0355    (0)   :  0.190 0.006 0.143 0.116 0.176 0.167 0.202 
356 COPE-0356    (0)   :  0.184 0.008 0.177 0.195 0.174 0.133 0.130 
357 COPE-0357    (0)   :  0.126 0.009 0.175 0.165 0.157 0.195 0.173 
358 COPE-0358    (0)   :  0.007 0.955 0.008 0.007 0.007 0.008 0.008 
359 COPE-0359   (14)   :  0.192 0.009 0.156 0.170 0.141 0.157 0.175 
360 COPE-0360    (0)   :  0.179 0.006 0.158 0.137 0.183 0.166 0.170 
361 COPE-0361    (0)   :  0.226 0.008 0.147 0.207 0.127 0.130 0.155 
362 COPE-0362    (0)   :  0.085 0.007 0.190 0.157 0.157 0.225 0.180 
363 COPE-0363   (14)   :  0.211 0.014 0.146 0.188 0.133 0.141 0.167 
364 COPE-0364    (0)   :  0.166 0.006 0.167 0.161 0.186 0.155 0.160 
365 COPE-0365    (0)   :  0.154 0.026 0.156 0.132 0.192 0.171 0.168 
366 COPE-0366    (0)   :  0.097 0.023 0.189 0.173 0.155 0.199 0.165 
367 COPE-0367   (14)   :  0.011 0.935 0.011 0.011 0.011 0.010 0.011 
368 COPE-0368    (0)   :  0.172 0.010 0.149 0.134 0.181 0.170 0.185 
369 COPE-0369    (0)   :  0.159 0.009 0.161 0.163 0.173 0.165 0.171 
370 COPE-0370   (28)   :  0.009 0.949 0.008 0.009 0.008 0.008 0.008 
371 COPE-0371    (0)   :  0.152 0.012 0.160 0.142 0.194 0.167 0.174 
372 COPE-0372    (0)   :  0.146 0.049 0.159 0.135 0.168 0.177 0.166 
373 COPE-0373   (14)   :  0.170 0.007 0.157 0.177 0.175 0.158 0.156 
374 COPE-0374    (0)   :  0.202 0.008 0.152 0.159 0.154 0.152 0.174 
375 COPE-0375   (14)   :  0.193 0.012 0.145 0.136 0.174 0.164 0.177 
376 COPE-0376   (14)   :  0.181 0.006 0.185 0.194 0.178 0.133 0.123 
377 COPE-0377    (0)   :  0.064 0.641 0.058 0.067 0.055 0.055 0.059 
378 COPE-0378    (0)   :  0.182 0.007 0.153 0.142 0.180 0.158 0.178 
379 COPE-0379    (0)   :  0.077 0.007 0.188 0.165 0.154 0.229 0.180 
380 COPE-0380   (28)   :  0.036 0.796 0.035 0.032 0.035 0.034 0.032 
381 COPE-0381    (0)   :  0.193 0.013 0.155 0.171 0.153 0.148 0.168 
382 COPE-0382    (0)   :  0.073 0.006 0.190 0.159 0.154 0.233 0.184 
383 COPE-0383    (0)   :  0.158 0.121 0.134 0.114 0.167 0.150 0.155 
384 COPE-0384    (0)   :  0.180 0.008 0.154 0.136 0.183 0.164 0.174 


Estimated Allele Frequencies in each cluster
First column gives estimated ancestral frequencies


Locus 1 : COPE5 
78 alleles
0.5% missing data
   1   (0.007) 0.001 0.658 0.001 0.001 0.001 0.001 0.001 
   2   (0.022) 0.028 0.018 0.022 0.025 0.021 0.022 0.024 
   3   (0.013) 0.019 0.002 0.012 0.015 0.012 0.013 0.015 
   4   (0.023) 0.023 0.001 0.026 0.025 0.024 0.027 0.026 
   5   (0.011) 0.007 0.001 0.011 0.010 0.010 0.012 0.011 
   6   (0.018) 0.018 0.006 0.018 0.020 0.015 0.019 0.018 
   7   (0.007) 0.004 0.001 0.003 0.004 0.003 0.003 0.004 
   8   (0.036) 0.098 0.002 0.084 0.082 0.090 0.089 0.090 
   9   (0.020) 0.026 0.001 0.021 0.025 0.019 0.021 0.022 
  10   (0.019) 0.020 0.001 0.020 0.020 0.021 0.019 0.020 
  11   (0.016) 0.014 0.017 0.014 0.014 0.016 0.016 0.015 
  12   (0.016) 0.020 0.001 0.024 0.024 0.027 0.024 0.023 
  13   (0.010) 0.010 0.001 0.011 0.011 0.012 0.011 0.011 
  14   (0.023) 0.026 0.002 0.027 0.029 0.029 0.027 0.027 
  15   (0.016) 0.036 0.001 0.029 0.024 0.034 0.033 0.038 
  16   (0.010) 0.006 0.001 0.007 0.007 0.006 0.005 0.005 
  17   (0.017) 0.015 0.001 0.015 0.016 0.014 0.014 0.014 
  18   (0.016) 0.010 0.007 0.015 0.013 0.013 0.017 0.015 
  19   (0.011) 0.006 0.001 0.011 0.010 0.009 0.013 0.011 
  20   (0.028) 0.051 0.002 0.052 0.048 0.060 0.054 0.055 
  21   (0.023) 0.020 0.002 0.023 0.021 0.022 0.024 0.023 
  22   (0.019) 0.014 0.009 0.016 0.015 0.015 0.017 0.016 
  23   (0.013) 0.008 0.001 0.013 0.012 0.012 0.014 0.012 
  24   (0.015) 0.020 0.001 0.020 0.019 0.020 0.016 0.016 
  25   (0.010) 0.008 0.001 0.008 0.008 0.008 0.007 0.008 
  26   (0.013) 0.010 0.001 0.009 0.010 0.008 0.009 0.009 
  27   (0.012) 0.011 0.001 0.010 0.013 0.009 0.008 0.008 
  28   (0.008) 0.003 0.020 0.003 0.003 0.002 0.002 0.002 
  29   (0.013) 0.012 0.001 0.013 0.014 0.012 0.009 0.009 
  30   (0.019) 0.021 0.004 0.019 0.021 0.020 0.019 0.020 
  31   (0.019) 0.016 0.001 0.020 0.018 0.019 0.021 0.019 
  32   (0.025) 0.029 0.002 0.042 0.039 0.041 0.045 0.039 
  33   (0.006) 0.002 0.000 0.002 0.002 0.002 0.002 0.002 
  34   (0.018) 0.019 0.001 0.020 0.019 0.021 0.019 0.020 
  35   (0.006) 0.001 0.053 0.001 0.001 0.001 0.001 0.001 
  36   (0.006) 0.002 0.000 0.002 0.002 0.002 0.002 0.002 
  37   (0.021) 0.026 0.021 0.023 0.020 0.027 0.024 0.026 
  38   (0.016) 0.014 0.008 0.013 0.014 0.012 0.011 0.011 
  39   (0.015) 0.021 0.001 0.018 0.019 0.017 0.018 0.018 
  40   (0.011) 0.007 0.001 0.011 0.010 0.009 0.012 0.011 
  41   (0.009) 0.005 0.001 0.005 0.006 0.005 0.004 0.004 
  42   (0.006) 0.002 0.000 0.002 0.002 0.002 0.002 0.002 
  43   (0.009) 0.006 0.001 0.005 0.006 0.004 0.004 0.005 
  44   (0.023) 0.032 0.002 0.026 0.030 0.024 0.023 0.025 
  45   (0.006) 0.002 0.000 0.002 0.002 0.002 0.002 0.002 
  46   (0.015) 0.018 0.001 0.018 0.017 0.019 0.017 0.018 
  47   (0.009) 0.008 0.001 0.006 0.007 0.006 0.006 0.006 
  48   (0.006) 0.001 0.000 0.002 0.002 0.002 0.003 0.002 
  49   (0.015) 0.020 0.001 0.014 0.016 0.014 0.015 0.017 
  50   (0.013) 0.012 0.002 0.011 0.012 0.010 0.012 0.012 
  51   (0.013) 0.015 0.015 0.013 0.010 0.015 0.014 0.014 
  52   (0.013) 0.011 0.001 0.013 0.013 0.014 0.011 0.011 
  53   (0.007) 0.001 0.031 0.001 0.001 0.001 0.001 0.001 
  54   (0.006) 0.001 0.075 0.001 0.001 0.001 0.001 0.001 
  55   (0.010) 0.008 0.001 0.008 0.009 0.008 0.006 0.006 
  56   (0.011) 0.011 0.001 0.011 0.009 0.011 0.011 0.011 
  57   (0.013) 0.008 0.001 0.013 0.012 0.011 0.014 0.012 
  58   (0.009) 0.006 0.001 0.007 0.007 0.006 0.005 0.005 
  59   (0.011) 0.016 0.001 0.010 0.014 0.008 0.010 0.012 
  60   (0.010) 0.008 0.001 0.008 0.007 0.008 0.008 0.008 
  61   (0.006) 0.002 0.000 0.002 0.002 0.002 0.002 0.002 
  62   (0.013) 0.013 0.001 0.012 0.012 0.012 0.011 0.011 
  63   (0.011) 0.017 0.001 0.017 0.018 0.016 0.013 0.012 
  64   (0.009) 0.005 0.001 0.005 0.005 0.005 0.005 0.005 
  65   (0.019) 0.018 0.001 0.021 0.019 0.020 0.023 0.021 
  66   (0.010) 0.010 0.001 0.010 0.009 0.010 0.009 0.009 
  67   (0.010) 0.006 0.001 0.007 0.007 0.006 0.006 0.005 
  68   (0.012) 0.008 0.001 0.013 0.012 0.011 0.014 0.012 
  69   (0.006) 0.002 0.000 0.002 0.002 0.002 0.002 0.002 
  70   (0.006) 0.002 0.000 0.002 0.002 0.002 0.002 0.002 
  71   (0.011) 0.007 0.001 0.006 0.007 0.006 0.006 0.007 
  72   (0.006) 0.002 0.000 0.002 0.002 0.002 0.002 0.002 
  73   (0.006) 0.002 0.001 0.002 0.002 0.002 0.002 0.002 
  74   (0.006) 0.002 0.000 0.002 0.002 0.002 0.002 0.002 
  75   (0.008) 0.004 0.001 0.005 0.005 0.005 0.005 0.004 
  76   (0.006) 0.003 0.000 0.002 0.002 0.002 0.002 0.002 
  77   (0.007) 0.003 0.001 0.004 0.003 0.003 0.004 0.004 
  78   (0.006) 0.002 0.000 0.002 0.002 0.002 0.002 0.002 

Locus 2 : COPE9 
12 alleles
8.3% missing data
   1   (0.411) 0.455 0.409 0.472 0.467 0.482 0.471 0.466 
   2   (0.143) 0.159 0.264 0.132 0.146 0.127 0.124 0.133 
   3   (0.049) 0.051 0.026 0.050 0.044 0.050 0.053 0.051 
   4   (0.072) 0.063 0.025 0.077 0.070 0.075 0.086 0.081 
   5   (0.037) 0.022 0.023 0.028 0.028 0.026 0.026 0.024 
   6   (0.131) 0.136 0.053 0.134 0.137 0.136 0.131 0.134 
   7   (0.039) 0.030 0.068 0.025 0.030 0.022 0.025 0.026 
   8   (0.081) 0.073 0.080 0.071 0.068 0.071 0.072 0.074 
   9   (0.011) 0.004 0.001 0.005 0.004 0.004 0.004 0.004 
  10   (0.009) 0.001 0.050 0.001 0.001 0.001 0.001 0.001 
  11   (0.008) 0.003 0.001 0.003 0.003 0.003 0.002 0.002 
  12   (0.008) 0.003 0.001 0.002 0.003 0.002 0.002 0.003 

Locus 3 : CPER26 
12 alleles
2.6% missing data
   1   (0.232) 0.234 0.129 0.234 0.236 0.240 0.234 0.234 
   2   (0.033) 0.015 0.151 0.026 0.023 0.023 0.029 0.025 
   3   (0.083) 0.079 0.007 0.081 0.087 0.072 0.080 0.078 
   4   (0.499) 0.589 0.055 0.578 0.573 0.583 0.577 0.583 
   5   (0.055) 0.043 0.304 0.043 0.040 0.046 0.044 0.043 
   6   (0.030) 0.016 0.316 0.015 0.015 0.015 0.014 0.015 
   7   (0.013) 0.006 0.001 0.006 0.006 0.005 0.005 0.005 
   8   (0.018) 0.008 0.023 0.008 0.009 0.008 0.006 0.006 
   9   (0.008) 0.002 0.003 0.002 0.002 0.002 0.002 0.002 
  10   (0.012) 0.003 0.010 0.003 0.003 0.003 0.003 0.003 
  11   (0.008) 0.002 0.001 0.003 0.003 0.002 0.002 0.002 
  12   (0.008) 0.002 0.001 0.003 0.003 0.002 0.002 0.002 

Locus 4 : CPER92 
12 alleles
6.8% missing data
   1   (0.620) 0.659 0.510 0.689 0.666 0.685 0.702 0.689 
   2   (0.108) 0.149 0.281 0.126 0.149 0.127 0.116 0.126 
   3   (0.091) 0.093 0.045 0.084 0.085 0.088 0.084 0.088 
   4   (0.015) 0.008 0.018 0.007 0.006 0.008 0.008 0.008 
   5   (0.040) 0.028 0.033 0.025 0.027 0.024 0.023 0.024 
   6   (0.036) 0.026 0.007 0.028 0.029 0.029 0.026 0.026 
   7   (0.019) 0.008 0.035 0.008 0.008 0.008 0.008 0.008 
   8   (0.012) 0.003 0.035 0.003 0.003 0.003 0.003 0.003 
   9   (0.021) 0.008 0.018 0.013 0.012 0.011 0.014 0.012 
  10   (0.017) 0.008 0.015 0.008 0.007 0.008 0.008 0.008 
  11   (0.013) 0.006 0.001 0.006 0.006 0.006 0.005 0.006 
  12   (0.008) 0.002 0.001 0.003 0.003 0.002 0.002 0.002 

Locus 5 : CPER99 
5 alleles
1.0% missing data
   1   (0.013) 0.003 0.347 0.003 0.003 0.003 0.003 0.003 
   2   (0.870) 0.926 0.081 0.932 0.932 0.932 0.931 0.928 
   3   (0.080) 0.059 0.478 0.053 0.052 0.053 0.054 0.057 
   4   (0.013) 0.003 0.030 0.003 0.003 0.003 0.003 0.003 
   5   (0.024) 0.009 0.065 0.009 0.009 0.009 0.009 0.009 

Locus 6 : CPER119 
22 alleles
5.5% missing data
   1   (0.009) 0.001 0.111 0.001 0.001 0.001 0.001 0.001 
   2   (0.080) 0.087 0.042 0.090 0.091 0.098 0.091 0.092 
   3   (0.037) 0.037 0.054 0.029 0.029 0.030 0.030 0.033 
   4   (0.008) 0.002 0.001 0.003 0.003 0.002 0.003 0.003 
   5   (0.160) 0.160 0.093 0.180 0.180 0.169 0.187 0.178 
   6   (0.069) 0.058 0.080 0.079 0.075 0.068 0.087 0.078 
   7   (0.070) 0.097 0.080 0.082 0.091 0.087 0.083 0.090 
   8   (0.083) 0.075 0.104 0.078 0.074 0.075 0.080 0.078 
   9   (0.115) 0.146 0.060 0.127 0.121 0.135 0.135 0.141 
  10   (0.061) 0.067 0.032 0.066 0.067 0.064 0.058 0.056 
  11   (0.021) 0.018 0.023 0.013 0.016 0.011 0.011 0.013 
  12   (0.088) 0.107 0.010 0.107 0.107 0.111 0.098 0.096 
  13   (0.016) 0.006 0.010 0.007 0.007 0.006 0.006 0.006 
  14   (0.024) 0.041 0.007 0.033 0.028 0.039 0.037 0.043 
  15   (0.027) 0.018 0.068 0.020 0.018 0.022 0.021 0.020 
  16   (0.023) 0.011 0.030 0.010 0.011 0.010 0.010 0.010 
  17   (0.024) 0.010 0.100 0.014 0.014 0.012 0.013 0.012 
  18   (0.017) 0.009 0.007 0.010 0.011 0.011 0.009 0.009 
  19   (0.011) 0.003 0.025 0.003 0.003 0.003 0.003 0.003 
  20   (0.035) 0.033 0.059 0.037 0.040 0.034 0.026 0.025 
  21   (0.013) 0.007 0.004 0.007 0.007 0.007 0.006 0.007 
  22   (0.010) 0.006 0.001 0.006 0.005 0.006 0.006 0.006 

Locus 7 : CPER188 
15 alleles
1.6% missing data
   1   (0.596) 0.663 0.822 0.675 0.671 0.675 0.682 0.677 
   2   (0.112) 0.101 0.090 0.103 0.103 0.102 0.101 0.102 
   3   (0.032) 0.029 0.002 0.024 0.027 0.022 0.023 0.025 
   4   (0.041) 0.032 0.003 0.031 0.033 0.032 0.030 0.031 
   5   (0.090) 0.113 0.006 0.110 0.103 0.117 0.109 0.109 
   6   (0.016) 0.006 0.008 0.007 0.007 0.007 0.006 0.006 
   7   (0.017) 0.013 0.006 0.009 0.012 0.009 0.009 0.010 
   8   (0.023) 0.013 0.007 0.013 0.014 0.011 0.012 0.012 
   9   (0.009) 0.001 0.041 0.001 0.001 0.001 0.001 0.001 
  10   (0.008) 0.001 0.010 0.001 0.001 0.001 0.001 0.001 
  11   (0.018) 0.013 0.001 0.011 0.013 0.009 0.011 0.011 
  12   (0.015) 0.007 0.001 0.007 0.007 0.007 0.007 0.007 
  13   (0.008) 0.002 0.003 0.002 0.002 0.002 0.002 0.002 
  14   (0.008) 0.003 0.000 0.003 0.002 0.003 0.003 0.003 
  15   (0.008) 0.003 0.001 0.002 0.002 0.002 0.002 0.002 

Values of parameters used in structure:
DATAFILE=../Data/microsats.structure,	OUTFILE=../Structure_Results/09_K_07.out,	NUMINDS=384,	NUMLOCI=7,	MISSING=-9,	LABEL=1,	POPDATA=0,	POPFLAG=0,	PHENOTYPE=0,	EXTRACOLS=0,	MAXPOPS=7,	BURNIN=1000000,	NUMREPS=10000000,	USEPOPINFO=0,	INFERALPHA=1,	INFERLAMBDA=0,	POPSPECIFICLAMBDA=0,	POPALPHAS=0,	COMPUTEPROB=1,	NOADMIX=0,	ADMBURNIN=500,	UPDATEFREQ=100,	PRINTLIKES=0,	INTERMEDSAVE=0,	PRINTKLD=0,	PRINTNET=1,	PRINTLAMBDA=1,	ANCESTDIST=0,	NUMBOXES=1000,	ANCESTPINT=0.90000,	GENSBACK=2,	MIGRPRIOR=0.01000,	PRINTQHAT=0,	PRINTQSUM=1,	ALPHA=1.0000,	FREQSCORR=1,	FPRIORMEAN=0.0100,	FPRIORSD=0.0500,	ONEFST=0,	LAMBDA=1.0000,	UNIFPRIORALPHA=1,	ALPHAMAX=10.0000,	ALPHAPRIORA=1.0000,	ALPHAPRIORB=2.0000,	ALPHAPROPSD=0.0250,	STARTATPOPINFO=0,	RANDOMIZE=0,	LINKAGE=0,	METROFREQ=10,	REPORTHITRATE=0,	MARKOVPHASE=-1,	PHASED=0,	PLOIDY=2,	PHASEINFO=0	LOCPRIOR=0, 	LOCPRIORINIT=1.000000, 	LOCDATA=0, 	LOCISPOP=0, 	LOCPRIORSTEP=0.100000, 	MAXLOCPRIOR=20.000000, 	SEED=90394616,	
[STRAT parameters]:    NUMSIMSTATS=1000,	PHENOTYPECOL=-9,	POOLFREQ=10,	LOCUSxONLY=0,	EMERROR=0.00100,	MISSINGPHENO=-9,	