

----------------------------------------------------
STRUCTURE by Pritchard, Stephens and Donnelly (2000)
     and Falush, Stephens and Pritchard (2003)
       Code by Pritchard, Falush and Hubisz
             Version 2.3.4 (Jul 2012)
----------------------------------------------------



Command line arguments:   /home/jason/Programs/structure -K 8 -i ../Data/microsats.structure -m Structure_Run/mainparams -e Structure_Run/extraparams -D 22721790 -o ../Structure_Results/09_K_08.out 
Input File:    ../Data/microsats.structure

Run parameters:
   384 individuals
   7 loci
   8 populations assumed
   1000000 Burn-in period
   10000000 Reps
RANDOMIZE turned off


--------------------------------------------
Overall proportion of membership of the
sample in each of the 8 clusters

Inferred Clusters
  1      2      3      4      5      6      7      8    
0.118  0.126  0.125  0.126  0.126  0.126  0.127  0.125  

--------------------------------------------

Allele-freq. divergence among pops (Net nucleotide distance),
computed using point estimates of P.

      1       2       3       4       5       6       7       8      
 1      -    0.1580  0.1574  0.1564  0.1576  0.1565  0.1550  0.1560  
 2   0.1580     -    0.0002  0.0001  0.0001  0.0003  0.0003  0.0005  
 3   0.1574  0.0002     -    0.0001  0.0001  0.0001  0.0004  0.0002  
 4   0.1564  0.0001  0.0001     -    0.0001  0.0001  0.0002  0.0001  
 5   0.1576  0.0001  0.0001  0.0001     -    0.0002  0.0003  0.0004  
 6   0.1565  0.0003  0.0001  0.0001  0.0002     -    0.0003  0.0001  
 7   0.1550  0.0003  0.0004  0.0002  0.0003  0.0003     -    0.0004  
 8   0.1560  0.0005  0.0002  0.0001  0.0004  0.0001  0.0004     -    

Average distances (expected heterozygosity) between individuals in same cluster:
cluster  1  : 0.6508 
cluster  2  : 0.6210 
cluster  3  : 0.6229 
cluster  4  : 0.6251 
cluster  5  : 0.6224 
cluster  6  : 0.6234 
cluster  7  : 0.6270 
cluster  8  : 0.6269 

--------------------------------------------
Estimated Ln Prob of Data   = -8994.2
Mean value of ln likelihood = -7886.5
Variance of ln likelihood   = 2215.2
Mean value of alpha         = 0.0468

Mean value of Fst_1         = 0.1693
Mean value of Fst_2         = 0.0690
Mean value of Fst_3         = 0.0735
Mean value of Fst_4         = 0.0692
Mean value of Fst_5         = 0.0693
Mean value of Fst_6         = 0.0713
Mean value of Fst_7         = 0.0658
Mean value of Fst_8         = 0.0700


Inferred ancestry of individuals:
        Label (%Miss) :  Inferred clusters
  1 COPE-0001    (0)   :  0.942 0.008 0.008 0.008 0.008 0.008 0.008 0.008 
  2 COPE-0002    (0)   :  0.011 0.117 0.144 0.141 0.129 0.136 0.166 0.156 
  3 COPE-0003    (0)   :  0.007 0.161 0.116 0.133 0.148 0.137 0.188 0.111 
  4 COPE-0004    (0)   :  0.013 0.110 0.131 0.149 0.107 0.132 0.178 0.180 
  5 COPE-0005    (0)   :  0.020 0.126 0.151 0.142 0.135 0.129 0.142 0.154 
  6 COPE-0006    (0)   :  0.018 0.139 0.144 0.136 0.147 0.136 0.146 0.132 
  7 COPE-0007    (0)   :  0.007 0.136 0.150 0.148 0.139 0.138 0.130 0.152 
  8 COPE-0008    (0)   :  0.008 0.115 0.158 0.140 0.126 0.178 0.115 0.161 
  9 COPE-0009    (0)   :  0.018 0.139 0.140 0.131 0.150 0.144 0.166 0.112 
 10 COPE-0010    (0)   :  0.007 0.162 0.131 0.149 0.149 0.128 0.127 0.147 
 11 COPE-0011   (14)   :  0.904 0.012 0.013 0.014 0.012 0.013 0.016 0.016 
 12 COPE-0012   (14)   :  0.007 0.125 0.153 0.135 0.129 0.170 0.123 0.159 
 13 COPE-0013    (0)   :  0.006 0.173 0.106 0.130 0.151 0.131 0.202 0.101 
 14 COPE-0014    (0)   :  0.010 0.152 0.149 0.149 0.159 0.139 0.116 0.127 
 15 COPE-0015    (0)   :  0.007 0.149 0.150 0.146 0.152 0.142 0.116 0.137 
 16 COPE-0016    (0)   :  0.010 0.117 0.171 0.134 0.156 0.152 0.142 0.119 
 17 COPE-0017    (0)   :  0.689 0.045 0.048 0.045 0.047 0.044 0.040 0.041 
 18 COPE-0018    (0)   :  0.008 0.144 0.137 0.131 0.146 0.141 0.164 0.128 
 19 COPE-0019    (0)   :  0.006 0.160 0.125 0.132 0.149 0.138 0.178 0.113 
 20 COPE-0020    (0)   :  0.008 0.151 0.146 0.141 0.152 0.134 0.132 0.136 
 21 COPE-0021    (0)   :  0.006 0.165 0.155 0.147 0.152 0.128 0.104 0.142 
 22 COPE-0022    (0)   :  0.007 0.115 0.155 0.141 0.130 0.176 0.121 0.156 
 23 COPE-0023    (0)   :  0.008 0.131 0.127 0.141 0.133 0.134 0.167 0.158 
 24 COPE-0024   (14)   :  0.006 0.141 0.161 0.140 0.145 0.138 0.124 0.145 
 25 COPE-0025    (0)   :  0.072 0.130 0.116 0.143 0.131 0.127 0.146 0.134 
 26 COPE-0026    (0)   :  0.005 0.135 0.146 0.147 0.142 0.153 0.129 0.143 
 27 COPE-0027    (0)   :  0.006 0.158 0.122 0.132 0.145 0.143 0.177 0.117 
 28 COPE-0028    (0)   :  0.006 0.154 0.133 0.156 0.146 0.138 0.129 0.139 
 29 COPE-0029    (0)   :  0.005 0.117 0.175 0.134 0.158 0.154 0.133 0.123 
 30 COPE-0030   (14)   :  0.770 0.031 0.032 0.032 0.031 0.033 0.036 0.035 
 31 COPE-0031    (0)   :  0.010 0.124 0.152 0.141 0.136 0.169 0.123 0.146 
 32 COPE-0032    (0)   :  0.009 0.148 0.121 0.149 0.144 0.135 0.144 0.150 
 33 COPE-0033    (0)   :  0.012 0.142 0.126 0.145 0.143 0.135 0.151 0.146 
 34 COPE-0034    (0)   :  0.011 0.121 0.148 0.144 0.137 0.147 0.137 0.155 
 35 COPE-0035   (14)   :  0.008 0.150 0.124 0.158 0.141 0.137 0.140 0.143 
 36 COPE-0036   (14)   :  0.006 0.161 0.150 0.138 0.151 0.122 0.123 0.150 
 37 COPE-0037    (0)   :  0.023 0.150 0.140 0.137 0.144 0.136 0.136 0.135 
 38 COPE-0038    (0)   :  0.006 0.128 0.146 0.143 0.135 0.170 0.122 0.149 
 39 COPE-0039    (0)   :  0.088 0.130 0.118 0.130 0.127 0.128 0.149 0.131 
 40 COPE-0040   (14)   :  0.096 0.140 0.119 0.122 0.132 0.125 0.152 0.113 
 41 COPE-0041    (0)   :  0.031 0.136 0.131 0.134 0.138 0.137 0.158 0.135 
 42 COPE-0042    (0)   :  0.011 0.159 0.116 0.151 0.149 0.136 0.141 0.137 
 43 COPE-0043    (0)   :  0.005 0.120 0.158 0.138 0.136 0.146 0.154 0.143 
 44 COPE-0044    (0)   :  0.014 0.116 0.130 0.147 0.116 0.139 0.169 0.170 
 45 COPE-0045    (0)   :  0.031 0.117 0.130 0.142 0.119 0.143 0.152 0.167 
 46 COPE-0046    (0)   :  0.800 0.030 0.027 0.028 0.029 0.027 0.033 0.025 
 47 COPE-0047    (0)   :  0.948 0.007 0.007 0.007 0.008 0.007 0.008 0.007 
 48 COPE-0048    (0)   :  0.007 0.161 0.115 0.156 0.153 0.137 0.129 0.142 
 49 COPE-0049    (0)   :  0.016 0.120 0.136 0.146 0.127 0.137 0.156 0.161 
 50 COPE-0050    (0)   :  0.007 0.156 0.116 0.138 0.139 0.134 0.186 0.124 
 51 COPE-0051    (0)   :  0.105 0.146 0.109 0.146 0.126 0.119 0.115 0.134 
 52 COPE-0052    (0)   :  0.011 0.145 0.155 0.146 0.157 0.142 0.111 0.134 
 53 COPE-0053    (0)   :  0.009 0.115 0.177 0.132 0.161 0.152 0.138 0.116 
 54 COPE-0054    (0)   :  0.005 0.159 0.166 0.137 0.146 0.131 0.100 0.156 
 55 COPE-0055    (0)   :  0.005 0.112 0.160 0.138 0.129 0.181 0.113 0.161 
 56 COPE-0056    (0)   :  0.018 0.129 0.132 0.134 0.132 0.151 0.149 0.155 
 57 COPE-0057    (0)   :  0.011 0.154 0.133 0.133 0.145 0.135 0.158 0.131 
 58 COPE-0058    (0)   :  0.009 0.135 0.136 0.140 0.139 0.130 0.157 0.154 
 59 COPE-0059    (0)   :  0.019 0.171 0.114 0.128 0.146 0.131 0.189 0.103 
 60 COPE-0060    (0)   :  0.007 0.128 0.158 0.136 0.150 0.142 0.150 0.130 
 61 COPE-0061    (0)   :  0.011 0.126 0.160 0.131 0.156 0.149 0.155 0.111 
 62 COPE-0062    (0)   :  0.009 0.166 0.150 0.150 0.152 0.132 0.101 0.140 
 63 COPE-0063    (0)   :  0.027 0.113 0.156 0.130 0.123 0.178 0.109 0.163 
 64 COPE-0064    (0)   :  0.009 0.138 0.144 0.141 0.139 0.146 0.143 0.139 
 65 COPE-0065    (0)   :  0.959 0.006 0.006 0.006 0.006 0.006 0.006 0.006 
 66 COPE-0066    (0)   :  0.016 0.168 0.111 0.153 0.147 0.132 0.138 0.135 
 67 COPE-0067   (14)   :  0.808 0.029 0.025 0.028 0.029 0.027 0.026 0.028 
 68 COPE-0068    (0)   :  0.010 0.171 0.109 0.131 0.147 0.133 0.197 0.102 
 69 COPE-0069   (14)   :  0.012 0.150 0.149 0.140 0.152 0.137 0.124 0.135 
 70 COPE-0070    (0)   :  0.012 0.120 0.137 0.152 0.121 0.137 0.158 0.162 
 71 COPE-0071    (0)   :  0.004 0.165 0.130 0.156 0.150 0.126 0.126 0.142 
 72 COPE-0072    (0)   :  0.007 0.146 0.137 0.140 0.144 0.136 0.160 0.130 
 73 COPE-0073   (14)   :  0.708 0.039 0.051 0.040 0.045 0.041 0.038 0.038 
 74 COPE-0074    (0)   :  0.009 0.157 0.124 0.150 0.148 0.137 0.130 0.145 
 75 COPE-0075    (0)   :  0.013 0.159 0.117 0.162 0.139 0.132 0.129 0.149 
 76 COPE-0076    (0)   :  0.006 0.145 0.151 0.136 0.141 0.148 0.128 0.146 
 77 COPE-0077   (14)   :  0.009 0.141 0.135 0.141 0.143 0.143 0.153 0.134 
 78 COPE-0078   (14)   :  0.008 0.126 0.151 0.146 0.130 0.143 0.134 0.161 
 79 COPE-0079    (0)   :  0.008 0.102 0.130 0.153 0.095 0.128 0.192 0.192 
 80 COPE-0080   (42)   :  0.853 0.022 0.021 0.020 0.022 0.021 0.023 0.019 
 81 COPE-0081   (14)   :  0.471 0.073 0.078 0.075 0.074 0.082 0.069 0.079 
 82 COPE-0082   (14)   :  0.046 0.137 0.133 0.142 0.129 0.142 0.121 0.150 
 83 COPE-0083   (14)   :  0.006 0.161 0.154 0.154 0.161 0.135 0.096 0.134 
 84 COPE-0084    (0)   :  0.230 0.089 0.136 0.104 0.123 0.118 0.109 0.091 
 85 COPE-0085    (0)   :  0.010 0.123 0.132 0.149 0.127 0.134 0.171 0.154 
 86 COPE-0086    (0)   :  0.020 0.141 0.143 0.143 0.141 0.131 0.140 0.141 
 87 COPE-0087   (14)   :  0.007 0.127 0.160 0.134 0.152 0.142 0.150 0.128 
 88 COPE-0088   (14)   :  0.024 0.123 0.147 0.138 0.138 0.133 0.155 0.143 
 89 COPE-0089   (14)   :  0.948 0.007 0.007 0.007 0.007 0.008 0.007 0.008 
 90 COPE-0090    (0)   :  0.008 0.114 0.156 0.136 0.131 0.181 0.118 0.156 
 91 COPE-0091   (14)   :  0.006 0.134 0.164 0.138 0.156 0.143 0.136 0.125 
 92 COPE-0092   (28)   :  0.828 0.025 0.021 0.025 0.024 0.023 0.030 0.024 
 93 COPE-0093    (0)   :  0.006 0.117 0.161 0.131 0.126 0.182 0.109 0.169 
 94 COPE-0094    (0)   :  0.030 0.100 0.128 0.148 0.094 0.125 0.188 0.187 
 95 COPE-0095    (0)   :  0.005 0.115 0.173 0.134 0.159 0.156 0.136 0.122 
 96 COPE-0096    (0)   :  0.009 0.143 0.155 0.145 0.155 0.143 0.119 0.132 
 97 COPE-0097    (0)   :  0.008 0.162 0.141 0.157 0.145 0.130 0.114 0.142 
 98 COPE-0098    (0)   :  0.008 0.123 0.150 0.145 0.132 0.170 0.120 0.152 
 99 COPE-0099    (0)   :  0.022 0.164 0.115 0.130 0.144 0.133 0.182 0.111 
100 COPE-0100    (0)   :  0.007 0.149 0.130 0.138 0.150 0.145 0.151 0.129 
101 COPE-0101    (0)   :  0.045 0.137 0.122 0.139 0.135 0.145 0.132 0.145 
102 COPE-0102    (0)   :  0.006 0.136 0.133 0.142 0.142 0.140 0.158 0.144 
103 COPE-0103    (0)   :  0.017 0.124 0.140 0.153 0.124 0.129 0.153 0.161 
104 COPE-0104   (14)   :  0.007 0.152 0.132 0.151 0.143 0.142 0.127 0.145 
105 COPE-0105    (0)   :  0.037 0.157 0.131 0.147 0.136 0.129 0.122 0.141 
106 COPE-0106    (0)   :  0.005 0.175 0.174 0.141 0.155 0.110 0.093 0.147 
107 COPE-0107    (0)   :  0.864 0.017 0.020 0.019 0.018 0.022 0.018 0.021 
108 COPE-0108    (0)   :  0.006 0.147 0.144 0.143 0.144 0.149 0.122 0.144 
109 COPE-0109    (0)   :  0.012 0.116 0.128 0.146 0.113 0.137 0.177 0.172 
110 COPE-0110   (14)   :  0.014 0.142 0.160 0.138 0.145 0.130 0.134 0.138 
111 COPE-0111    (0)   :  0.009 0.156 0.159 0.143 0.151 0.128 0.121 0.133 
112 COPE-0112   (14)   :  0.011 0.157 0.121 0.151 0.151 0.138 0.130 0.142 
113 COPE-0113    (0)   :  0.021 0.142 0.127 0.139 0.139 0.141 0.155 0.135 
114 COPE-0114    (0)   :  0.010 0.159 0.157 0.135 0.149 0.128 0.117 0.145 
115 COPE-0115    (0)   :  0.813 0.026 0.029 0.027 0.029 0.027 0.024 0.025 
116 COPE-0116   (28)   :  0.929 0.010 0.010 0.010 0.010 0.010 0.011 0.010 
117 COPE-0117    (0)   :  0.011 0.112 0.175 0.131 0.160 0.153 0.141 0.117 
118 COPE-0118    (0)   :  0.009 0.172 0.165 0.143 0.159 0.115 0.096 0.141 
119 COPE-0119    (0)   :  0.010 0.152 0.151 0.144 0.142 0.145 0.107 0.147 
120 COPE-0120    (0)   :  0.011 0.139 0.129 0.142 0.132 0.136 0.162 0.148 
121 COPE-0121    (0)   :  0.061 0.150 0.138 0.137 0.147 0.125 0.117 0.125 
122 COPE-0122    (0)   :  0.008 0.126 0.133 0.139 0.128 0.131 0.172 0.162 
123 COPE-0123    (0)   :  0.015 0.126 0.127 0.143 0.129 0.135 0.161 0.163 
124 COPE-0124    (0)   :  0.013 0.130 0.133 0.135 0.131 0.135 0.169 0.153 
125 COPE-0125    (0)   :  0.007 0.156 0.145 0.143 0.147 0.132 0.119 0.152 
126 COPE-0126    (0)   :  0.012 0.112 0.175 0.131 0.158 0.157 0.135 0.120 
127 COPE-0127   (14)   :  0.007 0.142 0.146 0.146 0.139 0.139 0.135 0.146 
128 COPE-0128    (0)   :  0.019 0.154 0.144 0.134 0.147 0.127 0.134 0.140 
129 COPE-0129    (0)   :  0.006 0.121 0.128 0.150 0.113 0.128 0.185 0.169 
130 COPE-0130    (0)   :  0.012 0.157 0.120 0.133 0.142 0.141 0.178 0.117 
131 COPE-0131   (14)   :  0.009 0.165 0.140 0.145 0.151 0.133 0.127 0.130 
132 COPE-0132   (14)   :  0.038 0.141 0.159 0.135 0.146 0.137 0.107 0.138 
133 COPE-0133    (0)   :  0.009 0.114 0.178 0.133 0.156 0.150 0.140 0.120 
134 COPE-0134    (0)   :  0.007 0.138 0.142 0.137 0.134 0.133 0.157 0.152 
135 COPE-0135    (0)   :  0.008 0.142 0.130 0.145 0.140 0.149 0.130 0.156 
136 COPE-0136    (0)   :  0.910 0.013 0.013 0.013 0.013 0.013 0.014 0.012 
137 COPE-0137    (0)   :  0.013 0.147 0.120 0.137 0.151 0.141 0.169 0.123 
138 COPE-0138   (14)   :  0.941 0.009 0.009 0.009 0.009 0.008 0.008 0.009 
139 COPE-0139    (0)   :  0.008 0.153 0.119 0.137 0.152 0.137 0.182 0.112 
140 COPE-0140   (14)   :  0.844 0.023 0.021 0.022 0.023 0.022 0.024 0.021 
141 COPE-0141    (0)   :  0.008 0.117 0.149 0.134 0.128 0.172 0.128 0.164 
142 COPE-0142    (0)   :  0.009 0.134 0.153 0.134 0.135 0.154 0.123 0.156 
143 COPE-0143    (0)   :  0.009 0.111 0.159 0.136 0.143 0.158 0.142 0.142 
144 COPE-0144   (14)   :  0.252 0.091 0.106 0.110 0.101 0.107 0.122 0.111 
145 COPE-0145   (14)   :  0.368 0.088 0.084 0.090 0.090 0.087 0.106 0.088 
146 COPE-0146   (14)   :  0.029 0.125 0.153 0.128 0.143 0.155 0.132 0.135 
147 COPE-0147    (0)   :  0.066 0.105 0.129 0.136 0.110 0.141 0.149 0.163 
148 COPE-0148    (0)   :  0.009 0.111 0.175 0.136 0.156 0.151 0.138 0.124 
149 COPE-0149    (0)   :  0.007 0.151 0.133 0.133 0.151 0.137 0.177 0.110 
150 COPE-0150    (0)   :  0.008 0.166 0.110 0.159 0.153 0.135 0.128 0.142 
151 COPE-0151    (0)   :  0.007 0.132 0.146 0.135 0.150 0.152 0.147 0.132 
152 COPE-0152   (14)   :  0.123 0.102 0.133 0.123 0.113 0.152 0.112 0.142 
153 COPE-0153    (0)   :  0.006 0.136 0.142 0.144 0.134 0.148 0.139 0.152 
154 COPE-0154    (0)   :  0.006 0.151 0.145 0.133 0.144 0.141 0.144 0.135 
155 COPE-0155    (0)   :  0.006 0.152 0.140 0.134 0.151 0.136 0.149 0.133 
156 COPE-0156   (14)   :  0.939 0.009 0.009 0.009 0.009 0.009 0.009 0.009 
157 COPE-0157   (14)   :  0.281 0.083 0.107 0.104 0.090 0.116 0.101 0.119 
158 COPE-0158    (0)   :  0.009 0.131 0.164 0.134 0.156 0.148 0.146 0.111 
159 COPE-0159    (0)   :  0.008 0.123 0.150 0.143 0.133 0.158 0.130 0.156 
160 COPE-0160    (0)   :  0.006 0.126 0.136 0.145 0.124 0.137 0.160 0.167 
161 COPE-0161    (0)   :  0.012 0.132 0.127 0.144 0.134 0.139 0.155 0.157 
162 COPE-0162   (14)   :  0.952 0.007 0.007 0.007 0.007 0.007 0.007 0.007 
163 COPE-0163   (28)   :  0.907 0.013 0.013 0.013 0.013 0.013 0.013 0.013 
164 COPE-0164    (0)   :  0.031 0.134 0.134 0.127 0.142 0.149 0.159 0.124 
165 COPE-0165    (0)   :  0.008 0.150 0.127 0.139 0.143 0.135 0.171 0.127 
166 COPE-0166   (14)   :  0.008 0.129 0.144 0.139 0.129 0.130 0.166 0.155 
167 COPE-0167    (0)   :  0.008 0.130 0.146 0.148 0.128 0.127 0.153 0.160 
168 COPE-0168    (0)   :  0.006 0.123 0.163 0.141 0.150 0.154 0.130 0.132 
169 COPE-0169    (0)   :  0.011 0.170 0.111 0.132 0.146 0.132 0.193 0.104 
170 COPE-0170    (0)   :  0.031 0.125 0.144 0.138 0.133 0.155 0.120 0.153 
171 COPE-0171    (0)   :  0.009 0.135 0.158 0.147 0.150 0.149 0.117 0.136 
172 COPE-0172    (0)   :  0.007 0.139 0.144 0.141 0.141 0.145 0.139 0.144 
173 COPE-0173   (14)   :  0.066 0.158 0.109 0.124 0.136 0.125 0.179 0.102 
174 COPE-0174   (28)   :  0.018 0.123 0.147 0.142 0.138 0.149 0.140 0.144 
175 COPE-0175    (0)   :  0.040 0.113 0.143 0.136 0.132 0.141 0.154 0.141 
176 COPE-0176    (0)   :  0.009 0.132 0.160 0.140 0.130 0.147 0.119 0.162 
177 COPE-0177    (0)   :  0.007 0.160 0.125 0.130 0.144 0.138 0.182 0.114 
178 COPE-0178    (0)   :  0.007 0.176 0.170 0.138 0.155 0.109 0.096 0.150 
179 COPE-0179    (0)   :  0.009 0.147 0.130 0.139 0.139 0.139 0.153 0.145 
180 COPE-0180   (14)   :  0.006 0.171 0.111 0.132 0.147 0.131 0.197 0.105 
181 COPE-0181   (14)   :  0.009 0.161 0.120 0.135 0.142 0.133 0.180 0.120 
182 COPE-0182    (0)   :  0.005 0.138 0.145 0.143 0.135 0.161 0.123 0.149 
183 COPE-0183    (0)   :  0.011 0.139 0.143 0.135 0.142 0.144 0.146 0.140 
184 COPE-0184    (0)   :  0.009 0.125 0.153 0.144 0.137 0.133 0.143 0.156 
185 COPE-0185    (0)   :  0.007 0.128 0.148 0.149 0.137 0.162 0.124 0.145 
186 COPE-0186    (0)   :  0.005 0.164 0.149 0.151 0.157 0.135 0.100 0.138 
187 COPE-0187    (0)   :  0.010 0.154 0.125 0.154 0.133 0.142 0.127 0.154 
188 COPE-0188    (0)   :  0.831 0.025 0.022 0.026 0.025 0.023 0.024 0.025 
189 COPE-0189    (0)   :  0.009 0.154 0.122 0.138 0.153 0.140 0.160 0.123 
190 COPE-0190    (0)   :  0.015 0.119 0.127 0.150 0.116 0.136 0.166 0.171 
191 COPE-0191    (0)   :  0.012 0.141 0.142 0.139 0.146 0.142 0.144 0.133 
192 COPE-0192   (14)   :  0.928 0.011 0.010 0.011 0.011 0.010 0.009 0.010 
193 COPE-0193    (0)   :  0.006 0.127 0.159 0.131 0.152 0.153 0.144 0.127 
194 COPE-0194    (0)   :  0.009 0.163 0.119 0.157 0.148 0.134 0.128 0.142 
195 COPE-0195    (0)   :  0.007 0.144 0.130 0.147 0.144 0.142 0.140 0.147 
196 COPE-0196    (0)   :  0.011 0.139 0.134 0.144 0.137 0.144 0.141 0.151 
197 COPE-0197    (0)   :  0.007 0.159 0.128 0.132 0.147 0.135 0.176 0.115 
198 COPE-0198    (0)   :  0.014 0.152 0.134 0.135 0.146 0.146 0.148 0.125 
199 COPE-0199    (0)   :  0.011 0.172 0.117 0.129 0.147 0.130 0.189 0.107 
200 COPE-0200   (42)   :  0.009 0.166 0.114 0.132 0.143 0.134 0.194 0.108 
201 COPE-0201    (0)   :  0.009 0.139 0.155 0.141 0.139 0.157 0.113 0.148 
202 COPE-0202    (0)   :  0.014 0.109 0.140 0.147 0.111 0.155 0.149 0.175 
203 COPE-0203    (0)   :  0.006 0.133 0.150 0.140 0.142 0.151 0.134 0.144 
204 COPE-0204    (0)   :  0.034 0.165 0.144 0.144 0.146 0.115 0.110 0.142 
205 COPE-0205    (0)   :  0.022 0.116 0.155 0.133 0.145 0.156 0.146 0.127 
206 COPE-0206    (0)   :  0.005 0.168 0.156 0.142 0.158 0.121 0.108 0.142 
207 COPE-0207    (0)   :  0.011 0.163 0.164 0.145 0.152 0.125 0.098 0.143 
208 COPE-0208    (0)   :  0.798 0.028 0.027 0.029 0.028 0.030 0.031 0.029 
209 COPE-0209    (0)   :  0.007 0.159 0.127 0.142 0.152 0.139 0.149 0.125 
210 COPE-0210    (0)   :  0.012 0.137 0.157 0.142 0.158 0.144 0.129 0.121 
211 COPE-0211    (0)   :  0.005 0.164 0.113 0.157 0.153 0.137 0.131 0.139 
212 COPE-0212    (0)   :  0.012 0.149 0.163 0.141 0.149 0.137 0.110 0.140 
213 COPE-0213    (0)   :  0.008 0.158 0.143 0.137 0.150 0.132 0.129 0.143 
214 COPE-0214    (0)   :  0.008 0.174 0.110 0.130 0.146 0.132 0.198 0.101 
215 COPE-0215    (0)   :  0.040 0.168 0.105 0.126 0.141 0.127 0.194 0.098 
216 COPE-0216   (14)   :  0.441 0.076 0.087 0.078 0.083 0.080 0.081 0.074 
217 COPE-0217    (0)   :  0.027 0.157 0.160 0.140 0.147 0.118 0.108 0.143 
218 COPE-0218    (0)   :  0.009 0.139 0.140 0.139 0.148 0.144 0.151 0.129 
219 COPE-0219   (14)   :  0.009 0.156 0.125 0.134 0.144 0.139 0.178 0.115 
220 COPE-0220    (0)   :  0.014 0.167 0.158 0.138 0.151 0.117 0.113 0.142 
221 COPE-0221    (0)   :  0.015 0.113 0.150 0.139 0.127 0.178 0.120 0.158 
222 COPE-0222    (0)   :  0.007 0.114 0.166 0.138 0.148 0.167 0.125 0.136 
223 COPE-0223    (0)   :  0.008 0.159 0.117 0.135 0.141 0.132 0.187 0.121 
224 COPE-0224    (0)   :  0.021 0.102 0.134 0.150 0.100 0.129 0.181 0.184 
225 COPE-0225    (0)   :  0.015 0.176 0.111 0.128 0.147 0.129 0.196 0.099 
226 COPE-0226    (0)   :  0.007 0.124 0.156 0.141 0.141 0.147 0.136 0.149 
227 COPE-0227    (0)   :  0.006 0.157 0.138 0.141 0.148 0.139 0.137 0.133 
228 COPE-0228    (0)   :  0.022 0.153 0.153 0.140 0.143 0.119 0.124 0.145 
229 COPE-0229    (0)   :  0.007 0.140 0.141 0.138 0.141 0.142 0.150 0.140 
230 COPE-0230    (0)   :  0.010 0.140 0.153 0.136 0.142 0.135 0.126 0.157 
231 COPE-0231    (0)   :  0.006 0.156 0.134 0.134 0.149 0.134 0.163 0.123 
232 COPE-0232    (0)   :  0.014 0.124 0.130 0.143 0.125 0.132 0.165 0.166 
233 COPE-0233    (0)   :  0.005 0.122 0.153 0.142 0.136 0.168 0.125 0.148 
234 COPE-0234    (0)   :  0.008 0.114 0.131 0.145 0.114 0.130 0.181 0.176 
235 COPE-0235    (0)   :  0.006 0.133 0.130 0.138 0.129 0.133 0.177 0.154 
236 COPE-0236    (0)   :  0.005 0.158 0.156 0.140 0.149 0.126 0.111 0.155 
237 COPE-0237    (0)   :  0.006 0.136 0.144 0.148 0.137 0.162 0.123 0.145 
238 COPE-0238    (0)   :  0.007 0.167 0.118 0.129 0.147 0.132 0.198 0.101 
239 COPE-0239    (0)   :  0.035 0.110 0.138 0.140 0.118 0.131 0.167 0.161 
240 COPE-0240    (0)   :  0.008 0.124 0.168 0.138 0.154 0.152 0.129 0.126 
241 COPE-0241    (0)   :  0.007 0.174 0.105 0.131 0.150 0.132 0.201 0.101 
242 COPE-0242    (0)   :  0.006 0.159 0.154 0.144 0.147 0.136 0.108 0.147 
243 COPE-0243    (0)   :  0.008 0.158 0.123 0.159 0.140 0.133 0.132 0.148 
244 COPE-0244    (0)   :  0.009 0.148 0.126 0.140 0.140 0.136 0.168 0.133 
245 COPE-0245    (0)   :  0.012 0.151 0.126 0.151 0.140 0.144 0.129 0.147 
246 COPE-0246    (0)   :  0.013 0.126 0.146 0.142 0.135 0.141 0.148 0.148 
247 COPE-0247    (0)   :  0.017 0.132 0.136 0.140 0.136 0.159 0.143 0.138 
248 COPE-0248    (0)   :  0.005 0.153 0.135 0.147 0.144 0.147 0.127 0.142 
249 COPE-0249    (0)   :  0.032 0.118 0.123 0.145 0.115 0.129 0.178 0.159 
250 COPE-0250    (0)   :  0.015 0.118 0.135 0.144 0.114 0.127 0.172 0.174 
251 COPE-0251   (14)   :  0.774 0.028 0.034 0.034 0.031 0.037 0.029 0.033 
252 COPE-0252    (0)   :  0.012 0.114 0.140 0.144 0.116 0.131 0.173 0.170 
253 COPE-0253    (0)   :  0.008 0.117 0.156 0.135 0.129 0.177 0.116 0.161 
254 COPE-0254    (0)   :  0.013 0.149 0.141 0.151 0.135 0.134 0.127 0.150 
255 COPE-0255    (0)   :  0.027 0.137 0.134 0.137 0.135 0.157 0.131 0.143 
256 COPE-0256    (0)   :  0.011 0.122 0.174 0.134 0.157 0.149 0.133 0.120 
257 COPE-0257    (0)   :  0.008 0.162 0.148 0.152 0.157 0.134 0.102 0.136 
258 COPE-0258    (0)   :  0.022 0.155 0.134 0.146 0.149 0.137 0.124 0.134 
259 COPE-0259    (0)   :  0.006 0.153 0.135 0.148 0.149 0.136 0.130 0.143 
260 COPE-0260    (0)   :  0.024 0.160 0.120 0.130 0.143 0.131 0.182 0.111 
261 COPE-0261    (0)   :  0.006 0.166 0.139 0.155 0.144 0.125 0.118 0.147 
262 COPE-0262    (0)   :  0.022 0.139 0.145 0.146 0.141 0.134 0.138 0.135 
263 COPE-0263    (0)   :  0.008 0.140 0.141 0.149 0.147 0.149 0.128 0.138 
264 COPE-0264    (0)   :  0.021 0.155 0.141 0.148 0.153 0.133 0.114 0.137 
265 COPE-0265    (0)   :  0.011 0.132 0.148 0.135 0.141 0.161 0.128 0.145 
266 COPE-0266    (0)   :  0.018 0.158 0.148 0.139 0.146 0.121 0.122 0.149 
267 COPE-0267    (0)   :  0.006 0.120 0.150 0.145 0.131 0.161 0.131 0.156 
268 COPE-0268    (0)   :  0.013 0.125 0.144 0.146 0.135 0.166 0.125 0.146 
269 COPE-0269    (0)   :  0.007 0.129 0.155 0.141 0.144 0.139 0.146 0.139 
270 COPE-0270    (0)   :  0.007 0.167 0.110 0.158 0.152 0.134 0.133 0.138 
271 COPE-0271    (0)   :  0.008 0.144 0.143 0.136 0.150 0.137 0.159 0.124 
272 COPE-0272    (0)   :  0.007 0.130 0.143 0.140 0.130 0.150 0.136 0.163 
273 COPE-0273    (0)   :  0.015 0.147 0.159 0.137 0.146 0.143 0.107 0.146 
274 COPE-0274   (14)   :  0.850 0.023 0.019 0.023 0.022 0.021 0.020 0.022 
275 COPE-0275    (0)   :  0.011 0.141 0.123 0.141 0.142 0.139 0.157 0.146 
276 COPE-0276   (14)   :  0.957 0.006 0.006 0.006 0.006 0.006 0.006 0.006 
277 COPE-0277   (14)   :  0.014 0.134 0.173 0.136 0.157 0.140 0.122 0.123 
278 COPE-0278    (0)   :  0.007 0.168 0.171 0.139 0.153 0.116 0.101 0.146 
279 COPE-0279    (0)   :  0.009 0.146 0.149 0.137 0.150 0.130 0.135 0.145 
280 COPE-0280    (0)   :  0.908 0.013 0.013 0.013 0.013 0.013 0.014 0.013 
281 COPE-0281    (0)   :  0.800 0.030 0.024 0.029 0.029 0.028 0.033 0.027 
282 COPE-0282   (14)   :  0.006 0.101 0.132 0.152 0.096 0.130 0.190 0.193 
283 COPE-0283    (0)   :  0.007 0.162 0.166 0.143 0.150 0.122 0.108 0.142 
284 COPE-0284   (14)   :  0.036 0.155 0.113 0.130 0.143 0.133 0.180 0.110 
285 COPE-0285    (0)   :  0.775 0.033 0.033 0.032 0.034 0.032 0.032 0.030 
286 COPE-0286    (0)   :  0.013 0.146 0.114 0.145 0.148 0.140 0.161 0.134 
287 COPE-0287    (0)   :  0.037 0.122 0.141 0.147 0.131 0.155 0.124 0.142 
288 COPE-0288    (0)   :  0.010 0.114 0.153 0.139 0.127 0.174 0.122 0.161 
289 COPE-0289    (0)   :  0.008 0.130 0.155 0.136 0.148 0.156 0.132 0.135 
290 COPE-0290    (0)   :  0.008 0.169 0.108 0.148 0.153 0.133 0.154 0.126 
291 COPE-0291    (0)   :  0.006 0.158 0.140 0.142 0.155 0.133 0.137 0.129 
292 COPE-0292   (42)   :  0.902 0.014 0.014 0.014 0.014 0.014 0.015 0.014 
293 COPE-0293    (0)   :  0.008 0.128 0.155 0.135 0.133 0.168 0.113 0.160 
294 COPE-0294    (0)   :  0.012 0.135 0.131 0.142 0.131 0.132 0.164 0.154 
295 COPE-0295    (0)   :  0.008 0.122 0.155 0.141 0.133 0.138 0.145 0.159 
296 COPE-0296   (14)   :  0.007 0.133 0.148 0.146 0.143 0.152 0.125 0.146 
297 COPE-0297   (14)   :  0.035 0.166 0.106 0.128 0.145 0.127 0.192 0.100 
298 COPE-0298    (0)   :  0.010 0.119 0.141 0.140 0.123 0.149 0.147 0.171 
299 COPE-0299    (0)   :  0.006 0.163 0.127 0.154 0.143 0.137 0.123 0.146 
300 COPE-0300   (14)   :  0.008 0.126 0.157 0.140 0.149 0.155 0.134 0.132 
301 COPE-0301   (14)   :  0.009 0.111 0.161 0.134 0.125 0.183 0.110 0.166 
302 COPE-0302    (0)   :  0.250 0.103 0.121 0.107 0.119 0.108 0.094 0.099 
303 COPE-0303    (0)   :  0.006 0.165 0.156 0.134 0.153 0.118 0.119 0.148 
304 COPE-0304    (0)   :  0.007 0.130 0.144 0.137 0.139 0.150 0.150 0.143 
305 COPE-0305   (14)   :  0.040 0.123 0.140 0.143 0.128 0.130 0.149 0.147 
306 COPE-0306    (0)   :  0.009 0.174 0.168 0.143 0.156 0.112 0.092 0.147 
307 COPE-0307   (28)   :  0.944 0.008 0.008 0.008 0.008 0.008 0.008 0.008 
308 COPE-0308    (0)   :  0.006 0.105 0.136 0.148 0.101 0.139 0.179 0.187 
309 COPE-0309   (14)   :  0.653 0.046 0.047 0.051 0.046 0.051 0.051 0.054 
310 COPE-0310   (28)   :  0.688 0.050 0.046 0.048 0.048 0.043 0.034 0.043 
311 COPE-0311    (0)   :  0.023 0.144 0.142 0.142 0.146 0.142 0.123 0.140 
312 COPE-0312   (28)   :  0.916 0.013 0.013 0.012 0.012 0.011 0.011 0.012 
313 COPE-0313    (0)   :  0.008 0.167 0.150 0.144 0.153 0.129 0.106 0.143 
314 COPE-0314    (0)   :  0.008 0.133 0.142 0.147 0.134 0.162 0.127 0.147 
315 COPE-0315    (0)   :  0.008 0.160 0.136 0.136 0.144 0.134 0.151 0.131 
316 COPE-0316    (0)   :  0.022 0.161 0.127 0.143 0.148 0.126 0.140 0.133 
317 COPE-0317   (14)   :  0.941 0.008 0.008 0.008 0.008 0.008 0.008 0.009 
318 COPE-0318    (0)   :  0.006 0.153 0.128 0.145 0.142 0.137 0.147 0.142 
319 COPE-0319    (0)   :  0.007 0.120 0.132 0.145 0.120 0.134 0.178 0.164 
320 COPE-0320   (14)   :  0.015 0.118 0.149 0.142 0.130 0.160 0.133 0.153 
321 COPE-0321   (14)   :  0.011 0.159 0.139 0.148 0.149 0.142 0.112 0.139 
322 COPE-0322   (14)   :  0.006 0.156 0.122 0.139 0.146 0.135 0.166 0.129 
323 COPE-0323    (0)   :  0.011 0.164 0.149 0.153 0.156 0.136 0.096 0.135 
324 COPE-0324    (0)   :  0.006 0.171 0.118 0.131 0.149 0.133 0.186 0.107 
325 COPE-0325   (14)   :  0.012 0.122 0.179 0.136 0.161 0.149 0.128 0.113 
326 COPE-0326    (0)   :  0.007 0.128 0.155 0.136 0.128 0.155 0.122 0.168 
327 COPE-0327   (14)   :  0.009 0.119 0.145 0.137 0.129 0.172 0.126 0.163 
328 COPE-0328    (0)   :  0.006 0.156 0.134 0.137 0.152 0.130 0.144 0.141 
329 COPE-0329   (28)   :  0.012 0.171 0.126 0.131 0.146 0.131 0.168 0.115 
330 COPE-0330    (0)   :  0.022 0.136 0.138 0.143 0.137 0.155 0.130 0.140 
331 COPE-0331    (0)   :  0.006 0.112 0.162 0.137 0.126 0.182 0.110 0.164 
332 COPE-0332   (14)   :  0.007 0.153 0.146 0.138 0.149 0.129 0.129 0.149 
333 COPE-0333    (0)   :  0.151 0.103 0.127 0.115 0.113 0.149 0.108 0.133 
334 COPE-0334   (28)   :  0.632 0.057 0.054 0.056 0.054 0.053 0.043 0.052 
335 COPE-0335    (0)   :  0.007 0.175 0.112 0.131 0.149 0.132 0.194 0.102 
336 COPE-0336    (0)   :  0.006 0.130 0.130 0.142 0.130 0.157 0.155 0.150 
337 COPE-0337   (28)   :  0.867 0.021 0.017 0.019 0.020 0.018 0.022 0.016 
338 COPE-0338    (0)   :  0.023 0.142 0.139 0.144 0.148 0.148 0.123 0.135 
339 COPE-0339    (0)   :  0.006 0.115 0.177 0.133 0.163 0.153 0.132 0.119 
340 COPE-0340   (14)   :  0.917 0.012 0.012 0.012 0.012 0.012 0.012 0.012 
341 COPE-0341    (0)   :  0.007 0.115 0.137 0.142 0.116 0.144 0.170 0.169 
342 COPE-0342    (0)   :  0.007 0.175 0.108 0.130 0.147 0.130 0.203 0.100 
343 COPE-0343    (0)   :  0.006 0.150 0.154 0.140 0.144 0.138 0.115 0.152 
344 COPE-0344   (14)   :  0.929 0.010 0.010 0.010 0.010 0.010 0.010 0.011 
345 COPE-0345    (0)   :  0.006 0.108 0.138 0.146 0.118 0.136 0.177 0.170 
346 COPE-0346    (0)   :  0.034 0.130 0.128 0.136 0.132 0.140 0.155 0.144 
347 COPE-0347    (0)   :  0.007 0.150 0.139 0.146 0.147 0.139 0.132 0.139 
348 COPE-0348    (0)   :  0.015 0.160 0.139 0.152 0.147 0.124 0.121 0.142 
349 COPE-0349    (0)   :  0.006 0.168 0.118 0.131 0.145 0.132 0.193 0.107 
350 COPE-0350    (0)   :  0.006 0.156 0.127 0.148 0.150 0.135 0.135 0.143 
351 COPE-0351    (0)   :  0.006 0.166 0.122 0.151 0.145 0.134 0.137 0.138 
352 COPE-0352    (0)   :  0.027 0.144 0.131 0.134 0.143 0.130 0.158 0.133 
353 COPE-0353    (0)   :  0.006 0.156 0.139 0.150 0.157 0.138 0.118 0.136 
354 COPE-0354    (0)   :  0.016 0.143 0.145 0.143 0.139 0.146 0.119 0.148 
355 COPE-0355    (0)   :  0.006 0.111 0.183 0.132 0.164 0.153 0.137 0.112 
356 COPE-0356    (0)   :  0.008 0.148 0.136 0.153 0.129 0.141 0.130 0.154 
357 COPE-0357    (0)   :  0.009 0.150 0.127 0.139 0.141 0.139 0.166 0.129 
358 COPE-0358    (0)   :  0.947 0.008 0.007 0.007 0.007 0.007 0.008 0.007 
359 COPE-0359   (14)   :  0.009 0.134 0.140 0.136 0.141 0.134 0.162 0.144 
360 COPE-0360    (0)   :  0.006 0.163 0.147 0.148 0.154 0.134 0.110 0.136 
361 COPE-0361    (0)   :  0.008 0.128 0.133 0.140 0.127 0.131 0.165 0.168 
362 COPE-0362    (0)   :  0.007 0.172 0.114 0.134 0.149 0.131 0.185 0.107 
363 COPE-0363   (14)   :  0.014 0.124 0.136 0.135 0.131 0.141 0.167 0.152 
364 COPE-0364    (0)   :  0.006 0.146 0.135 0.152 0.146 0.150 0.124 0.141 
365 COPE-0365    (0)   :  0.022 0.144 0.144 0.153 0.144 0.149 0.107 0.137 
366 COPE-0366    (0)   :  0.022 0.166 0.107 0.136 0.146 0.133 0.179 0.110 
367 COPE-0367   (14)   :  0.920 0.010 0.011 0.012 0.010 0.012 0.012 0.013 
368 COPE-0368    (0)   :  0.010 0.117 0.170 0.133 0.156 0.155 0.133 0.125 
369 COPE-0369    (0)   :  0.009 0.124 0.147 0.142 0.134 0.158 0.136 0.150 
370 COPE-0370   (28)   :  0.939 0.008 0.009 0.009 0.008 0.009 0.009 0.009 
371 COPE-0371    (0)   :  0.013 0.134 0.149 0.149 0.141 0.158 0.114 0.142 
372 COPE-0372    (0)   :  0.047 0.154 0.148 0.134 0.148 0.122 0.116 0.131 
373 COPE-0373   (14)   :  0.007 0.122 0.152 0.138 0.124 0.158 0.131 0.168 
374 COPE-0374    (0)   :  0.008 0.122 0.141 0.142 0.139 0.144 0.154 0.149 
375 COPE-0375   (14)   :  0.011 0.148 0.145 0.149 0.144 0.140 0.120 0.143 
376 COPE-0376   (14)   :  0.006 0.162 0.129 0.158 0.141 0.133 0.125 0.147 
377 COPE-0377    (0)   :  0.612 0.051 0.052 0.056 0.049 0.057 0.061 0.063 
378 COPE-0378    (0)   :  0.007 0.140 0.158 0.144 0.160 0.144 0.122 0.125 
379 COPE-0379    (0)   :  0.007 0.171 0.107 0.132 0.147 0.132 0.200 0.104 
380 COPE-0380   (28)   :  0.758 0.040 0.039 0.035 0.037 0.029 0.027 0.036 
381 COPE-0381    (0)   :  0.012 0.132 0.140 0.147 0.135 0.138 0.146 0.150 
382 COPE-0382    (0)   :  0.006 0.172 0.110 0.130 0.149 0.132 0.199 0.103 
383 COPE-0383    (0)   :  0.083 0.143 0.134 0.142 0.137 0.132 0.099 0.129 
384 COPE-0384    (0)   :  0.008 0.146 0.156 0.144 0.157 0.140 0.117 0.133 


Estimated Allele Frequencies in each cluster
First column gives estimated ancestral frequencies


Locus 1 : COPE5 
78 alleles
0.5% missing data
   1   (0.007) 0.674 0.001 0.001 0.001 0.001 0.001 0.001 0.001 
   2   (0.022) 0.015 0.020 0.024 0.024 0.022 0.024 0.026 0.026 
   3   (0.013) 0.002 0.012 0.015 0.014 0.013 0.014 0.017 0.016 
   4   (0.023) 0.001 0.026 0.024 0.024 0.026 0.024 0.029 0.022 
   5   (0.011) 0.001 0.011 0.009 0.010 0.010 0.010 0.012 0.009 
   6   (0.018) 0.005 0.018 0.016 0.018 0.017 0.017 0.022 0.019 
   7   (0.008) 0.001 0.003 0.003 0.004 0.003 0.003 0.004 0.004 
   8   (0.035) 0.002 0.090 0.100 0.089 0.089 0.084 0.078 0.096 
   9   (0.020) 0.001 0.021 0.021 0.022 0.021 0.021 0.026 0.024 
  10   (0.019) 0.001 0.020 0.020 0.020 0.021 0.020 0.020 0.020 
  11   (0.015) 0.015 0.014 0.015 0.016 0.015 0.016 0.014 0.015 
  12   (0.016) 0.001 0.021 0.026 0.022 0.022 0.028 0.020 0.026 
  13   (0.011) 0.001 0.009 0.012 0.011 0.010 0.013 0.009 0.012 
  14   (0.024) 0.002 0.024 0.028 0.027 0.026 0.031 0.027 0.029 
  15   (0.015) 0.001 0.028 0.039 0.031 0.036 0.035 0.030 0.027 
  16   (0.009) 0.001 0.007 0.006 0.006 0.006 0.006 0.006 0.006 
  17   (0.017) 0.001 0.016 0.014 0.015 0.015 0.014 0.014 0.015 
  18   (0.016) 0.007 0.016 0.012 0.013 0.015 0.013 0.017 0.011 
  19   (0.011) 0.001 0.012 0.008 0.009 0.010 0.009 0.013 0.008 
  20   (0.029) 0.002 0.049 0.058 0.052 0.054 0.059 0.046 0.052 
  21   (0.023) 0.001 0.022 0.021 0.022 0.022 0.022 0.023 0.021 
  22   (0.019) 0.008 0.016 0.015 0.015 0.016 0.015 0.017 0.014 
  23   (0.013) 0.001 0.012 0.011 0.011 0.012 0.012 0.013 0.011 
  24   (0.015) 0.001 0.022 0.018 0.021 0.019 0.018 0.015 0.019 
  25   (0.010) 0.001 0.007 0.008 0.008 0.007 0.009 0.008 0.008 
  26   (0.013) 0.001 0.009 0.008 0.009 0.009 0.009 0.010 0.009 
  27   (0.012) 0.001 0.010 0.008 0.010 0.010 0.009 0.010 0.010 
  28   (0.008) 0.019 0.003 0.002 0.003 0.003 0.003 0.003 0.003 
  29   (0.014) 0.001 0.012 0.010 0.013 0.012 0.011 0.011 0.012 
  30   (0.019) 0.004 0.018 0.020 0.020 0.019 0.021 0.021 0.021 
  31   (0.019) 0.001 0.020 0.018 0.018 0.020 0.019 0.020 0.017 
  32   (0.025) 0.002 0.042 0.036 0.038 0.039 0.041 0.042 0.035 
  33   (0.006) 0.000 0.002 0.002 0.002 0.002 0.002 0.002 0.002 
  34   (0.018) 0.001 0.018 0.020 0.019 0.019 0.022 0.018 0.020 
  35   (0.007) 0.054 0.001 0.001 0.001 0.001 0.001 0.001 0.001 
  36   (0.006) 0.000 0.002 0.002 0.002 0.002 0.002 0.002 0.002 
  37   (0.020) 0.019 0.025 0.027 0.025 0.027 0.025 0.021 0.023 
  38   (0.016) 0.007 0.013 0.012 0.013 0.012 0.012 0.013 0.013 
  39   (0.014) 0.001 0.021 0.020 0.018 0.020 0.016 0.017 0.020 
  40   (0.011) 0.001 0.011 0.009 0.009 0.010 0.009 0.012 0.008 
  41   (0.009) 0.001 0.005 0.004 0.005 0.005 0.005 0.005 0.005 
  42   (0.006) 0.000 0.002 0.002 0.002 0.002 0.002 0.002 0.002 
  43   (0.009) 0.001 0.004 0.004 0.005 0.004 0.005 0.005 0.006 
  44   (0.023) 0.002 0.025 0.025 0.028 0.024 0.026 0.030 0.030 
  45   (0.006) 0.000 0.002 0.002 0.002 0.002 0.002 0.002 0.002 
  46   (0.016) 0.001 0.018 0.019 0.018 0.017 0.019 0.015 0.019 
  47   (0.010) 0.001 0.006 0.006 0.006 0.006 0.006 0.007 0.007 
  48   (0.006) 0.000 0.002 0.002 0.002 0.002 0.002 0.003 0.002 
  49   (0.015) 0.001 0.014 0.017 0.016 0.016 0.016 0.018 0.016 
  50   (0.013) 0.002 0.011 0.011 0.011 0.011 0.011 0.013 0.011 
  51   (0.012) 0.011 0.016 0.014 0.015 0.015 0.014 0.011 0.014 
  52   (0.014) 0.001 0.012 0.012 0.012 0.012 0.014 0.011 0.013 
  53   (0.007) 0.032 0.001 0.001 0.001 0.001 0.001 0.001 0.001 
  54   (0.006) 0.076 0.001 0.001 0.001 0.001 0.001 0.001 0.001 
  55   (0.010) 0.001 0.008 0.007 0.008 0.008 0.007 0.007 0.007 
  56   (0.010) 0.001 0.012 0.012 0.011 0.012 0.010 0.009 0.011 
  57   (0.014) 0.001 0.013 0.010 0.011 0.012 0.011 0.014 0.010 
  58   (0.009) 0.001 0.007 0.005 0.006 0.006 0.006 0.006 0.006 
  59   (0.011) 0.001 0.009 0.011 0.013 0.009 0.011 0.015 0.015 
  60   (0.010) 0.001 0.008 0.008 0.008 0.008 0.008 0.007 0.008 
  61   (0.006) 0.000 0.002 0.002 0.002 0.002 0.002 0.002 0.002 
  62   (0.013) 0.001 0.013 0.011 0.012 0.012 0.011 0.011 0.012 
  63   (0.011) 0.001 0.017 0.015 0.017 0.015 0.014 0.014 0.016 
  64   (0.009) 0.001 0.005 0.005 0.005 0.005 0.005 0.005 0.005 
  65   (0.019) 0.001 0.024 0.020 0.020 0.021 0.019 0.021 0.019 
  66   (0.010) 0.001 0.010 0.010 0.009 0.010 0.009 0.008 0.010 
  67   (0.010) 0.001 0.007 0.005 0.006 0.006 0.006 0.006 0.006 
  68   (0.013) 0.001 0.013 0.009 0.011 0.012 0.011 0.014 0.009 
  69   (0.006) 0.000 0.002 0.002 0.002 0.002 0.002 0.002 0.002 
  70   (0.006) 0.000 0.002 0.002 0.002 0.002 0.002 0.002 0.002 
  71   (0.010) 0.001 0.006 0.006 0.006 0.006 0.006 0.007 0.006 
  72   (0.006) 0.000 0.002 0.002 0.002 0.002 0.002 0.002 0.002 
  73   (0.006) 0.001 0.002 0.002 0.002 0.002 0.002 0.002 0.002 
  74   (0.006) 0.000 0.002 0.002 0.002 0.002 0.002 0.002 0.002 
  75   (0.008) 0.001 0.005 0.004 0.005 0.005 0.005 0.005 0.004 
  76   (0.006) 0.000 0.002 0.002 0.002 0.002 0.002 0.002 0.002 
  77   (0.008) 0.001 0.004 0.003 0.003 0.004 0.003 0.004 0.003 
  78   (0.006) 0.000 0.002 0.002 0.002 0.002 0.002 0.002 0.002 

Locus 2 : COPE9 
12 alleles
8.3% missing data
   1   (0.411) 0.409 0.469 0.468 0.470 0.466 0.479 0.455 0.472 
   2   (0.142) 0.270 0.131 0.137 0.139 0.133 0.132 0.142 0.144 
   3   (0.048) 0.023 0.056 0.056 0.049 0.053 0.045 0.044 0.050 
   4   (0.072) 0.023 0.079 0.073 0.073 0.079 0.074 0.084 0.065 
   5   (0.036) 0.022 0.028 0.024 0.026 0.026 0.026 0.027 0.025 
   6   (0.133) 0.050 0.128 0.136 0.134 0.135 0.140 0.137 0.134 
   7   (0.039) 0.070 0.025 0.024 0.027 0.024 0.025 0.032 0.029 
   8   (0.082) 0.079 0.074 0.073 0.071 0.074 0.070 0.069 0.071 
   9   (0.011) 0.001 0.005 0.004 0.004 0.005 0.004 0.004 0.004 
  10   (0.009) 0.052 0.001 0.001 0.001 0.001 0.001 0.001 0.001 
  11   (0.008) 0.001 0.003 0.002 0.003 0.003 0.003 0.002 0.003 
  12   (0.008) 0.001 0.002 0.003 0.003 0.003 0.003 0.003 0.003 

Locus 3 : CPER26 
12 alleles
2.6% missing data
   1   (0.232) 0.122 0.230 0.237 0.237 0.234 0.242 0.231 0.238 
   2   (0.033) 0.154 0.027 0.020 0.022 0.024 0.022 0.029 0.019 
   3   (0.083) 0.007 0.082 0.071 0.079 0.077 0.075 0.092 0.078 
   4   (0.500) 0.050 0.578 0.591 0.578 0.582 0.579 0.570 0.581 
   5   (0.054) 0.310 0.045 0.044 0.045 0.044 0.043 0.038 0.044 
   6   (0.030) 0.323 0.014 0.015 0.015 0.015 0.016 0.016 0.015 
   7   (0.013) 0.001 0.006 0.005 0.006 0.006 0.005 0.006 0.006 
   8   (0.018) 0.021 0.008 0.007 0.008 0.008 0.007 0.007 0.008 
   9   (0.008) 0.003 0.002 0.002 0.002 0.002 0.002 0.002 0.002 
  10   (0.012) 0.009 0.003 0.003 0.003 0.003 0.003 0.003 0.003 
  11   (0.008) 0.001 0.002 0.002 0.002 0.002 0.002 0.003 0.002 
  12   (0.008) 0.001 0.002 0.002 0.002 0.002 0.003 0.003 0.003 

Locus 4 : CPER92 
12 alleles
6.8% missing data
   1   (0.625) 0.509 0.703 0.680 0.679 0.697 0.671 0.683 0.657 
   2   (0.104) 0.288 0.113 0.132 0.133 0.115 0.142 0.134 0.156 
   3   (0.090) 0.043 0.082 0.091 0.088 0.088 0.089 0.086 0.087 
   4   (0.014) 0.017 0.009 0.008 0.008 0.008 0.008 0.006 0.007 
   5   (0.040) 0.032 0.024 0.025 0.026 0.025 0.025 0.026 0.027 
   6   (0.037) 0.007 0.026 0.028 0.027 0.027 0.029 0.025 0.029 
   7   (0.018) 0.035 0.009 0.009 0.008 0.008 0.007 0.007 0.008 
   8   (0.012) 0.036 0.003 0.003 0.003 0.003 0.003 0.003 0.003 
   9   (0.021) 0.018 0.013 0.010 0.011 0.012 0.011 0.015 0.010 
  10   (0.017) 0.014 0.009 0.009 0.008 0.009 0.007 0.007 0.008 
  11   (0.013) 0.001 0.006 0.005 0.006 0.006 0.006 0.005 0.006 
  12   (0.008) 0.001 0.003 0.002 0.003 0.003 0.002 0.002 0.002 

Locus 5 : CPER99 
5 alleles
1.0% missing data
   1   (0.013) 0.352 0.003 0.003 0.003 0.003 0.003 0.003 0.003 
   2   (0.870) 0.073 0.932 0.927 0.930 0.928 0.930 0.927 0.931 
   3   (0.080) 0.480 0.053 0.059 0.055 0.057 0.054 0.057 0.054 
   4   (0.013) 0.030 0.003 0.003 0.003 0.003 0.003 0.003 0.003 
   5   (0.024) 0.065 0.009 0.009 0.009 0.009 0.009 0.009 0.009 

Locus 6 : CPER119 
22 alleles
5.5% missing data
   1   (0.009) 0.116 0.001 0.001 0.001 0.001 0.001 0.001 0.001 
   2   (0.080) 0.040 0.082 0.095 0.091 0.088 0.102 0.085 0.095 
   3   (0.037) 0.055 0.030 0.032 0.032 0.032 0.031 0.032 0.033 
   4   (0.008) 0.001 0.003 0.002 0.002 0.003 0.002 0.003 0.002 
   5   (0.163) 0.092 0.176 0.170 0.169 0.173 0.175 0.191 0.173 
   6   (0.069) 0.080 0.080 0.065 0.072 0.073 0.070 0.091 0.066 
   7   (0.068) 0.079 0.078 0.088 0.091 0.080 0.093 0.091 0.098 
   8   (0.084) 0.108 0.077 0.078 0.074 0.077 0.076 0.078 0.075 
   9   (0.115) 0.053 0.141 0.142 0.137 0.141 0.129 0.125 0.131 
  10   (0.060) 0.030 0.070 0.065 0.065 0.065 0.057 0.055 0.066 
