

----------------------------------------------------
STRUCTURE by Pritchard, Stephens and Donnelly (2000)
     and Falush, Stephens and Pritchard (2003)
       Code by Pritchard, Falush and Hubisz
             Version 2.3.4 (Jul 2012)
----------------------------------------------------



Command line arguments:   /home/jason/Programs/structure -K 13 -i ../Data/microsats.structure -m Structure_Run/mainparams -e Structure_Run/extraparams -D 96801480 -o ../Structure_Results/09_K_13.out 
Input File:    ../Data/microsats.structure

Run parameters:
   384 individuals
   7 loci
   13 populations assumed
   1000000 Burn-in period
   10000000 Reps
RANDOMIZE turned off


--------------------------------------------
Overall proportion of membership of the
sample in each of the 13 clusters

Inferred Clusters
  1      2      3      4      5      6      7      8      9     10     11     12     13    
0.075  0.075  0.075  0.075  0.105  0.074  0.074  0.075  0.075  0.074  0.075  0.074  0.074  

--------------------------------------------

Allele-freq. divergence among pops (Net nucleotide distance),
computed using point estimates of P.

      1       2       3       4       5       6       7       8       9      10      11      12      13      
 1      -    0.0002  0.0003  0.0002  0.1730  0.0004  0.0002  0.0002  0.0003  0.0001  0.0003  0.0001  0.0000  
 2   0.0002     -    0.0001  0.0002  0.1722  0.0002  0.0001  0.0001  0.0001  0.0004  0.0002  0.0001  0.0001  
 3   0.0003  0.0001     -    0.0002  0.1731  0.0002  0.0001  0.0003  0.0001  0.0004  0.0002  0.0001  0.0002  
 4   0.0002  0.0002  0.0002     -    0.1701  0.0005  0.0002  0.0004  0.0004  0.0004  0.0001  0.0002  0.0002  
 5   0.1730  0.1722  0.1731  0.1701     -    0.1717  0.1730  0.1719  0.1717  0.1744  0.1735  0.1732  0.1731  
 6   0.0004  0.0002  0.0002  0.0005  0.1717     -    0.0001  0.0004  0.0000  0.0006  0.0005  0.0002  0.0003  
 7   0.0002  0.0001  0.0001  0.0002  0.1730  0.0001     -    0.0003  0.0001  0.0003  0.0002  0.0000  0.0001  
 8   0.0002  0.0001  0.0003  0.0004  0.1719  0.0004  0.0003     -    0.0002  0.0004  0.0004  0.0002  0.0001  
 9   0.0003  0.0001  0.0001  0.0004  0.1717  0.0000  0.0001  0.0002     -    0.0005  0.0004  0.0001  0.0002  
10   0.0001  0.0004  0.0004  0.0004  0.1744  0.0006  0.0003  0.0004  0.0005     -    0.0004  0.0003  0.0001  
11   0.0003  0.0002  0.0002  0.0001  0.1735  0.0005  0.0002  0.0004  0.0004  0.0004     -    0.0001  0.0002  
12   0.0001  0.0001  0.0001  0.0002  0.1732  0.0002  0.0000  0.0002  0.0001  0.0003  0.0001     -    0.0001  
13   0.0000  0.0001  0.0002  0.0002  0.1731  0.0003  0.0001  0.0001  0.0002  0.0001  0.0002  0.0001     -    

Average distances (expected heterozygosity) between individuals in same cluster:
cluster  1  : 0.6240 
cluster  2  : 0.6260 
cluster  3  : 0.6262 
cluster  4  : 0.6348 
cluster  5  : 0.6261 
cluster  6  : 0.6290 
cluster  7  : 0.6259 
cluster  8  : 0.6241 
cluster  9  : 0.6277 
cluster 10  : 0.6205 
cluster 11  : 0.6234 
cluster 12  : 0.6233 
cluster 13  : 0.6228 

--------------------------------------------
Estimated Ln Prob of Data   = -9499.3
Mean value of ln likelihood = -7587.2
Variance of ln likelihood   = 3824.2
Mean value of alpha         = 0.0495

Mean value of Fst_1         = 0.1228
Mean value of Fst_2         = 0.1186
Mean value of Fst_3         = 0.1174
Mean value of Fst_4         = 0.1018
Mean value of Fst_5         = 0.2237
Mean value of Fst_6         = 0.1221
Mean value of Fst_7         = 0.1222
Mean value of Fst_8         = 0.1197
Mean value of Fst_9         = 0.1202
Mean value of Fst_10         = 0.1270
Mean value of Fst_11         = 0.1179
Mean value of Fst_12         = 0.1256
Mean value of Fst_13         = 0.1251


Inferred ancestry of individuals:
        Label (%Miss) :  Inferred clusters
  1 COPE-0001    (0)   :  0.009 0.009 0.009 0.009 0.896 0.008 0.009 0.009 0.009 0.009 0.009 0.009 0.009 
  2 COPE-0002    (0)   :  0.081 0.085 0.081 0.086 0.011 0.092 0.081 0.081 0.088 0.074 0.081 0.080 0.079 
  3 COPE-0003    (0)   :  0.077 0.085 0.088 0.104 0.007 0.073 0.079 0.087 0.081 0.071 0.094 0.078 0.076 
  4 COPE-0004    (0)   :  0.082 0.079 0.067 0.077 0.011 0.111 0.086 0.076 0.094 0.081 0.075 0.081 0.081 
  5 COPE-0005    (0)   :  0.088 0.077 0.075 0.072 0.022 0.091 0.083 0.074 0.092 0.086 0.075 0.082 0.083 
  6 COPE-0006    (0)   :  0.079 0.085 0.085 0.083 0.018 0.086 0.085 0.077 0.082 0.075 0.085 0.082 0.080 
  7 COPE-0007    (0)   :  0.088 0.076 0.078 0.074 0.006 0.091 0.087 0.073 0.087 0.097 0.079 0.083 0.081 
  8 COPE-0008    (0)   :  0.089 0.083 0.081 0.066 0.008 0.080 0.081 0.102 0.086 0.088 0.066 0.081 0.088 
  9 COPE-0009    (0)   :  0.075 0.091 0.089 0.097 0.015 0.082 0.082 0.078 0.083 0.066 0.090 0.080 0.074 
 10 COPE-0010    (0)   :  0.081 0.086 0.090 0.079 0.007 0.084 0.086 0.076 0.083 0.082 0.088 0.081 0.078 
 11 COPE-0011   (14)   :  0.013 0.013 0.013 0.012 0.843 0.014 0.013 0.013 0.014 0.013 0.013 0.013 0.013 
 12 COPE-0012   (14)   :  0.084 0.085 0.085 0.075 0.006 0.080 0.084 0.102 0.084 0.077 0.071 0.081 0.085 
 13 COPE-0013    (0)   :  0.073 0.094 0.084 0.072 0.006 0.076 0.080 0.089 0.081 0.077 0.105 0.082 0.081 
 14 COPE-0014    (0)   :  0.108 0.074 0.061 0.099 0.008 0.057 0.073 0.083 0.063 0.113 0.084 0.081 0.097 
 15 COPE-0015    (0)   :  0.099 0.076 0.073 0.087 0.007 0.068 0.078 0.083 0.071 0.101 0.081 0.084 0.093 
 16 COPE-0016    (0)   :  0.071 0.091 0.089 0.085 0.009 0.094 0.088 0.075 0.091 0.056 0.084 0.091 0.076 
 17 COPE-0017    (0)   :  0.044 0.036 0.034 0.042 0.539 0.033 0.036 0.037 0.034 0.045 0.038 0.039 0.043 
 18 COPE-0018    (0)   :  0.078 0.086 0.084 0.073 0.007 0.086 0.083 0.081 0.088 0.079 0.085 0.087 0.082 
 19 COPE-0019    (0)   :  0.077 0.091 0.087 0.076 0.006 0.082 0.085 0.085 0.082 0.074 0.091 0.083 0.082 
 20 COPE-0020    (0)   :  0.082 0.082 0.090 0.103 0.006 0.080 0.083 0.075 0.080 0.076 0.086 0.079 0.078 
 21 COPE-0021    (0)   :  0.085 0.078 0.084 0.084 0.006 0.082 0.087 0.072 0.078 0.093 0.083 0.083 0.085 
 22 COPE-0022    (0)   :  0.082 0.086 0.092 0.064 0.006 0.083 0.086 0.104 0.083 0.078 0.067 0.083 0.085 
 23 COPE-0023    (0)   :  0.080 0.090 0.087 0.092 0.008 0.087 0.082 0.078 0.083 0.074 0.087 0.076 0.076 
 24 COPE-0024   (14)   :  0.080 0.078 0.089 0.080 0.006 0.092 0.085 0.073 0.087 0.080 0.082 0.087 0.081 
 25 COPE-0025    (0)   :  0.077 0.074 0.088 0.136 0.040 0.072 0.076 0.079 0.078 0.070 0.077 0.065 0.067 
 26 COPE-0026    (0)   :  0.087 0.079 0.082 0.072 0.005 0.085 0.081 0.085 0.088 0.093 0.078 0.083 0.083 
 27 COPE-0027    (0)   :  0.076 0.091 0.085 0.073 0.006 0.080 0.081 0.090 0.081 0.077 0.092 0.083 0.084 
 28 COPE-0028    (0)   :  0.079 0.080 0.089 0.102 0.005 0.081 0.080 0.086 0.085 0.078 0.081 0.076 0.078 
 29 COPE-0029    (0)   :  0.074 0.086 0.091 0.084 0.005 0.091 0.088 0.072 0.090 0.066 0.083 0.093 0.076 
 30 COPE-0030   (14)   :  0.025 0.026 0.026 0.026 0.698 0.027 0.026 0.024 0.026 0.025 0.025 0.024 0.024 
 31 COPE-0031    (0)   :  0.091 0.080 0.078 0.067 0.009 0.078 0.078 0.089 0.089 0.096 0.073 0.084 0.084 
 32 COPE-0032    (0)   :  0.079 0.087 0.090 0.102 0.008 0.080 0.080 0.081 0.084 0.075 0.085 0.073 0.075 
 33 COPE-0033    (0)   :  0.078 0.088 0.087 0.090 0.011 0.082 0.080 0.085 0.084 0.076 0.087 0.075 0.078 
 34 COPE-0034    (0)   :  0.087 0.078 0.073 0.076 0.009 0.095 0.082 0.079 0.091 0.087 0.073 0.083 0.085 
 35 COPE-0035   (14)   :  0.076 0.085 0.089 0.098 0.007 0.081 0.081 0.089 0.085 0.077 0.082 0.074 0.077 
 36 COPE-0036   (14)   :  0.084 0.077 0.088 0.083 0.006 0.081 0.093 0.064 0.075 0.096 0.088 0.084 0.080 
 37 COPE-0037    (0)   :  0.079 0.081 0.085 0.082 0.023 0.083 0.081 0.079 0.083 0.080 0.085 0.080 0.080 
 38 COPE-0038    (0)   :  0.085 0.082 0.084 0.068 0.006 0.082 0.079 0.092 0.087 0.090 0.075 0.083 0.086 
 39 COPE-0039    (0)   :  0.081 0.077 0.086 0.110 0.040 0.076 0.078 0.080 0.076 0.067 0.082 0.075 0.074 
 40 COPE-0040   (14)   :  0.078 0.079 0.076 0.090 0.073 0.073 0.075 0.076 0.075 0.076 0.079 0.075 0.074 
 41 COPE-0041    (0)   :  0.079 0.085 0.085 0.088 0.025 0.081 0.079 0.080 0.082 0.075 0.085 0.079 0.077 
 42 COPE-0042    (0)   :  0.076 0.086 0.085 0.084 0.009 0.078 0.079 0.090 0.084 0.080 0.089 0.077 0.082 
 43 COPE-0043    (0)   :  0.078 0.089 0.087 0.084 0.005 0.093 0.087 0.076 0.089 0.069 0.081 0.084 0.077 
 44 COPE-0044    (0)   :  0.080 0.082 0.074 0.080 0.011 0.097 0.083 0.089 0.087 0.075 0.076 0.083 0.083 
 45 COPE-0045    (0)   :  0.078 0.083 0.078 0.080 0.033 0.093 0.083 0.082 0.086 0.075 0.072 0.079 0.078 
 46 COPE-0046    (0)   :  0.023 0.024 0.023 0.024 0.715 0.022 0.023 0.025 0.023 0.022 0.027 0.024 0.024 
 47 COPE-0047    (0)   :  0.007 0.008 0.008 0.007 0.911 0.007 0.007 0.007 0.007 0.007 0.008 0.007 0.007 
 48 COPE-0048    (0)   :  0.074 0.091 0.090 0.077 0.006 0.082 0.079 0.092 0.086 0.081 0.090 0.072 0.081 
 49 COPE-0049    (0)   :  0.081 0.080 0.082 0.103 0.016 0.084 0.083 0.082 0.086 0.075 0.073 0.077 0.078 
 50 COPE-0050    (0)   :  0.080 0.083 0.078 0.078 0.007 0.078 0.081 0.090 0.081 0.074 0.098 0.086 0.087 
 51 COPE-0051    (0)   :  0.069 0.081 0.079 0.062 0.097 0.074 0.076 0.078 0.084 0.081 0.074 0.072 0.073 
 52 COPE-0052    (0)   :  0.111 0.071 0.061 0.092 0.011 0.058 0.074 0.084 0.063 0.116 0.078 0.083 0.099 
 53 COPE-0053    (0)   :  0.070 0.086 0.092 0.095 0.008 0.096 0.085 0.073 0.089 0.050 0.082 0.097 0.078 
 54 COPE-0054    (0)   :  0.083 0.073 0.091 0.076 0.005 0.085 0.098 0.067 0.073 0.092 0.086 0.089 0.080 
 55 COPE-0055    (0)   :  0.082 0.087 0.091 0.063 0.005 0.084 0.085 0.106 0.085 0.078 0.065 0.083 0.086 
 56 COPE-0056    (0)   :  0.079 0.088 0.083 0.076 0.015 0.083 0.085 0.098 0.081 0.074 0.072 0.082 0.085 
 57 COPE-0057    (0)   :  0.077 0.089 0.087 0.093 0.009 0.080 0.083 0.082 0.082 0.074 0.088 0.078 0.078 
 58 COPE-0058    (0)   :  0.081 0.088 0.087 0.089 0.009 0.085 0.085 0.074 0.088 0.078 0.081 0.080 0.074 
 59 COPE-0059    (0)   :  0.076 0.084 0.078 0.090 0.017 0.066 0.080 0.091 0.076 0.075 0.102 0.084 0.082 
 60 COPE-0060    (0)   :  0.081 0.092 0.087 0.086 0.006 0.085 0.080 0.078 0.084 0.070 0.088 0.085 0.079 
 61 COPE-0061    (0)   :  0.070 0.089 0.091 0.092 0.010 0.092 0.083 0.077 0.087 0.053 0.086 0.094 0.077 
 62 COPE-0062    (0)   :  0.100 0.072 0.070 0.090 0.008 0.064 0.081 0.077 0.066 0.112 0.082 0.085 0.094 
 63 COPE-0063    (0)   :  0.081 0.088 0.085 0.062 0.021 0.082 0.084 0.111 0.082 0.072 0.060 0.084 0.088 
 64 COPE-0064    (0)   :  0.084 0.081 0.079 0.077 0.008 0.080 0.083 0.088 0.082 0.082 0.084 0.086 0.086 
 65 COPE-0065    (0)   :  0.006 0.006 0.006 0.006 0.927 0.006 0.006 0.006 0.006 0.006 0.006 0.006 0.006 
 66 COPE-0066    (0)   :  0.077 0.085 0.087 0.085 0.017 0.079 0.079 0.089 0.086 0.081 0.086 0.072 0.078 
 67 COPE-0067   (14)   :  0.026 0.030 0.031 0.034 0.654 0.028 0.027 0.030 0.029 0.028 0.029 0.026 0.028 
 68 COPE-0068    (0)   :  0.079 0.084 0.080 0.084 0.012 0.070 0.079 0.091 0.079 0.076 0.102 0.082 0.082 
 69 COPE-0069   (14)   :  0.087 0.078 0.077 0.088 0.010 0.068 0.080 0.088 0.072 0.087 0.089 0.087 0.091 
 70 COPE-0070    (0)   :  0.083 0.086 0.080 0.072 0.011 0.088 0.083 0.081 0.095 0.085 0.075 0.080 0.080 
 71 COPE-0071    (0)   :  0.082 0.076 0.092 0.105 0.004 0.077 0.081 0.080 0.082 0.084 0.084 0.077 0.075 
 72 COPE-0072    (0)   :  0.085 0.086 0.078 0.082 0.006 0.076 0.079 0.087 0.077 0.079 0.093 0.084 0.088 
 73 COPE-0073   (14)   :  0.030 0.032 0.036 0.034 0.602 0.037 0.037 0.026 0.033 0.031 0.035 0.037 0.031 
 74 COPE-0074    (0)   :  0.080 0.085 0.088 0.081 0.008 0.080 0.082 0.088 0.082 0.081 0.089 0.074 0.080 
 75 COPE-0075    (0)   :  0.074 0.091 0.086 0.067 0.011 0.083 0.082 0.087 0.093 0.089 0.082 0.077 0.080 
 76 COPE-0076    (0)   :  0.087 0.083 0.084 0.076 0.006 0.077 0.086 0.088 0.078 0.084 0.079 0.085 0.087 
 77 COPE-0077   (14)   :  0.079 0.083 0.085 0.079 0.008 0.080 0.084 0.087 0.080 0.077 0.090 0.083 0.085 
 78 COPE-0078   (14)   :  0.087 0.078 0.080 0.072 0.008 0.093 0.084 0.077 0.093 0.091 0.075 0.081 0.082 
 79 COPE-0079    (0)   :  0.085 0.079 0.059 0.063 0.008 0.122 0.088 0.074 0.105 0.087 0.070 0.077 0.083 
 80 COPE-0080   (42)   :  0.018 0.018 0.018 0.019 0.783 0.017 0.018 0.018 0.018 0.018 0.019 0.018 0.018 
 81 COPE-0081   (14)   :  0.048 0.048 0.049 0.050 0.418 0.047 0.048 0.052 0.049 0.048 0.046 0.048 0.048 
 82 COPE-0082   (14)   :  0.077 0.081 0.081 0.075 0.044 0.084 0.082 0.087 0.084 0.078 0.071 0.079 0.078 
 83 COPE-0083   (14)   :  0.128 0.065 0.046 0.099 0.005 0.043 0.069 0.084 0.049 0.138 0.078 0.084 0.113 
 84 COPE-0084    (0)   :  0.055 0.074 0.076 0.075 0.187 0.078 0.072 0.059 0.074 0.039 0.069 0.080 0.063 
 85 COPE-0085    (0)   :  0.082 0.081 0.080 0.093 0.009 0.093 0.083 0.078 0.090 0.075 0.080 0.077 0.078 
 86 COPE-0086    (0)   :  0.076 0.087 0.089 0.090 0.017 0.084 0.088 0.074 0.082 0.073 0.082 0.082 0.076 
 87 COPE-0087   (14)   :  0.074 0.094 0.089 0.083 0.007 0.089 0.082 0.078 0.087 0.064 0.086 0.089 0.078 
 88 COPE-0088   (14)   :  0.082 0.083 0.078 0.080 0.023 0.085 0.081 0.079 0.088 0.079 0.079 0.082 0.081 
 89 COPE-0089   (14)   :  0.007 0.008 0.007 0.007 0.910 0.008 0.008 0.008 0.008 0.007 0.007 0.007 0.008 
 90 COPE-0090    (0)   :  0.082 0.084 0.088 0.065 0.008 0.084 0.084 0.099 0.086 0.083 0.069 0.084 0.083 
 91 COPE-0091   (14)   :  0.087 0.088 0.080 0.086 0.005 0.078 0.079 0.077 0.077 0.081 0.087 0.089 0.086 
 92 COPE-0092   (28)   :  0.019 0.020 0.020 0.023 0.756 0.020 0.020 0.021 0.021 0.019 0.022 0.019 0.020 
 93 COPE-0093    (0)   :  0.083 0.091 0.086 0.059 0.006 0.082 0.086 0.116 0.082 0.073 0.058 0.087 0.091 
 94 COPE-0094    (0)   :  0.083 0.078 0.060 0.063 0.025 0.122 0.088 0.071 0.103 0.083 0.068 0.078 0.080 
 95 COPE-0095    (0)   :  0.074 0.086 0.090 0.087 0.005 0.092 0.083 0.079 0.089 0.062 0.081 0.094 0.078 
 96 COPE-0096    (0)   :  0.088 0.083 0.079 0.086 0.009 0.079 0.079 0.080 0.081 0.086 0.082 0.084 0.083 
 97 COPE-0097    (0)   :  0.090 0.078 0.080 0.081 0.007 0.074 0.083 0.082 0.078 0.095 0.081 0.085 0.086 
 98 COPE-0098    (0)   :  0.094 0.080 0.075 0.066 0.009 0.080 0.079 0.091 0.088 0.099 0.070 0.083 0.087 
 99 COPE-0099    (0)   :  0.080 0.083 0.085 0.123 0.020 0.070 0.077 0.082 0.077 0.071 0.088 0.073 0.072 
100 COPE-0100    (0)   :  0.078 0.087 0.088 0.090 0.007 0.080 0.079 0.086 0.082 0.078 0.088 0.078 0.078 
101 COPE-0101    (0)   :  0.076 0.081 0.080 0.083 0.045 0.085 0.076 0.087 0.085 0.077 0.074 0.076 0.077 
102 COPE-0102    (0)   :  0.078 0.089 0.084 0.078 0.006 0.085 0.082 0.083 0.087 0.081 0.084 0.081 0.082 
103 COPE-0103    (0)   :  0.095 0.077 0.066 0.080 0.015 0.088 0.080 0.076 0.085 0.097 0.077 0.079 0.086 
104 COPE-0104   (14)   :  0.082 0.085 0.088 0.086 0.006 0.080 0.081 0.091 0.081 0.080 0.082 0.078 0.080 
105 COPE-0105    (0)   :  0.077 0.079 0.083 0.066 0.034 0.080 0.085 0.084 0.087 0.086 0.076 0.082 0.079 
106 COPE-0106    (0)   :  0.078 0.067 0.097 0.079 0.004 0.089 0.107 0.048 0.068 0.099 0.095 0.091 0.077 
107 COPE-0107    (0)   :  0.019 0.020 0.021 0.017 0.767 0.020 0.019 0.022 0.020 0.018 0.017 0.019 0.020 
108 COPE-0108    (0)   :  0.092 0.078 0.077 0.078 0.006 0.076 0.079 0.083 0.081 0.101 0.079 0.083 0.086 
109 COPE-0109    (0)   :  0.081 0.080 0.074 0.078 0.011 0.098 0.082 0.082 0.090 0.078 0.080 0.083 0.083 
110 COPE-0110   (14)   :  0.081 0.082 0.085 0.088 0.013 0.087 0.085 0.072 0.084 0.076 0.084 0.084 0.080 
111 COPE-0111    (0)   :  0.083 0.082 0.084 0.086 0.008 0.084 0.088 0.069 0.078 0.085 0.088 0.084 0.082 
112 COPE-0112   (14)   :  0.077 0.091 0.086 0.076 0.008 0.077 0.078 0.094 0.083 0.084 0.087 0.073 0.084 
113 COPE-0113    (0)   :  0.083 0.085 0.084 0.093 0.015 0.081 0.080 0.084 0.079 0.079 0.084 0.076 0.079 
114 COPE-0114    (0)   :  0.079 0.075 0.090 0.085 0.009 0.080 0.092 0.068 0.076 0.092 0.086 0.089 0.080 
115 COPE-0115    (0)   :  0.029 0.024 0.023 0.028 0.697 0.023 0.024 0.024 0.023 0.028 0.024 0.026 0.027 
116 COPE-0116   (28)   :  0.011 0.011 0.011 0.014 0.865 0.010 0.011 0.012 0.011 0.011 0.012 0.011 0.011 
117 COPE-0117    (0)   :  0.072 0.086 0.090 0.092 0.010 0.094 0.083 0.076 0.087 0.053 0.082 0.096 0.078 
118 COPE-0118    (0)   :  0.087 0.067 0.086 0.083 0.009 0.075 0.095 0.062 0.064 0.105 0.092 0.088 0.086 
119 COPE-0119    (0)   :  0.091 0.073 0.078 0.071 0.011 0.083 0.087 0.078 0.078 0.100 0.079 0.084 0.087 
120 COPE-0120    (0)   :  0.078 0.082 0.081 0.079 0.010 0.085 0.083 0.086 0.081 0.076 0.089 0.085 0.084 
121 COPE-0121    (0)   :  0.085 0.077 0.076 0.097 0.046 0.070 0.072 0.079 0.073 0.084 0.085 0.076 0.078 
122 COPE-0122    (0)   :  0.081 0.091 0.086 0.079 0.008 0.087 0.079 0.079 0.087 0.077 0.089 0.080 0.078 
123 COPE-0123    (0)   :  0.079 0.087 0.086 0.085 0.017 0.086 0.080 0.084 0.086 0.075 0.082 0.077 0.077 
124 COPE-0124    (0)   :  0.082 0.086 0.087 0.099 0.011 0.086 0.081 0.077 0.083 0.073 0.082 0.076 0.076 
125 COPE-0125    (0)   :  0.084 0.081 0.090 0.079 0.006 0.079 0.089 0.076 0.080 0.086 0.083 0.086 0.081 
126 COPE-0126    (0)   :  0.072 0.085 0.090 0.089 0.011 0.094 0.083 0.077 0.089 0.055 0.080 0.097 0.078 
127 COPE-0127   (14)   :  0.081 0.081 0.086 0.082 0.006 0.084 0.085 0.081 0.086 0.079 0.079 0.087 0.082 
128 COPE-0128    (0)   :  0.081 0.084 0.088 0.109 0.015 0.081 0.083 0.074 0.078 0.074 0.083 0.075 0.075 
129 COPE-0129    (0)   :  0.083 0.083 0.070 0.071 0.006 0.102 0.087 0.078 0.095 0.084 0.082 0.076 0.083 
130 COPE-0130    (0)   :  0.080 0.083 0.081 0.082 0.013 0.072 0.079 0.091 0.081 0.075 0.094 0.084 0.084 
131 COPE-0131   (14)   :  0.110 0.074 0.060 0.093 0.007 0.054 0.073 0.084 0.061 0.116 0.084 0.084 0.101 
132 COPE-0132   (14)   :  0.080 0.074 0.090 0.083 0.033 0.085 0.077 0.076 0.082 0.075 0.079 0.082 0.083 
133 COPE-0133    (0)   :  0.070 0.089 0.091 0.088 0.008 0.096 0.088 0.072 0.090 0.051 0.083 0.096 0.077 
134 COPE-0134    (0)   :  0.081 0.090 0.087 0.081 0.007 0.088 0.083 0.076 0.086 0.077 0.087 0.081 0.077 
135 COPE-0135    (0)   :  0.081 0.084 0.089 0.084 0.007 0.082 0.083 0.091 0.084 0.078 0.074 0.078 0.084 
136 COPE-0136    (0)   :  0.013 0.014 0.013 0.014 0.841 0.013 0.013 0.013 0.014 0.012 0.014 0.013 0.013 
137 COPE-0137    (0)   :  0.076 0.090 0.089 0.085 0.011 0.083 0.081 0.085 0.083 0.072 0.093 0.077 0.077 
138 COPE-0138   (14)   :  0.009 0.009 0.010 0.009 0.889 0.009 0.010 0.009 0.009 0.010 0.009 0.009 0.009 
139 COPE-0139    (0)   :  0.077 0.082 0.089 0.128 0.007 0.074 0.076 0.082 0.080 0.070 0.091 0.074 0.071 
140 COPE-0140   (14)   :  0.023 0.024 0.025 0.030 0.715 0.023 0.023 0.024 0.024 0.021 0.025 0.022 0.022 
141 COPE-0141    (0)   :  0.080 0.087 0.082 0.074 0.008 0.085 0.085 0.102 0.084 0.077 0.065 0.085 0.086 
142 COPE-0142    (0)   :  0.082 0.086 0.086 0.073 0.009 0.084 0.087 0.092 0.082 0.078 0.075 0.084 0.084 
143 COPE-0143    (0)   :  0.073 0.086 0.087 0.084 0.009 0.095 0.085 0.082 0.088 0.063 0.078 0.090 0.079 
144 COPE-0144   (14)   :  0.073 0.076 0.075 0.093 0.092 0.080 0.074 0.077 0.075 0.065 0.075 0.073 0.073 
145 COPE-0145   (14)   :  0.065 0.060 0.075 0.137 0.207 0.057 0.058 0.063 0.061 0.050 0.065 0.052 0.050 
146 COPE-0146   (14)   :  0.077 0.082 0.084 0.077 0.027 0.083 0.082 0.084 0.085 0.073 0.077 0.087 0.082 
147 COPE-0147    (0)   :  0.076 0.077 0.078 0.069 0.071 0.089 0.079 0.083 0.082 0.072 0.068 0.077 0.080 
148 COPE-0148    (0)   :  0.073 0.086 0.089 0.087 0.008 0.096 0.086 0.074 0.089 0.057 0.082 0.094 0.078 
149 COPE-0149    (0)   :  0.073 0.094 0.085 0.080 0.006 0.084 0.081 0.082 0.084 0.070 0.094 0.086 0.080 
150 COPE-0150    (0)   :  0.070 0.094 0.090 0.074 0.007 0.082 0.078 0.095 0.088 0.081 0.091 0.068 0.081 
151 COPE-0151    (0)   :  0.078 0.083 0.092 0.115 0.006 0.082 0.082 0.082 0.080 0.066 0.081 0.079 0.075 
152 COPE-0152   (14)   :  0.071 0.073 0.076 0.066 0.124 0.076 0.077 0.085 0.074 0.070 0.060 0.073 0.074 
153 COPE-0153    (0)   :  0.089 0.080 0.079 0.079 0.006 0.087 0.084 0.081 0.085 0.088 0.078 0.081 0.083 
154 COPE-0154    (0)   :  0.081 0.083 0.089 0.079 0.007 0.081 0.088 0.082 0.082 0.076 0.085 0.084 0.082 
155 COPE-0155    (0)   :  0.079 0.089 0.089 0.098 0.005 0.083 0.086 0.079 0.079 0.073 0.085 0.080 0.077 
156 COPE-0156   (14)   :  0.009 0.009 0.009 0.009 0.891 0.009 0.009 0.009 0.009 0.009 0.009 0.009 0.009 
157 COPE-0157   (14)   :  0.065 0.064 0.066 0.076 0.224 0.063 0.063 0.074 0.066 0.061 0.056 0.059 0.063 
158 COPE-0158    (0)   :  0.073 0.091 0.086 0.080 0.009 0.088 0.086 0.078 0.088 0.061 0.088 0.090 0.079 
159 COPE-0159    (0)   :  0.084 0.080 0.086 0.071 0.008 0.088 0.081 0.088 0.087 0.083 0.077 0.081 0.087 
160 COPE-0160    (0)   :  0.083 0.081 0.080 0.080 0.007 0.094 0.085 0.079 0.094 0.086 0.073 0.079 0.081 
161 COPE-0161    (0)   :  0.082 0.087 0.078 0.081 0.012 0.084 0.081 0.084 0.083 0.084 0.080 0.079 0.084 
162 COPE-0162   (14)   :  0.007 0.007 0.007 0.007 0.914 0.007 0.007 0.007 0.007 0.007 0.007 0.007 0.007 
163 COPE-0163   (28)   :  0.012 0.012 0.012 0.012 0.850 0.013 0.012 0.012 0.013 0.012 0.012 0.012 0.012 
164 COPE-0164    (0)   :  0.078 0.082 0.083 0.087 0.024 0.079 0.079 0.080 0.088 0.078 0.080 0.084 0.077 
165 COPE-0165    (0)   :  0.079 0.085 0.084 0.084 0.008 0.077 0.081 0.087 0.082 0.075 0.091 0.081 0.084 
166 COPE-0166   (14)   :  0.083 0.089 0.084 0.078 0.008 0.091 0.084 0.075 0.089 0.076 0.085 0.081 0.078 
167 COPE-0167    (0)   :  0.084 0.079 0.078 0.075 0.008 0.098 0.090 0.070 0.091 0.083 0.080 0.083 0.080 
168 COPE-0168    (0)   :  0.079 0.085 0.087 0.081 0.006 0.089 0.086 0.083 0.086 0.070 0.080 0.086 0.082 
169 COPE-0169    (0)   :  0.078 0.088 0.076 0.079 0.010 0.071 0.076 0.092 0.079 0.080 0.104 0.084 0.083 
170 COPE-0170    (0)   :  0.088 0.077 0.081 0.104 0.022 0.074 0.078 0.091 0.075 0.082 0.066 0.077 0.084 
171 COPE-0171    (0)   :  0.084 0.077 0.090 0.105 0.007 0.079 0.082 0.085 0.080 0.076 0.078 0.076 0.081 
172 COPE-0172    (0)   :  0.083 0.084 0.084 0.077 0.007 0.086 0.085 0.081 0.086 0.085 0.080 0.083 0.081 
173 COPE-0173   (14)   :  0.073 0.083 0.073 0.079 0.053 0.067 0.076 0.091 0.073 0.073 0.096 0.083 0.081 
174 COPE-0174   (28)   :  0.080 0.085 0.087 0.086 0.013 0.083 0.081 0.088 0.081 0.074 0.080 0.081 0.082 
175 COPE-0175    (0)   :  0.081 0.080 0.080 0.083 0.039 0.086 0.081 0.074 0.091 0.076 0.074 0.080 0.074 
176 COPE-0176    (0)   :  0.083 0.078 0.084 0.073 0.008 0.091 0.092 0.080 0.083 0.088 0.075 0.083 0.083 
177 COPE-0177    (0)   :  0.078 0.092 0.083 0.078 0.007 0.077 0.081 0.085 0.084 0.077 0.094 0.085 0.080 
178 COPE-0178    (0)   :  0.078 0.068 0.097 0.078 0.007 0.087 0.105 0.048 0.069 0.099 0.095 0.091 0.076 
179 COPE-0179    (0)   :  0.079 0.085 0.087 0.096 0.009 0.080 0.083 0.082 0.081 0.075 0.085 0.079 0.078 
180 COPE-0180   (14)   :  0.075 0.091 0.077 0.076 0.006 0.073 0.078 0.092 0.081 0.078 0.104 0.084 0.084 
181 COPE-0181   (14)   :  0.079 0.089 0.087 0.079 0.008 0.080 0.081 0.082 0.081 0.075 0.094 0.083 0.081 
182 COPE-0182    (0)   :  0.083 0.081 0.084 0.059 0.005 0.086 0.081 0.085 0.095 0.098 0.077 0.085 0.081 
183 COPE-0183    (0)   :  0.081 0.083 0.085 0.078 0.010 0.084 0.082 0.084 0.086 0.080 0.080 0.085 0.082 
184 COPE-0184    (0)   :  0.085 0.081 0.078 0.067 0.009 0.094 0.085 0.075 0.098 0.085 0.074 0.085 0.084 
185 COPE-0185    (0)   :  0.088 0.083 0.085 0.070 0.006 0.084 0.080 0.093 0.082 0.089 0.075 0.079 0.085 
186 COPE-0186    (0)   :  0.119 0.068 0.055 0.095 0.005 0.049 0.071 0.083 0.057 0.129 0.079 0.084 0.107 
187 COPE-0187    (0)   :  0.079 0.086 0.085 0.065 0.009 0.084 0.085 0.092 0.089 0.086 0.074 0.080 0.085 
188 COPE-0188    (0)   :  0.025 0.031 0.029 0.026 0.666 0.028 0.026 0.030 0.029 0.028 0.029 0.025 0.028 
189 COPE-0189    (0)   :  0.077 0.089 0.085 0.087 0.007 0.077 0.079 0.086 0.079 0.079 0.092 0.081 0.082 
190 COPE-0190    (0)   :  0.078 0.084 0.076 0.080 0.013 0.102 0.085 0.078 0.090 0.078 0.075 0.081 0.078 
191 COPE-0191    (0)   :  0.094 0.082 0.072 0.086 0.010 0.075 0.078 0.083 0.074 0.092 0.081 0.083 0.088 
192 COPE-0192   (14)   :  0.013 0.010 0.009 0.012 0.873 0.008 0.010 0.011 0.009 0.013 0.010 0.010 0.012 
193 COPE-0193    (0)   :  0.076 0.085 0.089 0.082 0.006 0.090 0.086 0.076 0.087 0.075 0.084 0.088 0.077 
194 COPE-0194    (0)   :  0.080 0.082 0.089 0.099 0.009 0.078 0.080 0.085 0.087 0.081 0.082 0.073 0.077 
195 COPE-0195    (0)   :  0.078 0.088 0.088 0.083 0.006 0.084 0.079 0.087 0.087 0.081 0.085 0.075 0.078 
196 COPE-0196    (0)   :  0.084 0.081 0.083 0.088 0.010 0.085 0.081 0.082 0.081 0.082 0.079 0.079 0.083 
197 COPE-0197    (0)   :  0.078 0.091 0.083 0.084 0.007 0.079 0.082 0.085 0.079 0.073 0.092 0.084 0.082 
198 COPE-0198    (0)   :  0.079 0.083 0.080 0.075 0.011 0.072 0.075 0.097 0.081 0.076 0.093 0.088 0.089 
199 COPE-0199    (0)   :  0.078 0.091 0.084 0.076 0.012 0.078 0.081 0.084 0.080 0.076 0.096 0.081 0.082 
200 COPE-0200   (42)   :  0.080 0.086 0.083 0.081 0.009 0.076 0.080 0.086 0.083 0.072 0.097 0.084 0.083 
201 COPE-0201    (0)   :  0.089 0.079 0.079 0.081 0.008 0.075 0.081 0.090 0.079 0.092 0.076 0.084 0.088 
202 COPE-0202    (0)   :  0.085 0.079 0.070 0.062 0.012 0.107 0.085 0.084 0.097 0.086 0.068 0.080 0.085 
203 COPE-0203    (0)   :  0.082 0.083 0.090 0.078 0.006 0.087 0.081 0.086 0.085 0.078 0.081 0.082 0.083 
204 COPE-0204    (0)   :  0.078 0.073 0.091 0.080 0.026 0.081 0.093 0.063 0.076 0.091 0.086 0.086 0.075 
205 COPE-0205    (0)   :  0.074 0.086 0.089 0.079 0.020 0.091 0.084 0.078 0.087 0.073 0.080 0.084 0.076 
206 COPE-0206    (0)   :  0.085 0.077 0.090 0.102 0.005 0.081 0.084 0.070 0.076 0.085 0.088 0.080 0.078 
207 COPE-0207    (0)   :  0.085 0.074 0.089 0.081 0.011 0.085 0.086 0.071 0.078 0.091 0.085 0.081 0.083 
208 COPE-0208    (0)   :  0.030 0.028 0.030 0.041 0.643 0.029 0.029 0.030 0.029 0.029 0.028 0.027 0.027 
209 COPE-0209    (0)   :  0.082 0.079 0.082 0.091 0.006 0.074 0.080 0.087 0.077 0.083 0.091 0.080 0.088 
210 COPE-0210    (0)   :  0.075 0.090 0.087 0.081 0.009 0.085 0.084 0.082 0.085 0.069 0.088 0.085 0.082 
211 COPE-0211    (0)   :  0.071 0.092 0.090 0.082 0.005 0.081 0.077 0.095 0.088 0.080 0.091 0.069 0.079 
212 COPE-0212    (0)   :  0.082 0.077 0.091 0.082 0.011 0.089 0.083 0.075 0.083 0.082 0.082 0.082 0.082 
213 COPE-0213    (0)   :  0.080 0.083 0.087 0.090 0.008 0.080 0.087 0.078 0.082 0.083 0.085 0.081 0.077 
214 COPE-0214    (0)   :  0.074 0.087 0.073 0.070 0.008 0.065 0.077 0.102 0.077 0.076 0.112 0.091 0.089 
215 COPE-0215    (0)   :  0.073 0.085 0.074 0.077 0.057 0.068 0.073 0.086 0.077 0.074 0.100 0.078 0.079 
216 COPE-0216   (14)   :  0.053 0.058 0.057 0.060 0.343 0.056 0.056 0.050 0.055 0.048 0.056 0.056 0.053 
217 COPE-0217    (0)   :  0.078 0.074 0.086 0.079 0.027 0.086 0.089 0.068 0.077 0.084 0.088 0.083 0.080 
218 COPE-0218    (0)   :  0.080 0.084 0.085 0.086 0.009 0.081 0.081 0.087 0.081 0.075 0.086 0.082 0.083 
219 COPE-0219   (14)   :  0.077 0.087 0.079 0.075 0.008 0.075 0.081 0.092 0.080 0.076 0.097 0.086 0.085 
220 COPE-0220    (0)   :  0.077 0.074 0.090 0.078 0.013 0.088 0.096 0.063 0.075 0.089 0.092 0.087 0.078 
221 COPE-0221    (0)   :  0.080 0.085 0.089 0.061 0.017 0.085 0.080 0.101 0.084 0.079 0.066 0.084 0.090 
222 COPE-0222    (0)   :  0.081 0.084 0.086 0.079 0.007 0.088 0.081 0.090 0.086 0.073 0.076 0.090 0.082 
223 COPE-0223    (0)   :  0.076 0.094 0.083 0.087 0.007 0.081 0.078 0.082 0.084 0.076 0.096 0.079 0.077 
224 COPE-0224    (0)   :  0.084 0.079 0.060 0.061 0.019 0.119 0.087 0.072 0.105 0.087 0.068 0.079 0.080 
225 COPE-0225    (0)   :  0.074 0.088 0.072 0.069 0.013 0.064 0.077 0.101 0.075 0.076 0.113 0.091 0.088 
226 COPE-0226    (0)   :  0.083 0.082 0.087 0.081 0.006 0.085 0.085 0.086 0.082 0.078 0.080 0.083 0.082 
227 COPE-0227    (0)   :  0.086 0.080 0.077 0.082 0.006 0.071 0.081 0.088 0.077 0.089 0.090 0.085 0.088 
228 COPE-0228    (0)   :  0.079 0.078 0.090 0.092 0.017 0.086 0.090 0.068 0.077 0.077 0.087 0.083 0.077 
229 COPE-0229    (0)   :  0.080 0.082 0.086 0.077 0.007 0.081 0.085 0.085 0.078 0.078 0.089 0.088 0.083 
230 COPE-0230    (0)   :  0.084 0.083 0.088 0.075 0.010 0.084 0.090 0.078 0.080 0.083 0.077 0.087 0.081 
231 COPE-0231    (0)   :  0.078 0.091 0.087 0.083 0.006 0.085 0.084 0.080 0.083 0.075 0.088 0.083 0.078 
232 COPE-0232    (0)   :  0.079 0.084 0.076 0.076 0.015 0.098 0.086 0.077 0.092 0.082 0.076 0.082 0.079 
233 COPE-0233    (0)   :  0.089 0.081 0.083 0.070 0.005 0.084 0.079 0.086 0.094 0.091 0.073 0.085 0.080 
234 COPE-0234    (0)   :  0.085 0.080 0.081 0.100 0.008 0.091 0.080 0.078 0.089 0.079 0.077 0.077 0.075 
235 COPE-0235    (0)   :  0.082 0.090 0.085 0.079 0.006 0.088 0.080 0.080 0.086 0.077 0.088 0.079 0.079 
236 COPE-0236    (0)   :  0.087 0.078 0.091 0.074 0.005 0.079 0.093 0.066 0.076 0.094 0.085 0.091 0.082 
237 COPE-0237    (0)   :  0.090 0.081 0.078 0.070 0.006 0.077 0.076 0.091 0.085 0.094 0.080 0.083 0.090 
238 COPE-0238    (0)   :  0.074 0.097 0.083 0.077 0.009 0.080 0.079 0.082 0.084 0.072 0.100 0.083 0.079 
239 COPE-0239    (0)   :  0.084 0.080 0.075 0.077 0.036 0.088 0.080 0.080 0.089 0.079 0.073 0.079 0.080 
240 COPE-0240    (0)   :  0.078 0.089 0.086 0.076 0.008 0.092 0.088 0.075 0.092 0.068 0.079 0.090 0.079 
241 COPE-0241    (0)   :  0.074 0.093 0.083 0.071 0.006 0.075 0.080 0.089 0.080 0.078 0.105 0.083 0.082 
242 COPE-0242    (0)   :  0.088 0.076 0.080 0.079 0.006 0.084 0.090 0.074 0.074 0.095 0.083 0.086 0.087 
243 COPE-0243    (0)   :  0.078 0.088 0.085 0.072 0.007 0.083 0.084 0.084 0.089 0.086 0.083 0.080 0.081 
244 COPE-0244    (0)   :  0.078 0.085 0.083 0.086 0.009 0.080 0.082 0.085 0.085 0.079 0.088 0.080 0.081 
245 COPE-0245    (0)   :  0.076 0.087 0.088 0.071 0.011 0.084 0.081 0.086 0.091 0.087 0.081 0.078 0.079 
246 COPE-0246    (0)   :  0.085 0.085 0.081 0.083 0.012 0.087 0.083 0.079 0.083 0.081 0.078 0.082 0.081 
247 COPE-0247    (0)   :  0.084 0.080 0.089 0.073 0.015 0.078 0.079 0.093 0.082 0.078 0.082 0.081 0.086 
248 COPE-0248    (0)   :  0.082 0.080 0.087 0.084 0.005 0.083 0.079 0.083 0.090 0.091 0.081 0.080 0.077 
249 COPE-0249    (0)   :  0.078 0.081 0.071 0.083 0.025 0.093 0.081 0.082 0.087 0.074 0.084 0.080 0.081 
250 COPE-0250    (0)   :  0.082 0.080 0.078 0.072 0.017 0.096 0.083 0.074 0.094 0.084 0.080 0.080 0.080 
251 COPE-0251   (14)   :  0.031 0.030 0.030 0.025 0.645 0.031 0.028 0.034 0.030 0.031 0.027 0.028 0.031 
252 COPE-0252    (0)   :  0.081 0.083 0.075 0.071 0.011 0.108 0.088 0.074 0.097 0.079 0.075 0.080 0.078 
253 COPE-0253    (0)   :  0.084 0.088 0.086 0.068 0.008 0.078 0.083 0.109 0.081 0.076 0.066 0.085 0.087 
254 COPE-0254    (0)   :  0.080 0.083 0.085 0.061 0.014 0.085 0.089 0.082 0.090 0.087 0.077 0.087 0.080 
255 COPE-0255    (0)   :  0.076 0.084 0.082 0.073 0.021 0.080 0.080 0.092 0.084 0.082 0.079 0.082 0.085 
256 COPE-0256    (0)   :  0.074 0.089 0.090 0.079 0.010 0.092 0.091 0.070 0.090 0.063 0.083 0.093 0.076 
257 COPE-0257    (0)   :  0.123 0.068 0.050 0.095 0.007 0.047 0.070 0.083 0.053 0.132 0.079 0.084 0.108 
258 COPE-0258    (0)   :  0.088 0.076 0.078 0.109 0.014 0.066 0.075 0.084 0.072 0.091 0.082 0.078 0.085 
259 COPE-0259    (0)   :  0.082 0.083 0.088 0.087 0.006 0.081 0.084 0.079 0.079 0.084 0.086 0.081 0.081 
260 COPE-0260    (0)   :  0.078 0.089 0.080 0.082 0.022 0.078 0.078 0.082 0.082 0.076 0.093 0.081 0.079 
261 COPE-0261    (0)   :  0.082 0.080 0.088 0.064 0.006 0.083 0.091 0.078 0.086 0.093 0.082 0.089 0.079 
262 COPE-0262    (0)   :  0.072 0.090 0.090 0.082 0.017 0.087 0.087 0.076 0.087 0.067 0.082 0.087 0.076 
263 COPE-0263    (0)   :  0.094 0.080 0.075 0.080 0.007 0.079 0.077 0.087 0.080 0.099 0.079 0.078 0.085 
264 COPE-0264    (0)   :  0.106 0.073 0.064 0.095 0.017 0.059 0.075 0.080 0.062 0.114 0.081 0.081 0.094 
265 COPE-0265    (0)   :  0.080 0.082 0.087 0.084 0.011 0.084 0.078 0.089 0.086 0.078 0.078 0.083 0.081 
266 COPE-0266    (0)   :  0.079 0.077 0.089 0.095 0.017 0.085 0.085 0.071 0.080 0.081 0.085 0.079 0.076 
267 COPE-0267    (0)   :  0.087 0.080 0.081 0.066 0.006 0.090 0.078 0.082 0.098 0.094 0.074 0.083 0.080 
268 COPE-0268    (0)   :  0.092 0.079 0.078 0.063 0.013 0.083 0.076 0.083 0.096 0.099 0.073 0.083 0.081 
269 COPE-0269    (0)   :  0.089 0.083 0.080 0.098 0.006 0.078 0.078 0.079 0.077 0.082 0.086 0.083 0.082 
270 COPE-0270    (0)   :  0.070 0.095 0.088 0.070 0.007 0.082 0.078 0.094 0.088 0.081 0.094 0.072 0.082 
271 COPE-0271    (0)   :  0.082 0.095 0.083 0.079 0.007 0.081 0.077 0.079 0.081 0.076 0.094 0.083 0.081 
272 COPE-0272    (0)   :  0.080 0.084 0.083 0.081 0.007 0.087 0.087 0.090 0.082 0.079 0.072 0.083 0.085 
273 COPE-0273    (0)   :  0.082 0.076 0.091 0.080 0.015 0.087 0.081 0.076 0.086 0.083 0.079 0.081 0.082 
274 COPE-0274   (14)   :  0.022 0.027 0.027 0.025 0.700 0.024 0.023 0.027 0.026 0.025 0.026 0.022 0.025 
275 COPE-0275    (0)   :  0.081 0.086 0.084 0.087 0.009 0.081 0.078 0.084 0.084 0.079 0.087 0.080 0.080 
276 COPE-0276   (14)   :  0.007 0.007 0.007 0.007 0.921 0.007 0.007 0.007 0.007 0.007 0.007 0.007 0.007 
277 COPE-0277   (14)   :  0.080 0.085 0.087 0.084 0.013 0.086 0.087 0.069 0.084 0.073 0.084 0.090 0.079 
278 COPE-0278    (0)   :  0.077 0.069 0.095 0.078 0.007 0.090 0.106 0.052 0.071 0.095 0.094 0.090 0.077 
279 COPE-0279    (0)   :  0.079 0.083 0.091 0.087 0.009 0.085 0.091 0.071 0.081 0.081 0.085 0.082 0.076 
280 COPE-0280    (0)   :  0.012 0.012 0.012 0.012 0.853 0.012 0.012 0.012 0.012 0.012 0.013 0.012 0.012 
281 COPE-0281    (0)   :  0.030 0.030 0.032 0.042 0.622 0.029 0.031 0.033 0.030 0.029 0.033 0.029 0.030 
282 COPE-0282   (14)   :  0.085 0.079 0.058 0.059 0.006 0.125 0.089 0.073 0.108 0.090 0.067 0.079 0.082 
283 COPE-0283    (0)   :  0.081 0.074 0.090 0.090 0.007 0.087 0.094 0.064 0.078 0.085 0.088 0.084 0.079 
284 COPE-0284   (14)   :  0.077 0.084 0.084 0.106 0.030 0.075 0.076 0.081 0.078 0.071 0.090 0.074 0.073 
285 COPE-0285    (0)   :  0.029 0.028 0.028 0.031 0.659 0.027 0.027 0.028 0.027 0.028 0.029 0.029 0.029 
286 COPE-0286    (0)   :  0.079 0.082 0.090 0.134 0.008 0.073 0.073 0.083 0.082 0.075 0.084 0.067 0.070 
287 COPE-0287    (0)   :  0.091 0.077 0.075 0.063 0.027 0.085 0.075 0.082 0.091 0.101 0.072 0.080 0.081 
288 COPE-0288    (0)   :  0.082 0.084 0.090 0.064 0.010 0.087 0.082 0.096 0.086 0.080 0.069 0.083 0.088 
289 COPE-0289    (0)   :  0.082 0.083 0.084 0.087 0.007 0.081 0.079 0.086 0.081 0.076 0.080 0.088 0.085 
290 COPE-0290    (0)   :  0.071 0.092 0.087 0.074 0.007 0.079 0.080 0.093 0.084 0.081 0.094 0.075 0.082 
291 COPE-0291    (0)   :  0.092 0.077 0.076 0.102 0.005 0.066 0.077 0.082 0.071 0.093 0.089 0.081 0.089 
292 COPE-0292   (42)   :  0.015 0.015 0.015 0.016 0.821 0.015 0.015 0.015 0.015 0.014 0.015 0.015 0.015 
293 COPE-0293    (0)   :  0.082 0.086 0.084 0.070 0.008 0.083 0.084 0.100 0.083 0.080 0.068 0.086 0.085 
294 COPE-0294    (0)   :  0.082 0.081 0.085 0.095 0.011 0.085 0.082 0.079 0.083 0.074 0.082 0.080 0.080 
295 COPE-0295    (0)   :  0.083 0.080 0.080 0.072 0.007 0.096 0.087 0.076 0.096 0.080 0.074 0.086 0.084 
296 COPE-0296   (14)   :  0.080 0.084 0.092 0.077 0.007 0.086 0.079 0.089 0.086 0.078 0.080 0.079 0.084 
297 COPE-0297   (14)   :  0.073 0.082 0.077 0.089 0.034 0.067 0.076 0.089 0.076 0.074 0.102 0.080 0.081 
298 COPE-0298    (0)   :  0.082 0.086 0.081 0.073 0.009 0.093 0.085 0.092 0.086 0.077 0.070 0.084 0.082 
299 COPE-0299    (0)   :  0.081 0.081 0.086 0.073 0.006 0.082 0.082 0.089 0.089 0.088 0.079 0.080 0.083 
300 COPE-0300   (14)   :  0.084 0.085 0.082 0.074 0.008 0.088 0.083 0.080 0.092 0.080 0.078 0.086 0.081 
301 COPE-0301   (14)   :  0.083 0.089 0.085 0.060 0.009 0.081 0.085 0.116 0.083 0.074 0.059 0.086 0.091 
302 COPE-0302    (0)   :  0.071 0.068 0.070 0.081 0.150 0.070 0.065 0.071 0.068 0.063 0.070 0.078 0.073 
303 COPE-0303    (0)   :  0.079 0.075 0.094 0.076 0.006 0.084 0.098 0.059 0.077 0.095 0.091 0.089 0.076 
304 COPE-0304    (0)   :  0.080 0.086 0.084 0.071 0.007 0.085 0.083 0.083 0.091 0.084 0.080 0.087 0.080 
305 COPE-0305   (14)   :  0.085 0.078 0.075 0.095 0.033 0.082 0.078 0.077 0.078 0.082 0.081 0.078 0.080 
306 COPE-0306    (0)   :  0.084 0.071 0.091 0.081 0.009 0.084 0.095 0.058 0.069 0.098 0.092 0.086 0.081 
307 COPE-0307   (28)   :  0.008 0.008 0.008 0.008 0.903 0.008 0.008 0.008 0.008 0.008 0.008 0.008 0.008 
308 COPE-0308    (0)   :  0.084 0.082 0.065 0.061 0.006 0.115 0.088 0.081 0.102 0.087 0.067 0.079 0.084 
309 COPE-0309   (14)   :  0.035 0.035 0.038 0.044 0.569 0.036 0.036 0.038 0.035 0.032 0.034 0.035 0.034 
310 COPE-0310   (28)   :  0.056 0.032 0.024 0.046 0.536 0.022 0.033 0.039 0.025 0.061 0.037 0.039 0.050 
311 COPE-0311    (0)   :  0.091 0.073 0.077 0.115 0.019 0.069 0.078 0.084 0.072 0.088 0.079 0.076 0.081 
312 COPE-0312   (28)   :  0.013 0.012 0.014 0.013 0.844 0.013 0.014 0.011 0.012 0.014 0.014 0.013 0.013 
313 COPE-0313    (0)   :  0.095 0.074 0.075 0.083 0.009 0.076 0.081 0.077 0.073 0.103 0.083 0.082 0.088 
314 COPE-0314    (0)   :  0.086 0.082 0.084 0.062 0.007 0.088 0.082 0.084 0.090 0.099 0.076 0.080 0.081 
315 COPE-0315    (0)   :  0.089 0.083 0.076 0.077 0.008 0.076 0.080 0.082 0.079 0.091 0.088 0.084 0.087 
316 COPE-0316    (0)   :  0.078 0.083 0.087 0.102 0.019 0.077 0.081 0.076 0.079 0.078 0.088 0.078 0.075 
317 COPE-0317   (14)   :  0.009 0.009 0.008 0.009 0.895 0.008 0.009 0.009 0.009 0.009 0.009 0.009 0.009 
318 COPE-0318    (0)   :  0.085 0.083 0.084 0.081 0.005 0.083 0.082 0.082 0.082 0.085 0.086 0.080 0.082 
319 COPE-0319    (0)   :  0.085 0.084 0.073 0.075 0.006 0.095 0.083 0.081 0.096 0.087 0.078 0.079 0.080 
320 COPE-0320   (14)   :  0.082 0.087 0.087 0.070 0.015 0.084 0.085 0.094 0.083 0.076 0.071 0.084 0.082 
321 COPE-0321   (14)   :  0.094 0.077 0.075 0.085 0.011 0.069 0.077 0.085 0.076 0.099 0.081 0.080 0.091 
322 COPE-0322   (14)   :  0.081 0.088 0.084 0.080 0.006 0.081 0.081 0.081 0.082 0.080 0.092 0.080 0.082 
323 COPE-0323    (0)   :  0.126 0.066 0.047 0.098 0.008 0.044 0.069 0.084 0.050 0.136 0.078 0.084 0.111 
324 COPE-0324    (0)   :  0.077 0.084 0.076 0.074 0.006 0.069 0.079 0.096 0.077 0.079 0.106 0.089 0.088 
325 COPE-0325   (14)   :  0.074 0.092 0.088 0.084 0.011 0.091 0.087 0.071 0.089 0.058 0.084 0.095 0.077 
326 COPE-0326    (0)   :  0.080 0.083 0.084 0.066 0.007 0.091 0.088 0.089 0.088 0.083 0.069 0.085 0.085 
327 COPE-0327   (14)   :  0.079 0.089 0.088 0.072 0.008 0.085 0.085 0.102 0.082 0.072 0.068 0.083 0.086 
328 COPE-0328    (0)   :  0.080 0.086 0.089 0.083 0.006 0.082 0.087 0.075 0.080 0.084 0.089 0.081 0.078 
329 COPE-0329   (28)   :  0.077 0.086 0.081 0.077 0.013 0.075 0.083 0.085 0.080 0.081 0.096 0.085 0.083 
330 COPE-0330    (0)   :  0.083 0.082 0.083 0.062 0.020 0.087 0.085 0.081 0.085 0.094 0.077 0.081 0.080 
331 COPE-0331    (0)   :  0.085 0.087 0.090 0.062 0.006 0.081 0.084 0.111 0.084 0.077 0.063 0.083 0.088 
332 COPE-0332   (14)   :  0.084 0.080 0.087 0.095 0.006 0.081 0.088 0.070 0.079 0.089 0.082 0.081 0.077 
333 COPE-0333    (0)   :  0.069 0.075 0.075 0.070 0.143 0.070 0.071 0.088 0.071 0.064 0.060 0.071 0.072 
334 COPE-0334   (28)   :  0.054 0.035 0.030 0.046 0.510 0.027 0.036 0.042 0.031 0.058 0.039 0.041 0.050 
335 COPE-0335    (0)   :  0.075 0.084 0.073 0.069 0.006 0.064 0.076 0.102 0.075 0.078 0.113 0.092 0.093 
336 COPE-0336    (0)   :  0.082 0.077 0.091 0.115 0.006 0.077 0.080 0.088 0.082 0.074 0.076 0.074 0.078 
337 COPE-0337   (28)   :  0.016 0.017 0.016 0.017 0.800 0.016 0.016 0.017 0.016 0.016 0.019 0.016 0.016 
338 COPE-0338    (0)   :  0.092 0.076 0.076 0.084 0.020 0.076 0.078 0.081 0.078 0.097 0.078 0.080 0.085 
339 COPE-0339    (0)   :  0.073 0.085 0.089 0.095 0.005 0.094 0.084 0.076 0.085 0.054 0.081 0.097 0.081 
340 COPE-0340   (14)   :  0.012 0.013 0.013 0.012 0.851 0.012 0.012 0.013 0.012 0.012 0.012 0.013 0.012 
341 COPE-0341    (0)   :  0.084 0.084 0.078 0.073 0.007 0.097 0.087 0.080 0.093 0.084 0.075 0.079 0.079 
342 COPE-0342    (0)   :  0.076 0.091 0.075 0.072 0.008 0.069 0.076 0.092 0.078 0.080 0.111 0.087 0.084 
343 COPE-0343    (0)   :  0.082 0.081 0.089 0.076 0.006 0.086 0.087 0.077 0.084 0.087 0.081 0.084 0.080 
344 COPE-0344   (14)   :  0.012 0.011 0.011 0.011 0.861 0.012 0.011 0.011 0.012 0.013 0.011 0.011 0.012 
