

----------------------------------------------------
STRUCTURE by Pritchard, Stephens and Donnelly (2000)
     and Falush, Stephens and Pritchard (2003)
       Code by Pritchard, Falush and Hubisz
             Version 2.3.4 (Jul 2012)
----------------------------------------------------



Command line arguments:   /home/jason/Programs/structure -K 6 -i ../Data/microsats.structure -m Structure_Run/mainparams -e Structure_Run/extraparams -D 42151964 -o ../Structure_Results/09_K_06.out 
Input File:    ../Data/microsats.structure

Run parameters:
   384 individuals
   7 loci
   6 populations assumed
   1000000 Burn-in period
   10000000 Reps
RANDOMIZE turned off


--------------------------------------------
Overall proportion of membership of the
sample in each of the 6 clusters

Inferred Clusters
  1      2      3      4      5      6    
0.174  0.175  0.176  0.175  0.175  0.125  

--------------------------------------------

Allele-freq. divergence among pops (Net nucleotide distance),
computed using point estimates of P.

      1       2       3       4       5       6      
 1      -    0.0001  0.0004  0.0000  0.0000  0.1472  
 2   0.0001     -    0.0002  0.0001  0.0001  0.1477  
 3   0.0004  0.0002     -    0.0004  0.0002  0.1479  
 4   0.0000  0.0001  0.0004     -    0.0000  0.1472  
 5   0.0000  0.0001  0.0002  0.0000     -    0.1474  
 6   0.1472  0.1477  0.1479  0.1472  0.1474     -    

Average distances (expected heterozygosity) between individuals in same cluster:
cluster  1  : 0.6241 
cluster  2  : 0.6247 
cluster  3  : 0.6216 
cluster  4  : 0.6250 
cluster  5  : 0.6229 
cluster  6  : 0.6625 

--------------------------------------------
Estimated Ln Prob of Data   = -8849.8
Mean value of ln likelihood = -8090.1
Variance of ln likelihood   = 1519.4
Mean value of alpha         = 0.0446

Mean value of Fst_1         = 0.0509
Mean value of Fst_2         = 0.0493
Mean value of Fst_3         = 0.0475
Mean value of Fst_4         = 0.0501
Mean value of Fst_5         = 0.0505
Mean value of Fst_6         = 0.1462


Inferred ancestry of individuals:
        Label (%Miss) :  Inferred clusters
  1 COPE-0001    (0)   :  0.008 0.008 0.008 0.008 0.008 0.961 
  2 COPE-0002    (0)   :  0.210 0.192 0.168 0.217 0.202 0.010 
  3 COPE-0003    (0)   :  0.178 0.178 0.272 0.169 0.196 0.007 
  4 COPE-0004    (0)   :  0.216 0.188 0.161 0.217 0.203 0.015 
  5 COPE-0005    (0)   :  0.197 0.205 0.188 0.203 0.188 0.018 
  6 COPE-0006    (0)   :  0.192 0.200 0.197 0.196 0.196 0.019 
  7 COPE-0007    (0)   :  0.206 0.203 0.188 0.203 0.192 0.007 
  8 COPE-0008    (0)   :  0.229 0.176 0.144 0.222 0.223 0.008 
  9 COPE-0009    (0)   :  0.186 0.174 0.247 0.178 0.198 0.017 
 10 COPE-0010    (0)   :  0.189 0.229 0.201 0.198 0.176 0.007 
 11 COPE-0011   (14)   :  0.013 0.013 0.011 0.014 0.013 0.936 
 12 COPE-0012   (14)   :  0.208 0.188 0.168 0.208 0.221 0.007 
 13 COPE-0013    (0)   :  0.171 0.170 0.294 0.161 0.197 0.006 
 14 COPE-0014    (0)   :  0.183 0.212 0.217 0.181 0.196 0.011 
 15 COPE-0015    (0)   :  0.192 0.215 0.198 0.195 0.192 0.007 
 16 COPE-0016    (0)   :  0.197 0.194 0.203 0.199 0.197 0.010 
 17 COPE-0017    (0)   :  0.040 0.042 0.041 0.040 0.041 0.795 
 18 COPE-0018    (0)   :  0.191 0.185 0.223 0.188 0.205 0.008 
 19 COPE-0019    (0)   :  0.184 0.178 0.255 0.173 0.204 0.006 
 20 COPE-0020    (0)   :  0.191 0.213 0.201 0.197 0.190 0.008 
 21 COPE-0021    (0)   :  0.186 0.224 0.201 0.191 0.193 0.006 
 22 COPE-0022    (0)   :  0.219 0.184 0.152 0.220 0.218 0.007 
 23 COPE-0023    (0)   :  0.203 0.195 0.182 0.211 0.200 0.008 
 24 COPE-0024   (14)   :  0.210 0.196 0.176 0.211 0.200 0.006 
 25 COPE-0025    (0)   :  0.178 0.193 0.191 0.187 0.169 0.083 
 26 COPE-0026    (0)   :  0.213 0.195 0.177 0.211 0.198 0.005 
 27 COPE-0027    (0)   :  0.188 0.174 0.249 0.176 0.207 0.006 
 28 COPE-0028    (0)   :  0.189 0.226 0.201 0.200 0.179 0.006 
 29 COPE-0029    (0)   :  0.200 0.201 0.188 0.203 0.203 0.005 
 30 COPE-0030   (14)   :  0.039 0.036 0.033 0.039 0.037 0.816 
 31 COPE-0031    (0)   :  0.219 0.184 0.162 0.214 0.211 0.010 
 32 COPE-0032    (0)   :  0.195 0.216 0.191 0.202 0.187 0.009 
 33 COPE-0033    (0)   :  0.195 0.201 0.203 0.197 0.193 0.011 
 34 COPE-0034    (0)   :  0.213 0.192 0.172 0.214 0.200 0.011 
 35 COPE-0035   (14)   :  0.192 0.219 0.202 0.200 0.179 0.008 
 36 COPE-0036   (14)   :  0.198 0.212 0.189 0.206 0.188 0.006 
 37 COPE-0037    (0)   :  0.191 0.196 0.202 0.195 0.194 0.022 
 38 COPE-0038    (0)   :  0.224 0.184 0.160 0.217 0.208 0.006 
 39 COPE-0039    (0)   :  0.169 0.165 0.194 0.167 0.176 0.129 
 40 COPE-0040   (14)   :  0.170 0.162 0.222 0.164 0.182 0.100 
 41 COPE-0041    (0)   :  0.189 0.185 0.210 0.188 0.197 0.032 
 42 COPE-0042    (0)   :  0.181 0.212 0.228 0.188 0.181 0.011 
 43 COPE-0043    (0)   :  0.213 0.196 0.171 0.213 0.202 0.005 
 44 COPE-0044    (0)   :  0.208 0.187 0.173 0.210 0.206 0.017 
 45 COPE-0045    (0)   :  0.202 0.194 0.172 0.205 0.195 0.032 
 46 COPE-0046    (0)   :  0.028 0.028 0.034 0.028 0.029 0.852 
 47 COPE-0047    (0)   :  0.007 0.007 0.007 0.007 0.007 0.964 
 48 COPE-0048    (0)   :  0.182 0.226 0.220 0.190 0.174 0.007 
 49 COPE-0049    (0)   :  0.207 0.198 0.170 0.214 0.195 0.015 
 50 COPE-0050    (0)   :  0.181 0.178 0.266 0.171 0.197 0.007 
 51 COPE-0051    (0)   :  0.173 0.209 0.173 0.180 0.152 0.114 
 52 COPE-0052    (0)   :  0.189 0.217 0.204 0.191 0.190 0.010 
 53 COPE-0053    (0)   :  0.194 0.200 0.198 0.200 0.198 0.012 
 54 COPE-0054    (0)   :  0.198 0.215 0.176 0.197 0.209 0.005 
 55 COPE-0055    (0)   :  0.226 0.180 0.145 0.222 0.222 0.005 
 56 COPE-0056    (0)   :  0.198 0.187 0.194 0.197 0.205 0.018 
 57 COPE-0057    (0)   :  0.185 0.187 0.240 0.179 0.199 0.010 
 58 COPE-0058    (0)   :  0.205 0.203 0.181 0.217 0.185 0.009 
 59 COPE-0059    (0)   :  0.174 0.173 0.276 0.162 0.195 0.022 
 60 COPE-0060    (0)   :  0.204 0.194 0.189 0.202 0.204 0.007 
 61 COPE-0061    (0)   :  0.188 0.182 0.234 0.184 0.198 0.014 
 62 COPE-0062    (0)   :  0.187 0.225 0.201 0.183 0.193 0.010 
 63 COPE-0063    (0)   :  0.217 0.180 0.141 0.213 0.222 0.028 
 64 COPE-0064    (0)   :  0.201 0.188 0.206 0.193 0.202 0.010 
 65 COPE-0065    (0)   :  0.006 0.006 0.006 0.006 0.006 0.972 
 66 COPE-0066    (0)   :  0.176 0.215 0.236 0.185 0.172 0.016 
 67 COPE-0067   (14)   :  0.025 0.027 0.026 0.025 0.024 0.873 
 68 COPE-0068    (0)   :  0.173 0.171 0.288 0.162 0.196 0.010 
 69 COPE-0069   (14)   :  0.189 0.203 0.207 0.186 0.200 0.014 
 70 COPE-0070    (0)   :  0.210 0.195 0.170 0.215 0.197 0.013 
 71 COPE-0071    (0)   :  0.186 0.231 0.212 0.189 0.177 0.004 
 72 COPE-0072    (0)   :  0.191 0.193 0.218 0.189 0.203 0.007 
 73 COPE-0073   (14)   :  0.043 0.046 0.042 0.044 0.046 0.778 
 74 COPE-0074    (0)   :  0.190 0.219 0.202 0.196 0.185 0.009 
 75 COPE-0075    (0)   :  0.192 0.231 0.193 0.198 0.170 0.016 
 76 COPE-0076    (0)   :  0.196 0.196 0.205 0.190 0.207 0.006 
 77 COPE-0077   (14)   :  0.194 0.196 0.214 0.193 0.195 0.008 
 78 COPE-0078   (14)   :  0.218 0.190 0.163 0.217 0.203 0.008 
 79 COPE-0079    (0)   :  0.222 0.189 0.151 0.225 0.202 0.010 
 80 COPE-0080   (42)   :  0.021 0.021 0.024 0.021 0.022 0.891 
 81 COPE-0081   (14)   :  0.102 0.096 0.090 0.101 0.103 0.508 
 82 COPE-0082   (14)   :  0.191 0.211 0.169 0.201 0.183 0.044 
 83 COPE-0083   (14)   :  0.186 0.225 0.207 0.183 0.192 0.007 
 84 COPE-0084    (0)   :  0.140 0.145 0.136 0.143 0.143 0.293 
 85 COPE-0085    (0)   :  0.207 0.193 0.194 0.204 0.193 0.010 
 86 COPE-0086    (0)   :  0.194 0.215 0.184 0.204 0.182 0.022 
 87 COPE-0087   (14)   :  0.201 0.195 0.196 0.201 0.199 0.008 
 88 COPE-0088   (14)   :  0.202 0.192 0.186 0.206 0.189 0.025 
 89 COPE-0089   (14)   :  0.007 0.007 0.007 0.007 0.007 0.964 
 90 COPE-0090    (0)   :  0.224 0.179 0.148 0.220 0.223 0.007 
 91 COPE-0091   (14)   :  0.195 0.202 0.200 0.194 0.204 0.006 
 92 COPE-0092   (28)   :  0.025 0.025 0.029 0.025 0.025 0.871 
 93 COPE-0093    (0)   :  0.219 0.185 0.145 0.216 0.228 0.007 
 94 COPE-0094    (0)   :  0.215 0.185 0.147 0.219 0.196 0.038 
 95 COPE-0095    (0)   :  0.203 0.194 0.187 0.208 0.202 0.005 
 96 COPE-0096    (0)   :  0.188 0.212 0.204 0.193 0.194 0.008 
 97 COPE-0097    (0)   :  0.186 0.237 0.199 0.189 0.181 0.008 
 98 COPE-0098    (0)   :  0.227 0.179 0.154 0.219 0.214 0.008 
 99 COPE-0099    (0)   :  0.174 0.175 0.271 0.164 0.196 0.020 
100 COPE-0100    (0)   :  0.190 0.192 0.228 0.186 0.197 0.007 
101 COPE-0101    (0)   :  0.186 0.196 0.196 0.191 0.186 0.045 
102 COPE-0102    (0)   :  0.197 0.192 0.209 0.198 0.198 0.006 
103 COPE-0103    (0)   :  0.210 0.196 0.170 0.212 0.194 0.017 
104 COPE-0104   (14)   :  0.193 0.220 0.197 0.197 0.186 0.007 
105 COPE-0105    (0)   :  0.182 0.227 0.188 0.195 0.172 0.036 
106 COPE-0106    (0)   :  0.185 0.225 0.193 0.191 0.201 0.005 
107 COPE-0107    (0)   :  0.019 0.016 0.014 0.018 0.018 0.915 
108 COPE-0108    (0)   :  0.199 0.208 0.180 0.205 0.201 0.006 
109 COPE-0109    (0)   :  0.212 0.187 0.177 0.208 0.203 0.013 
110 COPE-0110   (14)   :  0.196 0.207 0.186 0.201 0.196 0.015 
111 COPE-0111    (0)   :  0.186 0.212 0.206 0.189 0.198 0.009 
112 COPE-0112   (14)   :  0.184 0.213 0.224 0.185 0.183 0.011 
113 COPE-0113    (0)   :  0.186 0.181 0.220 0.187 0.201 0.025 
114 COPE-0114    (0)   :  0.191 0.202 0.195 0.193 0.207 0.011 
115 COPE-0115    (0)   :  0.024 0.025 0.023 0.024 0.023 0.882 
116 COPE-0116   (28)   :  0.009 0.009 0.010 0.009 0.009 0.953 
117 COPE-0117    (0)   :  0.198 0.194 0.193 0.199 0.203 0.013 
118 COPE-0118    (0)   :  0.186 0.219 0.198 0.186 0.202 0.010 
119 COPE-0119    (0)   :  0.214 0.198 0.167 0.204 0.207 0.010 
120 COPE-0120    (0)   :  0.194 0.194 0.209 0.193 0.198 0.012 
121 COPE-0121    (0)   :  0.173 0.198 0.203 0.178 0.186 0.062 
122 COPE-0122    (0)   :  0.205 0.194 0.180 0.211 0.202 0.008 
123 COPE-0123    (0)   :  0.203 0.202 0.176 0.208 0.196 0.014 
124 COPE-0124    (0)   :  0.204 0.190 0.181 0.209 0.202 0.013 
125 COPE-0125    (0)   :  0.191 0.229 0.193 0.194 0.187 0.007 
126 COPE-0126    (0)   :  0.197 0.196 0.187 0.202 0.203 0.015 
127 COPE-0127   (14)   :  0.194 0.219 0.190 0.204 0.186 0.007 
128 COPE-0128    (0)   :  0.192 0.203 0.197 0.198 0.189 0.020 
129 COPE-0129    (0)   :  0.210 0.189 0.184 0.214 0.197 0.007 
130 COPE-0130    (0)   :  0.184 0.175 0.257 0.174 0.199 0.012 
131 COPE-0131   (14)   :  0.190 0.206 0.218 0.179 0.197 0.011 
132 COPE-0132   (14)   :  0.200 0.193 0.174 0.203 0.197 0.033 
133 COPE-0133    (0)   :  0.200 0.198 0.184 0.202 0.204 0.011 
134 COPE-0134    (0)   :  0.200 0.197 0.189 0.209 0.199 0.007 
135 COPE-0135    (0)   :  0.195 0.216 0.187 0.207 0.187 0.009 
136 COPE-0136    (0)   :  0.012 0.012 0.013 0.012 0.012 0.940 
137 COPE-0137    (0)   :  0.179 0.182 0.255 0.175 0.196 0.013 
138 COPE-0138   (14)   :  0.008 0.008 0.008 0.008 0.008 0.961 
139 COPE-0139    (0)   :  0.181 0.182 0.262 0.173 0.193 0.008 
140 COPE-0140   (14)   :  0.020 0.020 0.023 0.020 0.020 0.897 
141 COPE-0141    (0)   :  0.214 0.186 0.156 0.214 0.221 0.009 
142 COPE-0142    (0)   :  0.210 0.188 0.171 0.204 0.218 0.009 
143 COPE-0143    (0)   :  0.214 0.187 0.161 0.215 0.215 0.008 
144 COPE-0144   (14)   :  0.122 0.112 0.113 0.125 0.126 0.402 
145 COPE-0145   (14)   :  0.116 0.115 0.122 0.116 0.119 0.413 
146 COPE-0146   (14)   :  0.192 0.193 0.186 0.194 0.204 0.031 
147 COPE-0147    (0)   :  0.210 0.176 0.146 0.204 0.197 0.067 
148 COPE-0148    (0)   :  0.201 0.197 0.181 0.208 0.204 0.010 
149 COPE-0149    (0)   :  0.183 0.178 0.260 0.174 0.198 0.007 
150 COPE-0150    (0)   :  0.182 0.229 0.219 0.189 0.173 0.010 
151 COPE-0151    (0)   :  0.194 0.183 0.207 0.195 0.214 0.007 
152 COPE-0152   (14)   :  0.199 0.161 0.129 0.194 0.200 0.116 
153 COPE-0153    (0)   :  0.220 0.188 0.172 0.209 0.205 0.006 
154 COPE-0154    (0)   :  0.189 0.190 0.229 0.182 0.204 0.006 
155 COPE-0155    (0)   :  0.187 0.194 0.229 0.186 0.198 0.006 
156 COPE-0156   (14)   :  0.008 0.008 0.008 0.008 0.008 0.958 
157 COPE-0157   (14)   :  0.146 0.126 0.107 0.148 0.146 0.328 
158 COPE-0158    (0)   :  0.188 0.190 0.228 0.186 0.198 0.009 
159 COPE-0159    (0)   :  0.223 0.186 0.162 0.216 0.205 0.007 
160 COPE-0160    (0)   :  0.213 0.198 0.166 0.225 0.193 0.006 
161 COPE-0161    (0)   :  0.200 0.191 0.198 0.200 0.200 0.011 
162 COPE-0162   (14)   :  0.007 0.007 0.007 0.007 0.007 0.967 
163 COPE-0163   (28)   :  0.013 0.013 0.013 0.013 0.013 0.936 
164 COPE-0164    (0)   :  0.186 0.177 0.217 0.183 0.202 0.035 
165 COPE-0165    (0)   :  0.188 0.185 0.240 0.181 0.198 0.008 
166 COPE-0166   (14)   :  0.208 0.192 0.177 0.215 0.201 0.008 
167 COPE-0167    (0)   :  0.211 0.197 0.171 0.215 0.199 0.008 
168 COPE-0168    (0)   :  0.205 0.197 0.189 0.203 0.200 0.006 
169 COPE-0169    (0)   :  0.172 0.173 0.283 0.163 0.196 0.013 
170 COPE-0170    (0)   :  0.207 0.184 0.157 0.206 0.205 0.041 
171 COPE-0171    (0)   :  0.195 0.206 0.192 0.197 0.201 0.009 
172 COPE-0172    (0)   :  0.202 0.208 0.184 0.207 0.193 0.006 
173 COPE-0173   (14)   :  0.166 0.163 0.257 0.160 0.187 0.069 
174 COPE-0174   (28)   :  0.199 0.191 0.177 0.206 0.204 0.022 
175 COPE-0175    (0)   :  0.206 0.187 0.172 0.209 0.188 0.039 
176 COPE-0176    (0)   :  0.210 0.194 0.160 0.214 0.211 0.010 
177 COPE-0177    (0)   :  0.182 0.175 0.263 0.169 0.203 0.007 
178 COPE-0178    (0)   :  0.189 0.226 0.188 0.199 0.191 0.008 
179 COPE-0179    (0)   :  0.189 0.201 0.215 0.192 0.195 0.008 
180 COPE-0180   (14)   :  0.174 0.175 0.281 0.167 0.197 0.006 
181 COPE-0181   (14)   :  0.181 0.178 0.260 0.172 0.199 0.009 
182 COPE-0182    (0)   :  0.215 0.196 0.162 0.214 0.207 0.005 
183 COPE-0183    (0)   :  0.196 0.193 0.199 0.195 0.206 0.011 
184 COPE-0184    (0)   :  0.201 0.207 0.186 0.208 0.190 0.009 
185 COPE-0185    (0)   :  0.217 0.183 0.176 0.210 0.207 0.007 
186 COPE-0186    (0)   :  0.184 0.227 0.206 0.183 0.194 0.006 
187 COPE-0187    (0)   :  0.196 0.232 0.186 0.202 0.174 0.010 
188 COPE-0188    (0)   :  0.019 0.021 0.019 0.020 0.019 0.901 
189 COPE-0189    (0)   :  0.180 0.196 0.246 0.178 0.190 0.010 
190 COPE-0190    (0)   :  0.207 0.200 0.173 0.211 0.193 0.015 
191 COPE-0191    (0)   :  0.192 0.190 0.209 0.191 0.204 0.013 
192 COPE-0192   (14)   :  0.009 0.010 0.010 0.009 0.009 0.952 
193 COPE-0193    (0)   :  0.198 0.192 0.192 0.201 0.210 0.007 
194 COPE-0194    (0)   :  0.184 0.231 0.212 0.191 0.173 0.010 
195 COPE-0195    (0)   :  0.198 0.208 0.193 0.205 0.188 0.007 
196 COPE-0196    (0)   :  0.204 0.202 0.179 0.209 0.194 0.011 
197 COPE-0197    (0)   :  0.179 0.178 0.264 0.172 0.199 0.007 
198 COPE-0198    (0)   :  0.202 0.180 0.207 0.195 0.203 0.013 
199 COPE-0199    (0)   :  0.177 0.172 0.276 0.164 0.201 0.011 
200 COPE-0200   (42)   :  0.178 0.173 0.275 0.167 0.198 0.010 
201 COPE-0201    (0)   :  0.206 0.197 0.170 0.204 0.214 0.009 
202 COPE-0202    (0)   :  0.232 0.178 0.142 0.219 0.215 0.015 
203 COPE-0203    (0)   :  0.204 0.192 0.185 0.209 0.204 0.006 
204 COPE-0204    (0)   :  0.184 0.232 0.188 0.192 0.168 0.037 
205 COPE-0205    (0)   :  0.210 0.184 0.171 0.206 0.208 0.021 
206 COPE-0206    (0)   :  0.187 0.220 0.203 0.191 0.194 0.005 
207 COPE-0207    (0)   :  0.194 0.214 0.190 0.196 0.195 0.011 
208 COPE-0208    (0)   :  0.026 0.024 0.025 0.025 0.026 0.874 
209 COPE-0209    (0)   :  0.180 0.190 0.250 0.176 0.197 0.007 
210 COPE-0210    (0)   :  0.183 0.206 0.221 0.184 0.195 0.011 
211 COPE-0211    (0)   :  0.180 0.224 0.227 0.190 0.173 0.005 
212 COPE-0212    (0)   :  0.201 0.205 0.185 0.203 0.196 0.011 
213 COPE-0213    (0)   :  0.196 0.212 0.196 0.201 0.188 0.008 
214 COPE-0214    (0)   :  0.174 0.174 0.285 0.164 0.196 0.008 
215 COPE-0215    (0)   :  0.166 0.167 0.280 0.158 0.193 0.036 
216 COPE-0216   (14)   :  0.093 0.095 0.090 0.095 0.093 0.534 
217 COPE-0217    (0)   :  0.186 0.212 0.188 0.193 0.195 0.027 
218 COPE-0218    (0)   :  0.199 0.187 0.207 0.198 0.199 0.009 
219 COPE-0219   (14)   :  0.184 0.174 0.260 0.172 0.201 0.009 
220 COPE-0220    (0)   :  0.185 0.211 0.198 0.193 0.197 0.014 
221 COPE-0221    (0)   :  0.226 0.177 0.147 0.220 0.215 0.016 
222 COPE-0222    (0)   :  0.214 0.188 0.168 0.216 0.209 0.006 
223 COPE-0223    (0)   :  0.180 0.183 0.249 0.178 0.201 0.008 
224 COPE-0224    (0)   :  0.220 0.186 0.151 0.224 0.197 0.022 
225 COPE-0225    (0)   :  0.172 0.173 0.286 0.161 0.193 0.015 
226 COPE-0226    (0)   :  0.200 0.197 0.177 0.209 0.209 0.008 
227 COPE-0227    (0)   :  0.192 0.201 0.221 0.185 0.195 0.006 
228 COPE-0228    (0)   :  0.189 0.205 0.188 0.196 0.193 0.028 
229 COPE-0229    (0)   :  0.194 0.188 0.214 0.191 0.205 0.007 
230 COPE-0230    (0)   :  0.197 0.213 0.183 0.201 0.196 0.010 
231 COPE-0231    (0)   :  0.184 0.186 0.249 0.177 0.197 0.006 
232 COPE-0232    (0)   :  0.207 0.197 0.176 0.215 0.190 0.015 
233 COPE-0233    (0)   :  0.223 0.182 0.158 0.219 0.213 0.005 
234 COPE-0234    (0)   :  0.216 0.194 0.162 0.221 0.200 0.008 
235 COPE-0235    (0)   :  0.204 0.193 0.190 0.207 0.201 0.006 
236 COPE-0236    (0)   :  0.191 0.229 0.188 0.194 0.192 0.005 
237 COPE-0237    (0)   :  0.224 0.183 0.171 0.212 0.205 0.006 
238 COPE-0238    (0)   :  0.176 0.167 0.287 0.162 0.201 0.007 
239 COPE-0239    (0)   :  0.211 0.186 0.161 0.213 0.195 0.034 
240 COPE-0240    (0)   :  0.196 0.206 0.197 0.198 0.196 0.008 
241 COPE-0241    (0)   :  0.170 0.170 0.294 0.160 0.199 0.007 
242 COPE-0242    (0)   :  0.200 0.210 0.186 0.196 0.202 0.007 
243 COPE-0243    (0)   :  0.192 0.232 0.193 0.202 0.173 0.008 
244 COPE-0244    (0)   :  0.189 0.192 0.221 0.191 0.198 0.009 
245 COPE-0245    (0)   :  0.196 0.217 0.187 0.204 0.183 0.014 
246 COPE-0246    (0)   :  0.205 0.195 0.170 0.212 0.204 0.013 
247 COPE-0247    (0)   :  0.203 0.182 0.204 0.195 0.199 0.018 
248 COPE-0248    (0)   :  0.201 0.211 0.184 0.209 0.191 0.005 
249 COPE-0249    (0)   :  0.202 0.178 0.187 0.201 0.196 0.035 
250 COPE-0250    (0)   :  0.212 0.193 0.162 0.219 0.198 0.016 
251 COPE-0251   (14)   :  0.033 0.028 0.026 0.032 0.031 0.850 
252 COPE-0252    (0)   :  0.216 0.196 0.159 0.220 0.198 0.012 
253 COPE-0253    (0)   :  0.217 0.182 0.161 0.210 0.222 0.008 
254 COPE-0254    (0)   :  0.192 0.227 0.184 0.205 0.181 0.012 
255 COPE-0255    (0)   :  0.205 0.189 0.176 0.205 0.198 0.028 
256 COPE-0256    (0)   :  0.192 0.204 0.199 0.194 0.199 0.011 
257 COPE-0257    (0)   :  0.189 0.215 0.202 0.183 0.201 0.009 
258 COPE-0258    (0)   :  0.184 0.205 0.209 0.184 0.192 0.026 
259 COPE-0259    (0)   :  0.195 0.221 0.195 0.197 0.185 0.006 
260 COPE-0260    (0)   :  0.176 0.175 0.260 0.167 0.198 0.024 
261 COPE-0261    (0)   :  0.189 0.241 0.193 0.197 0.173 0.006 
262 COPE-0262    (0)   :  0.192 0.218 0.185 0.201 0.177 0.027 
263 COPE-0263    (0)   :  0.203 0.198 0.199 0.200 0.191 0.009 
264 COPE-0264    (0)   :  0.186 0.209 0.202 0.183 0.195 0.025 
265 COPE-0265    (0)   :  0.208 0.186 0.173 0.208 0.215 0.010 
266 COPE-0266    (0)   :  0.195 0.213 0.180 0.205 0.189 0.018 
267 COPE-0267    (0)   :  0.225 0.184 0.157 0.220 0.208 0.006 
268 COPE-0268    (0)   :  0.226 0.181 0.160 0.217 0.204 0.012 
269 COPE-0269    (0)   :  0.204 0.195 0.181 0.207 0.206 0.007 
270 COPE-0270    (0)   :  0.178 0.221 0.235 0.186 0.173 0.008 
271 COPE-0271    (0)   :  0.190 0.192 0.213 0.193 0.205 0.008 
272 COPE-0272    (0)   :  0.206 0.201 0.166 0.213 0.206 0.007 
273 COPE-0273    (0)   :  0.214 0.190 0.163 0.215 0.205 0.013 
274 COPE-0274   (14)   :  0.017 0.019 0.019 0.017 0.017 0.911 
275 COPE-0275    (0)   :  0.190 0.200 0.209 0.196 0.193 0.011 
276 COPE-0276   (14)   :  0.006 0.006 0.006 0.006 0.006 0.971 
277 COPE-0277   (14)   :  0.188 0.209 0.197 0.191 0.200 0.015 
278 COPE-0278    (0)   :  0.190 0.217 0.188 0.195 0.204 0.007 
279 COPE-0279    (0)   :  0.199 0.207 0.185 0.208 0.193 0.008 
280 COPE-0280    (0)   :  0.013 0.013 0.013 0.013 0.013 0.936 
281 COPE-0281    (0)   :  0.023 0.025 0.029 0.025 0.025 0.873 
282 COPE-0282   (14)   :  0.225 0.189 0.150 0.228 0.201 0.007 
283 COPE-0283    (0)   :  0.192 0.217 0.192 0.193 0.198 0.007 
284 COPE-0284   (14)   :  0.171 0.174 0.261 0.166 0.193 0.035 
285 COPE-0285    (0)   :  0.031 0.032 0.034 0.031 0.033 0.840 
286 COPE-0286    (0)   :  0.184 0.193 0.236 0.185 0.189 0.013 
287 COPE-0287    (0)   :  0.218 0.178 0.159 0.208 0.192 0.045 
288 COPE-0288    (0)   :  0.225 0.180 0.147 0.225 0.213 0.010 
289 COPE-0289    (0)   :  0.200 0.191 0.188 0.200 0.212 0.008 
290 COPE-0290    (0)   :  0.174 0.204 0.256 0.179 0.179 0.009 
291 COPE-0291    (0)   :  0.184 0.201 0.230 0.181 0.198 0.006 
292 COPE-0292   (42)   :  0.014 0.013 0.014 0.014 0.014 0.932 
293 COPE-0293    (0)   :  0.206 0.200 0.161 0.210 0.215 0.008 
294 COPE-0294    (0)   :  0.201 0.191 0.195 0.201 0.201 0.011 
295 COPE-0295    (0)   :  0.210 0.196 0.166 0.217 0.202 0.008 
296 COPE-0296   (14)   :  0.202 0.203 0.175 0.213 0.199 0.007 
297 COPE-0297   (14)   :  0.167 0.168 0.281 0.158 0.190 0.036 
298 COPE-0298    (0)   :  0.208 0.198 0.165 0.217 0.201 0.011 
299 COPE-0299    (0)   :  0.189 0.233 0.199 0.199 0.174 0.006 
300 COPE-0300   (14)   :  0.206 0.194 0.193 0.203 0.197 0.008 
301 COPE-0301   (14)   :  0.224 0.180 0.140 0.219 0.227 0.011 
302 COPE-0302    (0)   :  0.136 0.146 0.142 0.139 0.139 0.298 
303 COPE-0303    (0)   :  0.194 0.213 0.192 0.205 0.190 0.006 
304 COPE-0304    (0)   :  0.204 0.189 0.192 0.203 0.205 0.007 
305 COPE-0305   (14)   :  0.199 0.184 0.169 0.206 0.197 0.044 
306 COPE-0306    (0)   :  0.186 0.229 0.190 0.192 0.193 0.010 
307 COPE-0307   (28)   :  0.008 0.008 0.008 0.008 0.008 0.961 
308 COPE-0308    (0)   :  0.227 0.188 0.150 0.227 0.202 0.006 
309 COPE-0309   (14)   :  0.062 0.061 0.055 0.061 0.060 0.701 
310 COPE-0310   (28)   :  0.038 0.040 0.038 0.035 0.038 0.810 
311 COPE-0311    (0)   :  0.197 0.202 0.191 0.193 0.194 0.023 
312 COPE-0312   (28)   :  0.011 0.011 0.011 0.011 0.011 0.947 
313 COPE-0313    (0)   :  0.195 0.219 0.191 0.198 0.189 0.009 
314 COPE-0314    (0)   :  0.219 0.190 0.163 0.215 0.204 0.008 
315 COPE-0315    (0)   :  0.195 0.193 0.215 0.189 0.200 0.008 
316 COPE-0316    (0)   :  0.182 0.212 0.222 0.183 0.179 0.022 
317 COPE-0317   (14)   :  0.008 0.008 0.008 0.008 0.008 0.960 
318 COPE-0318    (0)   :  0.190 0.205 0.212 0.196 0.192 0.006 
319 COPE-0319    (0)   :  0.214 0.188 0.179 0.216 0.196 0.007 
320 COPE-0320   (14)   :  0.207 0.191 0.162 0.213 0.212 0.015 
321 COPE-0321   (14)   :  0.194 0.212 0.200 0.193 0.189 0.011 
322 COPE-0322   (14)   :  0.184 0.191 0.239 0.181 0.199 0.006 
323 COPE-0323    (0)   :  0.186 0.221 0.204 0.183 0.190 0.015 
324 COPE-0324    (0)   :  0.177 0.177 0.276 0.166 0.198 0.007 
325 COPE-0325   (14)   :  0.187 0.206 0.205 0.190 0.198 0.013 
326 COPE-0326    (0)   :  0.219 0.187 0.147 0.225 0.215 0.007 
327 COPE-0327   (14)   :  0.214 0.186 0.163 0.209 0.217 0.010 
328 COPE-0328    (0)   :  0.189 0.213 0.209 0.197 0.186 0.006 
329 COPE-0329   (28)   :  0.183 0.186 0.250 0.174 0.196 0.012 
330 COPE-0330    (0)   :  0.212 0.192 0.165 0.210 0.200 0.022 
331 COPE-0331    (0)   :  0.226 0.179 0.142 0.222 0.225 0.006 
332 COPE-0332   (14)   :  0.198 0.213 0.186 0.206 0.189 0.007 
333 COPE-0333    (0)   :  0.187 0.155 0.143 0.183 0.193 0.139 
334 COPE-0334   (28)   :  0.053 0.054 0.051 0.050 0.053 0.739 
335 COPE-0335    (0)   :  0.174 0.174 0.286 0.163 0.196 0.007 
336 COPE-0336    (0)   :  0.207 0.189 0.191 0.205 0.201 0.006 
337 COPE-0337   (28)   :  0.018 0.018 0.024 0.017 0.019 0.904 
338 COPE-0338    (0)   :  0.199 0.202 0.186 0.199 0.190 0.023 
339 COPE-0339    (0)   :  0.197 0.202 0.190 0.202 0.202 0.006 
340 COPE-0340   (14)   :  0.011 0.011 0.012 0.011 0.011 0.943 
341 COPE-0341    (0)   :  0.224 0.188 0.154 0.222 0.205 0.007 
342 COPE-0342    (0)   :  0.170 0.170 0.292 0.161 0.199 0.007 
343 COPE-0343    (0)   :  0.204 0.211 0.172 0.208 0.198 0.006 
344 COPE-0344   (14)   :  0.010 0.009 0.009 0.009 0.009 0.954 
345 COPE-0345    (0)   :  0.220 0.187 0.165 0.222 0.200 0.006 
346 COPE-0346    (0)   :  0.201 0.187 0.176 0.201 0.198 0.035 
347 COPE-0347    (0)   :  0.189 0.223 0.201 0.198 0.181 0.007 
348 COPE-0348    (0)   :  0.190 0.226 0.195 0.195 0.179 0.015 
349 COPE-0349    (0)   :  0.177 0.179 0.267 0.171 0.200 0.006 
350 COPE-0350    (0)   :  0.188 0.223 0.210 0.193 0.181 0.006 
351 COPE-0351    (0)   :  0.182 0.219 0.225 0.192 0.177 0.006 
352 COPE-0352    (0)   :  0.188 0.190 0.218 0.184 0.194 0.026 
353 COPE-0353    (0)   :  0.190 0.205 0.208 0.190 0.201 0.006 
354 COPE-0354    (0)   :  0.199 0.208 0.177 0.202 0.197 0.017 
355 COPE-0355    (0)   :  0.195 0.199 0.199 0.198 0.202 0.007 
356 COPE-0356    (0)   :  0.196 0.224 0.178 0.210 0.184 0.008 
357 COPE-0357    (0)   :  0.189 0.182 0.239 0.181 0.200 0.009 
358 COPE-0358    (0)   :  0.007 0.007 0.008 0.007 0.007 0.963 
359 COPE-0359   (14)   :  0.201 0.193 0.191 0.205 0.201 0.009 
360 COPE-0360    (0)   :  0.184 0.223 0.210 0.183 0.194 0.007 
361 COPE-0361    (0)   :  0.207 0.204 0.173 0.213 0.195 0.008 
362 COPE-0362    (0)   :  0.172 0.176 0.283 0.164 0.199 0.007 
363 COPE-0363   (14)   :  0.210 0.189 0.172 0.212 0.204 0.014 
364 COPE-0364    (0)   :  0.210 0.202 0.176 0.209 0.197 0.006 
365 COPE-0365    (0)   :  0.209 0.195 0.179 0.199 0.190 0.028 
366 COPE-0366    (0)   :  0.170 0.177 0.275 0.166 0.189 0.023 
367 COPE-0367   (14)   :  0.011 0.010 0.009 0.011 0.010 0.949 
368 COPE-0368    (0)   :  0.204 0.194 0.181 0.211 0.201 0.009 
369 COPE-0369    (0)   :  0.210 0.189 0.182 0.207 0.203 0.009 
370 COPE-0370   (28)   :  0.008 0.008 0.008 0.008 0.008 0.959 
371 COPE-0371    (0)   :  0.207 0.194 0.177 0.208 0.201 0.012 
372 COPE-0372    (0)   :  0.181 0.198 0.199 0.180 0.196 0.046 
373 COPE-0373   (14)   :  0.223 0.185 0.149 0.225 0.211 0.007 
374 COPE-0374    (0)   :  0.209 0.195 0.180 0.218 0.190 0.008 
375 COPE-0375   (14)   :  0.204 0.201 0.185 0.197 0.199 0.013 
376 COPE-0376   (14)   :  0.191 0.238 0.193 0.201 0.172 0.006 
377 COPE-0377    (0)   :  0.068 0.065 0.062 0.068 0.066 0.673 
378 COPE-0378    (0)   :  0.188 0.211 0.211 0.189 0.194 0.007 
379 COPE-0379    (0)   :  0.173 0.172 0.288 0.163 0.197 0.007 
380 COPE-0380   (28)   :  0.032 0.038 0.032 0.033 0.033 0.832 
381 COPE-0381    (0)   :  0.197 0.199 0.186 0.204 0.200 0.014 
382 COPE-0382    (0)   :  0.175 0.171 0.288 0.162 0.198 0.006 
383 COPE-0383    (0)   :  0.176 0.173 0.160 0.166 0.166 0.159 
384 COPE-0384    (0)   :  0.188 0.219 0.203 0.191 0.191 0.008 


Estimated Allele Frequencies in each cluster
First column gives estimated ancestral frequencies


Locus 1 : COPE5 
78 alleles
0.5% missing data
   1   (0.007) 0.001 0.001 0.001 0.001 0.001 0.642 
   2   (0.023) 0.024 0.023 0.021 0.025 0.024 0.022 
   3   (0.013) 0.015 0.014 0.012 0.015 0.014 0.002 
   4   (0.023) 0.024 0.025 0.029 0.024 0.025 0.002 
   5   (0.011) 0.010 0.009 0.012 0.009 0.010 0.001 
   6   (0.018) 0.018 0.017 0.020 0.017 0.018 0.007 
   7   (0.007) 0.004 0.003 0.003 0.004 0.004 0.001 
   8   (0.036) 0.091 0.091 0.079 0.093 0.089 0.002 
   9   (0.019) 0.023 0.022 0.022 0.023 0.023 0.002 
  10   (0.019) 0.021 0.021 0.019 0.021 0.020 0.001 
  11   (0.016) 0.016 0.014 0.014 0.015 0.015 0.018 
  12   (0.017) 0.025 0.022 0.020 0.024 0.026 0.001 
  13   (0.011) 0.012 0.010 0.009 0.012 0.012 0.002 
  14   (0.023) 0.029 0.026 0.024 0.029 0.029 0.002 
  15   (0.016) 0.031 0.033 0.034 0.032 0.032 0.001 
  16   (0.009) 0.006 0.007 0.006 0.006 0.006 0.001 
  17   (0.017) 0.014 0.015 0.015 0.015 0.014 0.001 
  18   (0.017) 0.013 0.013 0.018 0.012 0.014 0.008 
  19   (0.011) 0.009 0.009 0.014 0.009 0.010 0.001 
  20   (0.027) 0.055 0.052 0.049 0.054 0.055 0.002 
  21   (0.022) 0.021 0.022 0.024 0.021 0.022 0.002 
  22   (0.019) 0.015 0.015 0.017 0.014 0.016 0.009 
  23   (0.013) 0.012 0.011 0.013 0.011 0.013 0.001 
  24   (0.016) 0.018 0.022 0.019 0.018 0.017 0.001 
  25   (0.010) 0.008 0.008 0.007 0.008 0.008 0.001 
  26   (0.013) 0.009 0.009 0.009 0.009 0.009 0.001 
  27   (0.012) 0.010 0.011 0.010 0.010 0.009 0.001 
  28   (0.008) 0.002 0.002 0.003 0.002 0.002 0.021 
  29   (0.013) 0.011 0.013 0.012 0.012 0.011 0.001 
  30   (0.019) 0.021 0.019 0.019 0.021 0.021 0.005 
  31   (0.019) 0.018 0.018 0.021 0.018 0.019 0.001 
  32   (0.026) 0.039 0.037 0.043 0.038 0.040 0.002 
  33   (0.006) 0.002 0.002 0.002 0.002 0.002 0.000 
  34   (0.017) 0.021 0.019 0.017 0.021 0.020 0.001 
  35   (0.007) 0.001 0.001 0.001 0.001 0.001 0.052 
  36   (0.006) 0.002 0.002 0.002 0.002 0.002 0.000 
  37   (0.020) 0.023 0.025 0.024 0.023 0.024 0.023 
  38   (0.016) 0.012 0.013 0.012 0.012 0.012 0.009 
  39   (0.015) 0.018 0.020 0.017 0.019 0.017 0.001 
  40   (0.010) 0.009 0.009 0.013 0.009 0.010 0.001 
  41   (0.008) 0.005 0.005 0.005 0.005 0.004 0.001 
  42   (0.006) 0.002 0.002 0.002 0.002 0.002 0.000 
  43   (0.009) 0.005 0.005 0.005 0.005 0.005 0.001 
  44   (0.023) 0.028 0.027 0.025 0.028 0.026 0.002 
  45   (0.006) 0.002 0.002 0.002 0.002 0.002 0.000 
  46   (0.015) 0.019 0.018 0.015 0.019 0.019 0.001 
  47   (0.009) 0.007 0.006 0.006 0.007 0.006 0.001 
  48   (0.006) 0.002 0.002 0.003 0.002 0.002 0.000 
  49   (0.015) 0.016 0.015 0.015 0.016 0.016 0.001 
  50   (0.013) 0.011 0.011 0.012 0.011 0.012 0.002 
  51   (0.014) 0.013 0.014 0.013 0.012 0.013 0.019 
  52   (0.013) 0.013 0.012 0.011 0.013 0.013 0.001 
  53   (0.006) 0.001 0.001 0.001 0.001 0.001 0.031 
  54   (0.007) 0.001 0.001 0.001 0.001 0.001 0.073 
  55   (0.010) 0.007 0.009 0.008 0.007 0.007 0.001 
  56   (0.011) 0.010 0.011 0.011 0.010 0.011 0.001 
  57   (0.013) 0.011 0.011 0.015 0.010 0.011 0.001 
  58   (0.009) 0.006 0.007 0.006 0.006 0.006 0.001 
  59   (0.011) 0.013 0.011 0.010 0.013 0.012 0.001 
  60   (0.010) 0.008 0.008 0.008 0.008 0.008 0.001 
  61   (0.006) 0.002 0.002 0.003 0.002 0.002 0.000 
  62   (0.012) 0.011 0.012 0.012 0.011 0.012 0.001 
  63   (0.011) 0.015 0.018 0.015 0.016 0.014 0.001 
  64   (0.009) 0.005 0.005 0.005 0.005 0.005 0.001 
  65   (0.019) 0.020 0.021 0.023 0.019 0.020 0.001 
  66   (0.009) 0.009 0.010 0.009 0.009 0.009 0.001 
  67   (0.010) 0.006 0.007 0.007 0.006 0.006 0.001 
  68   (0.012) 0.010 0.010 0.015 0.010 0.011 0.001 
  69   (0.006) 0.002 0.002 0.002 0.002 0.002 0.000 
  70   (0.006) 0.002 0.002 0.002 0.002 0.002 0.000 
  71   (0.010) 0.006 0.006 0.006 0.007 0.006 0.001 
  72   (0.006) 0.002 0.002 0.002 0.002 0.002 0.000 
  73   (0.006) 0.002 0.002 0.002 0.002 0.002 0.001 
  74   (0.006) 0.002 0.002 0.002 0.002 0.002 0.000 
  75   (0.009) 0.005 0.005 0.006 0.005 0.005 0.001 
  76   (0.006) 0.002 0.002 0.002 0.002 0.002 0.000 
  77   (0.007) 0.003 0.003 0.004 0.003 0.003 0.001 
  78   (0.006) 0.002 0.002 0.002 0.002 0.002 0.000 

Locus 2 : COPE9 
12 alleles
8.3% missing data
   1   (0.412) 0.473 0.468 0.462 0.471 0.473 0.408 
   2   (0.142) 0.138 0.141 0.129 0.141 0.133 0.259 
   3   (0.050) 0.048 0.052 0.050 0.048 0.050 0.029 
   4   (0.074) 0.072 0.072 0.088 0.071 0.075 0.027 
   5   (0.037) 0.025 0.026 0.028 0.025 0.025 0.024 
   6   (0.130) 0.137 0.132 0.132 0.137 0.135 0.055 
   7   (0.039) 0.027 0.025 0.027 0.027 0.026 0.066 
   8   (0.081) 0.069 0.072 0.073 0.069 0.071 0.082 
   9   (0.011) 0.004 0.005 0.004 0.004 0.004 0.001 
  10   (0.009) 0.001 0.001 0.001 0.001 0.001 0.048 
  11   (0.008) 0.003 0.003 0.003 0.003 0.003 0.001 
  12   (0.008) 0.003 0.003 0.003 0.003 0.003 0.001 

Locus 3 : CPER26 
12 alleles
2.6% missing data
   1   (0.230) 0.237 0.233 0.230 0.236 0.236 0.137 
   2   (0.034) 0.022 0.022 0.030 0.021 0.024 0.148 
   3   (0.083) 0.078 0.079 0.088 0.078 0.079 0.008 
   4   (0.499) 0.582 0.584 0.573 0.583 0.581 0.061 
   5   (0.056) 0.044 0.044 0.042 0.043 0.043 0.298 
   6   (0.030) 0.016 0.015 0.014 0.016 0.015 0.309 
   7   (0.013) 0.006 0.006 0.006 0.006 0.005 0.001 
   8   (0.018) 0.007 0.008 0.008 0.007 0.007 0.023 
   9   (0.008) 0.002 0.002 0.002 0.002 0.002 0.004 
  10   (0.012) 0.003 0.003 0.003 0.003 0.003 0.010 
  11   (0.008) 0.002 0.002 0.003 0.002 0.002 0.001 
  12   (0.008) 0.003 0.002 0.002 0.003 0.002 0.001 

Locus 4 : CPER92 
12 alleles
6.8% missing data
   1   (0.618) 0.671 0.682 0.707 0.669 0.678 0.513 
   2   (0.115) 0.143 0.131 0.111 0.144 0.138 0.276 
   3   (0.088) 0.088 0.089 0.084 0.089 0.086 0.045 
   4   (0.015) 0.007 0.008 0.008 0.007 0.007 0.019 
   5   (0.039) 0.026 0.025 0.023 0.026 0.024 0.034 
   6   (0.035) 0.028 0.027 0.025 0.028 0.028 0.008 
   7   (0.019) 0.008 0.008 0.008 0.008 0.008 0.035 
   8   (0.012) 0.003 0.003 0.003 0.003 0.003 0.035 
   9   (0.021) 0.011 0.011 0.015 0.011 0.012 0.018 
  10   (0.017) 0.008 0.009 0.008 0.008 0.008 0.016 
  11   (0.013) 0.006 0.006 0.006 0.006 0.006 0.001 
  12   (0.008) 0.002 0.003 0.003 0.002 0.002 0.001 

Locus 5 : CPER99 
5 alleles
1.0% missing data
   1   (0.013) 0.003 0.003 0.003 0.003 0.003 0.342 
   2   (0.870) 0.932 0.930 0.931 0.931 0.931 0.089 
   3   (0.080) 0.053 0.055 0.054 0.054 0.054 0.476 
   4   (0.013) 0.003 0.003 0.003 0.003 0.003 0.030 
   5   (0.024) 0.009 0.009 0.009 0.009 0.009 0.064 

Locus 6 : CPER119 
22 alleles
5.5% missing data
   1   (0.009) 0.001 0.001 0.001 0.001 0.001 0.106 
   2   (0.080) 0.096 0.087 0.082 0.095 0.094 0.045 
   3   (0.036) 0.032 0.032 0.031 0.032 0.031 0.052 
   4   (0.008) 0.002 0.002 0.003 0.002 0.002 0.001 
   5   (0.160) 0.173 0.170 0.186 0.173 0.179 0.094 
   6   (0.070) 0.070 0.070 0.090 0.068 0.074 0.080 
   7   (0.069) 0.097 0.084 0.076 0.095 0.090 0.079 
   8   (0.083) 0.076 0.076 0.078 0.076 0.078 0.101 
   9   (0.115) 0.130 0.138 0.134 0.131 0.132 0.067 
  10   (0.061) 0.061 0.070 0.061 0.062 0.059 0.033 
  11   (0.021) 0.014 0.013 0.012 0.014 0.014 0.023 
  12   (0.085) 0.105 0.110 0.099 0.107 0.102 0.010 
  13   (0.016) 0.006 0.006 0.007 0.006 0.006 0.011 
  14   (0.028) 0.037 0.036 0.035 0.038 0.038 0.010 
  15   (0.026) 0.021 0.019 0.019 0.021 0.021 0.064 
  16   (0.022) 0.010 0.010 0.010 0.010 0.010 0.029 
  17   (0.024) 0.012 0.012 0.015 0.012 0.012 0.095 
  18   (0.017) 0.010 0.010 0.009 0.010 0.010 0.008 
  19   (0.011) 0.003 0.003 0.003 0.003 0.003 0.025 
  20   (0.037) 0.030 0.037 0.036 0.032 0.029 0.060 
  21   (0.012) 0.007 0.007 0.006 0.007 0.007 0.005 
  22   (0.010) 0.005 0.006 0.006 0.005 0.005 0.001 

Locus 7 : CPER188 
15 alleles
1.6% missing data
   1   (0.599) 0.675 0.668 0.675 0.674 0.677 0.821 
   2   (0.112) 0.100 0.103 0.107 0.100 0.100 0.091 
   3   (0.032) 0.026 0.025 0.023 0.026 0.025 0.002 
   4   (0.040) 0.033 0.032 0.030 0.032 0.032 0.003 
   5   (0.089) 0.108 0.115 0.108 0.109 0.109 0.006 
   6   (0.016) 0.006 0.007 0.006 0.006 0.006 0.008 
   7   (0.017) 0.011 0.010 0.009 0.011 0.011 0.006 
   8   (0.023) 0.012 0.012 0.013 0.012 0.012 0.008 
   9   (0.009) 0.001 0.001 0.001 0.001 0.001 0.040 
  10   (0.008) 0.001 0.001 0.001 0.001 0.001 0.010 
  11   (0.018) 0.012 0.011 0.011 0.012 0.011 0.001 
  12   (0.015) 0.007 0.007 0.007 0.007 0.007 0.001 
  13   (0.008) 0.002 0.002 0.002 0.002 0.002 0.003 
  14   (0.008) 0.002 0.003 0.002 0.002 0.002 0.001 
  15   (0.008) 0.002 0.003 0.002 0.002 0.002 0.001 

Values of parameters used in structure:
DATAFILE=../Data/microsats.structure,	OUTFILE=../Structure_Results/09_K_06.out,	NUMINDS=384,	NUMLOCI=7,	MISSING=-9,	LABEL=1,	POPDATA=0,	POPFLAG=0,	PHENOTYPE=0,	EXTRACOLS=0,	MAXPOPS=6,	BURNIN=1000000,	NUMREPS=10000000,	USEPOPINFO=0,	INFERALPHA=1,	INFERLAMBDA=0,	POPSPECIFICLAMBDA=0,	POPALPHAS=0,	COMPUTEPROB=1,	NOADMIX=0,	ADMBURNIN=500,	UPDATEFREQ=100,	PRINTLIKES=0,	INTERMEDSAVE=0,	PRINTKLD=0,	PRINTNET=1,	PRINTLAMBDA=1,	ANCESTDIST=0,	NUMBOXES=1000,	ANCESTPINT=0.90000,	GENSBACK=2,	MIGRPRIOR=0.01000,	PRINTQHAT=0,	PRINTQSUM=1,	ALPHA=1.0000,	FREQSCORR=1,	FPRIORMEAN=0.0100,	FPRIORSD=0.0500,	ONEFST=0,	LAMBDA=1.0000,	UNIFPRIORALPHA=1,	ALPHAMAX=10.0000,	ALPHAPRIORA=1.0000,	ALPHAPRIORB=2.0000,	ALPHAPROPSD=0.0250,	STARTATPOPINFO=0,	RANDOMIZE=0,	LINKAGE=0,	METROFREQ=10,	REPORTHITRATE=0,	MARKOVPHASE=-1,	PHASED=0,	PLOIDY=2,	PHASEINFO=0	LOCPRIOR=0, 	LOCPRIORINIT=1.000000, 	LOCDATA=0, 	LOCISPOP=0, 	LOCPRIORSTEP=0.100000, 	MAXLOCPRIOR=20.000000, 	SEED=42151964,	
[STRAT parameters]:    NUMSIMSTATS=1000,	PHENOTYPECOL=-9,	POOLFREQ=10,	LOCUSxONLY=0,	EMERROR=0.00100,	MISSINGPHENO=-9,	