

----------------------------------------------------
STRUCTURE by Pritchard, Stephens and Donnelly (2000)
     and Falush, Stephens and Pritchard (2003)
       Code by Pritchard, Falush and Hubisz
             Version 2.3.4 (Jul 2012)
----------------------------------------------------



Command line arguments:   /home/jason/Programs/structure -K 14 -i ../Data/microsats.structure -m Structure_Run/mainparams -e Structure_Run/extraparams -D 3039998 -o ../Structure_Results/09_K_14.out 
Input File:    ../Data/microsats.structure

Run parameters:
   384 individuals
   7 loci
   14 populations assumed
   1000000 Burn-in period
   10000000 Reps
RANDOMIZE turned off


--------------------------------------------
Overall proportion of membership of the
sample in each of the 14 clusters

Inferred Clusters
  1      2      3      4      5      6      7      8      9     10     11     12     13     14    
0.069  0.069  0.069  0.069  0.069  0.069  0.069  0.069  0.069  0.069  0.069  0.069  0.104  0.069  

--------------------------------------------

Allele-freq. divergence among pops (Net nucleotide distance),
computed using point estimates of P.

      1       2       3       4       5       6       7       8       9      10      11      12      13      14      
 1      -    0.0003  0.0001  0.0000  0.0001  0.0000  0.0001  0.0000  0.0001  0.0001  0.0001  0.0002  0.1758  0.0002  
 2   0.0003     -    0.0002  0.0002  0.0003  0.0002  0.0002  0.0002  0.0001  0.0001  0.0002  0.0004  0.1735  0.0003  
 3   0.0001  0.0002     -    0.0001  0.0000  0.0001  0.0001  0.0001  0.0001  0.0001  0.0002  0.0002  0.1735  0.0001  
 4   0.0000  0.0002  0.0001     -    0.0000  0.0000  0.0000  0.0000  0.0001  0.0001  0.0001  0.0001  0.1748  0.0001  
 5   0.0001  0.0003  0.0000  0.0000     -    0.0001  0.0000  0.0001  0.0001  0.0001  0.0001  0.0001  0.1741  0.0000  
 6   0.0000  0.0002  0.0001  0.0000  0.0001     -    0.0001  0.0000  0.0001  0.0001  0.0001  0.0002  0.1749  0.0002  
 7   0.0001  0.0002  0.0001  0.0000  0.0000  0.0001     -    0.0001  0.0001  0.0001  0.0001  0.0001  0.1735  0.0001  
 8   0.0000  0.0002  0.0001  0.0000  0.0001  0.0000  0.0001     -    0.0000  0.0000  0.0001  0.0002  0.1755  0.0002  
 9   0.0001  0.0001  0.0001  0.0001  0.0001  0.0001  0.0001  0.0000     -    0.0000  0.0001  0.0002  0.1744  0.0001  
10   0.0001  0.0001  0.0001  0.0001  0.0001  0.0001  0.0001  0.0000  0.0000     -    0.0001  0.0001  0.1747  0.0002  
11   0.0001  0.0002  0.0002  0.0001  0.0001  0.0001  0.0001  0.0001  0.0001  0.0001     -    0.0001  0.1745  0.0002  
12   0.0002  0.0004  0.0002  0.0001  0.0001  0.0002  0.0001  0.0002  0.0002  0.0001  0.0001     -    0.1756  0.0002  
13   0.1758  0.1735  0.1735  0.1748  0.1741  0.1749  0.1735  0.1755  0.1744  0.1747  0.1745  0.1756     -    0.1733  
14   0.0002  0.0003  0.0001  0.0001  0.0000  0.0002  0.0001  0.0002  0.0001  0.0002  0.0002  0.0002  0.1733     -    

Average distances (expected heterozygosity) between individuals in same cluster:
cluster  1  : 0.6233 
cluster  2  : 0.6272 
cluster  3  : 0.6271 
cluster  4  : 0.6245 
cluster  5  : 0.6270 
cluster  6  : 0.6251 
cluster  7  : 0.6283 
cluster  8  : 0.6236 
cluster  9  : 0.6259 
cluster 10  : 0.6248 
cluster 11  : 0.6266 
cluster 12  : 0.6257 
cluster 13  : 0.6231 
cluster 14  : 0.6273 

--------------------------------------------
Estimated Ln Prob of Data   = -9356.8
Mean value of ln likelihood = -7528.3
Variance of ln likelihood   = 3656.8
Mean value of alpha         = 0.0496

Mean value of Fst_1         = 0.1329
Mean value of Fst_2         = 0.1345
Mean value of Fst_3         = 0.1284
Mean value of Fst_4         = 0.1301
Mean value of Fst_5         = 0.1285
Mean value of Fst_6         = 0.1300
Mean value of Fst_7         = 0.1229
Mean value of Fst_8         = 0.1334
Mean value of Fst_9         = 0.1312
Mean value of Fst_10         = 0.1346
Mean value of Fst_11         = 0.1339
Mean value of Fst_12         = 0.1324
Mean value of Fst_13         = 0.2315
Mean value of Fst_14         = 0.1265


Inferred ancestry of individuals:
        Label (%Miss) :  Inferred clusters
  1 COPE-0001    (0)   :  0.009 0.009 0.009 0.009 0.009 0.009 0.009 0.009 0.009 0.009 0.009 0.009 0.887 0.009 
  2 COPE-0002    (0)   :  0.071 0.079 0.080 0.076 0.078 0.075 0.077 0.073 0.076 0.073 0.079 0.074 0.010 0.079 
  3 COPE-0003    (0)   :  0.076 0.067 0.078 0.080 0.082 0.076 0.082 0.070 0.076 0.074 0.075 0.074 0.006 0.082 
  4 COPE-0004    (0)   :  0.067 0.101 0.080 0.071 0.076 0.073 0.077 0.065 0.070 0.071 0.090 0.067 0.010 0.081 
  5 COPE-0005    (0)   :  0.074 0.081 0.074 0.071 0.078 0.074 0.072 0.072 0.073 0.074 0.079 0.081 0.022 0.074 
  6 COPE-0006    (0)   :  0.077 0.068 0.083 0.077 0.076 0.076 0.076 0.078 0.075 0.071 0.074 0.075 0.017 0.078 
  7 COPE-0007    (0)   :  0.079 0.081 0.071 0.075 0.075 0.078 0.075 0.076 0.070 0.072 0.085 0.085 0.006 0.072 
  8 COPE-0008    (0)   :  0.075 0.082 0.072 0.077 0.074 0.074 0.074 0.080 0.078 0.084 0.075 0.076 0.008 0.072 
  9 COPE-0009    (0)   :  0.072 0.066 0.078 0.078 0.084 0.072 0.077 0.075 0.075 0.074 0.073 0.077 0.015 0.082 
 10 COPE-0010    (0)   :  0.076 0.071 0.072 0.076 0.078 0.080 0.077 0.081 0.076 0.076 0.076 0.080 0.007 0.074 
 11 COPE-0011   (14)   :  0.013 0.014 0.013 0.013 0.013 0.013 0.013 0.013 0.013 0.012 0.014 0.013 0.831 0.013 
 12 COPE-0012   (14)   :  0.074 0.078 0.070 0.073 0.073 0.072 0.077 0.078 0.082 0.088 0.076 0.080 0.006 0.074 
 13 COPE-0013    (0)   :  0.077 0.069 0.075 0.082 0.084 0.073 0.079 0.070 0.072 0.073 0.075 0.075 0.006 0.092 
 14 COPE-0014    (0)   :  0.085 0.092 0.087 0.076 0.069 0.086 0.069 0.085 0.077 0.076 0.073 0.055 0.008 0.062 
 15 COPE-0015    (0)   :  0.082 0.084 0.082 0.074 0.072 0.083 0.073 0.082 0.077 0.079 0.072 0.065 0.007 0.067 
 16 COPE-0016    (0)   :  0.074 0.063 0.081 0.077 0.086 0.068 0.070 0.079 0.074 0.076 0.077 0.086 0.009 0.080 
 17 COPE-0017    (0)   :  0.039 0.040 0.039 0.037 0.035 0.039 0.034 0.039 0.037 0.037 0.036 0.032 0.524 0.032 
 18 COPE-0018    (0)   :  0.078 0.071 0.078 0.077 0.075 0.077 0.077 0.077 0.076 0.071 0.074 0.079 0.007 0.080 
 19 COPE-0019    (0)   :  0.077 0.069 0.076 0.076 0.082 0.074 0.077 0.075 0.077 0.076 0.073 0.076 0.006 0.086 
 20 COPE-0020    (0)   :  0.077 0.069 0.074 0.078 0.079 0.077 0.078 0.077 0.078 0.076 0.078 0.077 0.006 0.077 
 21 COPE-0021    (0)   :  0.083 0.075 0.072 0.074 0.073 0.081 0.072 0.081 0.078 0.080 0.080 0.082 0.006 0.066 
 22 COPE-0022    (0)   :  0.076 0.071 0.072 0.086 0.074 0.070 0.077 0.083 0.082 0.083 0.075 0.072 0.006 0.075 
 23 COPE-0023    (0)   :  0.077 0.074 0.083 0.076 0.078 0.077 0.079 0.078 0.077 0.069 0.077 0.073 0.008 0.075 
 24 COPE-0024   (14)   :  0.080 0.069 0.068 0.078 0.077 0.073 0.072 0.078 0.077 0.078 0.083 0.086 0.006 0.075 
 25 COPE-0025    (0)   :  0.072 0.068 0.076 0.075 0.073 0.075 0.092 0.066 0.072 0.067 0.073 0.074 0.038 0.079 
 26 COPE-0026    (0)   :  0.074 0.080 0.075 0.077 0.078 0.075 0.079 0.077 0.076 0.076 0.072 0.081 0.005 0.075 
 27 COPE-0027    (0)   :  0.077 0.071 0.075 0.078 0.080 0.075 0.077 0.074 0.076 0.075 0.074 0.074 0.006 0.088 
 28 COPE-0028    (0)   :  0.076 0.071 0.077 0.071 0.077 0.079 0.085 0.075 0.077 0.081 0.071 0.079 0.005 0.076 
 29 COPE-0029    (0)   :  0.077 0.064 0.079 0.080 0.081 0.068 0.071 0.078 0.074 0.077 0.077 0.091 0.005 0.077 
 30 COPE-0030   (14)   :  0.024 0.024 0.025 0.024 0.025 0.024 0.024 0.024 0.024 0.022 0.024 0.024 0.687 0.024 
 31 COPE-0031    (0)   :  0.075 0.078 0.078 0.079 0.076 0.075 0.079 0.078 0.074 0.073 0.073 0.080 0.009 0.074 
 32 COPE-0032    (0)   :  0.078 0.072 0.080 0.075 0.077 0.080 0.083 0.075 0.076 0.072 0.073 0.075 0.008 0.075 
 33 COPE-0033    (0)   :  0.078 0.071 0.077 0.076 0.078 0.080 0.080 0.075 0.076 0.072 0.073 0.075 0.010 0.078 
 34 COPE-0034    (0)   :  0.072 0.087 0.080 0.070 0.081 0.073 0.072 0.071 0.073 0.078 0.080 0.078 0.009 0.078 
 35 COPE-0035   (14)   :  0.077 0.072 0.076 0.076 0.077 0.079 0.085 0.071 0.075 0.075 0.072 0.077 0.007 0.079 
 36 COPE-0036   (14)   :  0.085 0.079 0.070 0.079 0.069 0.082 0.072 0.078 0.072 0.074 0.086 0.082 0.006 0.065 
 37 COPE-0037    (0)   :  0.077 0.072 0.070 0.077 0.075 0.076 0.075 0.076 0.073 0.075 0.077 0.078 0.023 0.077 
 38 COPE-0038    (0)   :  0.075 0.077 0.073 0.084 0.074 0.073 0.079 0.078 0.078 0.079 0.072 0.076 0.006 0.076 
 39 COPE-0039    (0)   :  0.072 0.070 0.076 0.076 0.075 0.074 0.085 0.068 0.072 0.070 0.075 0.071 0.037 0.079 
 40 COPE-0040   (14)   :  0.070 0.070 0.075 0.071 0.072 0.071 0.078 0.071 0.072 0.067 0.070 0.068 0.070 0.075 
 41 COPE-0041    (0)   :  0.074 0.072 0.079 0.077 0.077 0.073 0.078 0.074 0.076 0.072 0.073 0.074 0.024 0.078 
 42 COPE-0042    (0)   :  0.079 0.070 0.077 0.077 0.078 0.083 0.080 0.072 0.073 0.074 0.072 0.074 0.009 0.081 
 43 COPE-0043    (0)   :  0.071 0.077 0.080 0.077 0.082 0.074 0.073 0.077 0.076 0.074 0.077 0.079 0.005 0.078 
 44 COPE-0044    (0)   :  0.068 0.086 0.077 0.074 0.075 0.073 0.078 0.070 0.078 0.077 0.085 0.068 0.011 0.080 
 45 COPE-0045    (0)   :  0.070 0.081 0.073 0.072 0.074 0.071 0.075 0.072 0.077 0.076 0.079 0.072 0.032 0.076 
 46 COPE-0046    (0)   :  0.022 0.022 0.024 0.023 0.023 0.023 0.023 0.022 0.022 0.022 0.023 0.022 0.703 0.025 
 47 COPE-0047    (0)   :  0.007 0.007 0.007 0.007 0.007 0.007 0.007 0.007 0.007 0.007 0.007 0.008 0.904 0.007 
 48 COPE-0048    (0)   :  0.084 0.071 0.073 0.075 0.079 0.087 0.082 0.071 0.072 0.074 0.072 0.077 0.006 0.076 
 49 COPE-0049    (0)   :  0.070 0.078 0.077 0.073 0.075 0.074 0.083 0.072 0.081 0.076 0.076 0.075 0.016 0.076 
 50 COPE-0050    (0)   :  0.074 0.073 0.080 0.078 0.081 0.074 0.080 0.072 0.072 0.071 0.078 0.069 0.007 0.089 
 51 COPE-0051    (0)   :  0.070 0.076 0.071 0.063 0.068 0.075 0.075 0.068 0.073 0.075 0.057 0.074 0.094 0.060 
 52 COPE-0052    (0)   :  0.085 0.092 0.086 0.072 0.069 0.085 0.069 0.083 0.079 0.078 0.072 0.058 0.010 0.060 
 53 COPE-0053    (0)   :  0.076 0.057 0.085 0.075 0.087 0.062 0.068 0.074 0.073 0.086 0.076 0.091 0.008 0.083 
 54 COPE-0054    (0)   :  0.087 0.073 0.062 0.078 0.068 0.077 0.068 0.081 0.077 0.080 0.091 0.090 0.005 0.063 
 55 COPE-0055    (0)   :  0.077 0.073 0.068 0.084 0.073 0.070 0.073 0.085 0.085 0.087 0.075 0.074 0.005 0.073 
 56 COPE-0056    (0)   :  0.074 0.077 0.070 0.075 0.073 0.071 0.075 0.079 0.085 0.081 0.077 0.072 0.014 0.076 
 57 COPE-0057    (0)   :  0.075 0.069 0.075 0.078 0.080 0.075 0.077 0.076 0.080 0.076 0.074 0.077 0.009 0.078 
 58 COPE-0058    (0)   :  0.074 0.076 0.075 0.079 0.077 0.076 0.081 0.074 0.075 0.073 0.074 0.079 0.009 0.077 
 59 COPE-0059    (0)   :  0.075 0.071 0.078 0.078 0.077 0.078 0.077 0.072 0.072 0.072 0.075 0.068 0.016 0.090 
 60 COPE-0060    (0)   :  0.074 0.071 0.084 0.076 0.083 0.074 0.072 0.079 0.075 0.075 0.075 0.078 0.006 0.078 
 61 COPE-0061    (0)   :  0.075 0.059 0.083 0.074 0.086 0.064 0.070 0.074 0.075 0.084 0.074 0.088 0.010 0.086 
 62 COPE-0062    (0)   :  0.087 0.086 0.080 0.073 0.067 0.086 0.070 0.083 0.079 0.080 0.076 0.067 0.008 0.059 
 63 COPE-0063    (0)   :  0.075 0.078 0.064 0.074 0.068 0.068 0.068 0.083 0.090 0.092 0.077 0.074 0.021 0.069 
 64 COPE-0064    (0)   :  0.074 0.072 0.083 0.077 0.079 0.077 0.078 0.076 0.074 0.073 0.075 0.071 0.008 0.084 
 65 COPE-0065    (0)   :  0.006 0.006 0.006 0.006 0.006 0.006 0.006 0.006 0.006 0.006 0.006 0.006 0.921 0.006 
 66 COPE-0066    (0)   :  0.077 0.072 0.071 0.074 0.076 0.083 0.079 0.075 0.071 0.076 0.069 0.081 0.017 0.078 
 67 COPE-0067   (14)   :  0.030 0.027 0.028 0.029 0.029 0.031 0.031 0.026 0.028 0.027 0.027 0.029 0.630 0.029 
 68 COPE-0068    (0)   :  0.076 0.068 0.080 0.080 0.082 0.075 0.079 0.070 0.073 0.073 0.075 0.071 0.012 0.087 
 69 COPE-0069   (14)   :  0.081 0.073 0.080 0.080 0.073 0.078 0.074 0.076 0.076 0.078 0.076 0.067 0.009 0.078 
 70 COPE-0070    (0)   :  0.070 0.085 0.079 0.072 0.077 0.075 0.081 0.073 0.076 0.077 0.072 0.081 0.011 0.072 
 71 COPE-0071    (0)   :  0.074 0.071 0.073 0.074 0.075 0.080 0.081 0.079 0.077 0.079 0.075 0.082 0.004 0.075 
 72 COPE-0072    (0)   :  0.075 0.075 0.081 0.077 0.081 0.080 0.075 0.076 0.077 0.074 0.075 0.068 0.006 0.082 
 73 COPE-0073   (14)   :  0.034 0.028 0.029 0.031 0.031 0.030 0.028 0.032 0.030 0.033 0.036 0.037 0.592 0.029 
 74 COPE-0074    (0)   :  0.080 0.071 0.073 0.077 0.078 0.083 0.083 0.073 0.074 0.073 0.077 0.077 0.008 0.073 
 75 COPE-0075    (0)   :  0.077 0.082 0.077 0.070 0.077 0.083 0.082 0.072 0.078 0.080 0.065 0.079 0.010 0.067 
 76 COPE-0076    (0)   :  0.080 0.078 0.072 0.077 0.073 0.074 0.074 0.079 0.080 0.084 0.077 0.075 0.006 0.071 
 77 COPE-0077   (14)   :  0.076 0.067 0.082 0.081 0.080 0.075 0.080 0.075 0.074 0.074 0.074 0.071 0.008 0.083 
 78 COPE-0078   (14)   :  0.076 0.081 0.072 0.074 0.079 0.075 0.075 0.076 0.072 0.074 0.082 0.084 0.008 0.073 
 79 COPE-0079    (0)   :  0.063 0.109 0.081 0.066 0.079 0.073 0.076 0.064 0.068 0.070 0.094 0.068 0.008 0.080 
 80 COPE-0080   (42)   :  0.018 0.017 0.018 0.018 0.018 0.018 0.018 0.018 0.018 0.017 0.017 0.017 0.771 0.018 
 81 COPE-0081   (14)   :  0.045 0.045 0.044 0.047 0.044 0.045 0.046 0.045 0.046 0.046 0.045 0.045 0.413 0.045 
 82 COPE-0082   (14)   :  0.071 0.076 0.069 0.069 0.070 0.072 0.077 0.073 0.080 0.080 0.073 0.076 0.043 0.071 
 83 COPE-0083   (14)   :  0.094 0.105 0.092 0.071 0.062 0.094 0.063 0.091 0.079 0.081 0.071 0.042 0.005 0.050 
 84 COPE-0084    (0)   :  0.061 0.047 0.071 0.062 0.070 0.052 0.056 0.063 0.060 0.068 0.062 0.075 0.184 0.069 
 85 COPE-0085    (0)   :  0.072 0.080 0.079 0.073 0.079 0.071 0.080 0.069 0.075 0.075 0.081 0.077 0.009 0.081 
 86 COPE-0086    (0)   :  0.073 0.067 0.079 0.075 0.076 0.074 0.078 0.075 0.076 0.074 0.074 0.081 0.017 0.078 
 87 COPE-0087   (14)   :  0.076 0.066 0.083 0.076 0.084 0.072 0.071 0.077 0.074 0.077 0.074 0.084 0.007 0.080 
 88 COPE-0088   (14)   :  0.072 0.077 0.079 0.074 0.078 0.074 0.076 0.073 0.075 0.074 0.073 0.078 0.023 0.076 
 89 COPE-0089   (14)   :  0.007 0.008 0.007 0.007 0.007 0.007 0.007 0.007 0.008 0.008 0.007 0.007 0.903 0.007 
 90 COPE-0090    (0)   :  0.077 0.074 0.070 0.085 0.072 0.071 0.078 0.080 0.081 0.079 0.075 0.077 0.008 0.074 
 91 COPE-0091   (14)   :  0.079 0.076 0.085 0.075 0.080 0.077 0.069 0.081 0.076 0.077 0.074 0.073 0.005 0.073 
 92 COPE-0092   (28)   :  0.019 0.020 0.020 0.019 0.020 0.019 0.021 0.018 0.019 0.019 0.020 0.019 0.746 0.021 
 93 COPE-0093    (0)   :  0.076 0.081 0.064 0.074 0.068 0.068 0.067 0.084 0.093 0.095 0.079 0.076 0.005 0.068 
 94 COPE-0094    (0)   :  0.063 0.109 0.081 0.065 0.077 0.072 0.074 0.061 0.066 0.069 0.094 0.065 0.024 0.080 
 95 COPE-0095    (0)   :  0.076 0.061 0.083 0.078 0.084 0.067 0.072 0.077 0.075 0.079 0.075 0.088 0.005 0.080 
 96 COPE-0096    (0)   :  0.075 0.079 0.078 0.079 0.077 0.078 0.074 0.082 0.076 0.075 0.074 0.075 0.009 0.070 
 97 COPE-0097    (0)   :  0.079 0.079 0.078 0.070 0.073 0.081 0.075 0.078 0.081 0.084 0.071 0.076 0.007 0.068 
 98 COPE-0098    (0)   :  0.073 0.085 0.077 0.077 0.074 0.076 0.077 0.078 0.074 0.074 0.076 0.075 0.009 0.074 
 99 COPE-0099    (0)   :  0.072 0.069 0.078 0.076 0.077 0.076 0.090 0.071 0.076 0.070 0.073 0.071 0.020 0.081 
100 COPE-0100    (0)   :  0.076 0.071 0.074 0.080 0.077 0.074 0.084 0.072 0.076 0.075 0.073 0.077 0.007 0.082 
101 COPE-0101    (0)   :  0.070 0.077 0.070 0.072 0.074 0.074 0.076 0.072 0.073 0.074 0.073 0.074 0.045 0.076 
102 COPE-0102    (0)   :  0.074 0.074 0.077 0.078 0.079 0.077 0.079 0.074 0.077 0.073 0.073 0.078 0.005 0.081 
103 COPE-0103    (0)   :  0.075 0.093 0.080 0.070 0.073 0.079 0.073 0.075 0.075 0.076 0.080 0.068 0.014 0.069 
104 COPE-0104   (14)   :  0.079 0.073 0.072 0.075 0.076 0.081 0.081 0.075 0.079 0.078 0.073 0.076 0.006 0.075 
105 COPE-0105    (0)   :  0.066 0.079 0.072 0.065 0.074 0.073 0.079 0.073 0.081 0.085 0.064 0.084 0.033 0.070 
106 COPE-0106    (0)   :  0.094 0.069 0.056 0.079 0.063 0.081 0.063 0.081 0.073 0.076 0.104 0.102 0.004 0.056 
107 COPE-0107    (0)   :  0.018 0.019 0.018 0.020 0.019 0.018 0.019 0.020 0.020 0.020 0.019 0.018 0.752 0.019 
108 COPE-0108    (0)   :  0.076 0.081 0.080 0.076 0.073 0.079 0.078 0.080 0.077 0.079 0.069 0.076 0.006 0.070 
109 COPE-0109    (0)   :  0.069 0.087 0.080 0.075 0.079 0.073 0.079 0.070 0.071 0.072 0.084 0.068 0.011 0.083 
110 COPE-0110   (14)   :  0.076 0.072 0.076 0.075 0.079 0.074 0.073 0.075 0.075 0.077 0.078 0.082 0.012 0.076 
111 COPE-0111    (0)   :  0.081 0.072 0.073 0.077 0.074 0.078 0.071 0.078 0.076 0.076 0.085 0.080 0.008 0.070 
112 COPE-0112   (14)   :  0.083 0.075 0.074 0.076 0.077 0.086 0.080 0.072 0.074 0.074 0.072 0.074 0.008 0.075 
113 COPE-0113    (0)   :  0.075 0.075 0.076 0.076 0.077 0.076 0.084 0.074 0.075 0.073 0.074 0.073 0.014 0.079 
114 COPE-0114    (0)   :  0.083 0.074 0.066 0.080 0.068 0.076 0.072 0.078 0.077 0.077 0.086 0.087 0.009 0.067 
115 COPE-0115    (0)   :  0.026 0.026 0.027 0.023 0.024 0.025 0.023 0.025 0.024 0.025 0.023 0.023 0.684 0.023 
116 COPE-0116   (28)   :  0.011 0.011 0.011 0.011 0.011 0.011 0.012 0.011 0.011 0.011 0.011 0.011 0.854 0.011 
117 COPE-0117    (0)   :  0.075 0.058 0.086 0.075 0.086 0.063 0.070 0.074 0.074 0.084 0.074 0.090 0.009 0.082 
118 COPE-0118    (0)   :  0.091 0.077 0.066 0.078 0.063 0.081 0.065 0.084 0.074 0.078 0.092 0.083 0.009 0.058 
119 COPE-0119    (0)   :  0.079 0.079 0.074 0.076 0.073 0.080 0.073 0.080 0.077 0.079 0.072 0.076 0.012 0.070 
120 COPE-0120    (0)   :  0.072 0.073 0.082 0.079 0.080 0.074 0.080 0.073 0.072 0.073 0.077 0.071 0.010 0.085 
121 COPE-0121    (0)   :  0.073 0.076 0.074 0.075 0.072 0.076 0.075 0.078 0.073 0.071 0.073 0.068 0.044 0.071 
122 COPE-0122    (0)   :  0.075 0.075 0.079 0.075 0.081 0.077 0.074 0.078 0.074 0.073 0.076 0.075 0.007 0.079 
123 COPE-0123    (0)   :  0.077 0.073 0.078 0.075 0.076 0.078 0.079 0.075 0.076 0.070 0.076 0.072 0.017 0.076 
124 COPE-0124    (0)   :  0.076 0.069 0.085 0.076 0.079 0.076 0.081 0.078 0.075 0.068 0.075 0.074 0.011 0.077 
125 COPE-0125    (0)   :  0.077 0.077 0.068 0.076 0.071 0.077 0.075 0.076 0.080 0.081 0.080 0.085 0.006 0.069 
126 COPE-0126    (0)   :  0.073 0.057 0.085 0.075 0.086 0.062 0.071 0.075 0.075 0.083 0.073 0.092 0.011 0.082 
127 COPE-0127   (14)   :  0.071 0.076 0.077 0.072 0.078 0.072 0.077 0.072 0.081 0.084 0.072 0.084 0.006 0.077 
128 COPE-0128    (0)   :  0.073 0.069 0.078 0.077 0.076 0.076 0.084 0.076 0.077 0.071 0.075 0.077 0.015 0.078 
129 COPE-0129    (0)   :  0.069 0.089 0.076 0.072 0.080 0.073 0.077 0.072 0.073 0.073 0.082 0.076 0.006 0.081 
130 COPE-0130    (0)   :  0.075 0.069 0.081 0.079 0.079 0.075 0.079 0.073 0.073 0.074 0.076 0.070 0.013 0.085 
131 COPE-0131   (14)   :  0.088 0.091 0.086 0.074 0.068 0.087 0.068 0.085 0.076 0.079 0.072 0.055 0.007 0.063 
132 COPE-0132   (14)   :  0.076 0.066 0.067 0.078 0.077 0.070 0.070 0.076 0.077 0.080 0.077 0.078 0.031 0.076 
133 COPE-0133    (0)   :  0.072 0.062 0.084 0.075 0.084 0.065 0.069 0.076 0.074 0.081 0.078 0.089 0.008 0.083 
134 COPE-0134    (0)   :  0.073 0.076 0.076 0.076 0.081 0.076 0.075 0.076 0.078 0.074 0.077 0.078 0.007 0.078 
135 COPE-0135    (0)   :  0.074 0.076 0.070 0.078 0.076 0.074 0.074 0.082 0.083 0.082 0.075 0.075 0.007 0.075 
136 COPE-0136    (0)   :  0.013 0.013 0.013 0.013 0.014 0.013 0.013 0.013 0.013 0.013 0.013 0.013 0.829 0.014 
137 COPE-0137    (0)   :  0.076 0.067 0.077 0.079 0.081 0.073 0.082 0.073 0.074 0.071 0.075 0.077 0.010 0.084 
138 COPE-0138   (14)   :  0.009 0.009 0.009 0.009 0.009 0.009 0.009 0.009 0.009 0.009 0.010 0.010 0.881 0.009 
139 COPE-0139    (0)   :  0.075 0.067 0.078 0.080 0.079 0.072 0.091 0.067 0.074 0.073 0.075 0.076 0.007 0.088 
140 COPE-0140   (14)   :  0.023 0.022 0.023 0.023 0.024 0.023 0.025 0.022 0.023 0.022 0.022 0.023 0.699 0.024 
141 COPE-0141    (0)   :  0.074 0.081 0.067 0.074 0.071 0.070 0.074 0.080 0.088 0.087 0.079 0.077 0.008 0.072 
142 COPE-0142    (0)   :  0.077 0.075 0.072 0.076 0.074 0.072 0.074 0.079 0.081 0.082 0.076 0.077 0.009 0.075 
143 COPE-0143    (0)   :  0.073 0.071 0.080 0.075 0.080 0.067 0.072 0.076 0.077 0.081 0.076 0.083 0.008 0.081 
144 COPE-0144   (14)   :  0.066 0.069 0.074 0.071 0.072 0.069 0.075 0.065 0.071 0.068 0.073 0.068 0.080 0.078 
145 COPE-0145   (14)   :  0.055 0.056 0.063 0.060 0.062 0.062 0.077 0.054 0.066 0.057 0.060 0.059 0.203 0.066 
146 COPE-0146   (14)   :  0.072 0.066 0.078 0.074 0.076 0.071 0.078 0.077 0.077 0.075 0.071 0.082 0.026 0.077 
147 COPE-0147    (0)   :  0.068 0.076 0.072 0.073 0.071 0.069 0.072 0.072 0.073 0.071 0.075 0.066 0.070 0.073 
148 COPE-0148    (0)   :  0.076 0.063 0.082 0.076 0.083 0.066 0.069 0.074 0.074 0.082 0.077 0.088 0.008 0.081 
149 COPE-0149    (0)   :  0.076 0.067 0.079 0.078 0.086 0.073 0.074 0.072 0.075 0.077 0.072 0.079 0.006 0.085 
150 COPE-0150    (0)   :  0.085 0.070 0.072 0.074 0.080 0.089 0.083 0.070 0.071 0.073 0.072 0.078 0.007 0.076 
151 COPE-0151    (0)   :  0.074 0.066 0.078 0.076 0.079 0.072 0.085 0.073 0.080 0.076 0.075 0.078 0.006 0.082 
152 COPE-0152   (14)   :  0.066 0.070 0.064 0.069 0.064 0.065 0.068 0.069 0.073 0.071 0.066 0.066 0.123 0.068 
153 COPE-0153    (0)   :  0.075 0.081 0.080 0.076 0.078 0.077 0.077 0.077 0.073 0.072 0.075 0.076 0.006 0.078 
154 COPE-0154    (0)   :  0.080 0.070 0.073 0.077 0.077 0.073 0.076 0.078 0.078 0.079 0.076 0.079 0.007 0.078 
155 COPE-0155    (0)   :  0.074 0.068 0.077 0.078 0.078 0.075 0.084 0.079 0.079 0.072 0.075 0.077 0.005 0.079 
156 COPE-0156   (14)   :  0.009 0.009 0.009 0.009 0.009 0.009 0.009 0.009 0.009 0.009 0.009 0.009 0.881 0.009 
157 COPE-0157   (14)   :  0.057 0.063 0.059 0.059 0.058 0.059 0.064 0.059 0.061 0.064 0.060 0.062 0.219 0.058 
158 COPE-0158    (0)   :  0.073 0.066 0.082 0.078 0.086 0.071 0.070 0.079 0.073 0.075 0.076 0.082 0.009 0.082 
159 COPE-0159    (0)   :  0.074 0.074 0.076 0.082 0.079 0.075 0.079 0.077 0.073 0.076 0.075 0.074 0.007 0.079 
160 COPE-0160    (0)   :  0.072 0.086 0.074 0.073 0.078 0.076 0.079 0.073 0.074 0.076 0.075 0.079 0.007 0.078 
161 COPE-0161    (0)   :  0.074 0.081 0.077 0.078 0.076 0.077 0.077 0.076 0.076 0.074 0.077 0.070 0.012 0.076 
162 COPE-0162   (14)   :  0.007 0.007 0.007 0.007 0.007 0.007 0.007 0.007 0.007 0.007 0.007 0.007 0.906 0.008 
163 COPE-0163   (28)   :  0.012 0.012 0.012 0.012 0.012 0.012 0.012 0.012 0.012 0.012 0.012 0.012 0.842 0.012 
164 COPE-0164    (0)   :  0.073 0.071 0.075 0.078 0.075 0.073 0.082 0.074 0.075 0.070 0.071 0.080 0.023 0.079 
165 COPE-0165    (0)   :  0.075 0.072 0.079 0.078 0.079 0.075 0.079 0.075 0.075 0.073 0.075 0.073 0.008 0.084 
166 COPE-0166   (14)   :  0.074 0.077 0.078 0.075 0.081 0.076 0.073 0.077 0.075 0.073 0.078 0.079 0.008 0.076 
167 COPE-0167    (0)   :  0.077 0.078 0.074 0.071 0.076 0.076 0.074 0.074 0.074 0.074 0.087 0.083 0.008 0.074 
168 COPE-0168    (0)   :  0.075 0.070 0.080 0.079 0.082 0.072 0.074 0.081 0.075 0.076 0.075 0.080 0.005 0.075 
169 COPE-0169    (0)   :  0.073 0.072 0.077 0.081 0.082 0.076 0.080 0.071 0.071 0.071 0.074 0.069 0.010 0.093 
170 COPE-0170    (0)   :  0.075 0.079 0.072 0.077 0.070 0.074 0.076 0.078 0.084 0.081 0.075 0.066 0.022 0.071 
171 COPE-0171    (0)   :  0.076 0.070 0.076 0.080 0.075 0.075 0.081 0.080 0.078 0.077 0.077 0.075 0.007 0.073 
172 COPE-0172    (0)   :  0.075 0.074 0.080 0.079 0.076 0.076 0.079 0.077 0.076 0.074 0.071 0.079 0.007 0.077 
173 COPE-0173   (14)   :  0.070 0.068 0.079 0.075 0.077 0.076 0.075 0.069 0.070 0.068 0.071 0.064 0.051 0.088 
174 COPE-0174   (28)   :  0.073 0.071 0.078 0.078 0.077 0.074 0.079 0.076 0.077 0.075 0.075 0.074 0.013 0.079 
175 COPE-0175    (0)   :  0.072 0.073 0.076 0.077 0.077 0.071 0.078 0.073 0.067 0.068 0.073 0.080 0.038 0.077 
176 COPE-0176    (0)   :  0.078 0.084 0.067 0.074 0.067 0.076 0.068 0.078 0.077 0.084 0.090 0.083 0.008 0.066 
177 COPE-0177    (0)   :  0.075 0.071 0.077 0.077 0.082 0.075 0.077 0.076 0.076 0.074 0.072 0.076 0.007 0.085 
178 COPE-0178    (0)   :  0.092 0.070 0.057 0.080 0.064 0.081 0.064 0.081 0.074 0.075 0.101 0.100 0.007 0.055 
179 COPE-0179    (0)   :  0.075 0.070 0.078 0.078 0.077 0.076 0.081 0.075 0.077 0.074 0.074 0.076 0.009 0.081 
180 COPE-0180   (14)   :  0.075 0.073 0.078 0.078 0.081 0.080 0.077 0.074 0.072 0.072 0.074 0.071 0.006 0.091 
181 COPE-0181   (14)   :  0.077 0.071 0.077 0.079 0.082 0.074 0.076 0.073 0.074 0.073 0.074 0.075 0.008 0.085 
182 COPE-0182    (0)   :  0.071 0.082 0.070 0.078 0.075 0.072 0.082 0.077 0.082 0.082 0.066 0.087 0.005 0.071 
183 COPE-0183    (0)   :  0.077 0.070 0.079 0.077 0.075 0.077 0.078 0.078 0.077 0.074 0.074 0.076 0.010 0.077 
184 COPE-0184    (0)   :  0.073 0.085 0.074 0.071 0.080 0.073 0.073 0.074 0.077 0.079 0.076 0.084 0.009 0.074 
185 COPE-0185    (0)   :  0.076 0.074 0.075 0.083 0.076 0.074 0.079 0.080 0.077 0.077 0.075 0.072 0.006 0.075 
186 COPE-0186    (0)   :  0.090 0.097 0.090 0.071 0.065 0.091 0.067 0.088 0.079 0.080 0.072 0.050 0.005 0.054 
187 COPE-0187    (0)   :  0.074 0.084 0.072 0.069 0.073 0.079 0.078 0.076 0.085 0.084 0.069 0.079 0.009 0.068 
188 COPE-0188    (0)   :  0.029 0.027 0.027 0.027 0.029 0.031 0.030 0.025 0.026 0.026 0.026 0.028 0.641 0.028 
189 COPE-0189    (0)   :  0.081 0.070 0.076 0.078 0.080 0.077 0.078 0.071 0.074 0.075 0.073 0.076 0.007 0.084 
190 COPE-0190    (0)   :  0.068 0.090 0.079 0.074 0.075 0.074 0.078 0.070 0.075 0.073 0.084 0.069 0.012 0.079 
191 COPE-0191    (0)   :  0.079 0.084 0.081 0.074 0.074 0.079 0.072 0.079 0.079 0.077 0.074 0.066 0.010 0.072 
192 COPE-0192   (14)   :  0.011 0.012 0.012 0.010 0.010 0.011 0.010 0.011 0.010 0.010 0.010 0.009 0.865 0.009 
193 COPE-0193    (0)   :  0.077 0.069 0.077 0.078 0.077 0.073 0.075 0.078 0.076 0.075 0.075 0.087 0.006 0.078 
194 COPE-0194    (0)   :  0.077 0.072 0.075 0.073 0.077 0.083 0.080 0.076 0.074 0.078 0.070 0.080 0.008 0.075 
195 COPE-0195    (0)   :  0.077 0.074 0.074 0.078 0.080 0.081 0.084 0.072 0.073 0.072 0.073 0.078 0.006 0.079 
196 COPE-0196    (0)   :  0.073 0.079 0.078 0.079 0.075 0.075 0.079 0.077 0.076 0.074 0.076 0.072 0.010 0.077 
197 COPE-0197    (0)   :  0.073 0.071 0.081 0.077 0.081 0.076 0.081 0.077 0.075 0.072 0.073 0.073 0.007 0.084 
198 COPE-0198    (0)   :  0.076 0.070 0.076 0.084 0.075 0.077 0.075 0.073 0.074 0.078 0.074 0.068 0.011 0.090 
199 COPE-0199    (0)   :  0.077 0.071 0.076 0.077 0.082 0.075 0.076 0.074 0.076 0.073 0.072 0.074 0.012 0.085 
200 COPE-0200   (42)   :  0.075 0.070 0.079 0.079 0.082 0.074 0.077 0.071 0.075 0.075 0.076 0.072 0.009 0.085 
201 COPE-0201    (0)   :  0.078 0.079 0.075 0.074 0.072 0.077 0.076 0.079 0.080 0.084 0.072 0.075 0.008 0.070 
202 COPE-0202    (0)   :  0.068 0.099 0.079 0.072 0.078 0.074 0.074 0.068 0.070 0.072 0.086 0.069 0.012 0.079 
203 COPE-0203    (0)   :  0.076 0.070 0.075 0.081 0.078 0.074 0.077 0.078 0.077 0.078 0.077 0.075 0.006 0.077 
204 COPE-0204    (0)   :  0.081 0.072 0.064 0.076 0.069 0.079 0.070 0.075 0.076 0.076 0.084 0.089 0.026 0.064 
205 COPE-0205    (0)   :  0.074 0.066 0.079 0.080 0.078 0.070 0.075 0.076 0.073 0.072 0.071 0.084 0.019 0.081 
206 COPE-0206    (0)   :  0.079 0.071 0.071 0.077 0.073 0.078 0.076 0.081 0.077 0.075 0.084 0.083 0.005 0.071 
207 COPE-0207    (0)   :  0.083 0.071 0.066 0.079 0.072 0.078 0.072 0.082 0.077 0.078 0.083 0.081 0.011 0.068 
208 COPE-0208    (0)   :  0.027 0.028 0.029 0.030 0.028 0.028 0.034 0.028 0.028 0.027 0.029 0.028 0.626 0.029 
209 COPE-0209    (0)   :  0.077 0.070 0.080 0.078 0.077 0.080 0.081 0.078 0.076 0.074 0.073 0.071 0.006 0.081 
210 COPE-0210    (0)   :  0.078 0.067 0.079 0.076 0.084 0.077 0.073 0.077 0.074 0.073 0.075 0.078 0.008 0.079 
211 COPE-0211    (0)   :  0.083 0.071 0.072 0.076 0.079 0.089 0.085 0.070 0.071 0.072 0.071 0.078 0.005 0.079 
212 COPE-0212    (0)   :  0.080 0.069 0.068 0.079 0.076 0.074 0.073 0.080 0.076 0.079 0.080 0.080 0.011 0.074 
213 COPE-0213    (0)   :  0.078 0.074 0.074 0.079 0.074 0.079 0.081 0.076 0.075 0.072 0.075 0.078 0.008 0.076 
214 COPE-0214    (0)   :  0.074 0.071 0.082 0.079 0.080 0.078 0.074 0.071 0.071 0.072 0.076 0.064 0.008 0.099 
215 COPE-0215    (0)   :  0.070 0.070 0.074 0.074 0.078 0.075 0.073 0.071 0.067 0.067 0.070 0.068 0.058 0.084 
216 COPE-0216   (14)   :  0.050 0.049 0.055 0.052 0.053 0.051 0.051 0.052 0.051 0.050 0.051 0.053 0.331 0.052 
217 COPE-0217    (0)   :  0.080 0.070 0.066 0.075 0.071 0.075 0.070 0.077 0.075 0.075 0.086 0.083 0.026 0.070 
218 COPE-0218    (0)   :  0.077 0.069 0.080 0.080 0.078 0.075 0.078 0.075 0.076 0.075 0.073 0.073 0.008 0.083 
219 COPE-0219   (14)   :  0.074 0.070 0.079 0.079 0.081 0.077 0.077 0.074 0.074 0.074 0.073 0.071 0.008 0.089 
220 COPE-0220    (0)   :  0.086 0.069 0.064 0.076 0.070 0.081 0.069 0.079 0.074 0.075 0.090 0.089 0.013 0.066 
221 COPE-0221    (0)   :  0.073 0.078 0.068 0.084 0.072 0.072 0.071 0.081 0.081 0.083 0.074 0.070 0.016 0.076 
222 COPE-0222    (0)   :  0.076 0.066 0.081 0.078 0.080 0.068 0.074 0.078 0.078 0.081 0.074 0.083 0.006 0.078 
223 COPE-0223    (0)   :  0.072 0.071 0.079 0.078 0.085 0.076 0.078 0.076 0.076 0.071 0.072 0.075 0.007 0.083 
224 COPE-0224    (0)   :  0.064 0.106 0.080 0.065 0.078 0.074 0.073 0.063 0.068 0.072 0.093 0.069 0.019 0.077 
225 COPE-0225    (0)   :  0.075 0.072 0.081 0.079 0.079 0.079 0.073 0.071 0.070 0.072 0.075 0.064 0.013 0.099 
226 COPE-0226    (0)   :  0.076 0.075 0.074 0.077 0.075 0.075 0.075 0.078 0.077 0.079 0.080 0.078 0.006 0.075 
227 COPE-0227    (0)   :  0.077 0.075 0.080 0.077 0.077 0.081 0.075 0.077 0.074 0.074 0.076 0.070 0.005 0.082 
228 COPE-0228    (0)   :  0.079 0.068 0.070 0.076 0.074 0.074 0.075 0.076 0.076 0.074 0.085 0.084 0.016 0.073 
229 COPE-0229    (0)   :  0.078 0.070 0.077 0.080 0.079 0.075 0.076 0.075 0.074 0.075 0.075 0.078 0.006 0.082 
230 COPE-0230    (0)   :  0.077 0.081 0.067 0.076 0.071 0.073 0.072 0.078 0.082 0.081 0.082 0.083 0.010 0.069 
231 COPE-0231    (0)   :  0.076 0.070 0.075 0.076 0.081 0.074 0.079 0.077 0.078 0.074 0.074 0.080 0.006 0.081 
232 COPE-0232    (0)   :  0.071 0.089 0.076 0.074 0.076 0.075 0.077 0.071 0.074 0.072 0.081 0.071 0.015 0.078 
233 COPE-0233    (0)   :  0.073 0.076 0.076 0.081 0.077 0.074 0.081 0.077 0.074 0.070 0.075 0.083 0.005 0.079 
234 COPE-0234    (0)   :  0.073 0.080 0.081 0.075 0.077 0.076 0.084 0.072 0.072 0.068 0.080 0.073 0.008 0.079 
235 COPE-0235    (0)   :  0.076 0.073 0.083 0.076 0.080 0.078 0.074 0.079 0.075 0.070 0.075 0.076 0.006 0.079 
236 COPE-0236    (0)   :  0.082 0.081 0.063 0.078 0.066 0.077 0.069 0.079 0.080 0.082 0.086 0.090 0.005 0.063 
237 COPE-0237    (0)   :  0.075 0.076 0.079 0.082 0.077 0.079 0.078 0.077 0.072 0.073 0.073 0.072 0.006 0.081 
238 COPE-0238    (0)   :  0.075 0.070 0.075 0.077 0.084 0.074 0.077 0.074 0.076 0.076 0.070 0.076 0.009 0.087 
239 COPE-0239    (0)   :  0.069 0.081 0.078 0.069 0.077 0.072 0.074 0.071 0.073 0.074 0.075 0.074 0.037 0.075 
240 COPE-0240    (0)   :  0.075 0.069 0.080 0.077 0.084 0.071 0.071 0.080 0.074 0.074 0.076 0.085 0.008 0.075 
241 COPE-0241    (0)   :  0.077 0.070 0.075 0.081 0.083 0.073 0.078 0.070 0.072 0.072 0.075 0.075 0.006 0.092 
242 COPE-0242    (0)   :  0.081 0.076 0.073 0.075 0.074 0.080 0.072 0.081 0.078 0.079 0.078 0.078 0.006 0.070 
243 COPE-0243    (0)   :  0.075 0.080 0.079 0.069 0.076 0.081 0.080 0.078 0.079 0.080 0.067 0.079 0.007 0.070 
244 COPE-0244    (0)   :  0.073 0.077 0.077 0.075 0.077 0.078 0.083 0.075 0.077 0.074 0.071 0.075 0.009 0.080 
245 COPE-0245    (0)   :  0.076 0.080 0.074 0.074 0.076 0.080 0.081 0.074 0.080 0.078 0.065 0.081 0.010 0.071 
246 COPE-0246    (0)   :  0.073 0.082 0.079 0.075 0.074 0.076 0.075 0.077 0.078 0.074 0.078 0.072 0.012 0.074 
247 COPE-0247    (0)   :  0.076 0.067 0.078 0.085 0.077 0.072 0.079 0.077 0.075 0.079 0.073 0.069 0.014 0.078 
248 COPE-0248    (0)   :  0.073 0.077 0.072 0.078 0.074 0.076 0.085 0.075 0.081 0.076 0.070 0.084 0.005 0.074 
249 COPE-0249    (0)   :  0.068 0.083 0.079 0.072 0.078 0.073 0.079 0.067 0.071 0.071 0.082 0.069 0.025 0.083 
250 COPE-0250    (0)   :  0.074 0.083 0.074 0.074 0.077 0.074 0.074 0.075 0.072 0.071 0.082 0.077 0.017 0.076 
251 COPE-0251   (14)   :  0.028 0.028 0.028 0.032 0.028 0.028 0.030 0.030 0.029 0.029 0.029 0.027 0.626 0.029 
252 COPE-0252    (0)   :  0.067 0.095 0.079 0.072 0.076 0.074 0.075 0.069 0.074 0.072 0.086 0.072 0.010 0.078 
253 COPE-0253    (0)   :  0.077 0.077 0.069 0.076 0.072 0.071 0.072 0.082 0.085 0.088 0.075 0.074 0.007 0.074 
254 COPE-0254    (0)   :  0.066 0.082 0.073 0.067 0.074 0.074 0.080 0.074 0.085 0.087 0.067 0.084 0.015 0.071 
255 COPE-0255    (0)   :  0.072 0.078 0.071 0.077 0.076 0.075 0.075 0.077 0.078 0.079 0.070 0.073 0.020 0.079 
256 COPE-0256    (0)   :  0.077 0.064 0.078 0.077 0.083 0.070 0.069 0.081 0.073 0.076 0.079 0.089 0.010 0.075 
257 COPE-0257    (0)   :  0.092 0.102 0.091 0.073 0.063 0.091 0.065 0.089 0.079 0.079 0.072 0.045 0.007 0.053 
258 COPE-0258    (0)   :  0.080 0.077 0.081 0.075 0.073 0.082 0.080 0.076 0.078 0.075 0.071 0.068 0.013 0.071 
259 COPE-0259    (0)   :  0.079 0.071 0.074 0.079 0.077 0.079 0.078 0.077 0.076 0.074 0.075 0.079 0.005 0.076 
260 COPE-0260    (0)   :  0.075 0.071 0.078 0.075 0.079 0.076 0.077 0.074 0.075 0.072 0.071 0.074 0.022 0.081 
261 COPE-0261    (0)   :  0.072 0.079 0.071 0.070 0.074 0.078 0.076 0.077 0.085 0.085 0.072 0.087 0.006 0.069 
262 COPE-0262    (0)   :  0.072 0.065 0.081 0.073 0.080 0.070 0.076 0.076 0.076 0.079 0.072 0.086 0.016 0.079 
263 COPE-0263    (0)   :  0.078 0.078 0.079 0.079 0.076 0.078 0.079 0.079 0.074 0.074 0.074 0.071 0.007 0.074 
264 COPE-0264    (0)   :  0.086 0.089 0.083 0.074 0.066 0.084 0.071 0.083 0.079 0.075 0.073 0.058 0.016 0.062 
265 COPE-0265    (0)   :  0.073 0.071 0.073 0.077 0.077 0.072 0.079 0.074 0.081 0.079 0.073 0.081 0.010 0.079 
266 COPE-0266    (0)   :  0.077 0.070 0.070 0.076 0.073 0.077 0.077 0.077 0.076 0.075 0.080 0.083 0.017 0.071 
267 COPE-0267    (0)   :  0.074 0.079 0.073 0.081 0.079 0.073 0.079 0.075 0.072 0.071 0.076 0.084 0.006 0.078 
268 COPE-0268    (0)   :  0.075 0.077 0.073 0.084 0.075 0.074 0.080 0.077 0.071 0.070 0.072 0.083 0.013 0.075 
269 COPE-0269    (0)   :  0.077 0.080 0.084 0.076 0.076 0.078 0.074 0.077 0.076 0.076 0.075 0.071 0.006 0.074 
270 COPE-0270    (0)   :  0.084 0.070 0.072 0.075 0.081 0.088 0.081 0.070 0.071 0.074 0.071 0.078 0.006 0.078 
271 COPE-0271    (0)   :  0.074 0.073 0.082 0.077 0.083 0.077 0.073 0.080 0.077 0.074 0.073 0.074 0.007 0.077 
272 COPE-0272    (0)   :  0.075 0.080 0.071 0.075 0.073 0.074 0.075 0.078 0.084 0.081 0.078 0.075 0.007 0.074 
273 COPE-0273    (0)   :  0.078 0.071 0.065 0.079 0.075 0.073 0.073 0.079 0.078 0.080 0.079 0.081 0.015 0.075 
274 COPE-0274   (14)   :  0.027 0.024 0.024 0.025 0.025 0.028 0.027 0.023 0.024 0.024 0.023 0.025 0.677 0.025 
275 COPE-0275    (0)   :  0.078 0.074 0.076 0.078 0.076 0.080 0.079 0.075 0.074 0.071 0.076 0.072 0.009 0.081 
276 COPE-0276   (14)   :  0.007 0.007 0.007 0.007 0.007 0.007 0.007 0.007 0.007 0.007 0.007 0.007 0.914 0.007 
277 COPE-0277   (14)   :  0.077 0.072 0.076 0.076 0.079 0.073 0.067 0.080 0.074 0.077 0.081 0.085 0.013 0.071 
278 COPE-0278    (0)   :  0.093 0.068 0.056 0.076 0.064 0.081 0.065 0.081 0.074 0.076 0.102 0.099 0.007 0.058 
279 COPE-0279    (0)   :  0.080 0.073 0.073 0.078 0.074 0.078 0.078 0.078 0.076 0.072 0.079 0.081 0.009 0.072 
280 COPE-0280    (0)   :  0.012 0.012 0.012 0.012 0.012 0.012 0.012 0.012 0.012 0.012 0.012 0.012 0.844 0.012 
281 COPE-0281    (0)   :  0.029 0.031 0.032 0.031 0.031 0.030 0.036 0.029 0.030 0.029 0.032 0.030 0.598 0.034 
282 COPE-0282   (14)   :  0.065 0.112 0.081 0.064 0.079 0.075 0.074 0.062 0.066 0.071 0.096 0.069 0.006 0.080 
283 COPE-0283    (0)   :  0.086 0.068 0.066 0.076 0.071 0.079 0.071 0.078 0.076 0.076 0.091 0.088 0.007 0.066 
284 COPE-0284   (14)   :  0.071 0.067 0.077 0.078 0.079 0.073 0.083 0.072 0.075 0.070 0.073 0.073 0.030 0.081 
285 COPE-0285    (0)   :  0.028 0.026 0.028 0.027 0.028 0.027 0.027 0.026 0.028 0.029 0.027 0.027 0.644 0.028 
286 COPE-0286    (0)   :  0.075 0.070 0.075 0.079 0.077 0.080 0.096 0.067 0.071 0.069 0.073 0.077 0.008 0.085 
287 COPE-0287    (0)   :  0.074 0.078 0.074 0.081 0.076 0.074 0.079 0.075 0.067 0.067 0.073 0.082 0.025 0.075 
288 COPE-0288    (0)   :  0.074 0.078 0.070 0.083 0.073 0.072 0.074 0.080 0.080 0.083 0.075 0.072 0.010 0.076 
289 COPE-0289    (0)   :  0.077 0.070 0.079 0.076 0.080 0.071 0.072 0.074 0.079 0.083 0.073 0.080 0.007 0.079 
290 COPE-0290    (0)   :  0.082 0.071 0.072 0.076 0.079 0.083 0.082 0.071 0.072 0.073 0.071 0.078 0.007 0.083 
291 COPE-0291    (0)   :  0.081 0.078 0.082 0.076 0.073 0.083 0.076 0.080 0.076 0.075 0.074 0.067 0.005 0.073 
292 COPE-0292   (42)   :  0.015 0.014 0.015 0.015 0.015 0.015 0.015 0.015 0.015 0.015 0.015 0.015 0.808 0.015 
293 COPE-0293    (0)   :  0.073 0.078 0.069 0.073 0.072 0.072 0.075 0.079 0.085 0.086 0.077 0.080 0.008 0.074 
294 COPE-0294    (0)   :  0.075 0.073 0.079 0.076 0.076 0.077 0.082 0.076 0.076 0.070 0.077 0.074 0.011 0.079 
295 COPE-0295    (0)   :  0.073 0.080 0.075 0.071 0.081 0.070 0.072 0.072 0.077 0.080 0.077 0.086 0.007 0.078 
296 COPE-0296   (14)   :  0.078 0.070 0.072 0.081 0.077 0.075 0.079 0.078 0.077 0.079 0.075 0.075 0.007 0.077 
297 COPE-0297   (14)   :  0.073 0.070 0.076 0.075 0.077 0.074 0.080 0.071 0.071 0.069 0.073 0.068 0.034 0.090 
298 COPE-0298    (0)   :  0.073 0.082 0.071 0.073 0.072 0.072 0.076 0.077 0.084 0.083 0.082 0.075 0.009 0.072 
299 COPE-0299    (0)   :  0.072 0.078 0.071 0.069 0.076 0.079 0.079 0.080 0.079 0.086 0.067 0.083 0.006 0.073 
300 COPE-0300   (14)   :  0.075 0.074 0.078 0.079 0.082 0.073 0.075 0.079 0.072 0.071 0.076 0.083 0.007 0.077 
301 COPE-0301   (14)   :  0.075 0.080 0.066 0.075 0.069 0.069 0.068 0.084 0.090 0.093 0.078 0.074 0.009 0.070 
302 COPE-0302    (0)   :  0.066 0.060 0.072 0.067 0.071 0.061 0.061 0.063 0.069 0.075 0.064 0.070 0.130 0.070 
303 COPE-0303    (0)   :  0.086 0.074 0.065 0.081 0.069 0.080 0.070 0.077 0.073 0.074 0.090 0.091 0.006 0.064 
304 COPE-0304    (0)   :  0.075 0.076 0.074 0.079 0.076 0.074 0.080 0.076 0.077 0.074 0.071 0.083 0.007 0.078 
305 COPE-0305   (14)   :  0.073 0.080 0.080 0.074 0.073 0.076 0.075 0.073 0.073 0.072 0.078 0.068 0.032 0.074 
306 COPE-0306    (0)   :  0.088 0.072 0.063 0.077 0.066 0.081 0.066 0.084 0.076 0.075 0.092 0.091 0.010 0.061 
307 COPE-0307   (28)   :  0.008 0.008 0.008 0.008 0.008 0.008 0.008 0.008 0.008 0.008 0.008 0.008 0.895 0.008 
308 COPE-0308    (0)   :  0.068 0.102 0.078 0.067 0.079 0.075 0.073 0.068 0.071 0.074 0.088 0.074 0.006 0.079 
309 COPE-0309   (14)   :  0.033 0.033 0.035 0.034 0.034 0.033 0.037 0.033 0.034 0.033 0.033 0.033 0.559 0.035 
310 COPE-0310   (28)   :  0.044 0.047 0.043 0.035 0.031 0.043 0.031 0.042 0.037 0.038 0.035 0.023 0.526 0.026 
311 COPE-0311    (0)   :  0.076 0.078 0.080 0.077 0.071 0.079 0.081 0.075 0.077 0.073 0.074 0.068 0.018 0.074 
312 COPE-0312   (28)   :  0.013 0.012 0.012 0.013 0.012 0.013 0.012 0.013 0.013 0.013 0.014 0.014 0.833 0.012 
313 COPE-0313    (0)   :  0.082 0.082 0.077 0.074 0.070 0.084 0.071 0.084 0.075 0.077 0.074 0.074 0.009 0.067 
314 COPE-0314    (0)   :  0.075 0.078 0.074 0.082 0.074 0.075 0.082 0.077 0.077 0.074 0.068 0.083 0.007 0.074 
315 COPE-0315    (0)   :  0.078 0.080 0.079 0.076 0.077 0.079 0.072 0.079 0.075 0.074 0.074 0.074 0.008 0.076 
316 COPE-0316    (0)   :  0.074 0.069 0.073 0.075 0.077 0.079 0.080 0.074 0.077 0.073 0.075 0.079 0.019 0.076 
317 COPE-0317   (14)   :  0.009 0.009 0.009 0.009 0.009 0.009 0.009 0.009 0.009 0.009 0.009 0.009 0.887 0.008 
318 COPE-0318    (0)   :  0.078 0.077 0.078 0.076 0.077 0.079 0.078 0.078 0.075 0.075 0.074 0.076 0.005 0.076 
319 COPE-0319    (0)   :  0.073 0.086 0.080 0.073 0.081 0.078 0.079 0.070 0.068 0.070 0.080 0.075 0.006 0.081 
320 COPE-0320   (14)   :  0.074 0.075 0.074 0.078 0.073 0.071 0.078 0.079 0.080 0.078 0.076 0.074 0.015 0.075 
321 COPE-0321   (14)   :  0.081 0.079 0.078 0.076 0.071 0.083 0.076 0.081 0.077 0.077 0.071 0.067 0.011 0.071 
322 COPE-0322   (14)   :  0.077 0.072 0.081 0.077 0.079 0.079 0.077 0.079 0.075 0.071 0.074 0.075 0.006 0.078 
323 COPE-0323    (0)   :  0.093 0.103 0.091 0.071 0.062 0.093 0.063 0.090 0.078 0.081 0.071 0.043 0.008 0.051 
