

----------------------------------------------------
STRUCTURE by Pritchard, Stephens and Donnelly (2000)
     and Falush, Stephens and Pritchard (2003)
       Code by Pritchard, Falush and Hubisz
             Version 2.3.4 (Jul 2012)
----------------------------------------------------



Command line arguments:   /home/jason/Programs/structure -K 5 -i ../Data/microsats.structure -m Structure_Run/mainparams -e Structure_Run/extraparams -D 72831101 -o ../Structure_Results/09_K_05.out 
Input File:    ../Data/microsats.structure

Run parameters:
   384 individuals
   7 loci
   5 populations assumed
   1000000 Burn-in period
   10000000 Reps
RANDOMIZE turned off


--------------------------------------------
Overall proportion of membership of the
sample in each of the 5 clusters

Inferred Clusters
  1      2      3      4      5    
0.218  0.217  0.218  0.129  0.218  

--------------------------------------------

Allele-freq. divergence among pops (Net nucleotide distance),
computed using point estimates of P.

      1       2       3       4       5      
 1      -    0.0001  0.0000  0.1420  0.0000  
 2   0.0001     -    0.0002  0.1435  0.0001  
 3   0.0000  0.0002     -    0.1417  0.0000  
 4   0.1420  0.1435  0.1417     -    0.1421  
 5   0.0000  0.0001  0.0000  0.1421     -    

Average distances (expected heterozygosity) between individuals in same cluster:
cluster  1  : 0.6242 
cluster  2  : 0.6206 
cluster  3  : 0.6253 
cluster  4  : 0.6685 
cluster  5  : 0.6239 

--------------------------------------------
Estimated Ln Prob of Data   = -8819.1
Mean value of ln likelihood = -8220.1
Variance of ln likelihood   = 1198.1
Mean value of alpha         = 0.0429

Mean value of Fst_1         = 0.0391
Mean value of Fst_2         = 0.0422
Mean value of Fst_3         = 0.0379
Mean value of Fst_4         = 0.1346
Mean value of Fst_5         = 0.0386


Inferred ancestry of individuals:
        Label (%Miss) :  Inferred clusters
  1 COPE-0001    (0)   :  0.007 0.007 0.007 0.970 0.007 
  2 COPE-0002    (0)   :  0.259 0.211 0.273 0.011 0.247 
  3 COPE-0003    (0)   :  0.247 0.215 0.268 0.006 0.264 
  4 COPE-0004    (0)   :  0.260 0.197 0.270 0.017 0.255 
  5 COPE-0005    (0)   :  0.241 0.273 0.231 0.018 0.237 
  6 COPE-0006    (0)   :  0.253 0.225 0.254 0.019 0.249 
  7 COPE-0007    (0)   :  0.245 0.295 0.219 0.007 0.234 
  8 COPE-0008    (0)   :  0.243 0.273 0.233 0.008 0.243 
  9 COPE-0009    (0)   :  0.245 0.220 0.259 0.016 0.259 
 10 COPE-0010    (0)   :  0.251 0.235 0.257 0.007 0.250 
 11 COPE-0011   (14)   :  0.012 0.010 0.012 0.954 0.012 
 12 COPE-0012   (14)   :  0.237 0.261 0.248 0.007 0.247 
 13 COPE-0013    (0)   :  0.249 0.210 0.270 0.006 0.265 
 14 COPE-0014    (0)   :  0.244 0.286 0.224 0.012 0.235 
 15 COPE-0015    (0)   :  0.244 0.288 0.222 0.007 0.239 
 16 COPE-0016    (0)   :  0.244 0.266 0.241 0.010 0.239 
 17 COPE-0017    (0)   :  0.037 0.040 0.036 0.852 0.036 
 18 COPE-0018    (0)   :  0.250 0.220 0.266 0.008 0.256 
 19 COPE-0019    (0)   :  0.246 0.233 0.256 0.006 0.259 
 20 COPE-0020    (0)   :  0.248 0.246 0.249 0.008 0.250 
 21 COPE-0021    (0)   :  0.248 0.284 0.221 0.006 0.240 
 22 COPE-0022    (0)   :  0.252 0.249 0.236 0.007 0.256 
 23 COPE-0023    (0)   :  0.262 0.195 0.285 0.008 0.250 
 24 COPE-0024   (14)   :  0.244 0.284 0.226 0.006 0.240 
 25 COPE-0025    (0)   :  0.227 0.202 0.246 0.089 0.237 
 26 COPE-0026    (0)   :  0.247 0.298 0.219 0.005 0.231 
 27 COPE-0027    (0)   :  0.246 0.229 0.255 0.006 0.265 
 28 COPE-0028    (0)   :  0.241 0.267 0.246 0.006 0.241 
 29 COPE-0029    (0)   :  0.239 0.301 0.220 0.005 0.235 
 30 COPE-0030   (14)   :  0.040 0.036 0.040 0.846 0.038 
 31 COPE-0031    (0)   :  0.240 0.295 0.223 0.010 0.232 
 32 COPE-0032    (0)   :  0.256 0.213 0.274 0.009 0.248 
 33 COPE-0033    (0)   :  0.252 0.214 0.272 0.010 0.251 
 34 COPE-0034    (0)   :  0.242 0.297 0.221 0.010 0.230 
 35 COPE-0035   (14)   :  0.250 0.228 0.263 0.008 0.251 
 36 COPE-0036   (14)   :  0.254 0.234 0.259 0.006 0.248 
 37 COPE-0037    (0)   :  0.245 0.252 0.240 0.022 0.242 
 38 COPE-0038    (0)   :  0.248 0.288 0.218 0.006 0.239 
 39 COPE-0039    (0)   :  0.216 0.184 0.217 0.160 0.223 
 40 COPE-0040   (14)   :  0.229 0.202 0.232 0.103 0.234 
 41 COPE-0041    (0)   :  0.244 0.216 0.261 0.032 0.247 
 42 COPE-0042    (0)   :  0.246 0.230 0.256 0.010 0.258 
 43 COPE-0043    (0)   :  0.258 0.219 0.267 0.005 0.250 
 44 COPE-0044    (0)   :  0.258 0.203 0.264 0.019 0.257 
 45 COPE-0045    (0)   :  0.246 0.210 0.260 0.032 0.251 
 46 COPE-0046    (0)   :  0.028 0.027 0.029 0.887 0.028 
 47 COPE-0047    (0)   :  0.007 0.007 0.007 0.972 0.007 
 48 COPE-0048    (0)   :  0.245 0.231 0.261 0.007 0.256 
 49 COPE-0049    (0)   :  0.256 0.214 0.267 0.015 0.249 
 50 COPE-0050    (0)   :  0.255 0.211 0.260 0.007 0.266 
 51 COPE-0051    (0)   :  0.219 0.214 0.224 0.131 0.212 
 52 COPE-0052    (0)   :  0.244 0.305 0.212 0.010 0.229 
 53 COPE-0053    (0)   :  0.237 0.289 0.224 0.013 0.237 
 54 COPE-0054    (0)   :  0.238 0.272 0.236 0.005 0.250 
 55 COPE-0055    (0)   :  0.245 0.268 0.231 0.005 0.251 
 56 COPE-0056    (0)   :  0.252 0.218 0.257 0.017 0.257 
 57 COPE-0057    (0)   :  0.244 0.223 0.265 0.010 0.257 
 58 COPE-0058    (0)   :  0.255 0.217 0.271 0.009 0.248 
 59 COPE-0059    (0)   :  0.243 0.215 0.251 0.029 0.262 
 60 COPE-0060    (0)   :  0.250 0.232 0.269 0.007 0.242 
 61 COPE-0061    (0)   :  0.239 0.251 0.242 0.016 0.252 
 62 COPE-0062    (0)   :  0.247 0.291 0.213 0.011 0.239 
 63 COPE-0063    (0)   :  0.235 0.264 0.234 0.025 0.243 
 64 COPE-0064    (0)   :  0.250 0.259 0.236 0.010 0.246 
 65 COPE-0065    (0)   :  0.005 0.005 0.005 0.978 0.005 
 66 COPE-0066    (0)   :  0.244 0.227 0.264 0.014 0.251 
 67 COPE-0067   (14)   :  0.023 0.022 0.023 0.909 0.023 
 68 COPE-0068    (0)   :  0.249 0.210 0.263 0.010 0.267 
 69 COPE-0069   (14)   :  0.244 0.269 0.222 0.014 0.251 
 70 COPE-0070    (0)   :  0.244 0.238 0.259 0.013 0.245 
 71 COPE-0071    (0)   :  0.247 0.249 0.251 0.004 0.249 
 72 COPE-0072    (0)   :  0.256 0.219 0.267 0.007 0.252 
 73 COPE-0073   (14)   :  0.041 0.048 0.040 0.828 0.042 
 74 COPE-0074    (0)   :  0.248 0.228 0.264 0.008 0.252 
 75 COPE-0075    (0)   :  0.245 0.239 0.256 0.022 0.238 
 76 COPE-0076    (0)   :  0.241 0.250 0.247 0.006 0.256 
 77 COPE-0077   (14)   :  0.252 0.231 0.247 0.008 0.261 
 78 COPE-0078   (14)   :  0.245 0.277 0.230 0.008 0.240 
 79 COPE-0079    (0)   :  0.264 0.193 0.280 0.012 0.251 
 80 COPE-0080   (42)   :  0.021 0.020 0.022 0.915 0.022 
 81 COPE-0081   (14)   :  0.113 0.119 0.113 0.539 0.115 
 82 COPE-0082   (14)   :  0.233 0.245 0.246 0.040 0.235 
 83 COPE-0083   (14)   :  0.247 0.311 0.202 0.008 0.233 
 84 COPE-0084    (0)   :  0.167 0.174 0.163 0.333 0.162 
 85 COPE-0085    (0)   :  0.248 0.215 0.271 0.010 0.256 
 86 COPE-0086    (0)   :  0.255 0.217 0.258 0.023 0.247 
 87 COPE-0087   (14)   :  0.250 0.231 0.268 0.007 0.243 
 88 COPE-0088   (14)   :  0.242 0.244 0.253 0.025 0.235 
 89 COPE-0089   (14)   :  0.007 0.007 0.007 0.972 0.007 
 90 COPE-0090    (0)   :  0.241 0.272 0.233 0.007 0.246 
 91 COPE-0091   (14)   :  0.248 0.253 0.254 0.006 0.240 
 92 COPE-0092   (28)   :  0.027 0.023 0.028 0.895 0.027 
 93 COPE-0093    (0)   :  0.236 0.265 0.242 0.007 0.250 
 94 COPE-0094    (0)   :  0.256 0.184 0.269 0.050 0.241 
 95 COPE-0095    (0)   :  0.240 0.295 0.227 0.005 0.233 
 96 COPE-0096    (0)   :  0.247 0.292 0.223 0.008 0.230 
 97 COPE-0097    (0)   :  0.243 0.281 0.230 0.008 0.238 
 98 COPE-0098    (0)   :  0.243 0.297 0.222 0.008 0.231 
 99 COPE-0099    (0)   :  0.250 0.205 0.265 0.020 0.260 
100 COPE-0100    (0)   :  0.244 0.245 0.252 0.007 0.253 
101 COPE-0101    (0)   :  0.236 0.231 0.247 0.045 0.242 
102 COPE-0102    (0)   :  0.249 0.224 0.266 0.006 0.255 
103 COPE-0103    (0)   :  0.245 0.239 0.254 0.017 0.244 
104 COPE-0104   (14)   :  0.244 0.248 0.249 0.008 0.252 
105 COPE-0105    (0)   :  0.233 0.254 0.244 0.036 0.232 
106 COPE-0106    (0)   :  0.243 0.280 0.223 0.005 0.248 
107 COPE-0107    (0)   :  0.015 0.015 0.014 0.941 0.015 
108 COPE-0108    (0)   :  0.244 0.280 0.231 0.006 0.238 
109 COPE-0109    (0)   :  0.260 0.205 0.264 0.014 0.257 
110 COPE-0110   (14)   :  0.244 0.259 0.236 0.015 0.247 
111 COPE-0111    (0)   :  0.247 0.264 0.235 0.010 0.244 
112 COPE-0112   (14)   :  0.243 0.232 0.256 0.011 0.258 
113 COPE-0113    (0)   :  0.244 0.219 0.257 0.025 0.255 
114 COPE-0114    (0)   :  0.239 0.258 0.237 0.011 0.255 
115 COPE-0115    (0)   :  0.021 0.024 0.020 0.914 0.021 
116 COPE-0116   (28)   :  0.009 0.009 0.009 0.964 0.009 
117 COPE-0117    (0)   :  0.237 0.284 0.233 0.014 0.233 
118 COPE-0118    (0)   :  0.244 0.281 0.214 0.011 0.251 
119 COPE-0119    (0)   :  0.247 0.278 0.224 0.011 0.240 
120 COPE-0120    (0)   :  0.257 0.212 0.261 0.011 0.258 
121 COPE-0121    (0)   :  0.236 0.259 0.215 0.061 0.228 
122 COPE-0122    (0)   :  0.258 0.202 0.282 0.007 0.251 
123 COPE-0123    (0)   :  0.260 0.199 0.275 0.014 0.253 
124 COPE-0124    (0)   :  0.261 0.199 0.276 0.013 0.251 
125 COPE-0125    (0)   :  0.239 0.256 0.248 0.007 0.250 
126 COPE-0126    (0)   :  0.233 0.302 0.220 0.015 0.229 
127 COPE-0127   (14)   :  0.239 0.262 0.250 0.007 0.242 
128 COPE-0128    (0)   :  0.255 0.223 0.254 0.021 0.247 
129 COPE-0129    (0)   :  0.256 0.204 0.279 0.007 0.254 
130 COPE-0130    (0)   :  0.248 0.223 0.254 0.012 0.263 
131 COPE-0131   (14)   :  0.246 0.273 0.226 0.011 0.243 
132 COPE-0132   (14)   :  0.241 0.293 0.202 0.032 0.231 
133 COPE-0133    (0)   :  0.249 0.253 0.247 0.013 0.239 
134 COPE-0134    (0)   :  0.251 0.216 0.275 0.007 0.251 
135 COPE-0135    (0)   :  0.251 0.235 0.257 0.009 0.249 
136 COPE-0136    (0)   :  0.011 0.011 0.012 0.955 0.011 
137 COPE-0137    (0)   :  0.248 0.211 0.272 0.012 0.258 
138 COPE-0138   (14)   :  0.007 0.007 0.007 0.971 0.007 
139 COPE-0139    (0)   :  0.248 0.216 0.266 0.008 0.261 
140 COPE-0140   (14)   :  0.020 0.019 0.021 0.920 0.020 
141 COPE-0141    (0)   :  0.237 0.248 0.254 0.009 0.253 
142 COPE-0142    (0)   :  0.237 0.255 0.249 0.008 0.251 
143 COPE-0143    (0)   :  0.246 0.252 0.246 0.008 0.248 
144 COPE-0144   (14)   :  0.127 0.100 0.130 0.520 0.123 
145 COPE-0145   (14)   :  0.148 0.120 0.164 0.420 0.147 
146 COPE-0146   (14)   :  0.234 0.266 0.236 0.029 0.235 
147 COPE-0147    (0)   :  0.248 0.197 0.243 0.071 0.241 
148 COPE-0148    (0)   :  0.239 0.279 0.234 0.011 0.237 
149 COPE-0149    (0)   :  0.245 0.226 0.266 0.007 0.256 
150 COPE-0150    (0)   :  0.244 0.223 0.267 0.012 0.254 
151 COPE-0151    (0)   :  0.243 0.243 0.251 0.007 0.256 
152 COPE-0152   (14)   :  0.217 0.228 0.216 0.119 0.219 
153 COPE-0153    (0)   :  0.253 0.256 0.238 0.006 0.247 
154 COPE-0154    (0)   :  0.239 0.243 0.251 0.006 0.260 
155 COPE-0155    (0)   :  0.255 0.221 0.259 0.006 0.259 
156 COPE-0156   (14)   :  0.008 0.008 0.008 0.968 0.008 
157 COPE-0157   (14)   :  0.154 0.161 0.158 0.371 0.156 
158 COPE-0158    (0)   :  0.243 0.260 0.242 0.009 0.245 
159 COPE-0159    (0)   :  0.248 0.285 0.223 0.007 0.238 
160 COPE-0160    (0)   :  0.256 0.224 0.267 0.006 0.247 
161 COPE-0161    (0)   :  0.255 0.212 0.265 0.011 0.257 
162 COPE-0162   (14)   :  0.007 0.006 0.006 0.974 0.006 
163 COPE-0163   (28)   :  0.012 0.012 0.012 0.951 0.012 
164 COPE-0164    (0)   :  0.235 0.226 0.253 0.039 0.246 
165 COPE-0165    (0)   :  0.252 0.220 0.264 0.008 0.256 
166 COPE-0166   (14)   :  0.257 0.206 0.280 0.008 0.249 
167 COPE-0167    (0)   :  0.245 0.229 0.264 0.007 0.254 
168 COPE-0168    (0)   :  0.247 0.286 0.225 0.006 0.236 
169 COPE-0169    (0)   :  0.248 0.215 0.261 0.015 0.261 
170 COPE-0170    (0)   :  0.243 0.256 0.221 0.043 0.236 
171 COPE-0171    (0)   :  0.249 0.283 0.221 0.009 0.238 
172 COPE-0172    (0)   :  0.245 0.263 0.242 0.006 0.244 
173 COPE-0173   (14)   :  0.239 0.195 0.248 0.067 0.250 
174 COPE-0174   (28)   :  0.249 0.223 0.252 0.024 0.252 
175 COPE-0175    (0)   :  0.244 0.242 0.243 0.038 0.234 
176 COPE-0176    (0)   :  0.239 0.264 0.241 0.010 0.247 
177 COPE-0177    (0)   :  0.245 0.221 0.265 0.007 0.262 
178 COPE-0178    (0)   :  0.240 0.264 0.242 0.008 0.246 
179 COPE-0179    (0)   :  0.251 0.220 0.263 0.008 0.258 
180 COPE-0180   (14)   :  0.249 0.213 0.270 0.006 0.261 
181 COPE-0181   (14)   :  0.252 0.212 0.263 0.010 0.263 
182 COPE-0182    (0)   :  0.240 0.294 0.227 0.005 0.233 
183 COPE-0183    (0)   :  0.249 0.236 0.255 0.011 0.249 
184 COPE-0184    (0)   :  0.243 0.278 0.233 0.009 0.237 
185 COPE-0185    (0)   :  0.252 0.274 0.222 0.007 0.245 
186 COPE-0186    (0)   :  0.247 0.301 0.210 0.006 0.236 
187 COPE-0187    (0)   :  0.246 0.248 0.254 0.011 0.243 
188 COPE-0188    (0)   :  0.016 0.015 0.017 0.936 0.016 
189 COPE-0189    (0)   :  0.246 0.227 0.259 0.010 0.258 
190 COPE-0190    (0)   :  0.261 0.197 0.274 0.015 0.253 
191 COPE-0191    (0)   :  0.246 0.243 0.246 0.012 0.253 
192 COPE-0192   (14)   :  0.009 0.010 0.009 0.963 0.009 
193 COPE-0193    (0)   :  0.242 0.265 0.239 0.007 0.248 
194 COPE-0194    (0)   :  0.246 0.240 0.258 0.011 0.245 
195 COPE-0195    (0)   :  0.250 0.227 0.267 0.008 0.248 
196 COPE-0196    (0)   :  0.258 0.234 0.248 0.010 0.249 
197 COPE-0197    (0)   :  0.253 0.211 0.266 0.007 0.263 
198 COPE-0198    (0)   :  0.248 0.269 0.223 0.012 0.248 
199 COPE-0199    (0)   :  0.248 0.216 0.261 0.012 0.264 
200 COPE-0200   (42)   :  0.250 0.213 0.261 0.010 0.266 
201 COPE-0201    (0)   :  0.240 0.279 0.230 0.008 0.244 
202 COPE-0202    (0)   :  0.252 0.241 0.242 0.017 0.247 
203 COPE-0203    (0)   :  0.249 0.259 0.241 0.006 0.245 
204 COPE-0204    (0)   :  0.236 0.249 0.238 0.043 0.234 
205 COPE-0205    (0)   :  0.243 0.257 0.236 0.021 0.243 
206 COPE-0206    (0)   :  0.252 0.272 0.226 0.005 0.245 
207 COPE-0207    (0)   :  0.249 0.296 0.208 0.011 0.236 
208 COPE-0208    (0)   :  0.022 0.021 0.022 0.913 0.022 
209 COPE-0209    (0)   :  0.248 0.227 0.260 0.007 0.258 
210 COPE-0210    (0)   :  0.245 0.267 0.237 0.010 0.241 
211 COPE-0211    (0)   :  0.244 0.230 0.262 0.005 0.259 
212 COPE-0212    (0)   :  0.248 0.297 0.210 0.011 0.235 
213 COPE-0213    (0)   :  0.252 0.243 0.251 0.007 0.246 
214 COPE-0214    (0)   :  0.250 0.214 0.258 0.009 0.269 
215 COPE-0215    (0)   :  0.243 0.203 0.263 0.034 0.256 
216 COPE-0216   (14)   :  0.103 0.096 0.103 0.597 0.100 
217 COPE-0217    (0)   :  0.243 0.267 0.220 0.028 0.242 
218 COPE-0218    (0)   :  0.248 0.262 0.233 0.009 0.248 
219 COPE-0219   (14)   :  0.251 0.219 0.254 0.009 0.267 
220 COPE-0220    (0)   :  0.245 0.255 0.238 0.014 0.248 
221 COPE-0221    (0)   :  0.248 0.259 0.223 0.018 0.251 
222 COPE-0222    (0)   :  0.242 0.306 0.217 0.006 0.229 
223 COPE-0223    (0)   :  0.255 0.199 0.282 0.008 0.256 
224 COPE-0224    (0)   :  0.250 0.211 0.268 0.024 0.248 
225 COPE-0225    (0)   :  0.248 0.215 0.256 0.018 0.264 
226 COPE-0226    (0)   :  0.244 0.252 0.248 0.009 0.247 
227 COPE-0227    (0)   :  0.249 0.272 0.228 0.006 0.244 
228 COPE-0228    (0)   :  0.246 0.231 0.244 0.033 0.246 
229 COPE-0229    (0)   :  0.247 0.238 0.249 0.008 0.258 
230 COPE-0230    (0)   :  0.239 0.253 0.251 0.009 0.249 
231 COPE-0231    (0)   :  0.249 0.221 0.263 0.006 0.262 
232 COPE-0232    (0)   :  0.255 0.210 0.271 0.014 0.250 
233 COPE-0233    (0)   :  0.244 0.291 0.226 0.005 0.234 
234 COPE-0234    (0)   :  0.262 0.195 0.281 0.008 0.254 
235 COPE-0235    (0)   :  0.259 0.198 0.286 0.005 0.251 
236 COPE-0236    (0)   :  0.238 0.265 0.243 0.005 0.250 
237 COPE-0237    (0)   :  0.250 0.281 0.221 0.006 0.243 
238 COPE-0238    (0)   :  0.247 0.210 0.267 0.007 0.268 
239 COPE-0239    (0)   :  0.244 0.215 0.266 0.035 0.240 
240 COPE-0240    (0)   :  0.246 0.292 0.224 0.008 0.231 
241 COPE-0241    (0)   :  0.248 0.210 0.271 0.007 0.265 
242 COPE-0242    (0)   :  0.249 0.265 0.234 0.007 0.245 
243 COPE-0243    (0)   :  0.257 0.227 0.263 0.008 0.246 
244 COPE-0244    (0)   :  0.252 0.215 0.272 0.009 0.252 
245 COPE-0245    (0)   :  0.245 0.251 0.249 0.015 0.240 
246 COPE-0246    (0)   :  0.254 0.217 0.263 0.013 0.253 
247 COPE-0247    (0)   :  0.247 0.241 0.234 0.018 0.260 
248 COPE-0248    (0)   :  0.244 0.282 0.233 0.005 0.236 
249 COPE-0249    (0)   :  0.251 0.189 0.270 0.039 0.250 
250 COPE-0250    (0)   :  0.253 0.208 0.269 0.018 0.251 
251 COPE-0251   (14)   :  0.027 0.029 0.024 0.894 0.026 
252 COPE-0252    (0)   :  0.263 0.201 0.277 0.012 0.247 
253 COPE-0253    (0)   :  0.238 0.261 0.240 0.008 0.253 
254 COPE-0254    (0)   :  0.238 0.258 0.254 0.011 0.238 
255 COPE-0255    (0)   :  0.243 0.252 0.232 0.025 0.248 
256 COPE-0256    (0)   :  0.240 0.288 0.226 0.011 0.237 
257 COPE-0257    (0)   :  0.247 0.282 0.223 0.009 0.238 
258 COPE-0258    (0)   :  0.242 0.259 0.230 0.028 0.240 
259 COPE-0259    (0)   :  0.250 0.250 0.243 0.007 0.250 
260 COPE-0260    (0)   :  0.245 0.212 0.259 0.028 0.255 
261 COPE-0261    (0)   :  0.241 0.266 0.247 0.006 0.239 
262 COPE-0262    (0)   :  0.250 0.220 0.257 0.032 0.241 
263 COPE-0263    (0)   :  0.247 0.296 0.217 0.009 0.231 
264 COPE-0264    (0)   :  0.244 0.255 0.232 0.025 0.244 
265 COPE-0265    (0)   :  0.238 0.275 0.235 0.010 0.242 
266 COPE-0266    (0)   :  0.248 0.236 0.252 0.018 0.246 
267 COPE-0267    (0)   :  0.244 0.294 0.223 0.006 0.234 
268 COPE-0268    (0)   :  0.245 0.299 0.214 0.012 0.230 
269 COPE-0269    (0)   :  0.251 0.235 0.263 0.007 0.243 
270 COPE-0270    (0)   :  0.242 0.225 0.266 0.008 0.259 
271 COPE-0271    (0)   :  0.249 0.216 0.277 0.008 0.250 
272 COPE-0272    (0)   :  0.246 0.241 0.251 0.007 0.256 
273 COPE-0273    (0)   :  0.244 0.293 0.213 0.013 0.237 
274 COPE-0274   (14)   :  0.016 0.015 0.015 0.938 0.015 
275 COPE-0275    (0)   :  0.256 0.215 0.262 0.011 0.256 
276 COPE-0276   (14)   :  0.006 0.006 0.006 0.977 0.006 
277 COPE-0277   (14)   :  0.240 0.279 0.225 0.016 0.240 
278 COPE-0278    (0)   :  0.242 0.273 0.229 0.007 0.249 
279 COPE-0279    (0)   :  0.255 0.225 0.263 0.008 0.250 
280 COPE-0280    (0)   :  0.012 0.012 0.013 0.951 0.012 
281 COPE-0281    (0)   :  0.024 0.021 0.025 0.905 0.025 
282 COPE-0282   (14)   :  0.258 0.205 0.276 0.007 0.253 
283 COPE-0283    (0)   :  0.246 0.274 0.226 0.008 0.246 
284 COPE-0284   (14)   :  0.243 0.202 0.269 0.035 0.251 
285 COPE-0285    (0)   :  0.031 0.032 0.030 0.876 0.031 
286 COPE-0286    (0)   :  0.250 0.212 0.272 0.012 0.255 
287 COPE-0287    (0)   :  0.236 0.290 0.206 0.050 0.218 
288 COPE-0288    (0)   :  0.247 0.265 0.230 0.010 0.248 
289 COPE-0289    (0)   :  0.237 0.278 0.233 0.008 0.244 
290 COPE-0290    (0)   :  0.245 0.221 0.264 0.008 0.262 
291 COPE-0291    (0)   :  0.249 0.240 0.253 0.006 0.253 
292 COPE-0292   (42)   :  0.013 0.013 0.014 0.947 0.013 
293 COPE-0293    (0)   :  0.233 0.274 0.242 0.008 0.243 
294 COPE-0294    (0)   :  0.261 0.204 0.271 0.011 0.253 
295 COPE-0295    (0)   :  0.236 0.264 0.246 0.008 0.246 
296 COPE-0296   (14)   :  0.247 0.267 0.234 0.007 0.245 
297 COPE-0297   (14)   :  0.242 0.205 0.258 0.040 0.256 
298 COPE-0298    (0)   :  0.250 0.219 0.270 0.012 0.249 
299 COPE-0299    (0)   :  0.247 0.263 0.248 0.006 0.236 
300 COPE-0300   (14)   :  0.247 0.292 0.223 0.007 0.231 
301 COPE-0301   (14)   :  0.238 0.271 0.235 0.012 0.245 
302 COPE-0302    (0)   :  0.166 0.202 0.145 0.328 0.159 
303 COPE-0303    (0)   :  0.245 0.243 0.259 0.006 0.247 
304 COPE-0304    (0)   :  0.239 0.251 0.255 0.007 0.249 
305 COPE-0305   (14)   :  0.248 0.210 0.254 0.049 0.240 
306 COPE-0306    (0)   :  0.247 0.278 0.220 0.011 0.244 
307 COPE-0307   (28)   :  0.008 0.008 0.008 0.970 0.008 
308 COPE-0308    (0)   :  0.255 0.207 0.274 0.006 0.256 
309 COPE-0309   (14)   :  0.071 0.060 0.068 0.731 0.070 
310 COPE-0310   (28)   :  0.032 0.037 0.029 0.872 0.030 
311 COPE-0311    (0)   :  0.247 0.267 0.226 0.022 0.238 
312 COPE-0312   (28)   :  0.010 0.010 0.010 0.959 0.010 
313 COPE-0313    (0)   :  0.252 0.271 0.226 0.009 0.243 
314 COPE-0314    (0)   :  0.247 0.285 0.227 0.008 0.233 
315 COPE-0315    (0)   :  0.251 0.247 0.244 0.008 0.251 
316 COPE-0316    (0)   :  0.243 0.226 0.260 0.020 0.251 
317 COPE-0317   (14)   :  0.008 0.008 0.008 0.969 0.008 
318 COPE-0318    (0)   :  0.254 0.227 0.263 0.005 0.250 
319 COPE-0319    (0)   :  0.252 0.226 0.271 0.007 0.244 
320 COPE-0320   (14)   :  0.250 0.228 0.253 0.015 0.255 
321 COPE-0321   (14)   :  0.248 0.282 0.220 0.011 0.239 
322 COPE-0322   (14)   :  0.254 0.209 0.278 0.006 0.253 
323 COPE-0323    (0)   :  0.245 0.309 0.198 0.017 0.230 
324 COPE-0324    (0)   :  0.247 0.226 0.254 0.007 0.266 
325 COPE-0325   (14)   :  0.244 0.289 0.221 0.014 0.232 
326 COPE-0326    (0)   :  0.234 0.260 0.250 0.007 0.249 
327 COPE-0327   (14)   :  0.244 0.242 0.242 0.011 0.261 
328 COPE-0328    (0)   :  0.250 0.231 0.262 0.005 0.251 
329 COPE-0329   (28)   :  0.247 0.236 0.247 0.013 0.258 
330 COPE-0330    (0)   :  0.246 0.266 0.229 0.021 0.238 
331 COPE-0331    (0)   :  0.245 0.269 0.234 0.006 0.246 
332 COPE-0332   (14)   :  0.252 0.240 0.257 0.007 0.244 
333 COPE-0333    (0)   :  0.212 0.225 0.210 0.130 0.224 
334 COPE-0334   (28)   :  0.050 0.058 0.046 0.799 0.048 
335 COPE-0335    (0)   :  0.251 0.215 0.259 0.007 0.268 
336 COPE-0336    (0)   :  0.251 0.232 0.247 0.006 0.264 
337 COPE-0337   (28)   :  0.018 0.017 0.019 0.926 0.019 
338 COPE-0338    (0)   :  0.245 0.293 0.208 0.021 0.233 
339 COPE-0339    (0)   :  0.235 0.311 0.217 0.006 0.230 
340 COPE-0340   (14)   :  0.011 0.011 0.011 0.957 0.011 
341 COPE-0341    (0)   :  0.260 0.214 0.267 0.007 0.252 
342 COPE-0342    (0)   :  0.251 0.207 0.269 0.008 0.264 
343 COPE-0343    (0)   :  0.240 0.276 0.237 0.006 0.241 
344 COPE-0344   (14)   :  0.009 0.009 0.009 0.965 0.009 
345 COPE-0345    (0)   :  0.253 0.220 0.271 0.007 0.249 
346 COPE-0346    (0)   :  0.256 0.207 0.254 0.034 0.249 
347 COPE-0347    (0)   :  0.244 0.260 0.248 0.007 0.241 
348 COPE-0348    (0)   :  0.245 0.258 0.240 0.015 0.242 
349 COPE-0349    (0)   :  0.250 0.210 0.276 0.006 0.258 
350 COPE-0350    (0)   :  0.248 0.229 0.264 0.006 0.253 
351 COPE-0351    (0)   :  0.244 0.246 0.261 0.006 0.243 
352 COPE-0352    (0)   :  0.246 0.218 0.262 0.027 0.248 
353 COPE-0353    (0)   :  0.249 0.254 0.243 0.006 0.248 
354 COPE-0354    (0)   :  0.245 0.269 0.229 0.016 0.240 
355 COPE-0355    (0)   :  0.240 0.287 0.233 0.007 0.234 
356 COPE-0356    (0)   :  0.241 0.257 0.255 0.007 0.239 
357 COPE-0357    (0)   :  0.253 0.227 0.253 0.009 0.259 
358 COPE-0358    (0)   :  0.007 0.007 0.007 0.972 0.007 
359 COPE-0359   (14)   :  0.255 0.211 0.274 0.009 0.252 
360 COPE-0360    (0)   :  0.249 0.284 0.222 0.007 0.239 
361 COPE-0361    (0)   :  0.262 0.201 0.280 0.008 0.250 
362 COPE-0362    (0)   :  0.248 0.216 0.269 0.007 0.261 
363 COPE-0363   (14)   :  0.262 0.200 0.272 0.015 0.253 
364 COPE-0364    (0)   :  0.256 0.273 0.223 0.006 0.242 
365 COPE-0365    (0)   :  0.246 0.305 0.199 0.027 0.224 
366 COPE-0366    (0)   :  0.241 0.213 0.269 0.021 0.256 
367 COPE-0367   (14)   :  0.009 0.009 0.009 0.963 0.009 
368 COPE-0368    (0)   :  0.240 0.305 0.215 0.009 0.230 
369 COPE-0369    (0)   :  0.253 0.251 0.236 0.009 0.252 
370 COPE-0370   (28)   :  0.008 0.008 0.008 0.969 0.008 
371 COPE-0371    (0)   :  0.250 0.297 0.210 0.012 0.231 
372 COPE-0372    (0)   :  0.236 0.259 0.213 0.046 0.245 
373 COPE-0373   (14)   :  0.242 0.264 0.242 0.007 0.245 
374 COPE-0374    (0)   :  0.246 0.265 0.245 0.008 0.237 
375 COPE-0375   (14)   :  0.248 0.282 0.227 0.014 0.229 
376 COPE-0376   (14)   :  0.247 0.259 0.249 0.006 0.240 
377 COPE-0377    (0)   :  0.075 0.068 0.075 0.707 0.075 
378 COPE-0378    (0)   :  0.245 0.280 0.232 0.007 0.236 
379 COPE-0379    (0)   :  0.250 0.210 0.268 0.008 0.264 
380 COPE-0380   (28)   :  0.031 0.034 0.031 0.872 0.032 
381 COPE-0381    (0)   :  0.247 0.245 0.252 0.015 0.241 
382 COPE-0382    (0)   :  0.248 0.213 0.266 0.006 0.268 
383 COPE-0383    (0)   :  0.207 0.251 0.172 0.184 0.186 
384 COPE-0384    (0)   :  0.244 0.298 0.216 0.008 0.234 


Estimated Allele Frequencies in each cluster
First column gives estimated ancestral frequencies


Locus 1 : COPE5 
78 alleles
0.5% missing data
   1   (0.007) 0.001 0.001 0.001 0.624 0.001 
   2   (0.023) 0.023 0.021 0.024 0.027 0.023 
   3   (0.013) 0.015 0.012 0.015 0.002 0.014 
   4   (0.022) 0.025 0.024 0.027 0.002 0.025 
   5   (0.011) 0.010 0.009 0.010 0.001 0.011 
   6   (0.019) 0.018 0.015 0.019 0.008 0.018 
   7   (0.007) 0.004 0.003 0.004 0.001 0.004 
   8   (0.036) 0.088 0.097 0.084 0.003 0.087 
   9   (0.020) 0.023 0.019 0.025 0.002 0.023 
  10   (0.019) 0.021 0.021 0.020 0.002 0.021 
  11   (0.015) 0.014 0.017 0.013 0.020 0.014 
  12   (0.016) 0.022 0.024 0.023 0.001 0.024 
  13   (0.011) 0.011 0.012 0.011 0.002 0.011 
  14   (0.023) 0.028 0.027 0.027 0.002 0.028 
  15   (0.018) 0.032 0.037 0.030 0.001 0.031 
  16   (0.009) 0.006 0.006 0.006 0.001 0.006 
  17   (0.017) 0.015 0.014 0.015 0.001 0.015 
  18   (0.017) 0.014 0.013 0.014 0.009 0.014 
  19   (0.011) 0.010 0.009 0.011 0.001 0.011 
  20   (0.026) 0.052 0.061 0.049 0.002 0.051 
  21   (0.021) 0.022 0.021 0.022 0.002 0.022 
  22   (0.020) 0.015 0.014 0.016 0.010 0.016 
  23   (0.013) 0.012 0.011 0.012 0.001 0.012 
  24   (0.015) 0.019 0.020 0.018 0.001 0.018 
  25   (0.010) 0.008 0.007 0.008 0.001 0.008 
  26   (0.013) 0.009 0.008 0.010 0.001 0.009 
  27   (0.012) 0.010 0.009 0.011 0.001 0.010 
  28   (0.008) 0.002 0.002 0.002 0.021 0.002 
  29   (0.015) 0.012 0.012 0.012 0.001 0.012 
  30   (0.019) 0.020 0.020 0.020 0.005 0.020 
  31   (0.018) 0.019 0.019 0.019 0.001 0.019 
  32   (0.026) 0.040 0.039 0.038 0.002 0.040 
  33   (0.006) 0.002 0.002 0.002 0.000 0.002 
  34   (0.016) 0.019 0.022 0.018 0.001 0.019 
  35   (0.006) 0.001 0.001 0.001 0.050 0.001 
  36   (0.006) 0.002 0.002 0.002 0.000 0.002 
  37   (0.020) 0.023 0.028 0.021 0.025 0.023 
  38   (0.015) 0.013 0.011 0.013 0.010 0.012 
  39   (0.014) 0.019 0.018 0.019 0.001 0.019 
  40   (0.011) 0.010 0.009 0.010 0.001 0.010 
  41   (0.009) 0.005 0.005 0.005 0.001 0.005 
  42   (0.006) 0.002 0.002 0.002 0.001 0.002 
  43   (0.009) 0.005 0.004 0.005 0.001 0.005 
  44   (0.022) 0.027 0.025 0.029 0.002 0.027 
  45   (0.006) 0.002 0.002 0.002 0.000 0.002 
  46   (0.015) 0.018 0.019 0.017 0.001 0.018 
  47   (0.009) 0.007 0.006 0.007 0.001 0.006 
  48   (0.006) 0.002 0.002 0.002 0.001 0.002 
  49   (0.015) 0.016 0.015 0.017 0.001 0.016 
  50   (0.013) 0.012 0.010 0.013 0.002 0.012 
  51   (0.015) 0.013 0.015 0.011 0.022 0.012 
  52   (0.013) 0.012 0.013 0.012 0.001 0.012 
  53   (0.006) 0.001 0.001 0.001 0.030 0.001 
  54   (0.007) 0.001 0.001 0.001 0.071 0.001 
  55   (0.011) 0.008 0.008 0.008 0.001 0.008 
  56   (0.011) 0.011 0.012 0.010 0.001 0.011 
  57   (0.013) 0.012 0.010 0.012 0.001 0.012 
  58   (0.009) 0.006 0.006 0.006 0.001 0.006 
  59   (0.011) 0.012 0.010 0.013 0.001 0.012 
  60   (0.010) 0.008 0.009 0.007 0.001 0.008 
  61   (0.006) 0.002 0.002 0.002 0.001 0.002 
  62   (0.013) 0.012 0.011 0.012 0.001 0.012 
  63   (0.011) 0.016 0.017 0.016 0.001 0.015 
  64   (0.009) 0.005 0.005 0.005 0.001 0.005 
  65   (0.020) 0.021 0.020 0.020 0.002 0.021 
  66   (0.009) 0.009 0.010 0.009 0.001 0.009 
  67   (0.010) 0.006 0.006 0.007 0.001 0.006 
  68   (0.012) 0.011 0.010 0.012 0.001 0.012 
  69   (0.006) 0.002 0.002 0.002 0.000 0.002 
  70   (0.006) 0.002 0.002 0.002 0.000 0.002 
  71   (0.010) 0.007 0.006 0.007 0.001 0.007 
  72   (0.006) 0.002 0.002 0.002 0.000 0.002 
  73   (0.006) 0.002 0.002 0.002 0.001 0.002 
  74   (0.006) 0.002 0.002 0.002 0.000 0.002 
  75   (0.009) 0.005 0.004 0.005 0.001 0.005 
  76   (0.006) 0.002 0.002 0.002 0.000 0.002 
  77   (0.008) 0.004 0.003 0.004 0.001 0.004 
  78   (0.006) 0.002 0.002 0.002 0.001 0.002 

Locus 2 : COPE9 
12 alleles
8.3% missing data
   1   (0.414) 0.469 0.480 0.464 0.406 0.468 
   2   (0.139) 0.139 0.130 0.142 0.254 0.136 
   3   (0.050) 0.048 0.052 0.047 0.032 0.049 
   4   (0.076) 0.075 0.075 0.076 0.029 0.077 
   5   (0.036) 0.025 0.025 0.026 0.025 0.026 
   6   (0.129) 0.134 0.136 0.135 0.057 0.134 
   7   (0.039) 0.027 0.023 0.029 0.064 0.027 
   8   (0.081) 0.071 0.070 0.071 0.085 0.071 
   9   (0.010) 0.004 0.004 0.004 0.001 0.004 
  10   (0.009) 0.001 0.001 0.001 0.046 0.001 
  11   (0.008) 0.003 0.003 0.003 0.001 0.003 
  12   (0.008) 0.003 0.002 0.003 0.001 0.003 

Locus 3 : CPER26 
12 alleles
2.6% missing data
   1   (0.230) 0.233 0.236 0.231 0.146 0.233 
   2   (0.037) 0.024 0.022 0.025 0.145 0.025 
   3   (0.084) 0.081 0.072 0.086 0.009 0.081 
   4   (0.496) 0.580 0.588 0.580 0.068 0.580 
   5   (0.055) 0.043 0.046 0.040 0.291 0.042 
   6   (0.030) 0.015 0.015 0.015 0.301 0.015 
   7   (0.013) 0.006 0.005 0.006 0.001 0.006 
   8   (0.019) 0.008 0.007 0.008 0.023 0.008 
   9   (0.008) 0.002 0.002 0.002 0.006 0.002 
  10   (0.012) 0.003 0.003 0.003 0.011 0.003 
  11   (0.008) 0.002 0.002 0.003 0.001 0.002 
  12   (0.008) 0.002 0.002 0.003 0.001 0.003 

Locus 4 : CPER92 
12 alleles
6.8% missing data
   1   (0.617) 0.681 0.681 0.678 0.516 0.682 
   2   (0.122) 0.135 0.129 0.138 0.270 0.135 
   3   (0.083) 0.086 0.093 0.085 0.046 0.085 
   4   (0.015) 0.007 0.009 0.007 0.020 0.007 
   5   (0.037) 0.025 0.025 0.025 0.035 0.024 
   6   (0.035) 0.027 0.027 0.027 0.009 0.027 
   7   (0.019) 0.008 0.008 0.008 0.034 0.008 
   8   (0.012) 0.003 0.003 0.003 0.034 0.003 
   9   (0.022) 0.012 0.010 0.013 0.019 0.012 
  10   (0.017) 0.008 0.008 0.008 0.017 0.008 
  11   (0.013) 0.006 0.006 0.006 0.001 0.006 
  12   (0.008) 0.002 0.002 0.003 0.001 0.002 

Locus 5 : CPER99 
5 alleles
1.0% missing data
   1   (0.013) 0.003 0.003 0.003 0.336 0.003 
   2   (0.872) 0.932 0.933 0.931 0.100 0.932 
   3   (0.079) 0.054 0.053 0.054 0.473 0.053 
   4   (0.013) 0.003 0.003 0.003 0.029 0.003 
   5   (0.023) 0.009 0.009 0.009 0.063 0.009 

Locus 6 : CPER119 
22 alleles
5.5% missing data
   1   (0.009) 0.001 0.001 0.001 0.101 0.001 
   2   (0.080) 0.091 0.093 0.087 0.048 0.090 
   3   (0.035) 0.032 0.033 0.031 0.050 0.031 
   4   (0.008) 0.002 0.002 0.003 0.001 0.003 
   5   (0.160) 0.174 0.165 0.183 0.096 0.180 
   6   (0.074) 0.075 0.066 0.077 0.081 0.077 
   7   (0.070) 0.090 0.093 0.086 0.079 0.086 
   8   (0.080) 0.076 0.075 0.078 0.098 0.077 
   9   (0.116) 0.133 0.137 0.130 0.073 0.131 
  10   (0.061) 0.063 0.064 0.064 0.035 0.063 
  11   (0.022) 0.014 0.012 0.015 0.023 0.014 
  12   (0.081) 0.105 0.111 0.102 0.011 0.103 
  13   (0.015) 0.006 0.006 0.007 0.011 0.006 
  14   (0.029) 0.036 0.042 0.035 0.012 0.036 
  15   (0.025) 0.020 0.022 0.018 0.062 0.020 
  16   (0.022) 0.011 0.009 0.011 0.028 0.011 
  17   (0.023) 0.012 0.012 0.013 0.090 0.013 
  18   (0.016) 0.009 0.009 0.010 0.008 0.010 
  19   (0.011) 0.003 0.002 0.003 0.025 0.003 
  20   (0.040) 0.033 0.032 0.035 0.062 0.034 
  21   (0.012) 0.007 0.007 0.007 0.006 0.007 
  22   (0.010) 0.006 0.006 0.005 0.001 0.005 

Locus 7 : CPER188 
15 alleles
1.6% missing data
   1   (0.602) 0.673 0.674 0.673 0.819 0.673 
   2   (0.110) 0.102 0.100 0.103 0.091 0.102 
   3   (0.031) 0.025 0.024 0.026 0.002 0.025 
   4   (0.039) 0.032 0.031 0.032 0.003 0.032 
   5   (0.088) 0.110 0.118 0.105 0.006 0.108 
   6   (0.016) 0.006 0.006 0.006 0.009 0.006 
   7   (0.017) 0.011 0.009 0.011 0.007 0.011 
   8   (0.023) 0.013 0.011 0.013 0.008 0.013 
   9   (0.009) 0.001 0.001 0.001 0.039 0.001 
  10   (0.008) 0.001 0.001 0.001 0.009 0.001 
  11   (0.018) 0.012 0.010 0.013 0.001 0.012 
  12   (0.015) 0.007 0.007 0.007 0.001 0.007 
  13   (0.008) 0.002 0.002 0.002 0.003 0.002 
  14   (0.008) 0.003 0.003 0.002 0.001 0.003 
  15   (0.008) 0.003 0.003 0.002 0.001 0.002 

Values of parameters used in structure:
DATAFILE=../Data/microsats.structure,	OUTFILE=../Structure_Results/09_K_05.out,	NUMINDS=384,	NUMLOCI=7,	MISSING=-9,	LABEL=1,	POPDATA=0,	POPFLAG=0,	PHENOTYPE=0,	EXTRACOLS=0,	MAXPOPS=5,	BURNIN=1000000,	NUMREPS=10000000,	USEPOPINFO=0,	INFERALPHA=1,	INFERLAMBDA=0,	POPSPECIFICLAMBDA=0,	POPALPHAS=0,	COMPUTEPROB=1,	NOADMIX=0,	ADMBURNIN=500,	UPDATEFREQ=100,	PRINTLIKES=0,	INTERMEDSAVE=0,	PRINTKLD=0,	PRINTNET=1,	PRINTLAMBDA=1,	ANCESTDIST=0,	NUMBOXES=1000,	ANCESTPINT=0.90000,	GENSBACK=2,	MIGRPRIOR=0.01000,	PRINTQHAT=0,	PRINTQSUM=1,	ALPHA=1.0000,	FREQSCORR=1,	FPRIORMEAN=0.0100,	FPRIORSD=0.0500,	ONEFST=0,	LAMBDA=1.0000,	UNIFPRIORALPHA=1,	ALPHAMAX=10.0000,	ALPHAPRIORA=1.0000,	ALPHAPRIORB=2.0000,	ALPHAPROPSD=0.0250,	STARTATPOPINFO=0,	RANDOMIZE=0,	LINKAGE=0,	METROFREQ=10,	REPORTHITRATE=0,	MARKOVPHASE=-1,	PHASED=0,	PLOIDY=2,	PHASEINFO=0	LOCPRIOR=0, 	LOCPRIORINIT=1.000000, 	LOCDATA=0, 	LOCISPOP=0, 	LOCPRIORSTEP=0.100000, 	MAXLOCPRIOR=20.000000, 	SEED=72831101,	
[STRAT parameters]:    NUMSIMSTATS=1000,	PHENOTYPECOL=-9,	POOLFREQ=10,	LOCUSxONLY=0,	EMERROR=0.00100,	MISSINGPHENO=-9,	