

----------------------------------------------------
STRUCTURE by Pritchard, Stephens and Donnelly (2000)
     and Falush, Stephens and Pritchard (2003)
       Code by Pritchard, Falush and Hubisz
             Version 2.3.4 (Jul 2012)
----------------------------------------------------



Command line arguments:   /home/jason/Programs/structure -K 8 -i ../Data/microsats.structure -m Structure_Run/mainparams -e Structure_Run/extraparams -D 45281594 -o ../Structure_Results/10_K_08.out 
Input File:    ../Data/microsats.structure

Run parameters:
   384 individuals
   7 loci
   8 populations assumed
   1000000 Burn-in period
   10000000 Reps
RANDOMIZE turned off


--------------------------------------------
Overall proportion of membership of the
sample in each of the 8 clusters

Inferred Clusters
  1      2      3      4      5      6      7      8    
0.125  0.127  0.126  0.127  0.125  0.118  0.126  0.125  

--------------------------------------------

Allele-freq. divergence among pops (Net nucleotide distance),
computed using point estimates of P.

      1       2       3       4       5       6       7       8      
 1      -    0.0008  0.0002  0.0006  0.0002  0.1562  0.0003  0.0002  
 2   0.0008     -    0.0004  0.0001  0.0005  0.1571  0.0002  0.0004  
 3   0.0002  0.0004     -    0.0003  0.0003  0.1564  0.0001  0.0001  
 4   0.0006  0.0001  0.0003     -    0.0005  0.1566  0.0001  0.0003  
 5   0.0002  0.0005  0.0003  0.0005     -    0.1569  0.0002  0.0001  
 6   0.1562  0.1571  0.1564  0.1566  0.1569     -    0.1560  0.1569  
 7   0.0003  0.0002  0.0001  0.0001  0.0002  0.1560     -    0.0001  
 8   0.0002  0.0004  0.0001  0.0003  0.0001  0.1569  0.0001     -    

Average distances (expected heterozygosity) between individuals in same cluster:
cluster  1  : 0.6246 
cluster  2  : 0.6208 
cluster  3  : 0.6232 
cluster  4  : 0.6215 
cluster  5  : 0.6261 
cluster  6  : 0.6510 
cluster  7  : 0.6256 
cluster  8  : 0.6260 

--------------------------------------------
Estimated Ln Prob of Data   = -8950.2
Mean value of ln likelihood = -7885.9
Variance of ln likelihood   = 2128.6
Mean value of alpha         = 0.0468

Mean value of Fst_1         = 0.0742
Mean value of Fst_2         = 0.0686
Mean value of Fst_3         = 0.0701
Mean value of Fst_4         = 0.0670
Mean value of Fst_5         = 0.0707
Mean value of Fst_6         = 0.1689
Mean value of Fst_7         = 0.0683
Mean value of Fst_8         = 0.0694


Inferred ancestry of individuals:
        Label (%Miss) :  Inferred clusters
  1 COPE-0001    (0)   :  0.008 0.008 0.008 0.008 0.008 0.942 0.008 0.008 
  2 COPE-0002    (0)   :  0.161 0.133 0.132 0.123 0.151 0.011 0.155 0.135 
  3 COPE-0003    (0)   :  0.100 0.190 0.134 0.195 0.103 0.007 0.155 0.117 
  4 COPE-0004    (0)   :  0.177 0.119 0.128 0.128 0.152 0.013 0.155 0.129 
  5 COPE-0005    (0)   :  0.163 0.131 0.122 0.122 0.167 0.020 0.141 0.134 
  6 COPE-0006    (0)   :  0.128 0.147 0.137 0.138 0.151 0.018 0.140 0.141 
  7 COPE-0007    (0)   :  0.163 0.136 0.141 0.128 0.158 0.007 0.133 0.135 
  8 COPE-0008    (0)   :  0.184 0.110 0.172 0.127 0.129 0.008 0.130 0.140 
  9 COPE-0009    (0)   :  0.117 0.170 0.136 0.155 0.120 0.018 0.150 0.134 
 10 COPE-0010    (0)   :  0.120 0.129 0.134 0.143 0.154 0.007 0.143 0.169 
 11 COPE-0011   (14)   :  0.016 0.012 0.012 0.013 0.015 0.905 0.015 0.013 
 12 COPE-0012   (14)   :  0.168 0.115 0.157 0.136 0.131 0.007 0.137 0.149 
 13 COPE-0013    (0)   :  0.089 0.212 0.128 0.210 0.089 0.006 0.161 0.105 
 14 COPE-0014    (0)   :  0.145 0.155 0.157 0.134 0.139 0.010 0.132 0.128 
 15 COPE-0015    (0)   :  0.145 0.141 0.151 0.132 0.147 0.007 0.135 0.143 
 16 COPE-0016    (0)   :  0.134 0.153 0.143 0.114 0.150 0.010 0.148 0.149 
 17 COPE-0017    (0)   :  0.046 0.045 0.046 0.041 0.046 0.689 0.043 0.043 
 18 COPE-0018    (0)   :  0.124 0.161 0.138 0.153 0.136 0.008 0.147 0.133 
 19 COPE-0019    (0)   :  0.108 0.187 0.134 0.183 0.108 0.006 0.151 0.122 
 20 COPE-0020    (0)   :  0.131 0.144 0.132 0.142 0.152 0.008 0.140 0.151 
 21 COPE-0021    (0)   :  0.150 0.132 0.129 0.137 0.165 0.006 0.131 0.149 
 22 COPE-0022    (0)   :  0.174 0.117 0.168 0.132 0.130 0.007 0.133 0.140 
 23 COPE-0023    (0)   :  0.143 0.134 0.136 0.141 0.145 0.008 0.152 0.141 
 24 COPE-0024   (14)   :  0.158 0.136 0.127 0.127 0.168 0.006 0.135 0.143 
 25 COPE-0025    (0)   :  0.120 0.130 0.133 0.135 0.131 0.074 0.140 0.137 
 26 COPE-0026    (0)   :  0.152 0.133 0.162 0.124 0.142 0.005 0.134 0.146 
 27 COPE-0027    (0)   :  0.115 0.185 0.137 0.190 0.102 0.006 0.150 0.115 
 28 COPE-0028    (0)   :  0.123 0.125 0.150 0.133 0.146 0.006 0.143 0.173 
 29 COPE-0029    (0)   :  0.136 0.154 0.144 0.111 0.158 0.005 0.141 0.152 
 30 COPE-0030   (14)   :  0.035 0.031 0.033 0.032 0.034 0.771 0.034 0.031 
 31 COPE-0031    (0)   :  0.162 0.130 0.172 0.120 0.139 0.010 0.128 0.140 
 32 COPE-0032    (0)   :  0.124 0.127 0.145 0.144 0.140 0.009 0.150 0.161 
 33 COPE-0033    (0)   :  0.127 0.137 0.141 0.147 0.137 0.012 0.151 0.148 
 34 COPE-0034    (0)   :  0.169 0.130 0.148 0.118 0.151 0.011 0.139 0.135 
 35 COPE-0035   (14)   :  0.125 0.127 0.147 0.140 0.141 0.008 0.148 0.166 
 36 COPE-0036   (14)   :  0.140 0.141 0.118 0.138 0.174 0.006 0.130 0.152 
 37 COPE-0037    (0)   :  0.137 0.144 0.131 0.147 0.143 0.023 0.139 0.138 
 38 COPE-0038    (0)   :  0.168 0.127 0.176 0.130 0.132 0.006 0.125 0.136 
 39 COPE-0039    (0)   :  0.115 0.140 0.126 0.145 0.124 0.091 0.136 0.124 
 40 COPE-0040   (14)   :  0.109 0.156 0.127 0.152 0.110 0.096 0.135 0.115 
 41 COPE-0041    (0)   :  0.128 0.147 0.138 0.148 0.130 0.031 0.145 0.132 
 42 COPE-0042    (0)   :  0.111 0.139 0.153 0.155 0.129 0.011 0.145 0.157 
 43 COPE-0043    (0)   :  0.153 0.135 0.137 0.117 0.154 0.005 0.150 0.148 
 44 COPE-0044    (0)   :  0.167 0.125 0.135 0.138 0.139 0.014 0.152 0.129 
 45 COPE-0045    (0)   :  0.156 0.120 0.140 0.132 0.139 0.031 0.146 0.136 
 46 COPE-0046    (0)   :  0.025 0.034 0.028 0.032 0.026 0.800 0.030 0.026 
 47 COPE-0047    (0)   :  0.007 0.008 0.007 0.007 0.008 0.948 0.008 0.007 
 48 COPE-0048    (0)   :  0.111 0.125 0.151 0.149 0.136 0.007 0.148 0.172 
 49 COPE-0049    (0)   :  0.152 0.121 0.141 0.127 0.153 0.016 0.146 0.143 
 50 COPE-0050    (0)   :  0.110 0.183 0.132 0.189 0.108 0.007 0.157 0.114 
 51 COPE-0051    (0)   :  0.109 0.104 0.135 0.122 0.133 0.105 0.130 0.162 
 52 COPE-0052    (0)   :  0.150 0.147 0.156 0.125 0.150 0.011 0.130 0.132 
 53 COPE-0053    (0)   :  0.134 0.158 0.140 0.107 0.156 0.009 0.145 0.151 
 54 COPE-0054    (0)   :  0.154 0.125 0.122 0.139 0.166 0.005 0.133 0.156 
 55 COPE-0055    (0)   :  0.180 0.111 0.173 0.131 0.128 0.005 0.131 0.143 
 56 COPE-0056    (0)   :  0.147 0.130 0.148 0.148 0.128 0.018 0.144 0.138 
 57 COPE-0057    (0)   :  0.118 0.164 0.131 0.169 0.126 0.011 0.147 0.136 
 58 COPE-0058    (0)   :  0.137 0.139 0.131 0.129 0.165 0.009 0.143 0.146 
 59 COPE-0059    (0)   :  0.092 0.205 0.125 0.210 0.094 0.019 0.152 0.103 
 60 COPE-0060    (0)   :  0.142 0.151 0.139 0.125 0.145 0.007 0.148 0.143 
 61 COPE-0061    (0)   :  0.124 0.169 0.139 0.129 0.138 0.011 0.147 0.144 
 62 COPE-0062    (0)   :  0.152 0.132 0.141 0.138 0.159 0.009 0.129 0.140 
 63 COPE-0063    (0)   :  0.176 0.103 0.168 0.127 0.123 0.026 0.128 0.148 
 64 COPE-0064    (0)   :  0.143 0.146 0.153 0.143 0.132 0.009 0.142 0.132 
 65 COPE-0065    (0)   :  0.006 0.006 0.006 0.006 0.006 0.959 0.006 0.006 
 66 COPE-0066    (0)   :  0.107 0.132 0.145 0.154 0.129 0.016 0.150 0.167 
 67 COPE-0067   (14)   :  0.024 0.026 0.029 0.027 0.028 0.809 0.027 0.031 
 68 COPE-0068    (0)   :  0.091 0.208 0.128 0.213 0.090 0.010 0.156 0.105 
 69 COPE-0069   (14)   :  0.140 0.147 0.145 0.150 0.138 0.013 0.135 0.132 
 70 COPE-0070    (0)   :  0.162 0.120 0.137 0.125 0.154 0.012 0.147 0.143 
 71 COPE-0071    (0)   :  0.118 0.129 0.140 0.143 0.148 0.004 0.144 0.174 
 72 COPE-0072    (0)   :  0.128 0.165 0.136 0.155 0.130 0.007 0.150 0.130 
 73 COPE-0073   (14)   :  0.042 0.043 0.038 0.036 0.048 0.710 0.040 0.044 
 74 COPE-0074    (0)   :  0.124 0.126 0.144 0.148 0.143 0.009 0.145 0.162 
 75 COPE-0075    (0)   :  0.119 0.114 0.152 0.135 0.146 0.013 0.143 0.179 
 76 COPE-0076    (0)   :  0.145 0.140 0.144 0.148 0.133 0.006 0.142 0.142 
 77 COPE-0077   (14)   :  0.124 0.154 0.148 0.155 0.129 0.009 0.145 0.136 
 78 COPE-0078   (14)   :  0.178 0.122 0.136 0.126 0.160 0.008 0.137 0.135 
 79 COPE-0079    (0)   :  0.195 0.109 0.121 0.118 0.160 0.008 0.160 0.129 
 80 COPE-0080   (42)   :  0.019 0.023 0.021 0.023 0.020 0.854 0.021 0.020 
 81 COPE-0081   (14)   :  0.081 0.069 0.080 0.074 0.074 0.472 0.073 0.077 
 82 COPE-0082   (14)   :  0.136 0.107 0.146 0.126 0.137 0.046 0.136 0.166 
 83 COPE-0083   (14)   :  0.159 0.144 0.159 0.128 0.151 0.006 0.126 0.128 
 84 COPE-0084    (0)   :  0.104 0.118 0.109 0.082 0.121 0.232 0.115 0.119 
 85 COPE-0085    (0)   :  0.154 0.138 0.134 0.136 0.141 0.010 0.155 0.132 
 86 COPE-0086    (0)   :  0.128 0.134 0.134 0.128 0.160 0.021 0.139 0.156 
 87 COPE-0087   (14)   :  0.135 0.149 0.139 0.123 0.149 0.007 0.151 0.147 
 88 COPE-0088   (14)   :  0.145 0.138 0.131 0.122 0.155 0.025 0.146 0.138 
 89 COPE-0089   (14)   :  0.008 0.007 0.008 0.007 0.007 0.948 0.007 0.008 
 90 COPE-0090    (0)   :  0.174 0.116 0.172 0.128 0.130 0.008 0.130 0.142 
 91 COPE-0091   (14)   :  0.138 0.153 0.144 0.122 0.147 0.006 0.145 0.145 
 92 COPE-0092   (28)   :  0.023 0.027 0.023 0.028 0.022 0.829 0.027 0.022 
 93 COPE-0093    (0)   :  0.181 0.104 0.169 0.131 0.125 0.006 0.132 0.152 
 94 COPE-0094    (0)   :  0.189 0.108 0.118 0.117 0.156 0.030 0.157 0.125 
 95 COPE-0095    (0)   :  0.139 0.153 0.148 0.111 0.152 0.005 0.143 0.148 
 96 COPE-0096    (0)   :  0.145 0.149 0.149 0.127 0.150 0.009 0.131 0.140 
 97 COPE-0097    (0)   :  0.133 0.120 0.143 0.129 0.157 0.008 0.140 0.170 
 98 COPE-0098    (0)   :  0.173 0.123 0.176 0.119 0.136 0.008 0.125 0.139 
 99 COPE-0099    (0)   :  0.095 0.190 0.131 0.196 0.100 0.022 0.149 0.116 
100 COPE-0100    (0)   :  0.121 0.158 0.146 0.156 0.124 0.007 0.147 0.140 
101 COPE-0101    (0)   :  0.132 0.119 0.152 0.138 0.127 0.044 0.137 0.152 
102 COPE-0102    (0)   :  0.136 0.142 0.144 0.141 0.141 0.006 0.149 0.140 
103 COPE-0103    (0)   :  0.173 0.124 0.134 0.125 0.152 0.017 0.145 0.131 
104 COPE-0104   (14)   :  0.126 0.120 0.150 0.142 0.140 0.007 0.144 0.170 
105 COPE-0105    (0)   :  0.123 0.109 0.134 0.127 0.152 0.037 0.134 0.183 
106 COPE-0106    (0)   :  0.150 0.134 0.093 0.142 0.194 0.005 0.127 0.156 
107 COPE-0107    (0)   :  0.022 0.017 0.021 0.018 0.019 0.865 0.019 0.019 
108 COPE-0108    (0)   :  0.150 0.134 0.156 0.133 0.147 0.006 0.127 0.146 
109 COPE-0109    (0)   :  0.167 0.124 0.132 0.136 0.143 0.012 0.157 0.129 
110 COPE-0110   (14)   :  0.147 0.143 0.120 0.131 0.164 0.014 0.135 0.146 
111 COPE-0111    (0)   :  0.145 0.147 0.124 0.137 0.160 0.009 0.136 0.142 
112 COPE-0112   (14)   :  0.120 0.128 0.153 0.147 0.133 0.011 0.145 0.162 
113 COPE-0113    (0)   :  0.130 0.154 0.141 0.164 0.119 0.022 0.144 0.127 
114 COPE-0114    (0)   :  0.140 0.140 0.121 0.146 0.163 0.010 0.131 0.149 
115 COPE-0115    (0)   :  0.028 0.027 0.028 0.023 0.028 0.814 0.026 0.026 
116 COPE-0116   (28)   :  0.010 0.011 0.010 0.011 0.010 0.930 0.010 0.010 
117 COPE-0117    (0)   :  0.135 0.156 0.143 0.107 0.153 0.011 0.145 0.148 
118 COPE-0118    (0)   :  0.151 0.132 0.115 0.144 0.175 0.009 0.126 0.148 
119 COPE-0119    (0)   :  0.158 0.128 0.150 0.134 0.151 0.010 0.127 0.143 
120 COPE-0120    (0)   :  0.135 0.146 0.136 0.154 0.132 0.011 0.151 0.135 
121 COPE-0121    (0)   :  0.133 0.144 0.129 0.143 0.137 0.061 0.125 0.128 
122 COPE-0122    (0)   :  0.153 0.133 0.131 0.135 0.148 0.008 0.155 0.138 
123 COPE-0123    (0)   :  0.148 0.123 0.136 0.139 0.145 0.015 0.151 0.143 
124 COPE-0124    (0)   :  0.145 0.139 0.131 0.142 0.147 0.013 0.148 0.135 
125 COPE-0125    (0)   :  0.135 0.122 0.137 0.140 0.153 0.007 0.139 0.168 
126 COPE-0126    (0)   :  0.135 0.154 0.146 0.107 0.153 0.013 0.142 0.150 
127 COPE-0127   (14)   :  0.138 0.125 0.139 0.124 0.159 0.007 0.142 0.165 
128 COPE-0128    (0)   :  0.130 0.147 0.123 0.143 0.159 0.019 0.134 0.145 
129 COPE-0129    (0)   :  0.167 0.130 0.124 0.137 0.148 0.006 0.159 0.129 
130 COPE-0130    (0)   :  0.110 0.183 0.137 0.188 0.105 0.012 0.151 0.114 
131 COPE-0131   (14)   :  0.143 0.156 0.147 0.152 0.135 0.009 0.132 0.126 
132 COPE-0132   (14)   :  0.155 0.128 0.127 0.130 0.159 0.038 0.126 0.138 
133 COPE-0133    (0)   :  0.139 0.152 0.138 0.105 0.158 0.009 0.148 0.150 
134 COPE-0134    (0)   :  0.146 0.142 0.125 0.137 0.153 0.007 0.147 0.143 
135 COPE-0135    (0)   :  0.138 0.117 0.151 0.142 0.137 0.008 0.146 0.161 
136 COPE-0136    (0)   :  0.012 0.014 0.012 0.013 0.012 0.911 0.013 0.013 
137 COPE-0137    (0)   :  0.109 0.168 0.140 0.165 0.120 0.013 0.154 0.131 
138 COPE-0138   (14)   :  0.008 0.008 0.008 0.008 0.009 0.940 0.008 0.009 
139 COPE-0139    (0)   :  0.105 0.184 0.138 0.177 0.111 0.008 0.153 0.123 
140 COPE-0140   (14)   :  0.019 0.024 0.022 0.024 0.021 0.845 0.023 0.022 
141 COPE-0141    (0)   :  0.172 0.112 0.159 0.130 0.136 0.008 0.134 0.147 
142 COPE-0142    (0)   :  0.157 0.127 0.148 0.140 0.135 0.009 0.137 0.147 
143 COPE-0143    (0)   :  0.150 0.135 0.151 0.116 0.150 0.009 0.143 0.147 
144 COPE-0144   (14)   :  0.109 0.107 0.102 0.106 0.105 0.258 0.113 0.100 
145 COPE-0145   (14)   :  0.081 0.097 0.086 0.093 0.088 0.370 0.095 0.090 
146 COPE-0146   (14)   :  0.137 0.137 0.150 0.127 0.138 0.029 0.137 0.145 
147 COPE-0147    (0)   :  0.163 0.108 0.134 0.127 0.133 0.066 0.143 0.127 
148 COPE-0148    (0)   :  0.142 0.151 0.138 0.108 0.159 0.009 0.147 0.147 
149 COPE-0149    (0)   :  0.110 0.186 0.132 0.170 0.116 0.007 0.154 0.126 
150 COPE-0150    (0)   :  0.107 0.121 0.152 0.147 0.137 0.008 0.150 0.178 
151 COPE-0151    (0)   :  0.133 0.154 0.146 0.144 0.132 0.007 0.143 0.142 
152 COPE-0152   (14)   :  0.149 0.100 0.147 0.115 0.119 0.123 0.119 0.127 
153 COPE-0153    (0)   :  0.157 0.134 0.155 0.133 0.143 0.006 0.136 0.137 
154 COPE-0154    (0)   :  0.129 0.157 0.135 0.157 0.131 0.006 0.147 0.138 
155 COPE-0155    (0)   :  0.120 0.155 0.134 0.154 0.142 0.006 0.145 0.144 
156 COPE-0156   (14)   :  0.009 0.009 0.009 0.009 0.009 0.939 0.009 0.009 
157 COPE-0157   (14)   :  0.125 0.083 0.109 0.095 0.103 0.282 0.102 0.101 
158 COPE-0158    (0)   :  0.127 0.165 0.141 0.128 0.139 0.009 0.149 0.141 
159 COPE-0159    (0)   :  0.169 0.125 0.156 0.128 0.139 0.008 0.139 0.135 
160 COPE-0160    (0)   :  0.164 0.120 0.136 0.125 0.160 0.006 0.145 0.145 
161 COPE-0161    (0)   :  0.149 0.132 0.144 0.141 0.136 0.012 0.149 0.138 
162 COPE-0162   (14)   :  0.007 0.007 0.007 0.007 0.007 0.952 0.007 0.007 
163 COPE-0163   (28)   :  0.013 0.013 0.013 0.013 0.013 0.907 0.013 0.013 
164 COPE-0164    (0)   :  0.119 0.156 0.148 0.145 0.127 0.032 0.141 0.132 
165 COPE-0165    (0)   :  0.116 0.170 0.139 0.169 0.119 0.008 0.151 0.128 
166 COPE-0166   (14)   :  0.157 0.136 0.121 0.131 0.159 0.008 0.148 0.141 
167 COPE-0167    (0)   :  0.168 0.128 0.120 0.130 0.165 0.008 0.146 0.136 
168 COPE-0168    (0)   :  0.147 0.143 0.152 0.120 0.144 0.006 0.142 0.146 
169 COPE-0169    (0)   :  0.095 0.208 0.132 0.203 0.091 0.011 0.155 0.105 
170 COPE-0170    (0)   :  0.165 0.117 0.157 0.131 0.134 0.031 0.129 0.135 
171 COPE-0171    (0)   :  0.147 0.138 0.150 0.133 0.147 0.009 0.133 0.142 
172 COPE-0172    (0)   :  0.135 0.136 0.152 0.133 0.150 0.007 0.137 0.150 
173 COPE-0173   (14)   :  0.092 0.187 0.123 0.193 0.092 0.067 0.144 0.103 
174 COPE-0174   (28)   :  0.146 0.133 0.146 0.134 0.141 0.018 0.143 0.139 
175 COPE-0175    (0)   :  0.143 0.134 0.138 0.116 0.151 0.040 0.143 0.135 
176 COPE-0176    (0)   :  0.175 0.116 0.133 0.131 0.156 0.009 0.136 0.145 
177 COPE-0177    (0)   :  0.107 0.188 0.135 0.183 0.106 0.007 0.154 0.120 
178 COPE-0178    (0)   :  0.143 0.136 0.094 0.141 0.195 0.007 0.124 0.160 
179 COPE-0179    (0)   :  0.127 0.149 0.139 0.155 0.134 0.009 0.148 0.138 
180 COPE-0180   (14)   :  0.093 0.206 0.126 0.207 0.094 0.006 0.159 0.108 
181 COPE-0181   (14)   :  0.108 0.185 0.128 0.185 0.110 0.009 0.153 0.121 
182 COPE-0182    (0)   :  0.151 0.123 0.167 0.123 0.143 0.005 0.129 0.158 
183 COPE-0183    (0)   :  0.135 0.144 0.141 0.146 0.142 0.011 0.143 0.138 
184 COPE-0184    (0)   :  0.162 0.130 0.127 0.120 0.171 0.009 0.140 0.141 
185 COPE-0185    (0)   :  0.164 0.138 0.168 0.139 0.127 0.007 0.127 0.130 
186 COPE-0186    (0)   :  0.154 0.138 0.158 0.131 0.150 0.006 0.127 0.135 
187 COPE-0187    (0)   :  0.134 0.109 0.151 0.132 0.145 0.010 0.141 0.178 
188 COPE-0188    (0)   :  0.022 0.022 0.025 0.023 0.024 0.833 0.024 0.027 
189 COPE-0189    (0)   :  0.112 0.166 0.140 0.168 0.118 0.009 0.152 0.134 
190 COPE-0190    (0)   :  0.161 0.122 0.135 0.131 0.146 0.015 0.152 0.138 
191 COPE-0191    (0)   :  0.140 0.150 0.147 0.140 0.134 0.012 0.142 0.135 
192 COPE-0192   (14)   :  0.011 0.010 0.011 0.010 0.010 0.928 0.010 0.010 
193 COPE-0193    (0)   :  0.132 0.150 0.145 0.127 0.152 0.006 0.140 0.147 
194 COPE-0194    (0)   :  0.112 0.123 0.151 0.143 0.139 0.009 0.147 0.176 
195 COPE-0195    (0)   :  0.130 0.129 0.148 0.140 0.144 0.007 0.148 0.155 
196 COPE-0196    (0)   :  0.148 0.131 0.149 0.140 0.140 0.011 0.138 0.142 
197 COPE-0197    (0)   :  0.106 0.183 0.132 0.182 0.112 0.007 0.151 0.125 
198 COPE-0198    (0)   :  0.133 0.166 0.148 0.167 0.116 0.014 0.137 0.119 
199 COPE-0199    (0)   :  0.098 0.201 0.125 0.205 0.096 0.011 0.153 0.109 
200 COPE-0200   (42)   :  0.100 0.197 0.129 0.201 0.098 0.009 0.156 0.110 
201 COPE-0201    (0)   :  0.158 0.122 0.151 0.131 0.144 0.009 0.135 0.150 
202 COPE-0202    (0)   :  0.185 0.109 0.150 0.123 0.142 0.013 0.145 0.133 
203 COPE-0203    (0)   :  0.154 0.137 0.147 0.140 0.140 0.006 0.140 0.137 
204 COPE-0204    (0)   :  0.125 0.125 0.115 0.131 0.173 0.035 0.126 0.170 
205 COPE-0205    (0)   :  0.133 0.143 0.153 0.122 0.146 0.022 0.137 0.145 
206 COPE-0206    (0)   :  0.143 0.144 0.115 0.145 0.170 0.005 0.129 0.149 
207 COPE-0207    (0)   :  0.157 0.131 0.120 0.139 0.170 0.011 0.127 0.145 
208 COPE-0208    (0)   :  0.028 0.029 0.031 0.030 0.027 0.799 0.028 0.028 
209 COPE-0209    (0)   :  0.121 0.165 0.145 0.165 0.121 0.007 0.144 0.132 
210 COPE-0210    (0)   :  0.128 0.154 0.150 0.125 0.141 0.011 0.143 0.147 
211 COPE-0211    (0)   :  0.109 0.126 0.154 0.149 0.137 0.005 0.148 0.173 
212 COPE-0212    (0)   :  0.159 0.133 0.129 0.133 0.162 0.012 0.130 0.141 
213 COPE-0213    (0)   :  0.132 0.144 0.129 0.147 0.160 0.008 0.131 0.149 
214 COPE-0214    (0)   :  0.089 0.214 0.129 0.216 0.088 0.008 0.156 0.101 
215 COPE-0215    (0)   :  0.088 0.205 0.121 0.206 0.087 0.039 0.153 0.101 
216 COPE-0216   (14)   :  0.078 0.082 0.078 0.073 0.085 0.441 0.082 0.082 
217 COPE-0217    (0)   :  0.148 0.132 0.106 0.138 0.174 0.027 0.130 0.145 
218 COPE-0218    (0)   :  0.129 0.156 0.149 0.148 0.133 0.009 0.139 0.135 
219 COPE-0219   (14)   :  0.109 0.184 0.137 0.185 0.105 0.009 0.152 0.119 
220 COPE-0220    (0)   :  0.140 0.142 0.104 0.149 0.175 0.014 0.131 0.146 
221 COPE-0221    (0)   :  0.180 0.112 0.171 0.132 0.126 0.015 0.129 0.135 
222 COPE-0222    (0)   :  0.157 0.139 0.161 0.116 0.143 0.007 0.133 0.144 
223 COPE-0223    (0)   :  0.108 0.182 0.131 0.183 0.113 0.008 0.155 0.120 
224 COPE-0224    (0)   :  0.191 0.110 0.121 0.116 0.158 0.021 0.156 0.127 
225 COPE-0225    (0)   :  0.087 0.215 0.125 0.216 0.086 0.015 0.155 0.099 
226 COPE-0226    (0)   :  0.154 0.132 0.144 0.133 0.145 0.007 0.144 0.142 
227 COPE-0227    (0)   :  0.137 0.157 0.151 0.153 0.132 0.006 0.136 0.127 
228 COPE-0228    (0)   :  0.137 0.140 0.111 0.141 0.169 0.022 0.134 0.145 
229 COPE-0229    (0)   :  0.130 0.150 0.139 0.155 0.132 0.007 0.149 0.138 
230 COPE-0230    (0)   :  0.144 0.126 0.136 0.138 0.154 0.010 0.137 0.154 
231 COPE-0231    (0)   :  0.113 0.166 0.135 0.163 0.127 0.006 0.151 0.140 
232 COPE-0232    (0)   :  0.158 0.128 0.129 0.128 0.157 0.015 0.147 0.138 
233 COPE-0233    (0)   :  0.165 0.130 0.171 0.120 0.141 0.005 0.128 0.140 
234 COPE-0234    (0)   :  0.172 0.121 0.126 0.130 0.154 0.008 0.155 0.133 
235 COPE-0235    (0)   :  0.147 0.141 0.131 0.145 0.144 0.006 0.152 0.134 
236 COPE-0236    (0)   :  0.140 0.124 0.129 0.140 0.166 0.005 0.132 0.164 
237 COPE-0237    (0)   :  0.165 0.136 0.177 0.132 0.132 0.006 0.123 0.129 
238 COPE-0238    (0)   :  0.096 0.206 0.128 0.201 0.094 0.008 0.157 0.112 
239 COPE-0239    (0)   :  0.167 0.121 0.128 0.117 0.153 0.035 0.148 0.132 
240 COPE-0240    (0)   :  0.141 0.151 0.149 0.111 0.152 0.008 0.141 0.146 
241 COPE-0241    (0)   :  0.089 0.213 0.128 0.211 0.088 0.007 0.161 0.104 
242 COPE-0242    (0)   :  0.154 0.133 0.138 0.135 0.158 0.006 0.130 0.145 
243 COPE-0243    (0)   :  0.122 0.119 0.146 0.137 0.147 0.008 0.145 0.175 
244 COPE-0244    (0)   :  0.124 0.157 0.139 0.159 0.133 0.009 0.148 0.133 
245 COPE-0245    (0)   :  0.126 0.119 0.154 0.134 0.141 0.012 0.143 0.172 
246 COPE-0246    (0)   :  0.152 0.133 0.140 0.129 0.149 0.013 0.143 0.140 
247 COPE-0247    (0)   :  0.143 0.142 0.157 0.159 0.118 0.017 0.137 0.126 
248 COPE-0248    (0)   :  0.134 0.127 0.154 0.133 0.144 0.005 0.137 0.166 
249 COPE-0249    (0)   :  0.157 0.136 0.125 0.140 0.134 0.032 0.156 0.121 
250 COPE-0250    (0)   :  0.175 0.120 0.118 0.127 0.160 0.015 0.151 0.133 
251 COPE-0251   (14)   :  0.038 0.031 0.038 0.031 0.030 0.775 0.029 0.030 
252 COPE-0252    (0)   :  0.169 0.122 0.127 0.117 0.161 0.012 0.153 0.139 
253 COPE-0253    (0)   :  0.171 0.113 0.171 0.135 0.123 0.008 0.132 0.147 
254 COPE-0254    (0)   :  0.137 0.110 0.137 0.124 0.160 0.013 0.138 0.181 
255 COPE-0255    (0)   :  0.143 0.124 0.154 0.142 0.128 0.027 0.134 0.147 
256 COPE-0256    (0)   :  0.134 0.154 0.137 0.113 0.158 0.011 0.143 0.149 
257 COPE-0257    (0)   :  0.155 0.142 0.157 0.131 0.149 0.008 0.128 0.131 
258 COPE-0258    (0)   :  0.134 0.144 0.153 0.143 0.139 0.022 0.129 0.136 
259 COPE-0259    (0)   :  0.124 0.134 0.143 0.139 0.151 0.006 0.140 0.163 
260 COPE-0260    (0)   :  0.104 0.188 0.128 0.186 0.105 0.024 0.149 0.116 
261 COPE-0261    (0)   :  0.126 0.115 0.132 0.129 0.167 0.006 0.137 0.188 
262 COPE-0262    (0)   :  0.126 0.132 0.139 0.121 0.155 0.022 0.141 0.164 
263 COPE-0263    (0)   :  0.154 0.148 0.166 0.134 0.137 0.008 0.126 0.128 
264 COPE-0264    (0)   :  0.143 0.137 0.149 0.139 0.147 0.021 0.129 0.135 
265 COPE-0265    (0)   :  0.151 0.131 0.158 0.135 0.131 0.011 0.135 0.147 
266 COPE-0266    (0)   :  0.138 0.135 0.118 0.140 0.168 0.018 0.131 0.152 
267 COPE-0267    (0)   :  0.173 0.126 0.161 0.119 0.144 0.006 0.134 0.137 
268 COPE-0268    (0)   :  0.164 0.131 0.177 0.119 0.140 0.013 0.124 0.132 
269 COPE-0269    (0)   :  0.153 0.143 0.142 0.123 0.149 0.007 0.147 0.138 
270 COPE-0270    (0)   :  0.106 0.128 0.150 0.150 0.135 0.007 0.151 0.173 
271 COPE-0271    (0)   :  0.128 0.163 0.135 0.146 0.132 0.008 0.151 0.137 
272 COPE-0272    (0)   :  0.156 0.118 0.147 0.134 0.148 0.007 0.141 0.149 
273 COPE-0273    (0)   :  0.163 0.127 0.131 0.132 0.162 0.015 0.127 0.143 
274 COPE-0274   (14)   :  0.018 0.020 0.023 0.022 0.021 0.850 0.021 0.024 
275 COPE-0275    (0)   :  0.132 0.143 0.138 0.156 0.134 0.011 0.149 0.138 
276 COPE-0276   (14)   :  0.006 0.006 0.006 0.006 0.006 0.957 0.006 0.006 
277 COPE-0277   (14)   :  0.139 0.148 0.136 0.118 0.159 0.014 0.136 0.151 
278 COPE-0278    (0)   :  0.148 0.137 0.098 0.139 0.189 0.007 0.129 0.153 
279 COPE-0279    (0)   :  0.134 0.144 0.126 0.134 0.169 0.008 0.135 0.150 
280 COPE-0280    (0)   :  0.013 0.014 0.013 0.014 0.013 0.908 0.013 0.013 
281 COPE-0281    (0)   :  0.025 0.033 0.027 0.034 0.025 0.799 0.030 0.026 
282 COPE-0282   (14)   :  0.199 0.108 0.122 0.117 0.160 0.006 0.159 0.128 
283 COPE-0283    (0)   :  0.152 0.136 0.111 0.139 0.177 0.007 0.131 0.147 
284 COPE-0284   (14)   :  0.103 0.184 0.127 0.179 0.104 0.036 0.152 0.116 
285 COPE-0285    (0)   :  0.031 0.034 0.032 0.032 0.031 0.776 0.032 0.031 
286 COPE-0286    (0)   :  0.116 0.150 0.147 0.156 0.127 0.013 0.150 0.141 
287 COPE-0287    (0)   :  0.161 0.133 0.172 0.118 0.135 0.037 0.118 0.126 
288 COPE-0288    (0)   :  0.182 0.112 0.163 0.131 0.132 0.010 0.133 0.136 
289 COPE-0289    (0)   :  0.144 0.144 0.153 0.130 0.137 0.008 0.140 0.144 
290 COPE-0290    (0)   :  0.101 0.154 0.142 0.170 0.119 0.008 0.154 0.152 
291 COPE-0291    (0)   :  0.129 0.161 0.144 0.150 0.135 0.006 0.139 0.137 
292 COPE-0292   (42)   :  0.014 0.014 0.014 0.015 0.014 0.902 0.014 0.014 
293 COPE-0293    (0)   :  0.165 0.109 0.162 0.131 0.134 0.008 0.133 0.157 
294 COPE-0294    (0)   :  0.141 0.141 0.130 0.149 0.146 0.012 0.150 0.132 
295 COPE-0295    (0)   :  0.165 0.129 0.127 0.121 0.166 0.008 0.141 0.143 
296 COPE-0296   (14)   :  0.148 0.126 0.149 0.136 0.144 0.007 0.140 0.150 
297 COPE-0297   (14)   :  0.088 0.202 0.124 0.203 0.090 0.035 0.154 0.104 
298 COPE-0298    (0)   :  0.168 0.113 0.143 0.132 0.143 0.010 0.147 0.143 
299 COPE-0299    (0)   :  0.122 0.114 0.151 0.138 0.142 0.006 0.145 0.183 
300 COPE-0300   (14)   :  0.146 0.149 0.155 0.119 0.144 0.008 0.139 0.140 
301 COPE-0301   (14)   :  0.185 0.103 0.174 0.128 0.124 0.009 0.129 0.148 
302 COPE-0302    (0)   :  0.108 0.112 0.111 0.096 0.112 0.251 0.104 0.105 
303 COPE-0303    (0)   :  0.135 0.148 0.109 0.141 0.180 0.006 0.127 0.153 
304 COPE-0304    (0)   :  0.138 0.141 0.150 0.134 0.145 0.007 0.142 0.144 
305 COPE-0305   (14)   :  0.154 0.131 0.136 0.125 0.143 0.040 0.141 0.129 
306 COPE-0306    (0)   :  0.149 0.132 0.100 0.143 0.186 0.009 0.127 0.155 
307 COPE-0307   (28)   :  0.008 0.008 0.008 0.008 0.008 0.944 0.008 0.008 
308 COPE-0308    (0)   :  0.196 0.108 0.128 0.118 0.158 0.006 0.155 0.130 
309 COPE-0309   (14)   :  0.049 0.044 0.051 0.048 0.049 0.654 0.052 0.052 
310 COPE-0310   (28)   :  0.050 0.044 0.050 0.041 0.046 0.688 0.040 0.041 
311 COPE-0311    (0)   :  0.148 0.139 0.152 0.137 0.144 0.023 0.127 0.131 
312 COPE-0312   (28)   :  0.012 0.012 0.011 0.012 0.013 0.915 0.012 0.013 
313 COPE-0313    (0)   :  0.150 0.134 0.129 0.142 0.163 0.008 0.127 0.147 
314 COPE-0314    (0)   :  0.157 0.130 0.171 0.127 0.139 0.008 0.126 0.143 
315 COPE-0315    (0)   :  0.134 0.164 0.134 0.163 0.131 0.008 0.141 0.125 
316 COPE-0316    (0)   :  0.114 0.145 0.130 0.154 0.141 0.022 0.142 0.153 
317 COPE-0317   (14)   :  0.009 0.008 0.008 0.008 0.009 0.942 0.008 0.008 
318 COPE-0318    (0)   :  0.130 0.141 0.140 0.153 0.141 0.006 0.145 0.145 
319 COPE-0319    (0)   :  0.161 0.132 0.133 0.131 0.151 0.007 0.154 0.132 
320 COPE-0320   (14)   :  0.161 0.121 0.154 0.134 0.136 0.014 0.138 0.142 
321 COPE-0321   (14)   :  0.146 0.136 0.154 0.140 0.144 0.011 0.128 0.140 
322 COPE-0322   (14)   :  0.120 0.166 0.134 0.166 0.125 0.006 0.152 0.131 
323 COPE-0323    (0)   :  0.160 0.140 0.161 0.130 0.148 0.011 0.123 0.127 
324 COPE-0324    (0)   :  0.099 0.202 0.130 0.201 0.099 0.006 0.153 0.109 
325 COPE-0325   (14)   :  0.138 0.157 0.142 0.105 0.154 0.012 0.143 0.149 
326 COPE-0326    (0)   :  0.181 0.114 0.139 0.129 0.151 0.007 0.136 0.143 
327 COPE-0327   (14)   :  0.163 0.112 0.165 0.134 0.129 0.009 0.138 0.150 
328 COPE-0328    (0)   :  0.120 0.153 0.133 0.149 0.150 0.006 0.140 0.149 
329 COPE-0329   (28)   :  0.111 0.186 0.124 0.189 0.115 0.012 0.147 0.116 
330 COPE-0330    (0)   :  0.142 0.129 0.166 0.131 0.140 0.022 0.126 0.144 
331 COPE-0331    (0)   :  0.184 0.108 0.172 0.131 0.125 0.006 0.131 0.144 
332 COPE-0332   (14)   :  0.139 0.142 0.127 0.136 0.168 0.007 0.130 0.151 
333 COPE-0333    (0)   :  0.142 0.103 0.142 0.118 0.106 0.151 0.114 0.123 
334 COPE-0334   (28)   :  0.058 0.051 0.059 0.049 0.053 0.633 0.048 0.050 
335 COPE-0335    (0)   :  0.091 0.212 0.133 0.212 0.089 0.007 0.156 0.101 
336 COPE-0336    (0)   :  0.146 0.130 0.156 0.149 0.129 0.006 0.143 0.140 
337 COPE-0337   (28)   :  0.016 0.023 0.018 0.023 0.016 0.868 0.020 0.017 
338 COPE-0338    (0)   :  0.143 0.141 0.164 0.130 0.141 0.023 0.123 0.135 
339 COPE-0339    (0)   :  0.136 0.156 0.145 0.105 0.158 0.006 0.144 0.149 
340 COPE-0340   (14)   :  0.012 0.012 0.012 0.012 0.011 0.917 0.012 0.012 
341 COPE-0341    (0)   :  0.170 0.119 0.140 0.125 0.152 0.007 0.151 0.136 
342 COPE-0342    (0)   :  0.088 0.218 0.127 0.215 0.085 0.007 0.159 0.101 
343 COPE-0343    (0)   :  0.150 0.124 0.133 0.132 0.163 0.006 0.132 0.160 
344 COPE-0344   (14)   :  0.011 0.010 0.011 0.010 0.010 0.929 0.010 0.010 
345 COPE-0345    (0)   :  0.173 0.127 0.132 0.123 0.154 0.006 0.155 0.130 
346 COPE-0346    (0)   :  0.134 0.137 0.144 0.143 0.135 0.034 0.140 0.134 
347 COPE-0347    (0)   :  0.127 0.130 0.148 0.132 0.148 0.007 0.141 0.168 
348 COPE-0348    (0)   :  0.128 0.126 0.132 0.137 0.158 0.015 0.138 0.166 
349 COPE-0349    (0)   :  0.102 0.204 0.127 0.196 0.098 0.006 0.156 0.112 
350 COPE-0350    (0)   :  0.116 0.134 0.141 0.149 0.142 0.006 0.147 0.165 
351 COPE-0351    (0)   :  0.116 0.132 0.144 0.151 0.133 0.006 0.149 0.170 
352 COPE-0352    (0)   :  0.124 0.159 0.129 0.152 0.136 0.027 0.141 0.133 
353 COPE-0353    (0)   :  0.147 0.145 0.159 0.136 0.144 0.006 0.130 0.135 
354 COPE-0354    (0)   :  0.156 0.125 0.148 0.130 0.145 0.016 0.134 0.144 
355 COPE-0355    (0)   :  0.133 0.159 0.141 0.103 0.157 0.006 0.148 0.152 
356 COPE-0356    (0)   :  0.145 0.104 0.144 0.125 0.154 0.008 0.141 0.180 
357 COPE-0357    (0)   :  0.122 0.168 0.146 0.170 0.113 0.009 0.151 0.121 
358 COPE-0358    (0)   :  0.007 0.008 0.007 0.008 0.007 0.947 0.008 0.007 
359 COPE-0359   (14)   :  0.140 0.146 0.133 0.138 0.154 0.009 0.145 0.136 
360 COPE-0360    (0)   :  0.146 0.143 0.154 0.135 0.146 0.006 0.131 0.138 
361 COPE-0361    (0)   :  0.153 0.126 0.128 0.133 0.156 0.008 0.152 0.144 
362 COPE-0362    (0)   :  0.097 0.203 0.136 0.198 0.095 0.007 0.156 0.108 
363 COPE-0363   (14)   :  0.146 0.134 0.137 0.134 0.149 0.014 0.149 0.138 
364 COPE-0364    (0)   :  0.147 0.137 0.174 0.134 0.141 0.006 0.122 0.139 
365 COPE-0365    (0)   :  0.164 0.135 0.174 0.128 0.137 0.022 0.114 0.125 
366 COPE-0366    (0)   :  0.096 0.184 0.132 0.189 0.098 0.022 0.159 0.120 
367 COPE-0367   (14)   :  0.013 0.010 0.012 0.011 0.011 0.920 0.011 0.011 
368 COPE-0368    (0)   :  0.141 0.149 0.144 0.114 0.154 0.010 0.141 0.146 
369 COPE-0369    (0)   :  0.151 0.131 0.157 0.142 0.130 0.009 0.144 0.137 
370 COPE-0370   (28)   :  0.009 0.008 0.009 0.009 0.009 0.939 0.009 0.009 
371 COPE-0371    (0)   :  0.167 0.133 0.166 0.135 0.135 0.013 0.121 0.130 
372 COPE-0372    (0)   :  0.132 0.141 0.124 0.149 0.144 0.047 0.129 0.133 
373 COPE-0373   (14)   :  0.184 0.112 0.144 0.125 0.149 0.007 0.139 0.140 
374 COPE-0374    (0)   :  0.147 0.137 0.148 0.120 0.159 0.008 0.140 0.141 
375 COPE-0375   (14)   :  0.162 0.137 0.164 0.128 0.145 0.011 0.126 0.128 
376 COPE-0376   (14)   :  0.128 0.113 0.141 0.133 0.156 0.006 0.140 0.183 
377 COPE-0377    (0)   :  0.060 0.050 0.055 0.055 0.056 0.612 0.057 0.055 
378 COPE-0378    (0)   :  0.136 0.149 0.150 0.123 0.145 0.007 0.140 0.149 
379 COPE-0379    (0)   :  0.092 0.207 0.128 0.208 0.091 0.007 0.160 0.107 
380 COPE-0380   (28)   :  0.034 0.032 0.028 0.034 0.043 0.757 0.032 0.039 
381 COPE-0381    (0)   :  0.155 0.133 0.145 0.134 0.140 0.012 0.143 0.137 
382 COPE-0382    (0)   :  0.092 0.209 0.128 0.209 0.091 0.006 0.158 0.107 
383 COPE-0383    (0)   :  0.152 0.127 0.159 0.119 0.133 0.082 0.110 0.116 
384 COPE-0384    (0)   :  0.142 0.143 0.147 0.127 0.151 0.008 0.136 0.147 


Estimated Allele Frequencies in each cluster
First column gives estimated ancestral frequencies


Locus 1 : COPE5 
78 alleles
0.5% missing data
   1   (0.006) 0.001 0.001 0.001 0.001 0.001 0.674 0.001 0.001 
   2   (0.023) 0.027 0.022 0.024 0.023 0.025 0.015 0.025 0.023 
   3   (0.014) 0.016 0.014 0.013 0.012 0.016 0.002 0.016 0.014 
   4   (0.022) 0.021 0.029 0.024 0.027 0.023 0.001 0.027 0.025 
   5   (0.011) 0.008 0.012 0.010 0.013 0.008 0.001 0.011 0.009 
   6   (0.019) 0.017 0.019 0.017 0.020 0.017 0.005 0.019 0.016 
   7   (0.008) 0.004 0.003 0.003 0.003 0.004 0.001 0.004 0.003 
   8   (0.035) 0.103 0.081 0.077 0.082 0.106 0.002 0.086 0.091 
   9   (0.020) 0.022 0.022 0.020 0.022 0.023 0.001 0.023 0.021 
  10   (0.019) 0.019 0.020 0.022 0.019 0.020 0.001 0.019 0.021 
  11   (0.015) 0.017 0.015 0.018 0.014 0.014 0.015 0.013 0.014 
  12   (0.016) 0.027 0.020 0.026 0.023 0.021 0.001 0.023 0.024 
  13   (0.010) 0.013 0.008 0.012 0.010 0.010 0.001 0.010 0.011 
  14   (0.024) 0.030 0.025 0.030 0.026 0.026 0.002 0.027 0.028 
  15   (0.015) 0.031 0.036 0.033 0.026 0.035 0.001 0.033 0.034 
  16   (0.009) 0.005 0.006 0.006 0.006 0.006 0.001 0.006 0.007 
  17   (0.018) 0.014 0.015 0.014 0.015 0.015 0.001 0.015 0.015 
  18   (0.016) 0.011 0.018 0.013 0.017 0.011 0.007 0.015 0.012 
  19   (0.011) 0.007 0.014 0.009 0.014 0.007 0.001 0.011 0.008 
  20   (0.029) 0.057 0.051 0.060 0.048 0.052 0.002 0.050 0.053 
  21   (0.023) 0.020 0.024 0.022 0.024 0.020 0.001 0.023 0.021 
  22   (0.019) 0.014 0.018 0.015 0.017 0.014 0.008 0.016 0.014 
  23   (0.013) 0.011 0.014 0.012 0.014 0.010 0.001 0.012 0.011 
  24   (0.015) 0.018 0.016 0.020 0.018 0.020 0.001 0.018 0.021 
  25   (0.010) 0.009 0.007 0.008 0.007 0.008 0.001 0.008 0.008 
  26   (0.013) 0.009 0.009 0.009 0.009 0.009 0.001 0.009 0.009 
  27   (0.012) 0.009 0.009 0.010 0.010 0.010 0.001 0.010 0.011 
  28   (0.008) 0.002 0.003 0.003 0.003 0.003 0.019 0.003 0.003 
  29   (0.013) 0.010 0.010 0.012 0.011 0.011 0.001 0.012 0.014 
  30   (0.019) 0.021 0.019 0.021 0.020 0.019 0.004 0.021 0.020 
  31   (0.019) 0.016 0.021 0.019 0.020 0.017 0.001 0.019 0.019 
  32   (0.025) 0.036 0.044 0.041 0.046 0.032 0.002 0.039 0.034 
  33   (0.006) 0.002 0.002 0.002 0.002 0.002 0.000 0.002 0.002 
  34   (0.018) 0.021 0.018 0.022 0.018 0.020 0.001 0.018 0.020 
  35   (0.006) 0.001 0.001 0.001 0.001 0.001 0.054 0.001 0.001 
  36   (0.006) 0.002 0.002 0.002 0.002 0.002 0.000 0.002 0.002 
  37   (0.021) 0.026 0.025 0.026 0.022 0.026 0.019 0.024 0.025 
  38   (0.016) 0.012 0.012 0.012 0.012 0.013 0.007 0.013 0.014 
  39   (0.014) 0.018 0.019 0.015 0.018 0.023 0.001 0.017 0.020 
  40   (0.011) 0.007 0.012 0.009 0.012 0.008 0.001 0.010 0.009 
  41   (0.008) 0.004 0.004 0.005 0.005 0.004 0.001 0.005 0.005 
  42   (0.006) 0.002 0.002 0.002 0.002 0.002 0.000 0.002 0.002 
  43   (0.009) 0.005 0.005 0.005 0.005 0.005 0.001 0.005 0.005 
  44   (0.023) 0.029 0.024 0.026 0.025 0.028 0.002 0.028 0.028 
  45   (0.006) 0.002 0.002 0.002 0.002 0.002 0.000 0.002 0.002 
  46   (0.015) 0.020 0.016 0.019 0.017 0.019 0.001 0.017 0.018 
  47   (0.009) 0.007 0.006 0.006 0.006 0.007 0.001 0.006 0.006 
  48   (0.006) 0.002 0.003 0.002 0.003 0.002 0.000 0.002 0.002 
  49   (0.015) 0.017 0.016 0.016 0.014 0.017 0.001 0.017 0.016 
  50   (0.013) 0.011 0.013 0.011 0.012 0.011 0.002 0.012 0.011 
  51   (0.012) 0.016 0.014 0.016 0.013 0.014 0.011 0.012 0.013 
  52   (0.014) 0.013 0.011 0.014 0.011 0.012 0.001 0.012 0.013 
  53   (0.007) 0.001 0.001 0.001 0.001 0.001 0.032 0.001 0.001 
  54   (0.006) 0.001 0.001 0.001 0.001 0.001 0.076 0.001 0.001 
  55   (0.010) 0.006 0.007 0.008 0.007 0.007 0.001 0.008 0.009 
  56   (0.011) 0.011 0.011 0.010 0.011 0.012 0.001 0.010 0.011 
  57   (0.013) 0.009 0.015 0.011 0.014 0.009 0.001 0.012 0.010 
  58   (0.009) 0.005 0.005 0.006 0.006 0.006 0.001 0.006 0.007 
  59   (0.010) 0.015 0.010 0.010 0.010 0.013 0.001 0.013 0.011 
  60   (0.010) 0.008 0.008 0.008 0.008 0.008 0.001 0.007 0.008 
  61   (0.006) 0.002 0.002 0.002 0.003 0.002 0.000 0.002 0.002 
  62   (0.012) 0.012 0.012 0.013 0.012 0.012 0.001 0.011 0.012 
  63   (0.011) 0.014 0.012 0.015 0.014 0.018 0.001 0.015 0.020 
  64   (0.009) 0.005 0.005 0.005 0.005 0.005 0.001 0.005 0.005 
  65   (0.019) 0.019 0.023 0.018 0.023 0.020 0.001 0.020 0.019 
  66   (0.010) 0.009 0.008 0.009 0.009 0.011 0.001 0.009 0.011 
  67   (0.010) 0.005 0.006 0.006 0.007 0.006 0.001 0.007 0.007 
  68   (0.013) 0.008 0.014 0.011 0.014 0.009 0.001 0.012 0.010 
  69   (0.006) 0.002 0.002 0.002 0.002 0.002 0.000 0.002 0.002 
  70   (0.006) 0.002 0.002 0.002 0.002 0.002 0.000 0.002 0.002 
  71   (0.010) 0.006 0.006 0.006 0.006 0.007 0.001 0.006 0.006 
  72   (0.006) 0.002 0.002 0.002 0.002 0.002 0.000 0.002 0.002 
  73   (0.006) 0.002 0.002 0.002 0.002 0.002 0.001 0.002 0.002 
  74   (0.006) 0.002 0.002 0.002 0.002 0.002 0.000 0.002 0.002 
  75   (0.009) 0.004 0.005 0.005 0.005 0.004 0.001 0.005 0.005 
  76   (0.006) 0.002 0.002 0.002 0.002 0.002 0.000 0.002 0.002 
  77   (0.008) 0.003 0.004 0.003 0.004 0.003 0.001 0.004 0.003 
  78   (0.006) 0.002 0.002 0.002 0.002 0.002 0.000 0.002 0.002 

Locus 2 : COPE9 
12 alleles
8.3% missing data
   1   (0.412) 0.479 0.461 0.483 0.470 0.459 0.409 0.462 0.465 
   2   (0.142) 0.139 0.130 0.132 0.128 0.146 0.270 0.140 0.142 
   3   (0.048) 0.050 0.051 0.042 0.051 0.058 0.023 0.048 0.052 
   4   (0.072) 0.065 0.089 0.074 0.084 0.067 0.023 0.078 0.069 
   5   (0.036) 0.023 0.026 0.026 0.028 0.023 0.022 0.026 0.027 
   6   (0.133) 0.135 0.133 0.139 0.128 0.135 0.050 0.135 0.136 
   7   (0.039) 0.028 0.026 0.025 0.027 0.026 0.070 0.029 0.025 
   8   (0.082) 0.070 0.073 0.070 0.072 0.073 0.079 0.072 0.072 
   9   (0.011) 0.004 0.004 0.004 0.004 0.005 0.001 0.004 0.005 
  10   (0.009) 0.001 0.001 0.001 0.001 0.001 0.052 0.001 0.001 
  11   (0.008) 0.002 0.002 0.003 0.003 0.003 0.001 0.003 0.003 
  12   (0.008) 0.003 0.003 0.003 0.002 0.003 0.001 0.003 0.003 

Locus 3 : CPER26 
12 alleles
2.6% missing data
   1   (0.231) 0.242 0.230 0.243 0.232 0.233 0.122 0.234 0.235 
   2   (0.033) 0.018 0.030 0.021 0.031 0.018 0.154 0.024 0.020 
   3   (0.083) 0.073 0.086 0.076 0.087 0.073 0.007 0.084 0.075 
   4   (0.500) 0.583 0.574 0.575 0.569 0.592 0.050 0.578 0.588 
   5   (0.055) 0.046 0.042 0.045 0.043 0.045 0.309 0.040 0.042 
   6   (0.030) 0.016 0.015 0.016 0.015 0.015 0.322 0.015 0.015 
   7   (0.013) 0.006 0.005 0.005 0.006 0.006 0.001 0.006 0.006 
   8   (0.018) 0.007 0.007 0.008 0.008 0.008 0.021 0.008 0.009 
   9   (0.008) 0.002 0.002 0.002 0.002 0.002 0.003 0.002 0.002 
  10   (0.012) 0.003 0.003 0.003 0.003 0.003 0.009 0.003 0.003 
  11   (0.008) 0.002 0.002 0.002 0.003 0.002 0.001 0.002 0.002 
  12   (0.008) 0.002 0.002 0.003 0.003 0.002 0.001 0.002 0.002 

Locus 4 : CPER92 
12 alleles
6.8% missing data
   1   (0.625) 0.655 0.710 0.674 0.700 0.675 0.509 0.681 0.674 
   2   (0.104) 0.158 0.107 0.137 0.121 0.133 0.287 0.134 0.135 
   3   (0.091) 0.089 0.085 0.089 0.079 0.091 0.043 0.087 0.091 
   4   (0.014) 0.008 0.008 0.009 0.007 0.008 0.017 0.007 0.007 
   5   (0.040) 0.025 0.024 0.026 0.024 0.027 0.032 0.025 0.026 
   6   (0.037) 0.029 0.025 0.028 0.027 0.027 0.007 0.026 0.028 
   7   (0.018) 0.008 0.008 0.007 0.008 0.009 0.035 0.008 0.009 
   8   (0.012) 0.003 0.003 0.003 0.003 0.003 0.036 0.003 0.003 
   9   (0.021) 0.009 0.015 0.011 0.015 0.009 0.018 0.012 0.010 
  10   (0.017) 0.008 0.008 0.007 0.008 0.010 0.014 0.008 0.009 
  11   (0.013) 0.006 0.006 0.006 0.006 0.006 0.001 0.005 0.006 
  12   (0.008) 0.002 0.002 0.003 0.002 0.002 0.001 0.002 0.003 

Locus 5 : CPER99 
5 alleles
1.0% missing data
   1   (0.013) 0.003 0.003 0.003 0.003 0.003 0.352 0.003 0.003 
   2   (0.870) 0.931 0.928 0.932 0.932 0.926 0.073 0.929 0.928 
   3   (0.080) 0.055 0.057 0.053 0.053 0.059 0.480 0.056 0.057 
   4   (0.013) 0.003 0.003 0.003 0.003 0.003 0.030 0.003 0.003 
   5   (0.024) 0.009 0.009 0.009 0.009 0.009 0.065 0.009 0.009 

Locus 6 : CPER119 
22 alleles
5.5% missing data
   1   (0.009) 0.001 0.001 0.001 0.001 0.001 0.116 0.001 0.001 
   2   (0.080) 0.101 0.084 0.100 0.089 0.087 0.040 0.088 0.089 
   3   (0.037) 0.034 0.031 0.032 0.029 0.034 0.055 0.031 0.030 
   4   (0.008) 0.002 0.003 0.002 0.003 0.002 0.001 0.003 0.002 
   5   (0.162) 0.167 0.186 0.170 0.188 0.165 0.092 0.181 0.170 
   6   (0.069) 0.062 0.091 0.070 0.092 0.060 0.080 0.079 0.062 
   7   (0.068) 0.105 0.080 0.096 0.078 0.090 0.079 0.086 0.083 
   8   (0.085) 0.073 0.079 0.074 0.078 0.077 0.108 0.077 0.077 
   9   (0.115) 0.139 0.138 0.133 0.129 0.142 0.053 0.132 0.134 
  10   (0.060) 0.060 0.057 0.057 0.062 0.072 0.030 0.062 0.073 
