

----------------------------------------------------
STRUCTURE by Pritchard, Stephens and Donnelly (2000)
     and Falush, Stephens and Pritchard (2003)
       Code by Pritchard, Falush and Hubisz
             Version 2.3.4 (Jul 2012)
----------------------------------------------------



Command line arguments:   /home/jason/Programs/structure -K 14 -i ../Data/microsats.structure -m Structure_Run/mainparams -e Structure_Run/extraparams -D 11383746 -o ../Structure_Results/10_K_14.out 
Input File:    ../Data/microsats.structure

Run parameters:
   384 individuals
   7 loci
   14 populations assumed
   1000000 Burn-in period
   10000000 Reps
RANDOMIZE turned off


--------------------------------------------
Overall proportion of membership of the
sample in each of the 14 clusters

Inferred Clusters
  1      2      3      4      5      6      7      8      9     10     11     12     13     14    
0.069  0.069  0.069  0.069  0.069  0.069  0.069  0.104  0.069  0.069  0.069  0.069  0.069  0.069  

--------------------------------------------

Allele-freq. divergence among pops (Net nucleotide distance),
computed using point estimates of P.

      1       2       3       4       5       6       7       8       9      10      11      12      13      14      
 1      -    0.0001  0.0001  0.0001  0.0001  0.0003  0.0003  0.1765  0.0002  0.0003  0.0001  0.0002  0.0002  0.0003  
 2   0.0001     -    0.0001  0.0001  0.0000  0.0000  0.0001  0.1740  0.0003  0.0000  0.0002  0.0001  0.0001  0.0001  
 3   0.0001  0.0001     -    0.0000  0.0001  0.0001  0.0001  0.1746  0.0003  0.0001  0.0002  0.0001  0.0000  0.0002  
 4   0.0001  0.0001  0.0000     -    0.0000  0.0001  0.0001  0.1747  0.0003  0.0001  0.0002  0.0001  0.0001  0.0001  
 5   0.0001  0.0000  0.0001  0.0000     -    0.0001  0.0001  0.1743  0.0003  0.0001  0.0002  0.0000  0.0001  0.0001  
 6   0.0003  0.0000  0.0001  0.0001  0.0001     -    0.0001  0.1729  0.0005  0.0001  0.0003  0.0001  0.0001  0.0001  
 7   0.0003  0.0001  0.0001  0.0001  0.0001  0.0001     -    0.1743  0.0005  0.0001  0.0004  0.0001  0.0001  0.0002  
 8   0.1765  0.1740  0.1746  0.1747  0.1743  0.1729  0.1743     -    0.1769  0.1742  0.1763  0.1728  0.1744  0.1718  
 9   0.0002  0.0003  0.0003  0.0003  0.0003  0.0005  0.0005  0.1769     -    0.0004  0.0000  0.0003  0.0005  0.0004  
10   0.0003  0.0000  0.0001  0.0001  0.0001  0.0001  0.0001  0.1742  0.0004     -    0.0003  0.0001  0.0001  0.0001  
11   0.0001  0.0002  0.0002  0.0002  0.0002  0.0003  0.0004  0.1763  0.0000  0.0003     -    0.0002  0.0004  0.0004  
12   0.0002  0.0001  0.0001  0.0001  0.0000  0.0001  0.0001  0.1728  0.0003  0.0001  0.0002     -    0.0001  0.0001  
13   0.0002  0.0001  0.0000  0.0001  0.0001  0.0001  0.0001  0.1744  0.0005  0.0001  0.0004  0.0001     -    0.0002  
14   0.0003  0.0001  0.0002  0.0001  0.0001  0.0001  0.0002  0.1718  0.0004  0.0001  0.0004  0.0001  0.0002     -    

Average distances (expected heterozygosity) between individuals in same cluster:
cluster  1  : 0.6228 
cluster  2  : 0.6260 
cluster  3  : 0.6263 
cluster  4  : 0.6250 
cluster  5  : 0.6246 
cluster  6  : 0.6274 
cluster  7  : 0.6256 
cluster  8  : 0.6230 
cluster  9  : 0.6199 
cluster 10  : 0.6265 
cluster 11  : 0.6222 
cluster 12  : 0.6310 
cluster 13  : 0.6267 
cluster 14  : 0.6324 

--------------------------------------------
Estimated Ln Prob of Data   = -9553.6
Mean value of ln likelihood = -7539.7
Variance of ln likelihood   = 4027.8
Mean value of alpha         = 0.0495

Mean value of Fst_1         = 0.1350
Mean value of Fst_2         = 0.1312
Mean value of Fst_3         = 0.1293
Mean value of Fst_4         = 0.1288
Mean value of Fst_5         = 0.1299
Mean value of Fst_6         = 0.1303
Mean value of Fst_7         = 0.1320
Mean value of Fst_8         = 0.2316
Mean value of Fst_9         = 0.1397
Mean value of Fst_10         = 0.1282
Mean value of Fst_11         = 0.1404
Mean value of Fst_12         = 0.1197
Mean value of Fst_13         = 0.1293
Mean value of Fst_14         = 0.1149


Inferred ancestry of individuals:
        Label (%Miss) :  Inferred clusters
  1 COPE-0001    (0)   :  0.009 0.009 0.009 0.009 0.009 0.009 0.009 0.887 0.009 0.009 0.009 0.009 0.008 0.009 
  2 COPE-0002    (0)   :  0.072 0.079 0.077 0.075 0.076 0.083 0.077 0.010 0.066 0.077 0.071 0.079 0.078 0.082 
  3 COPE-0003    (0)   :  0.069 0.076 0.075 0.077 0.079 0.074 0.074 0.006 0.069 0.079 0.068 0.086 0.075 0.094 
  4 COPE-0004    (0)   :  0.062 0.084 0.076 0.067 0.080 0.098 0.091 0.010 0.057 0.080 0.070 0.079 0.079 0.068 
  5 COPE-0005    (0)   :  0.078 0.077 0.080 0.070 0.075 0.079 0.076 0.022 0.072 0.074 0.078 0.071 0.080 0.069 
  6 COPE-0006    (0)   :  0.077 0.073 0.079 0.078 0.077 0.073 0.072 0.018 0.070 0.078 0.070 0.077 0.081 0.078 
  7 COPE-0007    (0)   :  0.082 0.079 0.084 0.074 0.074 0.076 0.080 0.006 0.074 0.073 0.080 0.072 0.080 0.065 
  8 COPE-0008    (0)   :  0.070 0.080 0.074 0.073 0.075 0.076 0.082 0.008 0.084 0.082 0.074 0.071 0.072 0.078 
  9 COPE-0009    (0)   :  0.074 0.076 0.074 0.078 0.080 0.071 0.070 0.015 0.070 0.081 0.067 0.082 0.074 0.088 
 10 COPE-0010    (0)   :  0.080 0.074 0.079 0.080 0.076 0.073 0.077 0.007 0.070 0.081 0.074 0.078 0.081 0.071 
 11 COPE-0011   (14)   :  0.013 0.013 0.013 0.013 0.014 0.013 0.014 0.832 0.011 0.013 0.012 0.013 0.014 0.013 
 12 COPE-0012   (14)   :  0.069 0.077 0.072 0.073 0.074 0.074 0.082 0.006 0.082 0.088 0.075 0.073 0.074 0.080 
 13 COPE-0013    (0)   :  0.073 0.081 0.067 0.076 0.085 0.076 0.078 0.006 0.069 0.086 0.074 0.076 0.077 0.076 
 14 COPE-0014    (0)   :  0.081 0.078 0.066 0.065 0.079 0.071 0.056 0.008 0.118 0.071 0.105 0.073 0.052 0.077 
 15 COPE-0015    (0)   :  0.080 0.078 0.071 0.070 0.078 0.073 0.066 0.007 0.101 0.073 0.093 0.074 0.065 0.072 
 16 COPE-0016    (0)   :  0.078 0.069 0.080 0.081 0.078 0.071 0.069 0.009 0.078 0.073 0.079 0.075 0.080 0.081 
 17 COPE-0017    (0)   :  0.039 0.037 0.034 0.034 0.037 0.035 0.031 0.525 0.048 0.034 0.046 0.035 0.030 0.036 
 18 COPE-0018    (0)   :  0.078 0.074 0.078 0.078 0.078 0.077 0.078 0.007 0.070 0.081 0.067 0.077 0.082 0.075 
 19 COPE-0019    (0)   :  0.075 0.076 0.074 0.080 0.081 0.077 0.077 0.006 0.071 0.084 0.070 0.076 0.077 0.075 
 20 COPE-0020    (0)   :  0.078 0.075 0.078 0.077 0.075 0.071 0.073 0.006 0.071 0.077 0.073 0.083 0.078 0.084 
 21 COPE-0021    (0)   :  0.087 0.076 0.080 0.075 0.077 0.072 0.074 0.006 0.084 0.072 0.084 0.069 0.080 0.064 
 22 COPE-0022    (0)   :  0.073 0.081 0.072 0.076 0.075 0.079 0.083 0.006 0.079 0.079 0.070 0.068 0.075 0.085 
 23 COPE-0023    (0)   :  0.075 0.075 0.078 0.078 0.081 0.074 0.077 0.008 0.062 0.079 0.065 0.082 0.083 0.083 
 24 COPE-0024   (14)   :  0.085 0.073 0.080 0.081 0.076 0.073 0.078 0.006 0.076 0.070 0.080 0.069 0.088 0.064 
 25 COPE-0025    (0)   :  0.066 0.072 0.076 0.071 0.068 0.071 0.068 0.037 0.060 0.073 0.059 0.096 0.074 0.110 
 26 COPE-0026    (0)   :  0.076 0.075 0.082 0.080 0.078 0.076 0.078 0.005 0.076 0.074 0.075 0.077 0.078 0.070 
 27 COPE-0027    (0)   :  0.074 0.078 0.071 0.079 0.079 0.080 0.079 0.006 0.072 0.082 0.073 0.074 0.076 0.076 
 28 COPE-0028    (0)   :  0.075 0.072 0.078 0.079 0.075 0.073 0.072 0.005 0.075 0.074 0.072 0.085 0.077 0.088 
 29 COPE-0029    (0)   :  0.082 0.070 0.082 0.082 0.074 0.069 0.071 0.005 0.082 0.070 0.081 0.076 0.080 0.077 
 30 COPE-0030   (14)   :  0.024 0.024 0.025 0.024 0.024 0.024 0.024 0.687 0.022 0.025 0.022 0.025 0.025 0.025 
 31 COPE-0031    (0)   :  0.077 0.076 0.079 0.077 0.077 0.075 0.079 0.009 0.080 0.075 0.075 0.076 0.073 0.072 
 32 COPE-0032    (0)   :  0.076 0.073 0.078 0.080 0.078 0.073 0.076 0.008 0.064 0.076 0.063 0.085 0.080 0.090 
 33 COPE-0033    (0)   :  0.077 0.070 0.078 0.078 0.078 0.074 0.079 0.010 0.067 0.080 0.067 0.081 0.076 0.084 
 34 COPE-0034    (0)   :  0.071 0.077 0.077 0.072 0.078 0.084 0.078 0.009 0.074 0.076 0.082 0.076 0.077 0.069 
 35 COPE-0035   (14)   :  0.075 0.075 0.077 0.077 0.073 0.076 0.076 0.007 0.068 0.077 0.068 0.084 0.077 0.089 
 36 COPE-0036   (14)   :  0.090 0.078 0.080 0.073 0.068 0.069 0.076 0.006 0.085 0.076 0.091 0.071 0.078 0.060 
 37 COPE-0037    (0)   :  0.079 0.074 0.075 0.080 0.075 0.075 0.076 0.024 0.071 0.071 0.073 0.072 0.079 0.075 
 38 COPE-0038    (0)   :  0.077 0.078 0.076 0.083 0.075 0.077 0.079 0.006 0.079 0.074 0.071 0.073 0.076 0.077 
 39 COPE-0039    (0)   :  0.066 0.071 0.073 0.074 0.073 0.074 0.072 0.036 0.063 0.074 0.066 0.090 0.076 0.091 
 40 COPE-0040   (14)   :  0.070 0.074 0.070 0.072 0.071 0.071 0.069 0.069 0.068 0.072 0.066 0.077 0.070 0.081 
 41 COPE-0041    (0)   :  0.073 0.077 0.072 0.075 0.076 0.073 0.074 0.024 0.069 0.080 0.068 0.080 0.077 0.083 
 42 COPE-0042    (0)   :  0.076 0.071 0.077 0.080 0.078 0.076 0.080 0.009 0.069 0.079 0.068 0.078 0.076 0.082 
 43 COPE-0043    (0)   :  0.076 0.077 0.078 0.077 0.078 0.077 0.074 0.005 0.074 0.077 0.074 0.078 0.077 0.080 
 44 COPE-0044    (0)   :  0.064 0.080 0.073 0.072 0.078 0.091 0.088 0.011 0.064 0.081 0.069 0.078 0.079 0.073 
 45 COPE-0045    (0)   :  0.065 0.078 0.072 0.069 0.074 0.084 0.083 0.032 0.067 0.081 0.069 0.077 0.077 0.073 
 46 COPE-0046    (0)   :  0.022 0.023 0.023 0.024 0.024 0.024 0.022 0.703 0.022 0.022 0.022 0.023 0.023 0.024 
 47 COPE-0047    (0)   :  0.007 0.007 0.007 0.007 0.007 0.007 0.007 0.904 0.007 0.007 0.007 0.007 0.007 0.007 
 48 COPE-0048    (0)   :  0.082 0.068 0.074 0.077 0.076 0.075 0.086 0.006 0.072 0.082 0.069 0.078 0.074 0.082 
 49 COPE-0049    (0)   :  0.069 0.077 0.078 0.072 0.072 0.080 0.076 0.016 0.064 0.079 0.068 0.084 0.077 0.089 
 50 COPE-0050    (0)   :  0.067 0.077 0.077 0.079 0.081 0.084 0.081 0.007 0.066 0.075 0.071 0.077 0.080 0.078 
 51 COPE-0051    (0)   :  0.074 0.069 0.074 0.070 0.073 0.075 0.073 0.095 0.067 0.068 0.065 0.068 0.073 0.056 
 52 COPE-0052    (0)   :  0.081 0.078 0.068 0.066 0.078 0.073 0.057 0.010 0.117 0.069 0.105 0.072 0.054 0.072 
 53 COPE-0053    (0)   :  0.079 0.067 0.079 0.083 0.076 0.069 0.064 0.007 0.085 0.066 0.088 0.077 0.080 0.077 
 54 COPE-0054    (0)   :  0.091 0.077 0.083 0.076 0.068 0.067 0.083 0.005 0.084 0.073 0.087 0.067 0.082 0.056 
 55 COPE-0055    (0)   :  0.072 0.081 0.071 0.075 0.073 0.076 0.082 0.005 0.084 0.082 0.073 0.068 0.076 0.083 
 56 COPE-0056    (0)   :  0.070 0.077 0.071 0.072 0.072 0.077 0.079 0.014 0.075 0.087 0.073 0.077 0.075 0.082 
 57 COPE-0057    (0)   :  0.073 0.077 0.073 0.076 0.077 0.073 0.076 0.009 0.071 0.084 0.070 0.081 0.074 0.087 
 58 COPE-0058    (0)   :  0.076 0.077 0.079 0.075 0.075 0.075 0.076 0.009 0.068 0.080 0.072 0.077 0.081 0.079 
 59 COPE-0059    (0)   :  0.070 0.075 0.074 0.083 0.078 0.085 0.077 0.016 0.065 0.066 0.071 0.077 0.076 0.088 
 60 COPE-0060    (0)   :  0.077 0.074 0.077 0.080 0.081 0.073 0.073 0.006 0.073 0.075 0.076 0.077 0.078 0.079 
 61 COPE-0061    (0)   :  0.077 0.070 0.077 0.083 0.078 0.071 0.066 0.010 0.082 0.071 0.083 0.077 0.079 0.078 
 62 COPE-0062    (0)   :  0.085 0.079 0.072 0.070 0.076 0.072 0.066 0.008 0.105 0.070 0.098 0.070 0.064 0.065 
 63 COPE-0063    (0)   :  0.068 0.077 0.069 0.069 0.067 0.074 0.081 0.021 0.086 0.090 0.075 0.068 0.073 0.082 
 64 COPE-0064    (0)   :  0.073 0.076 0.081 0.079 0.080 0.082 0.079 0.008 0.069 0.073 0.072 0.076 0.077 0.075 
 65 COPE-0065    (0)   :  0.006 0.006 0.006 0.006 0.006 0.006 0.006 0.921 0.006 0.006 0.006 0.006 0.006 0.006 
 66 COPE-0066    (0)   :  0.076 0.071 0.074 0.081 0.075 0.072 0.078 0.017 0.068 0.081 0.069 0.083 0.076 0.081 
 67 COPE-0067   (14)   :  0.029 0.027 0.029 0.028 0.028 0.028 0.029 0.630 0.026 0.029 0.025 0.031 0.028 0.033 
 68 COPE-0068    (0)   :  0.069 0.075 0.074 0.080 0.081 0.081 0.076 0.012 0.067 0.074 0.071 0.077 0.079 0.083 
 69 COPE-0069   (14)   :  0.074 0.079 0.076 0.079 0.078 0.078 0.071 0.009 0.081 0.069 0.083 0.074 0.071 0.078 
 70 COPE-0070    (0)   :  0.076 0.079 0.080 0.072 0.078 0.083 0.082 0.011 0.067 0.077 0.071 0.077 0.079 0.069 
 71 COPE-0071    (0)   :  0.076 0.075 0.081 0.079 0.073 0.070 0.070 0.004 0.071 0.076 0.071 0.089 0.076 0.089 
 72 COPE-0072    (0)   :  0.073 0.078 0.076 0.079 0.081 0.081 0.076 0.006 0.073 0.073 0.077 0.076 0.074 0.077 
 73 COPE-0073   (14)   :  0.036 0.030 0.034 0.032 0.029 0.029 0.031 0.592 0.033 0.029 0.036 0.029 0.033 0.027 
 74 COPE-0074    (0)   :  0.081 0.072 0.074 0.076 0.074 0.074 0.081 0.008 0.071 0.079 0.069 0.080 0.076 0.084 
 75 COPE-0075    (0)   :  0.082 0.074 0.080 0.076 0.079 0.082 0.083 0.010 0.072 0.075 0.070 0.074 0.077 0.065 
 76 COPE-0076    (0)   :  0.075 0.077 0.073 0.072 0.074 0.072 0.078 0.006 0.089 0.081 0.083 0.073 0.072 0.075 
 77 COPE-0077   (14)   :  0.072 0.076 0.079 0.082 0.080 0.078 0.078 0.008 0.069 0.076 0.068 0.075 0.079 0.080 
 78 COPE-0078   (14)   :  0.079 0.076 0.081 0.074 0.074 0.078 0.082 0.008 0.073 0.076 0.077 0.073 0.080 0.068 
 79 COPE-0079    (0)   :  0.061 0.088 0.078 0.061 0.079 0.102 0.092 0.008 0.054 0.082 0.073 0.078 0.080 0.063 
 80 COPE-0080   (42)   :  0.017 0.018 0.017 0.017 0.018 0.017 0.017 0.772 0.018 0.018 0.017 0.018 0.017 0.018 
 81 COPE-0081   (14)   :  0.044 0.045 0.045 0.046 0.044 0.044 0.046 0.411 0.045 0.046 0.044 0.047 0.045 0.049 
 82 COPE-0082   (14)   :  0.070 0.073 0.075 0.071 0.070 0.075 0.076 0.043 0.070 0.080 0.070 0.075 0.077 0.074 
 83 COPE-0083   (14)   :  0.087 0.082 0.057 0.058 0.077 0.070 0.045 0.005 0.146 0.068 0.129 0.070 0.037 0.069 
 84 COPE-0084    (0)   :  0.066 0.056 0.067 0.069 0.062 0.057 0.052 0.183 0.068 0.056 0.069 0.063 0.067 0.067 
 85 COPE-0085    (0)   :  0.068 0.079 0.077 0.070 0.075 0.082 0.081 0.009 0.065 0.079 0.070 0.082 0.078 0.082 
 86 COPE-0086    (0)   :  0.076 0.076 0.082 0.078 0.073 0.074 0.069 0.017 0.069 0.075 0.070 0.080 0.082 0.080 
 87 COPE-0087   (14)   :  0.078 0.071 0.078 0.080 0.081 0.073 0.072 0.007 0.075 0.075 0.076 0.076 0.079 0.077 
 88 COPE-0088   (14)   :  0.076 0.076 0.079 0.074 0.076 0.079 0.073 0.023 0.071 0.076 0.073 0.074 0.077 0.073 
 89 COPE-0089   (14)   :  0.007 0.007 0.007 0.007 0.007 0.008 0.008 0.903 0.007 0.008 0.007 0.007 0.007 0.008 
 90 COPE-0090    (0)   :  0.074 0.079 0.073 0.076 0.073 0.076 0.083 0.008 0.078 0.080 0.069 0.073 0.077 0.081 
 91 COPE-0091   (14)   :  0.081 0.072 0.074 0.075 0.081 0.072 0.066 0.005 0.091 0.073 0.089 0.075 0.069 0.075 
 92 COPE-0092   (28)   :  0.018 0.020 0.020 0.019 0.020 0.021 0.020 0.745 0.017 0.019 0.018 0.021 0.020 0.022 
 93 COPE-0093    (0)   :  0.068 0.078 0.068 0.068 0.067 0.075 0.084 0.005 0.091 0.094 0.079 0.067 0.074 0.082 
 94 COPE-0094    (0)   :  0.058 0.087 0.075 0.061 0.080 0.102 0.092 0.024 0.052 0.081 0.070 0.077 0.078 0.062 
 95 COPE-0095    (0)   :  0.078 0.071 0.079 0.083 0.077 0.071 0.068 0.005 0.082 0.070 0.083 0.076 0.079 0.078 
 96 COPE-0096    (0)   :  0.077 0.073 0.079 0.075 0.078 0.075 0.069 0.009 0.086 0.072 0.080 0.075 0.073 0.078 
 97 COPE-0097    (0)   :  0.080 0.076 0.076 0.076 0.078 0.073 0.070 0.007 0.090 0.073 0.088 0.076 0.073 0.066 
 98 COPE-0098    (0)   :  0.075 0.078 0.077 0.074 0.077 0.077 0.080 0.009 0.081 0.076 0.078 0.075 0.072 0.070 
 99 COPE-0099    (0)   :  0.068 0.076 0.073 0.077 0.072 0.075 0.073 0.019 0.060 0.071 0.063 0.093 0.076 0.105 
100 COPE-0100    (0)   :  0.073 0.077 0.073 0.076 0.076 0.073 0.077 0.007 0.072 0.081 0.071 0.081 0.077 0.085 
101 COPE-0101    (0)   :  0.069 0.072 0.069 0.075 0.072 0.077 0.078 0.046 0.065 0.080 0.067 0.077 0.076 0.078 
102 COPE-0102    (0)   :  0.076 0.078 0.073 0.075 0.078 0.078 0.078 0.005 0.074 0.083 0.071 0.078 0.078 0.076 
103 COPE-0103    (0)   :  0.074 0.080 0.074 0.066 0.077 0.083 0.076 0.014 0.082 0.076 0.085 0.075 0.070 0.069 
104 COPE-0104   (14)   :  0.078 0.072 0.074 0.078 0.074 0.075 0.077 0.006 0.075 0.082 0.072 0.079 0.075 0.084 
105 COPE-0105    (0)   :  0.073 0.076 0.079 0.078 0.077 0.075 0.072 0.034 0.073 0.073 0.071 0.077 0.081 0.060 
106 COPE-0106    (0)   :  0.105 0.079 0.089 0.076 0.065 0.063 0.085 0.004 0.082 0.067 0.095 0.060 0.089 0.041 
107 COPE-0107    (0)   :  0.019 0.020 0.018 0.020 0.018 0.019 0.020 0.754 0.019 0.020 0.018 0.018 0.019 0.021 
108 COPE-0108    (0)   :  0.078 0.077 0.076 0.076 0.078 0.075 0.074 0.006 0.087 0.074 0.080 0.078 0.071 0.070 
109 COPE-0109    (0)   :  0.064 0.079 0.077 0.074 0.080 0.089 0.086 0.011 0.060 0.078 0.068 0.080 0.080 0.074 
110 COPE-0110   (14)   :  0.079 0.075 0.079 0.076 0.076 0.073 0.073 0.012 0.074 0.074 0.077 0.077 0.079 0.076 
111 COPE-0111    (0)   :  0.085 0.078 0.080 0.073 0.076 0.072 0.074 0.008 0.081 0.073 0.084 0.069 0.078 0.069 
112 COPE-0112   (14)   :  0.082 0.071 0.071 0.074 0.076 0.075 0.083 0.008 0.078 0.082 0.072 0.077 0.069 0.082 
113 COPE-0113    (0)   :  0.071 0.076 0.074 0.075 0.076 0.076 0.076 0.014 0.070 0.082 0.071 0.081 0.074 0.083 
114 COPE-0114    (0)   :  0.087 0.077 0.081 0.076 0.068 0.069 0.081 0.009 0.079 0.073 0.085 0.073 0.080 0.062 
115 COPE-0115    (0)   :  0.024 0.024 0.023 0.023 0.025 0.024 0.021 0.685 0.030 0.023 0.030 0.024 0.022 0.024 
116 COPE-0116   (28)   :  0.011 0.011 0.011 0.011 0.011 0.011 0.011 0.853 0.010 0.011 0.011 0.012 0.011 0.013 
117 COPE-0117    (0)   :  0.077 0.069 0.079 0.083 0.078 0.070 0.065 0.009 0.084 0.068 0.086 0.077 0.079 0.077 
118 COPE-0118    (0)   :  0.096 0.077 0.082 0.074 0.070 0.067 0.075 0.010 0.091 0.067 0.100 0.064 0.077 0.051 
119 COPE-0119    (0)   :  0.083 0.077 0.078 0.076 0.077 0.071 0.076 0.012 0.087 0.074 0.078 0.072 0.075 0.064 
120 COPE-0120    (0)   :  0.070 0.078 0.077 0.081 0.080 0.084 0.083 0.010 0.062 0.075 0.068 0.077 0.079 0.076 
121 COPE-0121    (0)   :  0.071 0.070 0.076 0.071 0.075 0.072 0.066 0.044 0.079 0.070 0.077 0.079 0.067 0.082 
122 COPE-0122    (0)   :  0.076 0.076 0.079 0.079 0.082 0.075 0.077 0.007 0.065 0.081 0.070 0.076 0.081 0.075 
123 COPE-0123    (0)   :  0.075 0.073 0.078 0.078 0.078 0.074 0.079 0.017 0.063 0.080 0.066 0.078 0.080 0.082 
124 COPE-0124    (0)   :  0.073 0.077 0.079 0.079 0.078 0.073 0.075 0.011 0.061 0.079 0.061 0.083 0.083 0.087 
125 COPE-0125    (0)   :  0.081 0.074 0.079 0.076 0.066 0.069 0.083 0.006 0.081 0.080 0.083 0.075 0.079 0.068 
126 COPE-0126    (0)   :  0.077 0.068 0.080 0.083 0.078 0.071 0.065 0.011 0.083 0.067 0.086 0.075 0.080 0.076 
127 COPE-0127   (14)   :  0.074 0.077 0.078 0.077 0.079 0.075 0.074 0.006 0.076 0.075 0.076 0.080 0.081 0.070 
128 COPE-0128    (0)   :  0.074 0.077 0.078 0.077 0.073 0.073 0.072 0.015 0.066 0.076 0.067 0.086 0.076 0.089 
129 COPE-0129    (0)   :  0.071 0.082 0.079 0.068 0.078 0.087 0.083 0.006 0.064 0.081 0.072 0.079 0.081 0.069 
130 COPE-0130    (0)   :  0.069 0.075 0.077 0.080 0.080 0.081 0.078 0.013 0.068 0.074 0.070 0.076 0.078 0.081 
131 COPE-0131   (14)   :  0.083 0.080 0.063 0.068 0.079 0.073 0.059 0.007 0.116 0.071 0.105 0.071 0.052 0.072 
132 COPE-0132   (14)   :  0.081 0.070 0.073 0.084 0.074 0.069 0.076 0.032 0.077 0.066 0.077 0.070 0.082 0.069 
133 COPE-0133    (0)   :  0.079 0.069 0.080 0.081 0.075 0.073 0.065 0.008 0.082 0.068 0.083 0.077 0.080 0.080 
134 COPE-0134    (0)   :  0.076 0.077 0.077 0.078 0.078 0.075 0.079 0.007 0.067 0.078 0.074 0.078 0.080 0.076 
135 COPE-0135    (0)   :  0.073 0.076 0.073 0.076 0.072 0.076 0.078 0.007 0.075 0.083 0.072 0.077 0.078 0.084 
136 COPE-0136    (0)   :  0.013 0.013 0.013 0.013 0.013 0.013 0.013 0.829 0.012 0.013 0.013 0.013 0.013 0.013 
137 COPE-0137    (0)   :  0.075 0.078 0.070 0.076 0.079 0.072 0.078 0.011 0.068 0.084 0.069 0.081 0.079 0.082 
138 COPE-0138   (14)   :  0.010 0.009 0.009 0.009 0.009 0.009 0.009 0.881 0.009 0.009 0.009 0.009 0.009 0.009 
139 COPE-0139    (0)   :  0.068 0.078 0.074 0.073 0.075 0.071 0.070 0.007 0.067 0.078 0.067 0.094 0.075 0.104 
140 COPE-0140   (14)   :  0.023 0.023 0.023 0.024 0.023 0.022 0.022 0.698 0.021 0.023 0.021 0.026 0.023 0.028 
141 COPE-0141    (0)   :  0.069 0.078 0.071 0.071 0.069 0.076 0.082 0.008 0.080 0.090 0.076 0.075 0.076 0.080 
142 COPE-0142    (0)   :  0.073 0.077 0.073 0.074 0.074 0.074 0.080 0.009 0.081 0.085 0.075 0.073 0.075 0.076 
143 COPE-0143    (0)   :  0.074 0.073 0.076 0.078 0.074 0.076 0.073 0.008 0.078 0.076 0.079 0.076 0.079 0.079 
144 COPE-0144   (14)   :  0.065 0.070 0.072 0.071 0.069 0.077 0.073 0.080 0.058 0.072 0.062 0.076 0.073 0.082 
145 COPE-0145   (14)   :  0.050 0.063 0.064 0.061 0.053 0.056 0.053 0.191 0.046 0.056 0.047 0.093 0.060 0.108 
146 COPE-0146   (14)   :  0.076 0.072 0.079 0.077 0.074 0.074 0.073 0.026 0.073 0.075 0.073 0.075 0.077 0.077 
147 COPE-0147    (0)   :  0.064 0.076 0.071 0.069 0.071 0.077 0.079 0.071 0.063 0.076 0.063 0.070 0.074 0.075 
148 COPE-0148    (0)   :  0.079 0.069 0.079 0.082 0.075 0.073 0.069 0.008 0.080 0.069 0.083 0.075 0.081 0.077 
149 COPE-0149    (0)   :  0.075 0.075 0.073 0.079 0.085 0.074 0.076 0.006 0.074 0.081 0.074 0.076 0.076 0.076 
150 COPE-0150    (0)   :  0.085 0.066 0.073 0.078 0.077 0.075 0.088 0.007 0.069 0.083 0.066 0.079 0.072 0.083 
151 COPE-0151    (0)   :  0.071 0.075 0.077 0.078 0.071 0.070 0.072 0.006 0.070 0.076 0.070 0.088 0.075 0.099 
152 COPE-0152   (14)   :  0.064 0.069 0.066 0.067 0.063 0.068 0.072 0.123 0.068 0.073 0.061 0.068 0.067 0.072 
153 COPE-0153    (0)   :  0.076 0.079 0.078 0.077 0.078 0.078 0.078 0.006 0.074 0.077 0.072 0.079 0.073 0.076 
154 COPE-0154    (0)   :  0.076 0.076 0.077 0.077 0.076 0.075 0.077 0.006 0.077 0.080 0.073 0.075 0.078 0.078 
155 COPE-0155    (0)   :  0.077 0.078 0.077 0.079 0.073 0.075 0.075 0.005 0.067 0.081 0.067 0.082 0.078 0.086 
156 COPE-0156   (14)   :  0.009 0.009 0.009 0.009 0.009 0.009 0.009 0.881 0.009 0.009 0.009 0.009 0.009 0.009 
157 COPE-0157   (14)   :  0.055 0.061 0.060 0.057 0.055 0.060 0.064 0.219 0.057 0.064 0.055 0.064 0.058 0.070 
158 COPE-0158    (0)   :  0.078 0.071 0.080 0.081 0.081 0.074 0.071 0.009 0.077 0.074 0.077 0.072 0.078 0.079 
159 COPE-0159    (0)   :  0.075 0.077 0.079 0.082 0.077 0.078 0.080 0.007 0.072 0.075 0.071 0.074 0.077 0.078 
160 COPE-0160    (0)   :  0.073 0.077 0.078 0.073 0.075 0.081 0.079 0.007 0.068 0.081 0.070 0.078 0.081 0.078 
161 COPE-0161    (0)   :  0.073 0.079 0.071 0.071 0.077 0.080 0.077 0.012 0.075 0.080 0.074 0.078 0.073 0.079 
162 COPE-0162   (14)   :  0.007 0.007 0.007 0.007 0.007 0.007 0.007 0.906 0.007 0.007 0.007 0.007 0.007 0.007 
163 COPE-0163   (28)   :  0.012 0.012 0.012 0.012 0.012 0.012 0.012 0.842 0.012 0.012 0.012 0.012 0.012 0.012 
164 COPE-0164    (0)   :  0.074 0.075 0.076 0.077 0.073 0.075 0.075 0.023 0.068 0.078 0.062 0.081 0.078 0.084 
165 COPE-0165    (0)   :  0.073 0.079 0.076 0.080 0.080 0.079 0.075 0.008 0.069 0.077 0.069 0.079 0.076 0.080 
166 COPE-0166   (14)   :  0.076 0.078 0.077 0.077 0.080 0.077 0.079 0.008 0.067 0.076 0.073 0.076 0.083 0.073 
167 COPE-0167    (0)   :  0.078 0.078 0.083 0.070 0.073 0.081 0.083 0.008 0.068 0.078 0.075 0.072 0.083 0.069 
168 COPE-0168    (0)   :  0.077 0.073 0.080 0.080 0.078 0.075 0.072 0.006 0.078 0.074 0.075 0.074 0.077 0.082 
169 COPE-0169    (0)   :  0.070 0.078 0.075 0.081 0.083 0.082 0.077 0.010 0.067 0.074 0.072 0.074 0.078 0.081 
170 COPE-0170    (0)   :  0.070 0.078 0.069 0.073 0.068 0.071 0.071 0.021 0.082 0.076 0.075 0.080 0.070 0.094 
171 COPE-0171    (0)   :  0.073 0.076 0.077 0.076 0.072 0.072 0.073 0.007 0.077 0.072 0.072 0.084 0.075 0.095 
172 COPE-0172    (0)   :  0.077 0.075 0.079 0.079 0.079 0.076 0.076 0.007 0.074 0.078 0.070 0.079 0.079 0.073 
173 COPE-0173   (14)   :  0.066 0.074 0.074 0.082 0.077 0.083 0.076 0.051 0.060 0.067 0.066 0.073 0.074 0.079 
174 COPE-0174   (28)   :  0.076 0.073 0.076 0.076 0.075 0.078 0.078 0.012 0.071 0.078 0.070 0.075 0.075 0.085 
175 COPE-0175    (0)   :  0.073 0.073 0.080 0.076 0.072 0.075 0.074 0.038 0.067 0.074 0.065 0.076 0.077 0.081 
176 COPE-0176    (0)   :  0.079 0.081 0.078 0.070 0.071 0.076 0.084 0.008 0.079 0.079 0.084 0.069 0.078 0.064 
177 COPE-0177    (0)   :  0.074 0.077 0.071 0.079 0.082 0.078 0.077 0.007 0.069 0.082 0.069 0.077 0.077 0.080 
178 COPE-0178    (0)   :  0.104 0.078 0.087 0.077 0.064 0.063 0.085 0.007 0.082 0.067 0.096 0.062 0.088 0.041 
179 COPE-0179    (0)   :  0.072 0.078 0.076 0.077 0.076 0.076 0.076 0.009 0.068 0.080 0.069 0.083 0.078 0.085 
180 COPE-0180   (14)   :  0.073 0.077 0.074 0.081 0.083 0.085 0.078 0.006 0.068 0.073 0.072 0.075 0.077 0.079 
181 COPE-0181   (14)   :  0.073 0.078 0.071 0.077 0.083 0.075 0.078 0.008 0.070 0.085 0.072 0.077 0.077 0.077 
182 COPE-0182    (0)   :  0.077 0.077 0.080 0.081 0.078 0.076 0.081 0.005 0.077 0.074 0.071 0.078 0.083 0.063 
183 COPE-0183    (0)   :  0.076 0.074 0.080 0.076 0.078 0.076 0.077 0.010 0.071 0.079 0.069 0.077 0.080 0.077 
184 COPE-0184    (0)   :  0.078 0.077 0.079 0.074 0.080 0.083 0.079 0.009 0.071 0.073 0.076 0.073 0.083 0.065 
185 COPE-0185    (0)   :  0.074 0.080 0.076 0.077 0.076 0.076 0.079 0.006 0.080 0.076 0.073 0.072 0.074 0.080 
186 COPE-0186    (0)   :  0.085 0.081 0.064 0.062 0.078 0.071 0.053 0.005 0.131 0.070 0.118 0.070 0.046 0.068 
187 COPE-0187    (0)   :  0.076 0.078 0.078 0.074 0.077 0.082 0.080 0.009 0.077 0.082 0.075 0.073 0.077 0.065 
188 COPE-0188    (0)   :  0.029 0.025 0.027 0.027 0.027 0.028 0.030 0.643 0.026 0.029 0.024 0.028 0.027 0.029 
189 COPE-0189    (0)   :  0.075 0.077 0.070 0.075 0.080 0.074 0.078 0.007 0.075 0.081 0.076 0.079 0.075 0.079 
190 COPE-0190    (0)   :  0.063 0.082 0.074 0.071 0.080 0.092 0.087 0.012 0.061 0.079 0.070 0.079 0.080 0.070 
191 COPE-0191    (0)   :  0.078 0.078 0.068 0.071 0.080 0.076 0.068 0.010 0.091 0.075 0.089 0.074 0.065 0.076 
192 COPE-0192   (14)   :  0.011 0.011 0.009 0.009 0.011 0.010 0.009 0.864 0.014 0.010 0.013 0.010 0.008 0.011 
193 COPE-0193    (0)   :  0.080 0.072 0.080 0.079 0.075 0.073 0.075 0.006 0.077 0.074 0.075 0.078 0.081 0.075 
194 COPE-0194    (0)   :  0.076 0.072 0.077 0.080 0.073 0.072 0.075 0.008 0.070 0.078 0.069 0.086 0.076 0.087 
195 COPE-0195    (0)   :  0.079 0.072 0.076 0.077 0.075 0.076 0.081 0.006 0.071 0.080 0.066 0.082 0.078 0.084 
196 COPE-0196    (0)   :  0.073 0.081 0.073 0.078 0.075 0.079 0.077 0.010 0.071 0.075 0.072 0.078 0.074 0.082 
197 COPE-0197    (0)   :  0.074 0.078 0.075 0.082 0.078 0.080 0.077 0.007 0.066 0.076 0.071 0.077 0.078 0.080 
198 COPE-0198    (0)   :  0.074 0.075 0.074 0.091 0.078 0.083 0.076 0.011 0.072 0.065 0.075 0.070 0.076 0.081 
199 COPE-0199    (0)   :  0.074 0.077 0.072 0.078 0.081 0.078 0.078 0.012 0.069 0.083 0.070 0.075 0.075 0.077 
200 COPE-0200   (42)   :  0.071 0.077 0.074 0.078 0.082 0.080 0.076 0.009 0.069 0.079 0.071 0.076 0.078 0.080 
201 COPE-0201    (0)   :  0.074 0.078 0.074 0.075 0.076 0.075 0.074 0.008 0.088 0.076 0.082 0.074 0.071 0.074 
202 COPE-0202    (0)   :  0.064 0.084 0.075 0.069 0.079 0.092 0.091 0.011 0.063 0.081 0.071 0.076 0.076 0.069 
203 COPE-0203    (0)   :  0.077 0.076 0.074 0.082 0.076 0.076 0.079 0.006 0.074 0.076 0.072 0.075 0.079 0.079 
204 COPE-0204    (0)   :  0.088 0.076 0.082 0.077 0.067 0.065 0.077 0.025 0.077 0.070 0.085 0.073 0.083 0.056 
205 COPE-0205    (0)   :  0.077 0.071 0.079 0.080 0.076 0.072 0.075 0.019 0.075 0.075 0.070 0.079 0.078 0.075 
206 COPE-0206    (0)   :  0.082 0.075 0.082 0.076 0.075 0.069 0.073 0.005 0.076 0.072 0.075 0.080 0.078 0.080 
207 COPE-0207    (0)   :  0.090 0.076 0.076 0.081 0.073 0.068 0.078 0.011 0.081 0.069 0.080 0.068 0.084 0.066 
208 COPE-0208    (0)   :  0.026 0.029 0.030 0.029 0.028 0.028 0.028 0.624 0.026 0.028 0.026 0.033 0.029 0.037 
209 COPE-0209    (0)   :  0.075 0.077 0.076 0.081 0.078 0.077 0.075 0.006 0.073 0.075 0.072 0.079 0.074 0.083 
210 COPE-0210    (0)   :  0.080 0.068 0.078 0.079 0.079 0.073 0.074 0.008 0.078 0.075 0.076 0.074 0.075 0.082 
211 COPE-0211    (0)   :  0.082 0.068 0.073 0.079 0.075 0.076 0.086 0.005 0.070 0.081 0.067 0.080 0.072 0.086 
212 COPE-0212    (0)   :  0.085 0.074 0.076 0.082 0.075 0.071 0.078 0.011 0.078 0.069 0.079 0.070 0.083 0.070 
213 COPE-0213    (0)   :  0.078 0.078 0.079 0.079 0.074 0.075 0.076 0.008 0.071 0.076 0.073 0.077 0.080 0.077 
214 COPE-0214    (0)   :  0.067 0.077 0.077 0.087 0.083 0.093 0.080 0.008 0.063 0.065 0.072 0.070 0.078 0.078 
215 COPE-0215    (0)   :  0.068 0.072 0.070 0.078 0.078 0.079 0.074 0.059 0.062 0.071 0.066 0.073 0.073 0.077 
216 COPE-0216   (14)   :  0.052 0.050 0.053 0.052 0.052 0.051 0.048 0.333 0.051 0.050 0.052 0.052 0.052 0.054 
217 COPE-0217    (0)   :  0.085 0.074 0.080 0.076 0.073 0.072 0.079 0.027 0.073 0.069 0.076 0.069 0.085 0.063 
218 COPE-0218    (0)   :  0.075 0.076 0.077 0.083 0.078 0.078 0.074 0.008 0.072 0.074 0.070 0.078 0.077 0.080 
219 COPE-0219   (14)   :  0.071 0.076 0.078 0.082 0.082 0.082 0.078 0.008 0.067 0.074 0.072 0.074 0.077 0.079 
220 COPE-0220    (0)   :  0.090 0.076 0.083 0.076 0.073 0.069 0.080 0.013 0.075 0.071 0.081 0.067 0.088 0.057 
221 COPE-0221    (0)   :  0.074 0.081 0.070 0.082 0.069 0.077 0.080 0.016 0.081 0.079 0.072 0.066 0.073 0.083 
222 COPE-0222    (0)   :  0.076 0.073 0.078 0.080 0.078 0.073 0.072 0.006 0.085 0.071 0.081 0.073 0.076 0.078 
223 COPE-0223    (0)   :  0.072 0.077 0.075 0.081 0.083 0.076 0.075 0.007 0.064 0.081 0.068 0.081 0.078 0.081 
224 COPE-0224    (0)   :  0.062 0.086 0.077 0.061 0.079 0.099 0.092 0.019 0.055 0.081 0.073 0.075 0.079 0.062 
225 COPE-0225    (0)   :  0.067 0.076 0.076 0.087 0.083 0.094 0.080 0.013 0.064 0.064 0.073 0.069 0.078 0.077 
226 COPE-0226    (0)   :  0.076 0.075 0.077 0.076 0.073 0.077 0.080 0.006 0.076 0.079 0.077 0.074 0.077 0.076 
227 COPE-0227    (0)   :  0.075 0.077 0.078 0.079 0.078 0.082 0.076 0.005 0.075 0.070 0.078 0.075 0.075 0.074 
228 COPE-0228    (0)   :  0.083 0.075 0.080 0.076 0.071 0.071 0.077 0.016 0.070 0.074 0.075 0.076 0.083 0.073 
229 COPE-0229    (0)   :  0.075 0.075 0.079 0.078 0.077 0.077 0.080 0.006 0.071 0.078 0.076 0.075 0.080 0.072 
230 COPE-0230    (0)   :  0.079 0.076 0.077 0.072 0.067 0.072 0.084 0.009 0.082 0.083 0.084 0.073 0.078 0.064 
231 COPE-0231    (0)   :  0.079 0.077 0.076 0.080 0.076 0.076 0.075 0.006 0.072 0.079 0.072 0.077 0.078 0.077 
232 COPE-0232    (0)   :  0.069 0.081 0.076 0.070 0.077 0.086 0.083 0.015 0.064 0.081 0.073 0.074 0.081 0.069 
233 COPE-0233    (0)   :  0.078 0.076 0.080 0.080 0.077 0.076 0.081 0.005 0.075 0.075 0.071 0.077 0.077 0.072 
234 COPE-0234    (0)   :  0.070 0.078 0.082 0.075 0.077 0.077 0.078 0.008 0.059 0.080 0.063 0.086 0.081 0.086 
235 COPE-0235    (0)   :  0.075 0.076 0.079 0.080 0.084 0.073 0.078 0.006 0.064 0.082 0.067 0.078 0.083 0.076 
236 COPE-0236    (0)   :  0.089 0.076 0.080 0.075 0.062 0.066 0.085 0.005 0.088 0.078 0.092 0.070 0.079 0.055 
237 COPE-0237    (0)   :  0.077 0.078 0.079 0.083 0.076 0.079 0.079 0.006 0.079 0.071 0.075 0.074 0.074 0.072 
238 COPE-0238    (0)   :  0.076 0.076 0.070 0.081 0.085 0.076 0.075 0.009 0.069 0.082 0.071 0.077 0.075 0.077 
239 COPE-0239    (0)   :  0.071 0.076 0.077 0.070 0.074 0.079 0.075 0.037 0.068 0.077 0.072 0.075 0.076 0.072 
240 COPE-0240    (0)   :  0.080 0.071 0.082 0.081 0.078 0.074 0.071 0.008 0.078 0.072 0.078 0.072 0.081 0.076 
241 COPE-0241    (0)   :  0.073 0.081 0.067 0.077 0.084 0.076 0.079 0.006 0.069 0.085 0.074 0.076 0.078 0.076 
242 COPE-0242    (0)   :  0.087 0.077 0.080 0.075 0.076 0.071 0.075 0.006 0.084 0.075 0.080 0.071 0.077 0.065 
243 COPE-0243    (0)   :  0.077 0.076 0.079 0.079 0.082 0.080 0.079 0.007 0.071 0.076 0.073 0.076 0.080 0.064 
244 COPE-0244    (0)   :  0.074 0.077 0.078 0.080 0.079 0.080 0.075 0.009 0.067 0.078 0.068 0.079 0.080 0.076 
245 COPE-0245    (0)   :  0.079 0.075 0.078 0.078 0.078 0.078 0.081 0.010 0.073 0.076 0.068 0.077 0.079 0.070 
246 COPE-0246    (0)   :  0.074 0.077 0.075 0.073 0.077 0.081 0.078 0.012 0.075 0.077 0.076 0.075 0.073 0.077 
247 COPE-0247    (0)   :  0.071 0.078 0.074 0.081 0.078 0.076 0.079 0.014 0.076 0.074 0.069 0.071 0.075 0.084 
248 COPE-0248    (0)   :  0.075 0.074 0.079 0.080 0.074 0.072 0.078 0.005 0.076 0.074 0.071 0.084 0.080 0.078 
249 COPE-0249    (0)   :  0.063 0.079 0.076 0.072 0.077 0.089 0.084 0.025 0.059 0.077 0.066 0.078 0.079 0.077 
250 COPE-0250    (0)   :  0.076 0.077 0.078 0.076 0.078 0.079 0.082 0.017 0.063 0.077 0.071 0.073 0.083 0.070 
251 COPE-0251   (14)   :  0.028 0.030 0.029 0.029 0.029 0.029 0.030 0.628 0.029 0.027 0.027 0.027 0.028 0.031 
252 COPE-0252    (0)   :  0.067 0.084 0.077 0.069 0.079 0.092 0.085 0.010 0.061 0.079 0.073 0.077 0.079 0.068 
253 COPE-0253    (0)   :  0.070 0.077 0.070 0.072 0.073 0.075 0.081 0.007 0.086 0.087 0.076 0.070 0.073 0.083 
254 COPE-0254    (0)   :  0.076 0.079 0.081 0.077 0.081 0.079 0.076 0.015 0.074 0.075 0.074 0.075 0.083 0.057 
255 COPE-0255    (0)   :  0.073 0.076 0.073 0.080 0.074 0.079 0.077 0.020 0.073 0.077 0.071 0.073 0.076 0.077 
256 COPE-0256    (0)   :  0.082 0.070 0.083 0.081 0.076 0.072 0.069 0.010 0.079 0.072 0.079 0.070 0.082 0.075 
257 COPE-0257    (0)   :  0.086 0.081 0.059 0.060 0.078 0.070 0.049 0.007 0.138 0.069 0.122 0.071 0.041 0.069 
258 COPE-0258    (0)   :  0.076 0.076 0.074 0.074 0.074 0.074 0.071 0.013 0.083 0.072 0.077 0.082 0.068 0.085 
259 COPE-0259    (0)   :  0.080 0.073 0.080 0.079 0.074 0.072 0.075 0.005 0.073 0.077 0.076 0.078 0.080 0.075 
260 COPE-0260    (0)   :  0.074 0.074 0.072 0.078 0.082 0.077 0.074 0.021 0.067 0.077 0.071 0.077 0.078 0.077 
261 COPE-0261    (0)   :  0.081 0.078 0.083 0.080 0.076 0.073 0.076 0.006 0.079 0.073 0.080 0.075 0.084 0.055 
262 COPE-0262    (0)   :  0.076 0.073 0.081 0.081 0.075 0.074 0.067 0.016 0.073 0.073 0.077 0.077 0.082 0.074 
263 COPE-0263    (0)   :  0.075 0.078 0.077 0.075 0.078 0.076 0.073 0.007 0.082 0.074 0.079 0.075 0.072 0.079 
264 COPE-0264    (0)   :  0.083 0.078 0.065 0.065 0.077 0.070 0.059 0.017 0.111 0.071 0.099 0.075 0.056 0.075 
265 COPE-0265    (0)   :  0.072 0.075 0.075 0.079 0.075 0.073 0.076 0.011 0.076 0.078 0.072 0.080 0.078 0.080 
266 COPE-0266    (0)   :  0.081 0.075 0.080 0.077 0.074 0.072 0.077 0.017 0.069 0.073 0.071 0.078 0.082 0.076 
267 COPE-0267    (0)   :  0.078 0.076 0.081 0.080 0.075 0.078 0.084 0.006 0.073 0.075 0.071 0.075 0.080 0.068 
268 COPE-0268    (0)   :  0.079 0.076 0.080 0.082 0.074 0.077 0.082 0.013 0.076 0.074 0.069 0.075 0.077 0.066 
269 COPE-0269    (0)   :  0.077 0.074 0.076 0.075 0.077 0.074 0.067 0.006 0.083 0.075 0.083 0.079 0.070 0.083 
270 COPE-0270    (0)   :  0.084 0.067 0.072 0.078 0.079 0.076 0.087 0.006 0.070 0.083 0.068 0.078 0.072 0.079 
271 COPE-0271    (0)   :  0.077 0.075 0.075 0.078 0.084 0.074 0.076 0.007 0.074 0.076 0.078 0.076 0.075 0.075 
272 COPE-0272    (0)   :  0.074 0.077 0.076 0.073 0.072 0.077 0.079 0.007 0.074 0.083 0.074 0.076 0.079 0.079 
273 COPE-0273    (0)   :  0.083 0.072 0.076 0.084 0.074 0.071 0.078 0.015 0.077 0.068 0.076 0.070 0.085 0.069 
274 COPE-0274   (14)   :  0.026 0.022 0.024 0.025 0.024 0.024 0.027 0.679 0.024 0.025 0.022 0.026 0.024 0.027 
275 COPE-0275    (0)   :  0.077 0.075 0.074 0.081 0.078 0.076 0.081 0.009 0.066 0.076 0.069 0.078 0.076 0.084 
276 COPE-0276   (14)   :  0.007 0.007 0.007 0.007 0.007 0.007 0.007 0.914 0.007 0.007 0.007 0.007 0.007 0.007 
277 COPE-0277   (14)   :  0.085 0.071 0.080 0.077 0.072 0.069 0.070 0.013 0.088 0.071 0.087 0.071 0.075 0.072 
278 COPE-0278    (0)   :  0.100 0.079 0.088 0.077 0.068 0.065 0.083 0.007 0.079 0.068 0.090 0.060 0.090 0.047 
279 COPE-0279    (0)   :  0.080 0.078 0.081 0.078 0.074 0.072 0.075 0.009 0.072 0.077 0.075 0.074 0.082 0.073 
280 COPE-0280    (0)   :  0.012 0.012 0.012 0.012 0.012 0.012 0.012 0.844 0.012 0.012 0.012 0.012 0.012 0.012 
281 COPE-0281    (0)   :  0.027 0.030 0.031 0.030 0.030 0.034 0.031 0.600 0.025 0.030 0.027 0.036 0.032 0.037 
282 COPE-0282   (14)   :  0.060 0.088 0.078 0.061 0.080 0.103 0.095 0.006 0.053 0.085 0.073 0.077 0.080 0.062 
283 COPE-0283    (0)   :  0.089 0.077 0.084 0.074 0.072 0.068 0.078 0.007 0.077 0.071 0.081 0.069 0.084 0.068 
284 COPE-0284   (14)   :  0.070 0.077 0.073 0.077 0.075 0.069 0.073 0.030 0.062 0.076 0.066 0.085 0.076 0.092 
285 COPE-0285    (0)   :  0.027 0.027 0.026 0.027 0.028 0.026 0.025 0.645 0.030 0.028 0.029 0.028 0.026 0.027 
286 COPE-0286    (0)   :  0.071 0.076 0.076 0.072 0.071 0.071 0.077 0.008 0.064 0.075 0.061 0.097 0.074 0.108 
287 COPE-0287    (0)   :  0.077 0.077 0.081 0.079 0.075 0.075 0.081 0.025 0.074 0.071 0.070 0.074 0.075 0.066 
288 COPE-0288    (0)   :  0.075 0.081 0.071 0.083 0.071 0.077 0.080 0.010 0.078 0.077 0.072 0.068 0.075 0.082 
289 COPE-0289    (0)   :  0.075 0.075 0.073 0.077 0.079 0.073 0.073 0.007 0.085 0.077 0.083 0.075 0.074 0.076 
290 COPE-0290    (0)   :  0.079 0.072 0.071 0.077 0.078 0.075 0.084 0.007 0.070 0.083 0.071 0.079 0.075 0.079 
291 COPE-0291    (0)   :  0.078 0.077 0.073 0.073 0.078 0.073 0.065 0.005 0.091 0.073 0.086 0.080 0.065 0.083 
292 COPE-0292   (42)   :  0.015 0.015 0.015 0.015 0.015 0.015 0.015 0.807 0.014 0.015 0.014 0.015 0.015 0.016 
293 COPE-0293    (0)   :  0.073 0.075 0.073 0.073 0.070 0.074 0.082 0.008 0.081 0.087 0.077 0.073 0.077 0.076 
294 COPE-0294    (0)   :  0.072 0.074 0.080 0.077 0.076 0.076 0.076 0.011 0.064 0.079 0.066 0.084 0.082 0.084 
295 COPE-0295    (0)   :  0.076 0.076 0.078 0.073 0.079 0.081 0.080 0.007 0.072 0.075 0.077 0.075 0.082 0.067 
296 COPE-0296   (14)   :  0.079 0.074 0.074 0.083 0.075 0.076 0.079 0.006 0.074 0.075 0.071 0.074 0.079 0.082 
297 COPE-0297   (14)   :  0.067 0.077 0.073 0.078 0.078 0.081 0.072 0.034 0.065 0.070 0.069 0.079 0.074 0.083 
298 COPE-0298    (0)   :  0.070 0.078 0.073 0.070 0.072 0.080 0.084 0.009 0.075 0.089 0.074 0.076 0.078 0.073 
299 COPE-0299    (0)   :  0.076 0.074 0.079 0.082 0.076 0.074 0.074 0.006 0.076 0.080 0.074 0.079 0.078 0.070 
300 COPE-0300   (14)   :  0.078 0.073 0.082 0.080 0.078 0.075 0.076 0.007 0.077 0.072 0.076 0.075 0.078 0.072 
301 COPE-0301   (14)   :  0.069 0.079 0.069 0.069 0.068 0.076 0.083 0.008 0.089 0.091 0.077 0.066 0.073 0.082 
302 COPE-0302    (0)   :  0.065 0.064 0.065 0.070 0.070 0.066 0.058 0.137 0.075 0.059 0.075 0.067 0.065 0.066 
303 COPE-0303    (0)   :  0.093 0.077 0.081 0.077 0.067 0.066 0.082 0.006 0.081 0.074 0.091 0.068 0.084 0.052 
304 COPE-0304    (0)   :  0.077 0.077 0.077 0.078 0.076 0.078 0.080 0.007 0.072 0.081 0.067 0.077 0.081 0.071 
305 COPE-0305   (14)   :  0.072 0.076 0.073 0.071 0.074 0.077 0.071 0.032 0.075 0.074 0.075 0.078 0.071 0.080 
306 COPE-0306    (0)   :  0.098 0.077 0.081 0.077 0.068 0.064 0.079 0.010 0.085 0.069 0.090 0.067 0.084 0.052 
307 COPE-0307   (28)   :  0.008 0.008 0.008 0.008 0.008 0.008 0.008 0.895 0.008 0.008 0.008 0.008 0.008 0.008 
308 COPE-0308    (0)   :  0.064 0.084 0.077 0.065 0.077 0.094 0.090 0.006 0.061 0.086 0.074 0.076 0.078 0.068 
309 COPE-0309   (14)   :  0.031 0.034 0.035 0.034 0.033 0.035 0.033 0.556 0.030 0.034 0.030 0.039 0.035 0.041 
310 COPE-0310   (28)   :  0.040 0.039 0.029 0.029 0.037 0.034 0.024 0.527 0.063 0.033 0.057 0.034 0.021 0.034 
311 COPE-0311    (0)   :  0.073 0.077 0.074 0.074 0.071 0.072 0.067 0.018 0.082 0.071 0.075 0.084 0.067 0.096 
312 COPE-0312   (28)   :  0.014 0.013 0.013 0.013 0.012 0.012 0.013 0.833 0.013 0.012 0.014 0.013 0.013 0.012 
313 COPE-0313    (0)   :  0.084 0.077 0.073 0.075 0.077 0.071 0.072 0.009 0.092 0.074 0.086 0.073 0.071 0.067 
314 COPE-0314    (0)   :  0.078 0.077 0.080 0.080 0.077 0.076 0.081 0.007 0.077 0.074 0.070 0.077 0.078 0.068 
315 COPE-0315    (0)   :  0.078 0.078 0.075 0.076 0.080 0.076 0.076 0.008 0.082 0.078 0.079 0.073 0.070 0.072 
316 COPE-0316    (0)   :  0.075 0.074 0.077 0.078 0.074 0.072 0.073 0.019 0.068 0.073 0.071 0.085 0.077 0.084 
317 COPE-0317   (14)   :  0.009 0.009 0.009 0.009 0.009 0.009 0.008 0.887 0.009 0.008 0.009 0.009 0.008 0.009 
318 COPE-0318    (0)   :  0.076 0.075 0.076 0.077 0.078 0.074 0.076 0.005 0.075 0.081 0.073 0.079 0.079 0.075 
319 COPE-0319    (0)   :  0.073 0.080 0.081 0.073 0.078 0.085 0.083 0.006 0.063 0.080 0.070 0.078 0.077 0.073 
320 COPE-0320   (14)   :  0.073 0.078 0.074 0.075 0.074 0.080 0.084 0.015 0.072 0.079 0.069 0.069 0.076 0.082 
321 COPE-0321   (14)   :  0.080 0.078 0.072 0.077 0.075 0.073 0.071 0.011 0.090 0.072 0.085 0.074 0.068 0.074 
322 COPE-0322   (14)   :  0.077 0.076 0.075 0.079 0.082 0.074 0.077 0.006 0.068 0.081 0.071 0.077 0.081 0.075 
323 COPE-0323    (0)   :  0.086 0.081 0.057 0.059 0.077 0.070 0.047 0.008 0.142 0.068 0.126 0.070 0.039 0.069 
