

----------------------------------------------------
STRUCTURE by Pritchard, Stephens and Donnelly (2000)
     and Falush, Stephens and Pritchard (2003)
       Code by Pritchard, Falush and Hubisz
             Version 2.3.4 (Jul 2012)
----------------------------------------------------



Command line arguments:   /home/jason/Programs/structure -K 10 -i ../Data/microsats.structure -m Structure_Run/mainparams -e Structure_Run/extraparams -D 51163946 -o ../Structure_Results/10_K_10.out 
Input File:    ../Data/microsats.structure

Run parameters:
   384 individuals
   7 loci
   10 populations assumed
   1000000 Burn-in period
   10000000 Reps
RANDOMIZE turned off


--------------------------------------------
Overall proportion of membership of the
sample in each of the 10 clusters

Inferred Clusters
  1      2      3      4      5      6      7      8      9     10    
0.098  0.099  0.099  0.099  0.099  0.099  0.112  0.099  0.099  0.098  

--------------------------------------------

Allele-freq. divergence among pops (Net nucleotide distance),
computed using point estimates of P.

      1       2       3       4       5       6       7       8       9      10      
 1      -    0.0001  0.0002  0.0001  0.0001  0.0002  0.1646  0.0001  0.0001  0.0000  
 2   0.0001     -    0.0001  0.0001  0.0001  0.0002  0.1644  0.0001  0.0001  0.0001  
 3   0.0002  0.0001     -    0.0001  0.0003  0.0001  0.1633  0.0001  0.0001  0.0003  
 4   0.0001  0.0001  0.0001     -    0.0002  0.0001  0.1638  0.0001  0.0000  0.0002  
 5   0.0001  0.0001  0.0003  0.0002     -    0.0002  0.1639  0.0001  0.0001  0.0001  
 6   0.0002  0.0002  0.0001  0.0001  0.0002     -    0.1637  0.0001  0.0001  0.0003  
 7   0.1646  0.1644  0.1633  0.1638  0.1639  0.1637     -    0.1642  0.1637  0.1651  
 8   0.0001  0.0001  0.0001  0.0001  0.0001  0.0001  0.1642     -    0.0001  0.0002  
 9   0.0001  0.0001  0.0001  0.0000  0.0001  0.0001  0.1637  0.0001     -    0.0001  
10   0.0000  0.0001  0.0003  0.0002  0.0001  0.0003  0.1651  0.0002  0.0001     -    

Average distances (expected heterozygosity) between individuals in same cluster:
cluster  1  : 0.6222 
cluster  2  : 0.6229 
cluster  3  : 0.6281 
cluster  4  : 0.6267 
cluster  5  : 0.6236 
cluster  6  : 0.6272 
cluster  7  : 0.6398 
cluster  8  : 0.6248 
cluster  9  : 0.6265 
cluster 10  : 0.6214 

--------------------------------------------
Estimated Ln Prob of Data   = -9059.1
Mean value of ln likelihood = -7741.9
Variance of ln likelihood   = 2634.4
Mean value of alpha         = 0.0483

Mean value of Fst_1         = 0.0945
Mean value of Fst_2         = 0.0900
Mean value of Fst_3         = 0.0870
Mean value of Fst_4         = 0.0874
Mean value of Fst_5         = 0.0916
Mean value of Fst_6         = 0.0867
Mean value of Fst_7         = 0.1921
Mean value of Fst_8         = 0.0883
Mean value of Fst_9         = 0.0895
Mean value of Fst_10         = 0.0950


Inferred ancestry of individuals:
        Label (%Miss) :  Inferred clusters
  1 COPE-0001    (0)   :  0.009 0.009 0.008 0.008 0.009 0.008 0.923 0.009 0.008 0.009 
  2 COPE-0002    (0)   :  0.105 0.100 0.118 0.115 0.115 0.113 0.011 0.101 0.118 0.104 
  3 COPE-0003    (0)   :  0.105 0.118 0.113 0.107 0.108 0.114 0.007 0.118 0.111 0.099 
  4 COPE-0004    (0)   :  0.100 0.106 0.117 0.121 0.110 0.109 0.012 0.097 0.127 0.102 
  5 COPE-0005    (0)   :  0.110 0.101 0.110 0.118 0.102 0.105 0.021 0.103 0.123 0.105 
  6 COPE-0006    (0)   :  0.104 0.105 0.112 0.117 0.107 0.115 0.018 0.108 0.112 0.101 
  7 COPE-0007    (0)   :  0.113 0.107 0.101 0.117 0.112 0.102 0.007 0.102 0.118 0.122 
  8 COPE-0008    (0)   :  0.129 0.120 0.112 0.094 0.118 0.090 0.008 0.106 0.097 0.127 
  9 COPE-0009    (0)   :  0.108 0.104 0.114 0.106 0.114 0.120 0.017 0.104 0.110 0.103 
 10 COPE-0010    (0)   :  0.092 0.111 0.119 0.122 0.100 0.119 0.007 0.128 0.104 0.097 
 11 COPE-0011   (14)   :  0.012 0.013 0.014 0.015 0.013 0.014 0.880 0.012 0.015 0.012 
 12 COPE-0012   (14)   :  0.122 0.119 0.122 0.100 0.106 0.103 0.007 0.107 0.100 0.113 
 13 COPE-0013    (0)   :  0.103 0.126 0.115 0.103 0.109 0.120 0.006 0.114 0.109 0.095 
 14 COPE-0014    (0)   :  0.125 0.105 0.077 0.102 0.141 0.094 0.009 0.102 0.110 0.136 
 15 COPE-0015    (0)   :  0.120 0.108 0.091 0.105 0.125 0.102 0.007 0.108 0.107 0.126 
 16 COPE-0016    (0)   :  0.117 0.089 0.114 0.096 0.125 0.125 0.010 0.098 0.115 0.112 
 17 COPE-0017    (0)   :  0.046 0.041 0.038 0.041 0.050 0.041 0.609 0.040 0.043 0.049 
 18 COPE-0018    (0)   :  0.108 0.111 0.113 0.119 0.105 0.117 0.008 0.109 0.110 0.099 
 19 COPE-0019    (0)   :  0.109 0.119 0.112 0.110 0.112 0.115 0.006 0.112 0.109 0.097 
 20 COPE-0020    (0)   :  0.103 0.110 0.117 0.119 0.105 0.117 0.007 0.109 0.108 0.105 
 21 COPE-0021    (0)   :  0.111 0.110 0.101 0.115 0.103 0.107 0.006 0.112 0.109 0.125 
 22 COPE-0022    (0)   :  0.130 0.121 0.117 0.094 0.114 0.094 0.007 0.106 0.092 0.125 
 23 COPE-0023    (0)   :  0.096 0.107 0.123 0.120 0.107 0.118 0.008 0.110 0.113 0.098 
 24 COPE-0024   (14)   :  0.106 0.109 0.112 0.115 0.101 0.108 0.006 0.107 0.115 0.121 
 25 COPE-0025    (0)   :  0.092 0.103 0.116 0.112 0.097 0.117 0.057 0.106 0.105 0.095 
 26 COPE-0026    (0)   :  0.110 0.111 0.098 0.107 0.120 0.107 0.005 0.114 0.111 0.117 
 27 COPE-0027    (0)   :  0.112 0.126 0.112 0.102 0.113 0.110 0.006 0.112 0.107 0.101 
 28 COPE-0028    (0)   :  0.097 0.107 0.112 0.109 0.104 0.128 0.005 0.134 0.102 0.101 
 29 COPE-0029    (0)   :  0.119 0.093 0.110 0.100 0.124 0.121 0.005 0.101 0.113 0.114 
 30 COPE-0030   (14)   :  0.028 0.028 0.029 0.031 0.028 0.029 0.738 0.029 0.031 0.029 
 31 COPE-0031    (0)   :  0.123 0.114 0.096 0.102 0.126 0.098 0.010 0.109 0.100 0.123 
 32 COPE-0032    (0)   :  0.092 0.108 0.125 0.117 0.102 0.121 0.009 0.124 0.104 0.098 
 33 COPE-0033    (0)   :  0.097 0.109 0.120 0.113 0.104 0.117 0.011 0.120 0.107 0.101 
 34 COPE-0034    (0)   :  0.113 0.105 0.109 0.111 0.115 0.105 0.010 0.106 0.119 0.108 
 35 COPE-0035   (14)   :  0.096 0.109 0.118 0.112 0.101 0.124 0.007 0.129 0.103 0.100 
 36 COPE-0036   (14)   :  0.110 0.114 0.109 0.125 0.097 0.105 0.006 0.100 0.119 0.114 
 37 COPE-0037    (0)   :  0.103 0.111 0.110 0.111 0.104 0.109 0.023 0.110 0.108 0.110 
 38 COPE-0038    (0)   :  0.119 0.117 0.100 0.098 0.121 0.098 0.007 0.113 0.101 0.125 
 39 COPE-0039    (0)   :  0.096 0.105 0.113 0.109 0.104 0.110 0.061 0.099 0.107 0.097 
 40 COPE-0040   (14)   :  0.101 0.106 0.098 0.107 0.104 0.102 0.085 0.098 0.103 0.096 
 41 COPE-0041    (0)   :  0.101 0.110 0.116 0.113 0.108 0.114 0.028 0.104 0.109 0.096 
 42 COPE-0042    (0)   :  0.097 0.112 0.115 0.109 0.102 0.120 0.010 0.131 0.102 0.103 
 43 COPE-0043    (0)   :  0.110 0.095 0.117 0.106 0.115 0.120 0.005 0.104 0.118 0.111 
 44 COPE-0044    (0)   :  0.104 0.110 0.119 0.115 0.111 0.108 0.012 0.098 0.118 0.105 
 45 COPE-0045    (0)   :  0.104 0.106 0.118 0.110 0.107 0.109 0.033 0.101 0.109 0.102 
 46 COPE-0046    (0)   :  0.027 0.027 0.026 0.026 0.028 0.027 0.760 0.027 0.027 0.026 
 47 COPE-0047    (0)   :  0.007 0.007 0.008 0.008 0.007 0.008 0.933 0.008 0.008 0.007 
 48 COPE-0048    (0)   :  0.095 0.109 0.127 0.109 0.096 0.125 0.007 0.130 0.099 0.104 
 49 COPE-0049    (0)   :  0.105 0.103 0.119 0.117 0.102 0.117 0.016 0.110 0.114 0.097 
 50 COPE-0050    (0)   :  0.106 0.118 0.110 0.109 0.111 0.112 0.007 0.112 0.115 0.101 
 51 COPE-0051    (0)   :  0.082 0.096 0.105 0.097 0.084 0.121 0.105 0.136 0.090 0.085 
 52 COPE-0052    (0)   :  0.127 0.102 0.074 0.103 0.142 0.092 0.011 0.105 0.108 0.136 
 53 COPE-0053    (0)   :  0.120 0.086 0.114 0.097 0.128 0.126 0.008 0.099 0.114 0.109 
 54 COPE-0054    (0)   :  0.118 0.116 0.113 0.123 0.090 0.100 0.005 0.099 0.114 0.123 
 55 COPE-0055    (0)   :  0.132 0.122 0.121 0.090 0.113 0.091 0.005 0.107 0.089 0.130 
 56 COPE-0056    (0)   :  0.116 0.115 0.122 0.105 0.103 0.106 0.016 0.105 0.101 0.110 
 57 COPE-0057    (0)   :  0.105 0.116 0.122 0.116 0.105 0.112 0.010 0.106 0.107 0.101 
 58 COPE-0058    (0)   :  0.103 0.105 0.120 0.119 0.101 0.116 0.009 0.106 0.122 0.099 
 59 COPE-0059    (0)   :  0.109 0.125 0.101 0.107 0.108 0.106 0.018 0.116 0.111 0.099 
 60 COPE-0060    (0)   :  0.108 0.100 0.117 0.107 0.121 0.118 0.007 0.101 0.114 0.106 
 61 COPE-0061    (0)   :  0.117 0.093 0.113 0.099 0.124 0.126 0.010 0.103 0.111 0.105 
 62 COPE-0062    (0)   :  0.121 0.112 0.082 0.112 0.121 0.097 0.009 0.107 0.107 0.133 
 63 COPE-0063    (0)   :  0.132 0.117 0.124 0.089 0.106 0.090 0.024 0.106 0.088 0.124 
 64 COPE-0064    (0)   :  0.115 0.112 0.101 0.107 0.120 0.105 0.009 0.104 0.113 0.114 
 65 COPE-0065    (0)   :  0.006 0.006 0.006 0.006 0.006 0.006 0.946 0.006 0.006 0.006 
 66 COPE-0066    (0)   :  0.088 0.112 0.117 0.109 0.097 0.125 0.016 0.142 0.097 0.096 
 67 COPE-0067   (14)   :  0.025 0.027 0.030 0.029 0.025 0.032 0.746 0.031 0.027 0.026 
 68 COPE-0068    (0)   :  0.108 0.123 0.104 0.105 0.111 0.110 0.011 0.118 0.111 0.099 
 69 COPE-0069   (14)   :  0.118 0.115 0.098 0.108 0.118 0.099 0.011 0.108 0.107 0.118 
 70 COPE-0070    (0)   :  0.106 0.105 0.116 0.114 0.099 0.117 0.011 0.115 0.117 0.099 
 71 COPE-0071    (0)   :  0.094 0.112 0.114 0.116 0.098 0.122 0.005 0.137 0.104 0.099 
 72 COPE-0072    (0)   :  0.107 0.112 0.110 0.111 0.117 0.108 0.006 0.107 0.115 0.106 
 73 COPE-0073   (14)   :  0.041 0.035 0.039 0.038 0.039 0.040 0.653 0.034 0.041 0.040 
 74 COPE-0074    (0)   :  0.100 0.110 0.123 0.112 0.101 0.118 0.009 0.118 0.103 0.105 
 75 COPE-0075    (0)   :  0.091 0.105 0.119 0.106 0.092 0.132 0.012 0.147 0.101 0.095 
 76 COPE-0076    (0)   :  0.123 0.114 0.115 0.109 0.106 0.101 0.006 0.103 0.105 0.118 
 77 COPE-0077   (14)   :  0.109 0.111 0.109 0.109 0.111 0.111 0.008 0.111 0.114 0.107 
 78 COPE-0078   (14)   :  0.109 0.111 0.117 0.114 0.103 0.103 0.008 0.105 0.120 0.111 
 79 COPE-0079    (0)   :  0.105 0.099 0.119 0.123 0.104 0.109 0.008 0.099 0.137 0.097 
 80 COPE-0080   (42)   :  0.020 0.020 0.019 0.020 0.020 0.020 0.823 0.019 0.020 0.019 
 81 COPE-0081   (14)   :  0.064 0.064 0.064 0.059 0.061 0.059 0.447 0.062 0.058 0.064 
 82 COPE-0082   (14)   :  0.101 0.108 0.114 0.106 0.097 0.113 0.045 0.121 0.096 0.101 
 83 COPE-0083   (14)   :  0.134 0.109 0.059 0.103 0.150 0.083 0.005 0.100 0.108 0.149 
 84 COPE-0084    (0)   :  0.094 0.068 0.092 0.078 0.101 0.102 0.208 0.082 0.090 0.086 
 85 COPE-0085    (0)   :  0.106 0.106 0.119 0.116 0.106 0.116 0.010 0.105 0.118 0.099 
 86 COPE-0086    (0)   :  0.100 0.102 0.114 0.117 0.103 0.120 0.019 0.116 0.110 0.099 
 87 COPE-0087   (14)   :  0.110 0.095 0.118 0.104 0.119 0.124 0.007 0.106 0.113 0.104 
 88 COPE-0088   (14)   :  0.109 0.099 0.108 0.112 0.109 0.113 0.024 0.110 0.118 0.099 
 89 COPE-0089   (14)   :  0.008 0.008 0.008 0.007 0.008 0.007 0.932 0.008 0.007 0.008 
 90 COPE-0090    (0)   :  0.128 0.119 0.117 0.094 0.112 0.098 0.008 0.108 0.093 0.124 
 91 COPE-0091   (14)   :  0.115 0.097 0.110 0.102 0.127 0.116 0.006 0.102 0.112 0.114 
 92 COPE-0092   (28)   :  0.022 0.023 0.023 0.023 0.022 0.024 0.795 0.023 0.024 0.021 
 93 COPE-0093    (0)   :  0.139 0.120 0.127 0.091 0.107 0.089 0.006 0.104 0.089 0.127 
 94 COPE-0094    (0)   :  0.099 0.098 0.117 0.122 0.105 0.107 0.029 0.096 0.132 0.097 
 95 COPE-0095    (0)   :  0.121 0.093 0.112 0.097 0.128 0.122 0.005 0.102 0.109 0.111 
 96 COPE-0096    (0)   :  0.119 0.099 0.095 0.103 0.125 0.107 0.009 0.105 0.111 0.127 
 97 COPE-0097    (0)   :  0.107 0.110 0.099 0.110 0.106 0.117 0.007 0.137 0.101 0.104 
 98 COPE-0098    (0)   :  0.123 0.115 0.095 0.100 0.129 0.093 0.009 0.109 0.100 0.126 
 99 COPE-0099    (0)   :  0.101 0.117 0.111 0.115 0.106 0.111 0.021 0.111 0.110 0.096 
100 COPE-0100    (0)   :  0.106 0.112 0.119 0.108 0.106 0.118 0.007 0.114 0.107 0.103 
101 COPE-0101    (0)   :  0.098 0.109 0.115 0.105 0.099 0.109 0.045 0.122 0.095 0.101 
102 COPE-0102    (0)   :  0.105 0.108 0.119 0.113 0.104 0.120 0.006 0.112 0.113 0.099 
103 COPE-0103    (0)   :  0.112 0.105 0.100 0.115 0.114 0.103 0.016 0.102 0.120 0.113 
104 COPE-0104   (14)   :  0.104 0.115 0.116 0.109 0.105 0.116 0.007 0.124 0.097 0.107 
105 COPE-0105    (0)   :  0.092 0.106 0.106 0.107 0.090 0.127 0.036 0.148 0.096 0.091 
106 COPE-0106    (0)   :  0.112 0.117 0.107 0.133 0.082 0.099 0.005 0.097 0.123 0.126 
107 COPE-0107    (0)   :  0.022 0.021 0.021 0.018 0.020 0.018 0.820 0.020 0.018 0.022 
108 COPE-0108    (0)   :  0.115 0.114 0.094 0.108 0.119 0.105 0.006 0.115 0.104 0.120 
109 COPE-0109    (0)   :  0.101 0.107 0.117 0.117 0.109 0.110 0.011 0.102 0.123 0.102 
110 COPE-0110   (14)   :  0.109 0.105 0.113 0.113 0.105 0.112 0.013 0.103 0.118 0.108 
111 COPE-0111    (0)   :  0.111 0.108 0.106 0.115 0.107 0.109 0.009 0.101 0.114 0.120 
112 COPE-0112   (14)   :  0.100 0.110 0.124 0.107 0.101 0.121 0.010 0.124 0.098 0.106 
113 COPE-0113    (0)   :  0.104 0.116 0.112 0.109 0.112 0.111 0.018 0.105 0.108 0.104 
114 COPE-0114    (0)   :  0.113 0.117 0.110 0.123 0.094 0.104 0.009 0.101 0.114 0.115 
115 COPE-0115    (0)   :  0.030 0.025 0.024 0.026 0.032 0.026 0.754 0.026 0.028 0.029 
116 COPE-0116   (28)   :  0.010 0.011 0.011 0.011 0.011 0.011 0.904 0.011 0.011 0.010 
117 COPE-0117    (0)   :  0.122 0.087 0.112 0.097 0.128 0.126 0.010 0.099 0.111 0.107 
118 COPE-0118    (0)   :  0.117 0.118 0.096 0.124 0.100 0.096 0.009 0.096 0.114 0.129 
119 COPE-0119    (0)   :  0.115 0.110 0.092 0.113 0.113 0.100 0.010 0.107 0.110 0.130 
120 COPE-0120    (0)   :  0.100 0.112 0.114 0.114 0.109 0.111 0.011 0.108 0.119 0.103 
121 COPE-0121    (0)   :  0.113 0.103 0.094 0.103 0.112 0.099 0.056 0.100 0.105 0.116 
122 COPE-0122    (0)   :  0.100 0.106 0.120 0.119 0.110 0.115 0.008 0.109 0.115 0.098 
123 COPE-0123    (0)   :  0.099 0.107 0.121 0.117 0.103 0.114 0.016 0.112 0.110 0.100 
124 COPE-0124    (0)   :  0.099 0.107 0.118 0.122 0.103 0.115 0.012 0.106 0.118 0.098 
125 COPE-0125    (0)   :  0.113 0.114 0.120 0.116 0.098 0.109 0.007 0.112 0.107 0.106 
126 COPE-0126    (0)   :  0.122 0.090 0.110 0.096 0.127 0.125 0.012 0.102 0.109 0.107 
127 COPE-0127   (14)   :  0.108 0.106 0.111 0.113 0.101 0.123 0.007 0.126 0.108 0.097 
128 COPE-0128    (0)   :  0.099 0.108 0.116 0.122 0.101 0.111 0.018 0.105 0.114 0.105 
129 COPE-0129    (0)   :  0.106 0.106 0.116 0.121 0.099 0.114 0.006 0.107 0.129 0.096 
130 COPE-0130    (0)   :  0.112 0.118 0.105 0.107 0.110 0.108 0.013 0.114 0.110 0.104 
131 COPE-0131   (14)   :  0.124 0.115 0.078 0.106 0.133 0.092 0.008 0.103 0.108 0.132 
132 COPE-0132   (14)   :  0.104 0.111 0.105 0.110 0.098 0.098 0.038 0.106 0.108 0.122 
133 COPE-0133    (0)   :  0.119 0.084 0.116 0.097 0.126 0.127 0.009 0.098 0.116 0.109 
134 COPE-0134    (0)   :  0.100 0.109 0.122 0.119 0.105 0.112 0.007 0.106 0.120 0.099 
135 COPE-0135    (0)   :  0.107 0.115 0.122 0.108 0.103 0.109 0.008 0.121 0.098 0.108 
136 COPE-0136    (0)   :  0.013 0.013 0.013 0.013 0.013 0.014 0.881 0.013 0.013 0.013 
137 COPE-0137    (0)   :  0.100 0.114 0.121 0.112 0.107 0.122 0.012 0.108 0.110 0.094 
138 COPE-0138   (14)   :  0.009 0.009 0.009 0.010 0.009 0.009 0.918 0.009 0.009 0.009 
139 COPE-0139    (0)   :  0.102 0.116 0.118 0.113 0.108 0.119 0.007 0.110 0.111 0.097 
140 COPE-0140   (14)   :  0.022 0.024 0.025 0.024 0.023 0.025 0.786 0.024 0.024 0.022 
141 COPE-0141    (0)   :  0.127 0.115 0.122 0.101 0.105 0.101 0.008 0.105 0.100 0.116 
142 COPE-0142    (0)   :  0.121 0.114 0.122 0.108 0.102 0.102 0.009 0.104 0.104 0.115 
143 COPE-0143    (0)   :  0.117 0.097 0.119 0.103 0.114 0.118 0.009 0.103 0.111 0.108 
144 COPE-0144   (14)   :  0.088 0.089 0.101 0.099 0.099 0.098 0.163 0.081 0.097 0.086 
145 COPE-0145   (14)   :  0.068 0.077 0.088 0.085 0.075 0.084 0.295 0.077 0.081 0.069 
146 COPE-0146   (14)   :  0.117 0.105 0.111 0.105 0.109 0.113 0.028 0.106 0.102 0.105 
147 COPE-0147    (0)   :  0.104 0.103 0.112 0.105 0.103 0.098 0.070 0.096 0.108 0.103 
148 COPE-0148    (0)   :  0.118 0.089 0.113 0.100 0.126 0.122 0.009 0.098 0.116 0.110 
149 COPE-0149    (0)   :  0.107 0.112 0.116 0.106 0.113 0.117 0.007 0.111 0.111 0.099 
150 COPE-0150    (0)   :  0.088 0.108 0.129 0.108 0.094 0.131 0.008 0.138 0.098 0.099 
151 COPE-0151    (0)   :  0.114 0.109 0.120 0.108 0.112 0.115 0.007 0.104 0.106 0.105 
152 COPE-0152   (14)   :  0.107 0.100 0.105 0.089 0.095 0.090 0.126 0.093 0.089 0.105 
153 COPE-0153    (0)   :  0.109 0.110 0.104 0.110 0.116 0.104 0.006 0.108 0.117 0.117 
154 COPE-0154    (0)   :  0.117 0.113 0.117 0.113 0.105 0.110 0.007 0.103 0.107 0.109 
155 COPE-0155    (0)   :  0.104 0.111 0.119 0.120 0.105 0.114 0.006 0.107 0.111 0.103 
156 COPE-0156   (14)   :  0.009 0.009 0.009 0.009 0.009 0.009 0.919 0.009 0.009 0.009 
157 COPE-0157   (14)   :  0.086 0.087 0.093 0.080 0.082 0.078 0.253 0.078 0.080 0.084 
158 COPE-0158    (0)   :  0.117 0.094 0.110 0.097 0.124 0.122 0.009 0.100 0.115 0.112 
159 COPE-0159    (0)   :  0.113 0.114 0.112 0.104 0.114 0.101 0.008 0.107 0.111 0.117 
160 COPE-0160    (0)   :  0.104 0.106 0.118 0.116 0.099 0.114 0.007 0.111 0.123 0.102 
161 COPE-0161    (0)   :  0.106 0.108 0.120 0.112 0.110 0.112 0.012 0.106 0.110 0.104 
162 COPE-0162   (14)   :  0.007 0.007 0.007 0.007 0.007 0.007 0.937 0.007 0.007 0.007 
163 COPE-0163   (28)   :  0.013 0.013 0.013 0.013 0.013 0.013 0.882 0.013 0.013 0.013 
164 COPE-0164    (0)   :  0.107 0.109 0.111 0.113 0.104 0.118 0.028 0.108 0.104 0.098 
165 COPE-0165    (0)   :  0.107 0.114 0.112 0.111 0.108 0.114 0.008 0.116 0.111 0.100 
166 COPE-0166   (14)   :  0.101 0.105 0.122 0.119 0.103 0.113 0.008 0.106 0.122 0.099 
167 COPE-0167    (0)   :  0.109 0.108 0.115 0.123 0.097 0.111 0.008 0.103 0.121 0.106 
168 COPE-0168    (0)   :  0.117 0.099 0.107 0.099 0.123 0.114 0.006 0.102 0.112 0.121 
169 COPE-0169    (0)   :  0.109 0.125 0.103 0.105 0.113 0.112 0.011 0.116 0.109 0.099 
170 COPE-0170    (0)   :  0.120 0.113 0.109 0.101 0.113 0.094 0.027 0.101 0.099 0.123 
171 COPE-0171    (0)   :  0.118 0.109 0.106 0.105 0.115 0.103 0.008 0.103 0.109 0.124 
172 COPE-0172    (0)   :  0.107 0.108 0.107 0.112 0.109 0.116 0.007 0.118 0.109 0.107 
173 COPE-0173   (14)   :  0.102 0.116 0.101 0.104 0.104 0.103 0.059 0.107 0.108 0.096 
174 COPE-0174   (28)   :  0.113 0.109 0.117 0.106 0.114 0.109 0.015 0.101 0.105 0.110 
175 COPE-0175    (0)   :  0.104 0.095 0.108 0.107 0.110 0.111 0.040 0.101 0.117 0.106 
176 COPE-0176    (0)   :  0.118 0.115 0.115 0.112 0.102 0.099 0.009 0.099 0.112 0.120 
177 COPE-0177    (0)   :  0.107 0.120 0.114 0.115 0.111 0.115 0.007 0.109 0.107 0.095 
178 COPE-0178    (0)   :  0.111 0.118 0.107 0.134 0.082 0.100 0.007 0.096 0.123 0.122 
179 COPE-0179    (0)   :  0.102 0.112 0.117 0.116 0.107 0.116 0.009 0.112 0.109 0.100 
180 COPE-0180   (14)   :  0.105 0.124 0.108 0.107 0.111 0.112 0.006 0.120 0.110 0.096 
181 COPE-0181   (14)   :  0.102 0.119 0.115 0.112 0.110 0.115 0.009 0.111 0.111 0.097 
182 COPE-0182    (0)   :  0.104 0.111 0.102 0.105 0.110 0.117 0.005 0.131 0.105 0.111 
183 COPE-0183    (0)   :  0.111 0.110 0.112 0.117 0.105 0.111 0.011 0.110 0.107 0.106 
184 COPE-0184    (0)   :  0.107 0.103 0.115 0.116 0.102 0.112 0.009 0.109 0.124 0.103 
185 COPE-0185    (0)   :  0.124 0.117 0.101 0.098 0.121 0.097 0.007 0.106 0.100 0.129 
186 COPE-0186    (0)   :  0.131 0.108 0.068 0.106 0.142 0.088 0.005 0.103 0.105 0.143 
187 COPE-0187    (0)   :  0.101 0.111 0.117 0.104 0.096 0.122 0.010 0.141 0.098 0.100 
188 COPE-0188    (0)   :  0.024 0.025 0.029 0.026 0.025 0.030 0.763 0.028 0.025 0.024 
189 COPE-0189    (0)   :  0.104 0.115 0.116 0.108 0.109 0.116 0.008 0.116 0.107 0.101 
190 COPE-0190    (0)   :  0.097 0.105 0.117 0.120 0.111 0.114 0.014 0.106 0.117 0.098 
191 COPE-0191    (0)   :  0.116 0.110 0.103 0.108 0.124 0.106 0.011 0.102 0.107 0.112 
192 COPE-0192   (14)   :  0.012 0.011 0.009 0.010 0.012 0.010 0.903 0.010 0.010 0.012 
193 COPE-0193    (0)   :  0.114 0.102 0.111 0.108 0.114 0.121 0.006 0.104 0.109 0.111 
194 COPE-0194    (0)   :  0.091 0.108 0.117 0.110 0.097 0.127 0.009 0.143 0.098 0.100 
195 COPE-0195    (0)   :  0.100 0.107 0.122 0.113 0.104 0.125 0.006 0.115 0.107 0.101 
196 COPE-0196    (0)   :  0.104 0.108 0.111 0.112 0.112 0.107 0.011 0.109 0.113 0.111 
197 COPE-0197    (0)   :  0.107 0.116 0.113 0.114 0.109 0.112 0.007 0.109 0.113 0.100 
198 COPE-0198    (0)   :  0.111 0.122 0.101 0.101 0.116 0.101 0.013 0.115 0.106 0.113 
199 COPE-0199    (0)   :  0.105 0.127 0.111 0.108 0.109 0.111 0.012 0.112 0.109 0.095 
200 COPE-0200   (42)   :  0.107 0.120 0.108 0.108 0.111 0.112 0.009 0.115 0.111 0.098 
201 COPE-0201    (0)   :  0.119 0.114 0.104 0.105 0.112 0.104 0.009 0.113 0.104 0.116 
202 COPE-0202    (0)   :  0.109 0.107 0.117 0.108 0.113 0.101 0.013 0.101 0.120 0.111 
203 COPE-0203    (0)   :  0.114 0.114 0.115 0.106 0.110 0.106 0.006 0.107 0.107 0.113 
204 COPE-0204    (0)   :  0.101 0.110 0.106 0.122 0.086 0.112 0.030 0.118 0.111 0.103 
205 COPE-0205    (0)   :  0.112 0.100 0.111 0.104 0.114 0.119 0.022 0.104 0.107 0.107 
206 COPE-0206    (0)   :  0.107 0.113 0.108 0.119 0.098 0.107 0.005 0.107 0.115 0.121 
207 COPE-0207    (0)   :  0.109 0.115 0.104 0.119 0.096 0.100 0.011 0.103 0.113 0.129 
208 COPE-0208    (0)   :  0.029 0.030 0.030 0.030 0.031 0.031 0.731 0.029 0.030 0.030 
209 COPE-0209    (0)   :  0.110 0.117 0.107 0.111 0.112 0.110 0.006 0.111 0.107 0.109 
210 COPE-0210    (0)   :  0.113 0.096 0.110 0.100 0.120 0.120 0.011 0.105 0.112 0.114 
211 COPE-0211    (0)   :  0.091 0.109 0.125 0.109 0.097 0.131 0.005 0.135 0.099 0.099 
212 COPE-0212    (0)   :  0.109 0.113 0.108 0.112 0.102 0.102 0.012 0.106 0.112 0.125 
213 COPE-0213    (0)   :  0.104 0.115 0.111 0.120 0.101 0.109 0.008 0.109 0.115 0.109 
214 COPE-0214    (0)   :  0.111 0.128 0.100 0.103 0.112 0.108 0.008 0.119 0.112 0.099 
215 COPE-0215    (0)   :  0.101 0.122 0.103 0.104 0.106 0.105 0.049 0.115 0.105 0.091 
216 COPE-0216   (14)   :  0.067 0.062 0.070 0.068 0.071 0.072 0.386 0.065 0.071 0.067 
217 COPE-0217    (0)   :  0.106 0.112 0.106 0.121 0.090 0.102 0.028 0.102 0.116 0.118 
218 COPE-0218    (0)   :  0.108 0.111 0.108 0.109 0.113 0.113 0.009 0.114 0.110 0.106 
219 COPE-0219   (14)   :  0.110 0.119 0.106 0.106 0.113 0.112 0.009 0.112 0.109 0.103 
220 COPE-0220    (0)   :  0.107 0.114 0.108 0.126 0.089 0.105 0.014 0.104 0.116 0.117 
221 COPE-0221    (0)   :  0.125 0.120 0.115 0.090 0.114 0.091 0.016 0.108 0.095 0.126 
222 COPE-0222    (0)   :  0.128 0.103 0.109 0.095 0.127 0.109 0.007 0.104 0.101 0.118 
223 COPE-0223    (0)   :  0.097 0.118 0.118 0.117 0.110 0.116 0.007 0.114 0.111 0.091 
224 COPE-0224    (0)   :  0.105 0.099 0.117 0.120 0.103 0.108 0.019 0.097 0.133 0.098 
225 COPE-0225    (0)   :  0.110 0.128 0.100 0.103 0.112 0.107 0.014 0.117 0.111 0.098 
226 COPE-0226    (0)   :  0.115 0.109 0.116 0.107 0.116 0.108 0.007 0.099 0.109 0.114 
227 COPE-0227    (0)   :  0.117 0.117 0.091 0.108 0.124 0.101 0.006 0.106 0.110 0.120 
228 COPE-0228    (0)   :  0.102 0.111 0.113 0.125 0.095 0.109 0.019 0.101 0.116 0.110 
229 COPE-0229    (0)   :  0.111 0.116 0.114 0.108 0.109 0.109 0.007 0.106 0.114 0.107 
230 COPE-0230    (0)   :  0.118 0.112 0.121 0.114 0.101 0.107 0.010 0.102 0.109 0.105 
231 COPE-0231    (0)   :  0.107 0.112 0.113 0.115 0.110 0.118 0.006 0.110 0.109 0.100 
232 COPE-0232    (0)   :  0.101 0.107 0.116 0.122 0.105 0.111 0.015 0.101 0.124 0.099 
233 COPE-0233    (0)   :  0.118 0.114 0.104 0.102 0.124 0.101 0.005 0.111 0.103 0.119 
234 COPE-0234    (0)   :  0.104 0.102 0.119 0.124 0.102 0.112 0.008 0.103 0.123 0.102 
235 COPE-0235    (0)   :  0.100 0.110 0.119 0.121 0.107 0.115 0.006 0.111 0.117 0.096 
236 COPE-0236    (0)   :  0.117 0.115 0.117 0.119 0.095 0.106 0.005 0.103 0.114 0.109 
237 COPE-0237    (0)   :  0.117 0.116 0.091 0.101 0.130 0.094 0.006 0.111 0.106 0.129 
238 COPE-0238    (0)   :  0.107 0.122 0.111 0.109 0.115 0.116 0.008 0.115 0.106 0.091 
239 COPE-0239    (0)   :  0.108 0.101 0.112 0.114 0.104 0.109 0.034 0.102 0.119 0.097 
240 COPE-0240    (0)   :  0.116 0.092 0.105 0.099 0.128 0.117 0.008 0.102 0.114 0.117 
241 COPE-0241    (0)   :  0.103 0.128 0.113 0.103 0.110 0.119 0.007 0.115 0.109 0.094 
242 COPE-0242    (0)   :  0.116 0.109 0.098 0.118 0.108 0.102 0.006 0.104 0.112 0.127 
243 COPE-0243    (0)   :  0.091 0.107 0.115 0.112 0.099 0.127 0.008 0.145 0.101 0.097 
244 COPE-0244    (0)   :  0.101 0.114 0.110 0.115 0.104 0.118 0.009 0.121 0.113 0.096 
245 COPE-0245    (0)   :  0.094 0.108 0.115 0.107 0.099 0.128 0.012 0.137 0.100 0.101 
246 COPE-0246    (0)   :  0.110 0.107 0.112 0.112 0.116 0.110 0.013 0.101 0.112 0.107 
247 COPE-0247    (0)   :  0.119 0.115 0.108 0.098 0.113 0.097 0.016 0.112 0.103 0.118 
248 COPE-0248    (0)   :  0.099 0.113 0.106 0.111 0.108 0.119 0.005 0.129 0.104 0.107 
249 COPE-0249    (0)   :  0.100 0.107 0.112 0.116 0.108 0.109 0.030 0.100 0.120 0.097 
250 COPE-0250    (0)   :  0.103 0.104 0.120 0.122 0.098 0.108 0.016 0.101 0.125 0.103 
251 COPE-0251   (14)   :  0.035 0.033 0.029 0.028 0.034 0.028 0.718 0.031 0.028 0.036 
252 COPE-0252    (0)   :  0.102 0.100 0.119 0.118 0.108 0.114 0.012 0.104 0.124 0.101 
253 COPE-0253    (0)   :  0.134 0.120 0.123 0.091 0.112 0.093 0.008 0.106 0.089 0.125 
254 COPE-0254    (0)   :  0.102 0.106 0.109 0.111 0.094 0.127 0.014 0.141 0.103 0.092 
255 COPE-0255    (0)   :  0.107 0.114 0.110 0.103 0.105 0.107 0.024 0.122 0.101 0.107 
256 COPE-0256    (0)   :  0.117 0.090 0.110 0.100 0.123 0.123 0.010 0.099 0.114 0.113 
257 COPE-0257    (0)   :  0.130 0.108 0.070 0.105 0.143 0.086 0.008 0.099 0.108 0.143 
258 COPE-0258    (0)   :  0.112 0.109 0.095 0.111 0.120 0.103 0.019 0.109 0.105 0.118 
259 COPE-0259    (0)   :  0.104 0.112 0.112 0.116 0.106 0.114 0.006 0.116 0.109 0.105 
260 COPE-0260    (0)   :  0.103 0.118 0.108 0.111 0.111 0.112 0.024 0.113 0.108 0.092 
261 COPE-0261    (0)   :  0.099 0.109 0.106 0.116 0.093 0.126 0.006 0.146 0.103 0.095 
262 COPE-0262    (0)   :  0.100 0.098 0.113 0.111 0.107 0.126 0.019 0.121 0.107 0.098 
263 COPE-0263    (0)   :  0.119 0.109 0.084 0.104 0.132 0.099 0.008 0.106 0.109 0.132 
264 COPE-0264    (0)   :  0.118 0.109 0.086 0.109 0.127 0.095 0.019 0.103 0.106 0.127 
265 COPE-0265    (0)   :  0.112 0.113 0.115 0.104 0.109 0.113 0.011 0.117 0.099 0.109 
266 COPE-0266    (0)   :  0.098 0.111 0.111 0.122 0.094 0.111 0.018 0.109 0.114 0.112 
267 COPE-0267    (0)   :  0.108 0.111 0.111 0.107 0.114 0.105 0.006 0.111 0.113 0.116 
268 COPE-0268    (0)   :  0.113 0.110 0.093 0.104 0.128 0.098 0.013 0.108 0.106 0.126 
269 COPE-0269    (0)   :  0.114 0.102 0.107 0.108 0.126 0.110 0.006 0.098 0.112 0.117 
270 COPE-0270    (0)   :  0.089 0.109 0.126 0.107 0.097 0.130 0.007 0.139 0.098 0.098 
271 COPE-0271    (0)   :  0.105 0.107 0.119 0.111 0.116 0.114 0.007 0.108 0.113 0.101 
272 COPE-0272    (0)   :  0.115 0.113 0.120 0.110 0.101 0.108 0.007 0.109 0.107 0.111 
273 COPE-0273    (0)   :  0.105 0.117 0.108 0.112 0.097 0.100 0.016 0.109 0.110 0.126 
274 COPE-0274   (14)   :  0.021 0.023 0.025 0.023 0.021 0.027 0.788 0.027 0.022 0.022 
275 COPE-0275    (0)   :  0.101 0.111 0.118 0.112 0.105 0.114 0.010 0.111 0.113 0.104 
276 COPE-0276   (14)   :  0.006 0.006 0.006 0.006 0.006 0.006 0.943 0.006 0.006 0.006 
277 COPE-0277   (14)   :  0.120 0.092 0.107 0.101 0.121 0.116 0.013 0.096 0.117 0.117 
278 COPE-0278    (0)   :  0.110 0.114 0.109 0.131 0.084 0.102 0.007 0.097 0.121 0.124 
279 COPE-0279    (0)   :  0.106 0.110 0.115 0.122 0.100 0.111 0.009 0.104 0.117 0.106 
280 COPE-0280    (0)   :  0.013 0.013 0.013 0.013 0.013 0.013 0.884 0.013 0.013 0.013 
281 COPE-0281    (0)   :  0.028 0.033 0.033 0.033 0.030 0.032 0.719 0.031 0.032 0.029 
282 COPE-0282   (14)   :  0.105 0.101 0.120 0.123 0.103 0.108 0.006 0.098 0.138 0.098 
283 COPE-0283    (0)   :  0.110 0.112 0.108 0.124 0.093 0.105 0.007 0.100 0.117 0.122 
284 COPE-0284   (14)   :  0.098 0.115 0.114 0.113 0.107 0.113 0.035 0.105 0.109 0.091 
285 COPE-0285    (0)   :  0.032 0.030 0.030 0.031 0.032 0.031 0.721 0.031 0.030 0.031 
286 COPE-0286    (0)   :  0.095 0.109 0.123 0.115 0.101 0.123 0.010 0.114 0.113 0.098 
287 COPE-0287    (0)   :  0.112 0.105 0.086 0.103 0.127 0.095 0.031 0.104 0.108 0.128 
288 COPE-0288    (0)   :  0.121 0.120 0.118 0.094 0.112 0.094 0.010 0.109 0.100 0.123 
289 COPE-0289    (0)   :  0.121 0.106 0.109 0.103 0.118 0.111 0.008 0.110 0.104 0.111 
290 COPE-0290    (0)   :  0.093 0.115 0.121 0.107 0.099 0.127 0.008 0.132 0.100 0.098 
291 COPE-0291    (0)   :  0.115 0.110 0.101 0.110 0.121 0.105 0.006 0.106 0.110 0.116 
292 COPE-0292   (42)   :  0.014 0.015 0.015 0.015 0.014 0.015 0.869 0.015 0.015 0.014 
293 COPE-0293    (0)   :  0.125 0.118 0.121 0.099 0.106 0.100 0.008 0.113 0.093 0.116 
294 COPE-0294    (0)   :  0.101 0.108 0.116 0.124 0.104 0.114 0.012 0.107 0.116 0.099 
295 COPE-0295    (0)   :  0.110 0.103 0.119 0.115 0.102 0.111 0.007 0.106 0.123 0.103 
296 COPE-0296   (14)   :  0.110 0.115 0.118 0.104 0.107 0.107 0.007 0.113 0.103 0.115 
297 COPE-0297   (14)   :  0.104 0.121 0.104 0.103 0.105 0.111 0.036 0.115 0.106 0.094 
298 COPE-0298    (0)   :  0.113 0.111 0.122 0.110 0.108 0.108 0.010 0.103 0.105 0.109 
299 COPE-0299    (0)   :  0.094 0.112 0.111 0.108 0.098 0.126 0.006 0.151 0.098 0.097 
300 COPE-0300   (14)   :  0.117 0.099 0.101 0.102 0.127 0.110 0.008 0.103 0.113 0.120 
301 COPE-0301   (14)   :  0.139 0.120 0.125 0.087 0.111 0.088 0.009 0.107 0.086 0.129 
302 COPE-0302    (0)   :  0.093 0.081 0.079 0.086 0.098 0.087 0.211 0.091 0.085 0.089 
303 COPE-0303    (0)   :  0.110 0.117 0.112 0.128 0.091 0.103 0.006 0.098 0.122 0.111 
304 COPE-0304    (0)   :  0.110 0.108 0.113 0.112 0.103 0.119 0.007 0.115 0.111 0.102 
305 COPE-0305   (14)   :  0.107 0.101 0.105 0.111 0.119 0.105 0.036 0.092 0.112 0.112 
306 COPE-0306    (0)   :  0.109 0.117 0.104 0.128 0.086 0.101 0.009 0.101 0.120 0.125 
307 COPE-0307   (28)   :  0.008 0.008 0.008 0.008 0.008 0.008 0.927 0.008 0.008 0.008 
308 COPE-0308    (0)   :  0.109 0.106 0.122 0.116 0.101 0.106 0.006 0.102 0.131 0.103 
309 COPE-0309   (14)   :  0.040 0.042 0.046 0.043 0.043 0.044 0.616 0.043 0.042 0.040 
310 COPE-0310   (28)   :  0.053 0.044 0.028 0.042 0.057 0.035 0.601 0.040 0.043 0.058 
311 COPE-0311    (0)   :  0.114 0.106 0.093 0.111 0.120 0.098 0.022 0.105 0.110 0.121 
312 COPE-0312   (28)   :  0.013 0.013 0.013 0.014 0.012 0.013 0.884 0.012 0.013 0.013 
313 COPE-0313    (0)   :  0.109 0.115 0.093 0.116 0.108 0.100 0.009 0.109 0.113 0.129 
314 COPE-0314    (0)   :  0.111 0.111 0.096 0.106 0.117 0.109 0.007 0.118 0.104 0.121 
315 COPE-0315    (0)   :  0.111 0.118 0.102 0.111 0.112 0.104 0.008 0.109 0.113 0.112 
316 COPE-0316    (0)   :  0.095 0.111 0.117 0.117 0.101 0.116 0.021 0.120 0.105 0.097 
317 COPE-0317   (14)   :  0.009 0.008 0.008 0.009 0.009 0.008 0.922 0.009 0.009 0.009 
318 COPE-0318    (0)   :  0.101 0.114 0.111 0.114 0.108 0.115 0.005 0.118 0.110 0.104 
319 COPE-0319    (0)   :  0.107 0.105 0.114 0.116 0.107 0.110 0.007 0.108 0.125 0.101 
320 COPE-0320   (14)   :  0.123 0.115 0.118 0.103 0.112 0.102 0.015 0.101 0.099 0.113 
321 COPE-0321   (14)   :  0.115 0.112 0.088 0.108 0.123 0.098 0.011 0.113 0.104 0.128 
322 COPE-0322   (14)   :  0.101 0.116 0.114 0.115 0.110 0.117 0.006 0.114 0.112 0.095 
323 COPE-0323    (0)   :  0.133 0.110 0.058 0.103 0.149 0.082 0.008 0.100 0.108 0.149 
324 COPE-0324    (0)   :  0.113 0.125 0.102 0.105 0.112 0.111 0.006 0.115 0.109 0.103 
325 COPE-0325   (14)   :  0.122 0.083 0.108 0.093 0.132 0.122 0.011 0.096 0.116 0.118 
326 COPE-0326    (0)   :  0.118 0.117 0.120 0.106 0.100 0.097 0.007 0.106 0.112 0.115 
327 COPE-0327   (14)   :  0.124 0.120 0.124 0.097 0.110 0.100 0.008 0.107 0.094 0.117 
328 COPE-0328    (0)   :  0.104 0.114 0.117 0.119 0.103 0.113 0.006 0.109 0.115 0.100 
329 COPE-0329   (28)   :  0.109 0.122 0.104 0.111 0.106 0.107 0.013 0.114 0.111 0.105 
330 COPE-0330    (0)   :  0.105 0.110 0.096 0.107 0.114 0.110 0.021 0.116 0.106 0.114 
331 COPE-0331    (0)   :  0.135 0.123 0.122 0.088 0.112 0.089 0.006 0.107 0.089 0.129 
332 COPE-0332   (14)   :  0.109 0.112 0.110 0.122 0.103 0.108 0.007 0.102 0.117 0.110 
333 COPE-0333    (0)   :  0.107 0.104 0.103 0.081 0.094 0.084 0.151 0.095 0.079 0.103 
334 COPE-0334   (28)   :  0.056 0.048 0.035 0.047 0.059 0.040 0.562 0.045 0.047 0.061 
335 COPE-0335    (0)   :  0.113 0.127 0.098 0.102 0.113 0.109 0.007 0.118 0.111 0.102 
336 COPE-0336    (0)   :  0.111 0.114 0.116 0.108 0.107 0.106 0.006 0.114 0.109 0.109 
337 COPE-0337   (28)   :  0.018 0.019 0.018 0.018 0.018 0.018 0.837 0.018 0.018 0.017 
338 COPE-0338    (0)   :  0.110 0.108 0.085 0.108 0.126 0.101 0.021 0.108 0.109 0.125 
339 COPE-0339    (0)   :  0.124 0.088 0.108 0.096 0.131 0.124 0.006 0.103 0.112 0.108 
340 COPE-0340   (14)   :  0.012 0.012 0.013 0.012 0.012 0.012 0.890 0.012 0.012 0.012 
341 COPE-0341    (0)   :  0.106 0.104 0.115 0.114 0.104 0.111 0.007 0.110 0.123 0.107 
342 COPE-0342    (0)   :  0.107 0.129 0.106 0.106 0.114 0.112 0.008 0.114 0.110 0.095 
343 COPE-0343    (0)   :  0.108 0.115 0.111 0.113 0.098 0.110 0.006 0.118 0.108 0.114 
344 COPE-0344   (14)   :  0.011 0.011 0.010 0.011 0.012 0.010 0.901 0.011 0.011 0.011 
345 COPE-0345    (0)   :  0.109 0.104 0.116 0.116 0.110 0.111 0.006 0.099 0.124 0.105 
346 COPE-0346    (0)   :  0.100 0.106 0.113 0.114 0.105 0.111 0.032 0.105 0.113 0.101 
347 COPE-0347    (0)   :  0.103 0.107 0.112 0.111 0.104 0.124 0.006 0.129 0.103 0.101 
348 COPE-0348    (0)   :  0.101 0.112 0.107 0.118 0.099 0.115 0.015 0.123 0.107 0.103 
349 COPE-0349    (0)   :  0.103 0.123 0.113 0.112 0.116 0.111 0.006 0.112 0.111 0.094 
350 COPE-0350    (0)   :  0.094 0.114 0.123 0.117 0.104 0.119 0.006 0.123 0.102 0.098 
351 COPE-0351    (0)   :  0.092 0.114 0.113 0.109 0.099 0.126 0.006 0.146 0.100 0.095 
352 COPE-0352    (0)   :  0.104 0.109 0.114 0.116 0.107 0.111 0.027 0.103 0.111 0.099 
353 COPE-0353    (0)   :  0.122 0.108 0.082 0.108 0.137 0.093 0.005 0.102 0.108 0.134 
354 COPE-0354    (0)   :  0.119 0.112 0.097 0.105 0.119 0.099 0.015 0.110 0.105 0.119 
355 COPE-0355    (0)   :  0.121 0.083 0.114 0.093 0.131 0.128 0.006 0.099 0.115 0.111 
356 COPE-0356    (0)   :  0.102 0.109 0.111 0.107 0.095 0.126 0.008 0.143 0.104 0.094 
357 COPE-0357    (0)   :  0.110 0.118 0.103 0.106 0.113 0.107 0.008 0.113 0.114 0.108 
358 COPE-0358    (0)   :  0.007 0.008 0.008 0.008 0.007 0.008 0.932 0.008 0.008 0.007 
359 COPE-0359   (14)   :  0.104 0.106 0.116 0.121 0.105 0.115 0.009 0.108 0.117 0.098 
360 COPE-0360    (0)   :  0.125 0.108 0.080 0.108 0.134 0.095 0.006 0.107 0.104 0.133 
361 COPE-0361    (0)   :  0.097 0.107 0.121 0.123 0.105 0.115 0.009 0.111 0.116 0.095 
362 COPE-0362    (0)   :  0.111 0.124 0.102 0.106 0.115 0.111 0.007 0.116 0.107 0.101 
363 COPE-0363   (14)   :  0.102 0.103 0.116 0.120 0.103 0.117 0.013 0.107 0.116 0.102 
364 COPE-0364    (0)   :  0.114 0.110 0.083 0.109 0.130 0.099 0.006 0.108 0.111 0.130 
365 COPE-0365    (0)   :  0.124 0.109 0.064 0.102 0.144 0.086 0.019 0.102 0.105 0.145 
366 COPE-0366    (0)   :  0.097 0.122 0.110 0.108 0.106 0.115 0.023 0.125 0.102 0.090 
367 COPE-0367   (14)   :  0.012 0.012 0.012 0.012 0.013 0.012 0.888 0.012 0.013 0.013 
368 COPE-0368    (0)   :  0.115 0.096 0.112 0.100 0.122 0.119 0.010 0.104 0.110 0.111 
369 COPE-0369    (0)   :  0.116 0.113 0.113 0.101 0.113 0.103 0.008 0.107 0.108 0.117 
370 COPE-0370   (28)   :  0.009 0.009 0.009 0.009 0.009 0.009 0.919 0.009 0.009 0.009 
371 COPE-0371    (0)   :  0.127 0.110 0.095 0.096 0.127 0.093 0.013 0.104 0.101 0.134 
372 COPE-0372    (0)   :  0.108 0.114 0.098 0.113 0.101 0.097 0.046 0.104 0.106 0.112 
373 COPE-0373   (14)   :  0.115 0.116 0.121 0.104 0.103 0.097 0.007 0.108 0.113 0.117 
374 COPE-0374    (0)   :  0.106 0.101 0.107 0.114 0.112 0.114 0.008 0.112 0.119 0.107 
375 COPE-0375   (14)   :  0.127 0.109 0.072 0.105 0.142 0.089 0.009 0.099 0.109 0.140 
376 COPE-0376   (14)   :  0.095 0.109 0.109 0.109 0.094 0.131 0.006 0.153 0.101 0.094 
377 COPE-0377    (0)   :  0.046 0.049 0.051 0.049 0.046 0.048 0.570 0.047 0.049 0.046 
378 COPE-0378    (0)   :  0.115 0.096 0.104 0.099 0.125 0.115 0.006 0.107 0.111 0.121 
379 COPE-0379    (0)   :  0.102 0.124 0.115 0.106 0.110 0.117 0.007 0.114 0.110 0.095 
380 COPE-0380   (28)   :  0.034 0.036 0.034 0.040 0.028 0.033 0.689 0.033 0.037 0.036 
381 COPE-0381    (0)   :  0.112 0.107 0.107 0.109 0.121 0.107 0.010 0.101 0.112 0.114 
382 COPE-0382    (0)   :  0.106 0.125 0.113 0.104 0.110 0.117 0.006 0.114 0.108 0.097 
383 COPE-0383    (0)   :  0.127 0.106 0.057 0.099 0.143 0.079 0.048 0.096 0.102 0.143 
384 COPE-0384    (0)   :  0.115 0.103 0.101 0.105 0.119 0.112 0.007 0.110 0.109 0.118 


Estimated Allele Frequencies in each cluster
First column gives estimated ancestral frequencies


Locus 1 : COPE5 
78 alleles
0.5% missing data
   1   (0.007) 0.001 0.001 0.001 0.001 0.001 0.001 0.700 0.001 0.001 0.001 
   2   (0.022) 0.024 0.023 0.026 0.025 0.026 0.025 0.010 0.022 0.025 0.024 
   3   (0.014) 0.014 0.013 0.016 0.015 0.015 0.015 0.001 0.013 0.016 0.014 
   4   (0.023) 0.024 0.024 0.026 0.024 0.025 0.027 0.001 0.026 0.025 0.023 
   5   (0.011) 0.010 0.011 0.010 0.010 0.010 0.010 0.001 0.011 0.010 0.010 
   6   (0.019) 0.017 0.018 0.019 0.019 0.018 0.019 0.003 0.018 0.019 0.016 
   7   (0.008) 0.003 0.003 0.004 0.004 0.004 0.004 0.001 0.003 0.004 0.003 
   8   (0.032) 0.089 0.091 0.093 0.097 0.079 0.086 0.002 0.085 0.098 0.096 
   9   (0.021) 0.020 0.021 0.023 0.024 0.020 0.023 0.001 0.021 0.023 0.019 
  10   (0.020) 0.019 0.020 0.019 0.020 0.020 0.020 0.001 0.020 0.020 0.020 
  11   (0.015) 0.016 0.015 0.012 0.014 0.018 0.014 0.013 0.015 0.015 0.018 
  12   (0.016) 0.028 0.025 0.026 0.021 0.023 0.020 0.001 0.022 0.020 0.026 
  13   (0.010) 0.012 0.012 0.012 0.010 0.011 0.009 0.001 0.010 0.010 0.012 
  14   (0.024) 0.029 0.028 0.029 0.025 0.027 0.027 0.002 0.027 0.025 0.028 
  15   (0.016) 0.035 0.026 0.031 0.028 0.038 0.035 0.001 0.029 0.034 0.035 
  16   (0.010) 0.005 0.006 0.007 0.006 0.006 0.006 0.001 0.007 0.006 0.006 
  17   (0.017) 0.013 0.015 0.015 0.015 0.014 0.015 0.001 0.015 0.015 0.014 
  18   (0.016) 0.013 0.015 0.014 0.013 0.014 0.014 0.006 0.014 0.014 0.013 
  19   (0.011) 0.009 0.011 0.010 0.009 0.010 0.010 0.001 0.010 0.010 0.009 
  20   (0.029) 0.059 0.052 0.049 0.048 0.059 0.050 0.002 0.052 0.048 0.058 
  21   (0.022) 0.022 0.022 0.023 0.021 0.022 0.022 0.001 0.022 0.022 0.021 
  22   (0.019) 0.015 0.016 0.015 0.016 0.016 0.016 0.007 0.015 0.015 0.014 
  23   (0.013) 0.012 0.013 0.012 0.011 0.012 0.011 0.001 0.011 0.011 0.011 
  24   (0.015) 0.018 0.019 0.017 0.019 0.019 0.020 0.001 0.022 0.017 0.019 
  25   (0.010) 0.009 0.008 0.008 0.007 0.008 0.007 0.001 0.007 0.007 0.008 
  26   (0.013) 0.008 0.009 0.010 0.009 0.009 0.009 0.001 0.009 0.009 0.008 
  27   (0.012) 0.008 0.009 0.011 0.010 0.009 0.011 0.001 0.011 0.009 0.009 
  28   (0.009) 0.003 0.003 0.003 0.003 0.003 0.003 0.016 0.003 0.003 0.003 
  29   (0.014) 0.010 0.011 0.012 0.011 0.010 0.013 0.001 0.013 0.010 0.011 
  30   (0.018) 0.020 0.020 0.020 0.020 0.020 0.020 0.003 0.019 0.021 0.020 
  31   (0.019) 0.019 0.019 0.018 0.018 0.020 0.020 0.001 0.019 0.018 0.018 
  32   (0.025) 0.039 0.042 0.036 0.036 0.040 0.036 0.001 0.040 0.037 0.039 
  33   (0.006) 0.002 0.002 0.002 0.002 0.002 0.002 0.000 0.002 0.002 0.002 
  34   (0.018) 0.020 0.019 0.018 0.019 0.020 0.019 0.001 0.020 0.019 0.021 
  35   (0.007) 0.001 0.001 0.001 0.001 0.001 0.001 0.056 0.001 0.001 0.001 
  36   (0.006) 0.002 0.002 0.002 0.002 0.002 0.002 0.000 0.002 0.002 0.002 
  37   (0.020) 0.028 0.024 0.021 0.024 0.030 0.024 0.014 0.025 0.025 0.028 
  38   (0.016) 0.011 0.012 0.013 0.013 0.012 0.014 0.006 0.014 0.012 0.011 
  39   (0.014) 0.018 0.020 0.019 0.022 0.016 0.018 0.001 0.017 0.021 0.019 
  40   (0.011) 0.009 0.010 0.010 0.010 0.009 0.010 0.001 0.010 0.010 0.009 
  41   (0.008) 0.004 0.005 0.005 0.005 0.004 0.005 0.001 0.006 0.004 0.004 
  42   (0.006) 0.002 0.002 0.002 0.002 0.002 0.002 0.000 0.002 0.002 0.002 
  43   (0.009) 0.004 0.005 0.005 0.005 0.005 0.005 0.001 0.005 0.005 0.004 
  44   (0.022) 0.025 0.026 0.028 0.028 0.024 0.029 0.001 0.029 0.029 0.024 
  45   (0.006) 0.002 0.002 0.002 0.002 0.002 0.002 0.000 0.002 0.002 0.002 
