

----------------------------------------------------
STRUCTURE by Pritchard, Stephens and Donnelly (2000)
     and Falush, Stephens and Pritchard (2003)
       Code by Pritchard, Falush and Hubisz
             Version 2.3.4 (Jul 2012)
----------------------------------------------------



Command line arguments:   /home/jason/Programs/structure -K 15 -i ../Data/microsats.structure -m Structure_Run/mainparams -e Structure_Run/extraparams -D 43103064 -o ../Structure_Results/10_K_15.out 
Input File:    ../Data/microsats.structure

Run parameters:
   384 individuals
   7 loci
   15 populations assumed
   1000000 Burn-in period
   10000000 Reps
RANDOMIZE turned off


--------------------------------------------
Overall proportion of membership of the
sample in each of the 15 clusters

Inferred Clusters
  1      2      3      4      5      6      7      8      9     10     11     12     13     14     15    
0.064  0.064  0.064  0.064  0.064  0.064  0.064  0.064  0.064  0.064  0.064  0.064  0.064  0.064  0.102  

--------------------------------------------

Allele-freq. divergence among pops (Net nucleotide distance),
computed using point estimates of P.

      1       2       3       4       5       6       7       8       9      10      11      12      13      14      15      
 1      -    0.0002  0.0001  0.0001  0.0002  0.0002  0.0001  0.0001  0.0002  0.0001  0.0001  0.0000  0.0002  0.0003  0.1769  
 2   0.0002     -    0.0003  0.0001  0.0004  0.0002  0.0001  0.0001  0.0001  0.0002  0.0000  0.0001  0.0001  0.0001  0.1766  
 3   0.0001  0.0003     -    0.0001  0.0001  0.0003  0.0002  0.0001  0.0002  0.0001  0.0002  0.0001  0.0002  0.0003  0.1769  
 4   0.0001  0.0001  0.0001     -    0.0001  0.0002  0.0001  0.0001  0.0001  0.0001  0.0002  0.0000  0.0001  0.0001  0.1764  
 5   0.0002  0.0004  0.0001  0.0001     -    0.0003  0.0003  0.0002  0.0003  0.0002  0.0004  0.0001  0.0003  0.0004  0.1769  
 6   0.0002  0.0002  0.0003  0.0002  0.0003     -    0.0002  0.0001  0.0001  0.0002  0.0002  0.0001  0.0001  0.0002  0.1746  
 7   0.0001  0.0001  0.0002  0.0001  0.0003  0.0002     -    0.0001  0.0000  0.0001  0.0001  0.0001  0.0000  0.0002  0.1772  
 8   0.0001  0.0001  0.0001  0.0001  0.0002  0.0001  0.0001     -    0.0001  0.0000  0.0002  0.0001  0.0001  0.0002  0.1762  
 9   0.0002  0.0001  0.0002  0.0001  0.0003  0.0001  0.0000  0.0001     -    0.0001  0.0001  0.0001  0.0000  0.0001  0.1758  
10   0.0001  0.0002  0.0001  0.0001  0.0002  0.0002  0.0001  0.0000  0.0001     -    0.0001  0.0000  0.0001  0.0002  0.1774  
11   0.0001  0.0000  0.0002  0.0002  0.0004  0.0002  0.0001  0.0002  0.0001  0.0001     -    0.0001  0.0001  0.0002  0.1777  
12   0.0000  0.0001  0.0001  0.0000  0.0001  0.0001  0.0001  0.0001  0.0001  0.0000  0.0001     -    0.0001  0.0002  0.1768  
13   0.0002  0.0001  0.0002  0.0001  0.0003  0.0001  0.0000  0.0001  0.0000  0.0001  0.0001  0.0001     -    0.0001  0.1761  
14   0.0003  0.0001  0.0003  0.0001  0.0004  0.0002  0.0002  0.0002  0.0001  0.0002  0.0002  0.0002  0.0001     -    0.1751  
15   0.1769  0.1766  0.1769  0.1764  0.1769  0.1746  0.1772  0.1762  0.1758  0.1774  0.1777  0.1768  0.1761  0.1751     -    

Average distances (expected heterozygosity) between individuals in same cluster:
cluster  1  : 0.6263 
cluster  2  : 0.6280 
cluster  3  : 0.6252 
cluster  4  : 0.6264 
cluster  5  : 0.6241 
cluster  6  : 0.6294 
cluster  7  : 0.6246 
cluster  8  : 0.6260 
cluster  9  : 0.6280 
cluster 10  : 0.6227 
cluster 11  : 0.6242 
cluster 12  : 0.6248 
cluster 13  : 0.6268 
cluster 14  : 0.6293 
cluster 15  : 0.6197 

--------------------------------------------
Estimated Ln Prob of Data   = -9572.6
Mean value of ln likelihood = -7489.2
Variance of ln likelihood   = 4166.8
Mean value of alpha         = 0.0498

Mean value of Fst_1         = 0.1374
Mean value of Fst_2         = 0.1383
Mean value of Fst_3         = 0.1402
Mean value of Fst_4         = 0.1415
Mean value of Fst_5         = 0.1451
Mean value of Fst_6         = 0.1363
Mean value of Fst_7         = 0.1437
Mean value of Fst_8         = 0.1394
Mean value of Fst_9         = 0.1377
Mean value of Fst_10         = 0.1421
Mean value of Fst_11         = 0.1427
Mean value of Fst_12         = 0.1427
Mean value of Fst_13         = 0.1413
Mean value of Fst_14         = 0.1420
Mean value of Fst_15         = 0.2402


Inferred ancestry of individuals:
        Label (%Miss) :  Inferred clusters
  1 COPE-0001    (0)   :  0.009 0.009 0.009 0.009 0.009 0.009 0.009 0.009 0.009 0.009 0.009 0.009 0.009 0.009 0.878 
  2 COPE-0002    (0)   :  0.066 0.073 0.070 0.074 0.071 0.076 0.067 0.073 0.071 0.067 0.066 0.068 0.070 0.076 0.010 
  3 COPE-0003    (0)   :  0.073 0.072 0.071 0.068 0.067 0.077 0.069 0.075 0.073 0.072 0.070 0.069 0.069 0.070 0.006 
  4 COPE-0004    (0)   :  0.057 0.074 0.066 0.077 0.066 0.080 0.063 0.072 0.067 0.061 0.064 0.067 0.074 0.102 0.010 
  5 COPE-0005    (0)   :  0.070 0.070 0.070 0.076 0.068 0.071 0.068 0.063 0.066 0.067 0.068 0.070 0.074 0.077 0.022 
  6 COPE-0006    (0)   :  0.070 0.071 0.070 0.072 0.071 0.071 0.070 0.066 0.073 0.072 0.069 0.070 0.068 0.071 0.017 
  7 COPE-0007    (0)   :  0.068 0.074 0.069 0.076 0.068 0.062 0.073 0.068 0.066 0.074 0.071 0.071 0.075 0.080 0.006 
  8 COPE-0008    (0)   :  0.066 0.067 0.069 0.071 0.076 0.065 0.076 0.077 0.070 0.077 0.065 0.070 0.075 0.070 0.008 
  9 COPE-0009    (0)   :  0.072 0.072 0.068 0.069 0.071 0.077 0.068 0.071 0.075 0.069 0.068 0.068 0.068 0.069 0.015 
 10 COPE-0010    (0)   :  0.068 0.076 0.067 0.070 0.066 0.070 0.071 0.074 0.075 0.068 0.078 0.071 0.068 0.070 0.007 
 11 COPE-0011   (14)   :  0.012 0.013 0.013 0.013 0.012 0.014 0.013 0.012 0.013 0.012 0.013 0.013 0.013 0.014 0.820 
 12 COPE-0012   (14)   :  0.067 0.069 0.069 0.069 0.070 0.067 0.074 0.078 0.072 0.073 0.070 0.069 0.078 0.068 0.006 
 13 COPE-0013    (0)   :  0.072 0.072 0.070 0.066 0.068 0.074 0.069 0.072 0.071 0.077 0.073 0.072 0.069 0.069 0.005 
 14 COPE-0014    (0)   :  0.080 0.056 0.093 0.080 0.099 0.064 0.062 0.076 0.054 0.075 0.055 0.074 0.062 0.061 0.008 
 15 COPE-0015    (0)   :  0.075 0.062 0.085 0.075 0.087 0.066 0.067 0.073 0.062 0.073 0.065 0.074 0.066 0.065 0.007 
 16 COPE-0016    (0)   :  0.076 0.070 0.068 0.070 0.082 0.082 0.066 0.062 0.074 0.063 0.067 0.074 0.064 0.074 0.009 
 17 COPE-0017    (0)   :  0.037 0.030 0.042 0.038 0.044 0.033 0.033 0.036 0.030 0.036 0.031 0.035 0.032 0.032 0.511 
 18 COPE-0018    (0)   :  0.069 0.074 0.067 0.075 0.068 0.071 0.072 0.069 0.074 0.072 0.069 0.070 0.072 0.072 0.007 
 19 COPE-0019    (0)   :  0.071 0.073 0.069 0.071 0.068 0.075 0.071 0.071 0.074 0.070 0.072 0.068 0.071 0.070 0.006 
 20 COPE-0020    (0)   :  0.074 0.074 0.070 0.072 0.069 0.072 0.070 0.071 0.074 0.068 0.072 0.068 0.072 0.069 0.006 
 21 COPE-0021    (0)   :  0.076 0.071 0.075 0.071 0.071 0.062 0.070 0.067 0.067 0.070 0.077 0.073 0.073 0.070 0.006 
 22 COPE-0022    (0)   :  0.065 0.069 0.065 0.066 0.072 0.071 0.081 0.073 0.074 0.074 0.071 0.071 0.072 0.068 0.006 
 23 COPE-0023    (0)   :  0.065 0.075 0.072 0.072 0.070 0.074 0.071 0.071 0.075 0.071 0.070 0.068 0.067 0.072 0.008 
 24 COPE-0024   (14)   :  0.074 0.074 0.069 0.070 0.067 0.066 0.072 0.062 0.072 0.069 0.077 0.071 0.076 0.076 0.006 
 25 COPE-0025    (0)   :  0.083 0.074 0.071 0.065 0.059 0.069 0.067 0.070 0.073 0.067 0.065 0.066 0.072 0.066 0.034 
 26 COPE-0026    (0)   :  0.067 0.072 0.070 0.072 0.075 0.067 0.070 0.069 0.071 0.076 0.072 0.071 0.070 0.073 0.005 
 27 COPE-0027    (0)   :  0.071 0.072 0.068 0.068 0.068 0.074 0.073 0.071 0.074 0.073 0.072 0.069 0.072 0.068 0.006 
 28 COPE-0028    (0)   :  0.078 0.073 0.073 0.068 0.071 0.071 0.067 0.069 0.071 0.070 0.075 0.071 0.069 0.068 0.005 
 29 COPE-0029    (0)   :  0.076 0.074 0.066 0.070 0.079 0.075 0.070 0.063 0.073 0.065 0.069 0.074 0.068 0.074 0.005 
 30 COPE-0030   (14)   :  0.022 0.024 0.023 0.023 0.023 0.023 0.024 0.023 0.024 0.024 0.022 0.022 0.023 0.024 0.677 
 31 COPE-0031    (0)   :  0.065 0.070 0.068 0.075 0.079 0.061 0.074 0.072 0.069 0.082 0.064 0.070 0.073 0.070 0.009 
 32 COPE-0032    (0)   :  0.069 0.075 0.070 0.068 0.067 0.074 0.072 0.071 0.076 0.070 0.073 0.071 0.068 0.068 0.008 
 33 COPE-0033    (0)   :  0.069 0.074 0.071 0.071 0.069 0.074 0.070 0.071 0.072 0.072 0.070 0.068 0.069 0.069 0.010 
 34 COPE-0034    (0)   :  0.066 0.068 0.071 0.078 0.077 0.077 0.065 0.065 0.066 0.065 0.064 0.069 0.073 0.087 0.009 
 35 COPE-0035   (14)   :  0.075 0.073 0.073 0.067 0.066 0.074 0.072 0.070 0.072 0.071 0.071 0.070 0.071 0.068 0.007 
 36 COPE-0036   (14)   :  0.073 0.075 0.071 0.073 0.061 0.059 0.078 0.075 0.068 0.068 0.078 0.076 0.069 0.070 0.006 
 37 COPE-0037    (0)   :  0.070 0.071 0.069 0.068 0.066 0.070 0.071 0.066 0.072 0.069 0.074 0.070 0.071 0.071 0.023 
 38 COPE-0038    (0)   :  0.066 0.072 0.067 0.066 0.070 0.070 0.079 0.069 0.074 0.079 0.072 0.070 0.072 0.068 0.006 
 39 COPE-0039    (0)   :  0.077 0.073 0.067 0.067 0.063 0.072 0.067 0.073 0.071 0.065 0.068 0.066 0.069 0.069 0.034 
 40 COPE-0040   (14)   :  0.067 0.068 0.069 0.068 0.066 0.067 0.067 0.067 0.066 0.067 0.063 0.066 0.067 0.065 0.067 
 41 COPE-0041    (0)   :  0.071 0.071 0.070 0.070 0.068 0.071 0.069 0.071 0.071 0.070 0.069 0.069 0.070 0.068 0.023 
 42 COPE-0042    (0)   :  0.071 0.070 0.072 0.068 0.067 0.076 0.073 0.072 0.070 0.073 0.074 0.070 0.070 0.065 0.009 
 43 COPE-0043    (0)   :  0.068 0.075 0.070 0.071 0.077 0.078 0.068 0.069 0.073 0.067 0.067 0.068 0.068 0.076 0.005 
 44 COPE-0044    (0)   :  0.062 0.069 0.066 0.074 0.065 0.077 0.068 0.076 0.073 0.068 0.065 0.069 0.075 0.082 0.010 
 45 COPE-0045    (0)   :  0.064 0.071 0.066 0.070 0.065 0.073 0.068 0.072 0.071 0.066 0.067 0.066 0.073 0.076 0.032 
 46 COPE-0046    (0)   :  0.023 0.021 0.022 0.022 0.022 0.024 0.022 0.022 0.022 0.022 0.022 0.022 0.022 0.022 0.691 
 47 COPE-0047    (0)   :  0.007 0.008 0.007 0.007 0.007 0.007 0.007 0.007 0.007 0.007 0.007 0.007 0.007 0.007 0.897 
 48 COPE-0048    (0)   :  0.069 0.073 0.074 0.067 0.068 0.078 0.077 0.072 0.069 0.073 0.073 0.068 0.072 0.062 0.006 
 49 COPE-0049    (0)   :  0.074 0.074 0.069 0.072 0.064 0.071 0.066 0.069 0.073 0.068 0.069 0.069 0.073 0.072 0.016 
 50 COPE-0050    (0)   :  0.070 0.066 0.069 0.068 0.068 0.080 0.069 0.076 0.072 0.072 0.071 0.068 0.070 0.075 0.007 
 51 COPE-0051    (0)   :  0.063 0.071 0.065 0.056 0.058 0.062 0.064 0.067 0.063 0.065 0.080 0.071 0.063 0.060 0.092 
 52 COPE-0052    (0)   :  0.077 0.055 0.092 0.081 0.099 0.062 0.063 0.074 0.055 0.074 0.058 0.075 0.064 0.061 0.010 
 53 COPE-0053    (0)   :  0.078 0.067 0.070 0.071 0.087 0.085 0.064 0.057 0.073 0.056 0.068 0.074 0.068 0.075 0.007 
 54 COPE-0054    (0)   :  0.076 0.079 0.065 0.073 0.054 0.052 0.081 0.071 0.070 0.070 0.085 0.073 0.074 0.069 0.005 
 55 COPE-0055    (0)   :  0.066 0.068 0.063 0.066 0.071 0.070 0.083 0.076 0.077 0.076 0.070 0.069 0.075 0.065 0.005 
 56 COPE-0056    (0)   :  0.069 0.070 0.065 0.070 0.064 0.071 0.077 0.074 0.077 0.073 0.067 0.068 0.076 0.065 0.014 
 57 COPE-0057    (0)   :  0.071 0.072 0.067 0.071 0.065 0.073 0.073 0.075 0.076 0.072 0.070 0.067 0.072 0.067 0.009 
 58 COPE-0058    (0)   :  0.070 0.075 0.071 0.070 0.065 0.072 0.071 0.072 0.072 0.067 0.072 0.072 0.070 0.073 0.009 
 59 COPE-0059    (0)   :  0.075 0.066 0.067 0.064 0.064 0.077 0.072 0.074 0.075 0.071 0.074 0.071 0.071 0.065 0.016 
 60 COPE-0060    (0)   :  0.065 0.072 0.071 0.075 0.077 0.079 0.068 0.070 0.074 0.070 0.067 0.071 0.064 0.069 0.006 
 61 COPE-0061    (0)   :  0.075 0.068 0.069 0.070 0.083 0.083 0.065 0.060 0.074 0.059 0.069 0.072 0.069 0.074 0.009 
 62 COPE-0062    (0)   :  0.079 0.061 0.088 0.075 0.084 0.057 0.068 0.075 0.061 0.073 0.068 0.074 0.065 0.064 0.008 
 63 COPE-0063    (0)   :  0.067 0.066 0.060 0.065 0.066 0.068 0.085 0.077 0.078 0.074 0.067 0.067 0.081 0.058 0.020 
 64 COPE-0064    (0)   :  0.069 0.067 0.068 0.071 0.074 0.074 0.069 0.073 0.072 0.073 0.069 0.069 0.071 0.073 0.008 
 65 COPE-0065    (0)   :  0.006 0.006 0.006 0.006 0.006 0.006 0.006 0.006 0.006 0.006 0.006 0.006 0.006 0.006 0.915 
 66 COPE-0066    (0)   :  0.072 0.073 0.071 0.067 0.066 0.072 0.071 0.071 0.070 0.070 0.079 0.070 0.067 0.064 0.016 
 67 COPE-0067   (14)   :  0.029 0.030 0.029 0.027 0.027 0.029 0.030 0.028 0.029 0.028 0.028 0.028 0.028 0.026 0.606 
 68 COPE-0068    (0)   :  0.070 0.066 0.068 0.068 0.066 0.080 0.069 0.076 0.072 0.074 0.072 0.068 0.069 0.070 0.012 
 69 COPE-0069   (14)   :  0.074 0.063 0.074 0.070 0.075 0.072 0.070 0.076 0.067 0.073 0.070 0.073 0.069 0.065 0.009 
 70 COPE-0070    (0)   :  0.068 0.074 0.072 0.069 0.066 0.072 0.066 0.069 0.068 0.070 0.075 0.071 0.073 0.076 0.011 
 71 COPE-0071    (0)   :  0.080 0.076 0.071 0.070 0.064 0.067 0.067 0.073 0.075 0.067 0.080 0.073 0.066 0.066 0.004 
 72 COPE-0072    (0)   :  0.070 0.067 0.073 0.072 0.074 0.078 0.068 0.076 0.071 0.071 0.068 0.069 0.067 0.068 0.006 
 73 COPE-0073   (14)   :  0.031 0.032 0.028 0.030 0.028 0.028 0.030 0.027 0.030 0.027 0.033 0.031 0.030 0.032 0.583 
 74 COPE-0074    (0)   :  0.071 0.073 0.072 0.068 0.068 0.073 0.075 0.074 0.070 0.071 0.073 0.069 0.070 0.065 0.008 
 75 COPE-0075    (0)   :  0.067 0.077 0.072 0.062 0.064 0.071 0.072 0.073 0.068 0.070 0.083 0.076 0.070 0.066 0.009 
 76 COPE-0076    (0)   :  0.072 0.068 0.071 0.071 0.072 0.067 0.076 0.075 0.070 0.073 0.071 0.070 0.074 0.065 0.006 
 77 COPE-0077   (14)   :  0.068 0.068 0.069 0.068 0.069 0.077 0.072 0.071 0.073 0.075 0.073 0.069 0.069 0.072 0.008 
 78 COPE-0078   (14)   :  0.068 0.072 0.070 0.075 0.068 0.067 0.072 0.066 0.068 0.071 0.070 0.071 0.075 0.079 0.008 
 79 COPE-0079    (0)   :  0.052 0.074 0.068 0.082 0.067 0.084 0.061 0.069 0.064 0.060 0.062 0.067 0.075 0.108 0.008 
 80 COPE-0080   (42)   :  0.017 0.017 0.017 0.017 0.018 0.017 0.017 0.017 0.017 0.017 0.016 0.017 0.017 0.017 0.760 
 81 COPE-0081   (14)   :  0.043 0.042 0.042 0.041 0.042 0.042 0.044 0.043 0.044 0.043 0.042 0.042 0.044 0.041 0.404 
 82 COPE-0082   (14)   :  0.067 0.072 0.064 0.067 0.062 0.068 0.069 0.069 0.071 0.069 0.072 0.067 0.072 0.067 0.043 
 83 COPE-0083   (14)   :  0.082 0.043 0.113 0.088 0.121 0.054 0.059 0.080 0.042 0.077 0.049 0.077 0.057 0.053 0.005 
 84 COPE-0084    (0)   :  0.063 0.058 0.056 0.059 0.072 0.069 0.054 0.048 0.060 0.046 0.056 0.062 0.054 0.062 0.180 
 85 COPE-0085    (0)   :  0.069 0.072 0.071 0.075 0.065 0.078 0.066 0.070 0.069 0.066 0.067 0.068 0.073 0.082 0.009 
 86 COPE-0086    (0)   :  0.072 0.073 0.070 0.070 0.067 0.072 0.070 0.067 0.072 0.066 0.072 0.071 0.069 0.072 0.016 
 87 COPE-0087   (14)   :  0.067 0.072 0.070 0.073 0.078 0.081 0.068 0.066 0.073 0.068 0.068 0.072 0.066 0.070 0.007 
 88 COPE-0088   (14)   :  0.070 0.070 0.071 0.072 0.071 0.073 0.065 0.065 0.068 0.068 0.070 0.071 0.070 0.073 0.022 
 89 COPE-0089   (14)   :  0.007 0.007 0.007 0.007 0.007 0.007 0.008 0.007 0.008 0.007 0.007 0.007 0.008 0.007 0.896 
 90 COPE-0090    (0)   :  0.066 0.072 0.065 0.068 0.069 0.069 0.080 0.072 0.074 0.076 0.069 0.069 0.076 0.068 0.008 
 91 COPE-0091   (14)   :  0.070 0.067 0.081 0.077 0.088 0.076 0.066 0.071 0.066 0.072 0.063 0.071 0.064 0.065 0.005 
 92 COPE-0092   (28)   :  0.020 0.019 0.019 0.019 0.017 0.020 0.018 0.019 0.019 0.019 0.019 0.019 0.019 0.020 0.735 
 93 COPE-0093    (0)   :  0.068 0.065 0.060 0.065 0.066 0.068 0.090 0.079 0.079 0.075 0.067 0.067 0.086 0.057 0.005 
 94 COPE-0094    (0)   :  0.048 0.075 0.064 0.081 0.066 0.084 0.059 0.069 0.064 0.057 0.060 0.064 0.074 0.111 0.023 
 95 COPE-0095    (0)   :  0.074 0.069 0.068 0.071 0.085 0.080 0.069 0.062 0.073 0.063 0.067 0.073 0.069 0.073 0.005 
 96 COPE-0096    (0)   :  0.075 0.069 0.072 0.074 0.078 0.070 0.067 0.069 0.067 0.072 0.069 0.074 0.066 0.070 0.009 
 97 COPE-0097    (0)   :  0.075 0.068 0.078 0.070 0.077 0.064 0.067 0.073 0.067 0.069 0.078 0.075 0.067 0.066 0.007 
 98 COPE-0098    (0)   :  0.063 0.069 0.068 0.075 0.080 0.061 0.074 0.073 0.068 0.081 0.063 0.070 0.074 0.072 0.008 
 99 COPE-0099    (0)   :  0.076 0.072 0.070 0.067 0.062 0.073 0.069 0.073 0.076 0.068 0.067 0.068 0.071 0.067 0.019 
100 COPE-0100    (0)   :  0.075 0.074 0.070 0.068 0.069 0.072 0.071 0.071 0.071 0.073 0.071 0.070 0.073 0.067 0.007 
101 COPE-0101    (0)   :  0.064 0.069 0.065 0.069 0.066 0.069 0.069 0.069 0.070 0.067 0.070 0.066 0.071 0.070 0.045 
102 COPE-0102    (0)   :  0.070 0.073 0.074 0.069 0.073 0.076 0.070 0.070 0.070 0.071 0.072 0.068 0.070 0.069 0.005 
103 COPE-0103    (0)   :  0.068 0.065 0.080 0.080 0.077 0.071 0.063 0.070 0.060 0.069 0.063 0.071 0.070 0.080 0.014 
104 COPE-0104   (14)   :  0.074 0.071 0.070 0.069 0.068 0.073 0.073 0.072 0.071 0.073 0.073 0.070 0.072 0.064 0.006 
105 COPE-0105    (0)   :  0.071 0.076 0.068 0.061 0.060 0.062 0.062 0.070 0.072 0.070 0.090 0.072 0.062 0.069 0.033 
106 COPE-0106    (0)   :  0.078 0.088 0.064 0.073 0.045 0.042 0.085 0.068 0.067 0.067 0.095 0.074 0.075 0.075 0.004 
107 COPE-0107    (0)   :  0.017 0.018 0.017 0.017 0.018 0.019 0.020 0.018 0.020 0.019 0.018 0.018 0.019 0.018 0.742 
108 COPE-0108    (0)   :  0.071 0.068 0.076 0.073 0.077 0.064 0.071 0.072 0.066 0.077 0.070 0.073 0.069 0.067 0.006 
109 COPE-0109    (0)   :  0.062 0.071 0.067 0.072 0.068 0.078 0.067 0.071 0.072 0.065 0.068 0.069 0.072 0.088 0.011 
110 COPE-0110   (14)   :  0.073 0.071 0.071 0.073 0.070 0.072 0.069 0.067 0.071 0.066 0.071 0.070 0.070 0.073 0.012 
111 COPE-0111    (0)   :  0.076 0.072 0.073 0.073 0.071 0.067 0.068 0.067 0.067 0.070 0.073 0.072 0.072 0.072 0.008 
112 COPE-0112   (14)   :  0.070 0.070 0.076 0.069 0.074 0.078 0.077 0.073 0.066 0.072 0.071 0.068 0.070 0.059 0.008 
113 COPE-0113    (0)   :  0.073 0.073 0.072 0.070 0.067 0.070 0.069 0.075 0.070 0.071 0.068 0.068 0.073 0.069 0.014 
114 COPE-0114    (0)   :  0.073 0.079 0.065 0.070 0.054 0.057 0.081 0.071 0.070 0.071 0.082 0.073 0.074 0.070 0.008 
115 COPE-0115    (0)   :  0.025 0.020 0.027 0.025 0.029 0.023 0.021 0.023 0.021 0.023 0.021 0.024 0.022 0.023 0.672 
116 COPE-0116   (28)   :  0.012 0.011 0.011 0.011 0.011 0.012 0.011 0.012 0.012 0.011 0.011 0.011 0.012 0.011 0.841 
117 COPE-0117    (0)   :  0.075 0.067 0.069 0.072 0.087 0.084 0.065 0.059 0.073 0.058 0.067 0.073 0.068 0.073 0.009 
118 COPE-0118    (0)   :  0.078 0.074 0.074 0.074 0.061 0.048 0.081 0.073 0.062 0.070 0.081 0.075 0.070 0.070 0.010 
119 COPE-0119    (0)   :  0.073 0.066 0.074 0.075 0.072 0.063 0.069 0.065 0.068 0.078 0.072 0.074 0.071 0.067 0.012 
120 COPE-0120    (0)   :  0.065 0.068 0.067 0.069 0.069 0.079 0.069 0.074 0.074 0.069 0.070 0.068 0.070 0.078 0.009 
121 COPE-0121    (0)   :  0.071 0.065 0.070 0.071 0.072 0.068 0.065 0.071 0.067 0.069 0.067 0.070 0.068 0.065 0.042 
122 COPE-0122    (0)   :  0.061 0.074 0.071 0.074 0.071 0.076 0.068 0.070 0.074 0.071 0.073 0.071 0.067 0.070 0.007 
123 COPE-0123    (0)   :  0.067 0.073 0.069 0.070 0.067 0.073 0.073 0.069 0.073 0.070 0.071 0.069 0.069 0.070 0.017 
124 COPE-0124    (0)   :  0.068 0.074 0.070 0.072 0.066 0.071 0.073 0.069 0.077 0.071 0.069 0.068 0.068 0.073 0.011 
125 COPE-0125    (0)   :  0.071 0.078 0.066 0.067 0.060 0.061 0.076 0.076 0.072 0.068 0.083 0.070 0.077 0.067 0.006 
126 COPE-0126    (0)   :  0.075 0.067 0.066 0.072 0.088 0.082 0.065 0.059 0.074 0.058 0.067 0.073 0.069 0.074 0.011 
127 COPE-0127   (14)   :  0.073 0.072 0.071 0.068 0.071 0.070 0.065 0.069 0.072 0.069 0.081 0.070 0.069 0.074 0.006 
128 COPE-0128    (0)   :  0.073 0.074 0.070 0.070 0.067 0.071 0.072 0.073 0.073 0.068 0.067 0.067 0.070 0.071 0.014 
129 COPE-0129    (0)   :  0.065 0.072 0.074 0.075 0.065 0.078 0.066 0.067 0.069 0.067 0.070 0.070 0.070 0.086 0.006 
130 COPE-0130    (0)   :  0.069 0.067 0.068 0.069 0.069 0.077 0.070 0.075 0.070 0.073 0.070 0.069 0.070 0.070 0.013 
131 COPE-0131   (14)   :  0.079 0.053 0.096 0.078 0.099 0.062 0.064 0.078 0.056 0.075 0.058 0.073 0.063 0.059 0.007 
132 COPE-0132   (14)   :  0.072 0.068 0.068 0.065 0.064 0.069 0.073 0.060 0.073 0.068 0.076 0.070 0.073 0.070 0.030 
133 COPE-0133    (0)   :  0.074 0.071 0.068 0.073 0.087 0.083 0.064 0.061 0.073 0.058 0.067 0.073 0.065 0.076 0.008 
134 COPE-0134    (0)   :  0.064 0.074 0.070 0.073 0.069 0.076 0.070 0.072 0.075 0.069 0.070 0.070 0.068 0.072 0.007 
135 COPE-0135    (0)   :  0.071 0.072 0.066 0.068 0.067 0.071 0.076 0.074 0.078 0.071 0.072 0.068 0.074 0.064 0.007 
136 COPE-0136    (0)   :  0.013 0.013 0.013 0.013 0.013 0.014 0.013 0.013 0.013 0.013 0.013 0.013 0.013 0.013 0.817 
137 COPE-0137    (0)   :  0.072 0.074 0.071 0.068 0.069 0.073 0.070 0.071 0.072 0.072 0.072 0.069 0.070 0.068 0.010 
138 COPE-0138   (14)   :  0.009 0.010 0.009 0.009 0.008 0.008 0.009 0.009 0.009 0.009 0.010 0.009 0.009 0.009 0.873 
139 COPE-0139    (0)   :  0.084 0.074 0.072 0.067 0.066 0.072 0.066 0.073 0.074 0.068 0.068 0.069 0.073 0.070 0.006 
140 COPE-0140   (14)   :  0.024 0.023 0.023 0.022 0.022 0.023 0.022 0.023 0.023 0.022 0.022 0.022 0.022 0.022 0.683 
141 COPE-0141    (0)   :  0.068 0.069 0.064 0.069 0.064 0.070 0.080 0.076 0.077 0.075 0.068 0.068 0.081 0.064 0.008 
142 COPE-0142    (0)   :  0.070 0.069 0.066 0.070 0.067 0.069 0.076 0.073 0.075 0.073 0.071 0.069 0.077 0.066 0.009 
143 COPE-0143    (0)   :  0.072 0.070 0.067 0.071 0.078 0.079 0.068 0.063 0.074 0.062 0.068 0.072 0.071 0.075 0.008 
144 COPE-0144   (14)   :  0.069 0.069 0.065 0.067 0.062 0.072 0.065 0.068 0.069 0.062 0.061 0.064 0.070 0.067 0.071 
145 COPE-0145   (14)   :  0.073 0.065 0.058 0.058 0.051 0.059 0.054 0.063 0.066 0.053 0.050 0.055 0.057 0.054 0.185 
146 COPE-0146   (14)   :  0.069 0.071 0.065 0.074 0.074 0.069 0.069 0.067 0.072 0.069 0.066 0.070 0.071 0.069 0.025 
147 COPE-0147    (0)   :  0.060 0.066 0.062 0.066 0.064 0.070 0.070 0.066 0.071 0.066 0.065 0.064 0.068 0.073 0.070 
148 COPE-0148    (0)   :  0.075 0.069 0.069 0.072 0.082 0.080 0.066 0.060 0.072 0.060 0.069 0.074 0.069 0.075 0.008 
149 COPE-0149    (0)   :  0.070 0.070 0.070 0.070 0.074 0.081 0.069 0.069 0.071 0.071 0.071 0.070 0.069 0.070 0.006 
150 COPE-0150    (0)   :  0.068 0.074 0.074 0.067 0.069 0.079 0.078 0.071 0.068 0.072 0.075 0.068 0.071 0.060 0.007 
151 COPE-0151    (0)   :  0.080 0.074 0.070 0.070 0.068 0.072 0.070 0.070 0.076 0.065 0.067 0.068 0.075 0.069 0.006 
152 COPE-0152   (14)   :  0.061 0.061 0.058 0.062 0.059 0.062 0.068 0.063 0.067 0.067 0.060 0.061 0.068 0.059 0.122 
153 COPE-0153    (0)   :  0.067 0.071 0.070 0.073 0.072 0.071 0.070 0.071 0.071 0.074 0.067 0.069 0.073 0.075 0.006 
154 COPE-0154    (0)   :  0.074 0.072 0.067 0.072 0.068 0.071 0.073 0.072 0.072 0.070 0.071 0.070 0.073 0.068 0.006 
155 COPE-0155    (0)   :  0.069 0.075 0.070 0.071 0.068 0.073 0.076 0.073 0.074 0.068 0.070 0.068 0.071 0.071 0.005 
156 COPE-0156   (14)   :  0.009 0.009 0.009 0.009 0.009 0.009 0.009 0.009 0.009 0.009 0.009 0.009 0.009 0.009 0.872 
157 COPE-0157   (14)   :  0.056 0.058 0.058 0.056 0.054 0.055 0.056 0.060 0.056 0.056 0.052 0.055 0.061 0.056 0.211 
158 COPE-0158    (0)   :  0.076 0.069 0.068 0.070 0.079 0.082 0.066 0.065 0.074 0.067 0.067 0.072 0.065 0.073 0.009 
159 COPE-0159    (0)   :  0.067 0.069 0.069 0.069 0.070 0.074 0.074 0.067 0.072 0.073 0.073 0.071 0.071 0.075 0.007 
160 COPE-0160    (0)   :  0.067 0.074 0.069 0.072 0.063 0.074 0.071 0.068 0.071 0.071 0.071 0.070 0.074 0.079 0.007 
161 COPE-0161    (0)   :  0.067 0.070 0.074 0.070 0.075 0.075 0.071 0.073 0.069 0.069 0.067 0.068 0.069 0.069 0.012 
162 COPE-0162   (14)   :  0.007 0.007 0.007 0.007 0.007 0.007 0.007 0.007 0.007 0.007 0.007 0.007 0.007 0.007 0.899 
163 COPE-0163   (28)   :  0.012 0.012 0.012 0.012 0.012 0.012 0.012 0.012 0.012 0.012 0.012 0.012 0.012 0.012 0.833 
164 COPE-0164    (0)   :  0.070 0.074 0.067 0.072 0.065 0.070 0.071 0.068 0.071 0.072 0.065 0.068 0.074 0.070 0.022 
165 COPE-0165    (0)   :  0.071 0.069 0.071 0.068 0.068 0.077 0.069 0.071 0.074 0.072 0.073 0.070 0.070 0.070 0.008 
166 COPE-0166   (14)   :  0.063 0.074 0.070 0.074 0.069 0.077 0.070 0.069 0.074 0.069 0.070 0.070 0.067 0.076 0.008 
167 COPE-0167    (0)   :  0.069 0.073 0.070 0.078 0.063 0.070 0.069 0.065 0.067 0.067 0.071 0.069 0.076 0.084 0.008 
168 COPE-0168    (0)   :  0.074 0.070 0.068 0.070 0.077 0.077 0.069 0.067 0.073 0.069 0.069 0.073 0.066 0.073 0.005 
169 COPE-0169    (0)   :  0.072 0.065 0.068 0.067 0.066 0.077 0.069 0.073 0.072 0.077 0.072 0.073 0.071 0.069 0.010 
170 COPE-0170    (0)   :  0.076 0.066 0.071 0.067 0.069 0.066 0.075 0.075 0.075 0.072 0.064 0.068 0.073 0.062 0.021 
171 COPE-0171    (0)   :  0.078 0.071 0.069 0.069 0.069 0.070 0.072 0.070 0.074 0.072 0.069 0.072 0.069 0.068 0.007 
172 COPE-0172    (0)   :  0.069 0.072 0.071 0.072 0.071 0.069 0.072 0.069 0.071 0.075 0.071 0.071 0.071 0.071 0.007 
173 COPE-0173   (14)   :  0.070 0.062 0.064 0.063 0.064 0.078 0.068 0.072 0.073 0.068 0.068 0.067 0.069 0.064 0.049 
174 COPE-0174   (28)   :  0.072 0.073 0.070 0.070 0.070 0.074 0.071 0.071 0.072 0.069 0.066 0.070 0.071 0.068 0.012 
175 COPE-0175    (0)   :  0.069 0.073 0.067 0.070 0.070 0.069 0.067 0.065 0.068 0.071 0.062 0.068 0.069 0.074 0.037 
176 COPE-0176    (0)   :  0.068 0.074 0.067 0.073 0.063 0.061 0.076 0.073 0.069 0.069 0.075 0.071 0.077 0.076 0.008 
177 COPE-0177    (0)   :  0.070 0.069 0.068 0.073 0.069 0.078 0.070 0.073 0.074 0.071 0.070 0.069 0.071 0.070 0.007 
178 COPE-0178    (0)   :  0.076 0.087 0.064 0.071 0.043 0.043 0.086 0.071 0.069 0.067 0.094 0.076 0.073 0.074 0.007 
179 COPE-0179    (0)   :  0.075 0.073 0.070 0.069 0.066 0.072 0.070 0.074 0.073 0.070 0.070 0.069 0.071 0.069 0.009 
180 COPE-0180   (14)   :  0.073 0.066 0.069 0.067 0.068 0.080 0.070 0.071 0.074 0.073 0.074 0.073 0.069 0.068 0.006 
181 COPE-0181   (14)   :  0.070 0.072 0.069 0.068 0.068 0.075 0.069 0.075 0.072 0.073 0.071 0.068 0.071 0.071 0.008 
182 COPE-0182    (0)   :  0.064 0.078 0.066 0.066 0.069 0.065 0.072 0.070 0.071 0.082 0.078 0.071 0.072 0.070 0.005 
183 COPE-0183    (0)   :  0.069 0.073 0.068 0.075 0.071 0.068 0.072 0.069 0.073 0.073 0.068 0.070 0.070 0.071 0.010 
184 COPE-0184    (0)   :  0.069 0.072 0.070 0.073 0.066 0.072 0.068 0.065 0.066 0.068 0.073 0.073 0.074 0.081 0.009 
185 COPE-0185    (0)   :  0.067 0.069 0.068 0.069 0.072 0.069 0.076 0.073 0.072 0.077 0.071 0.070 0.071 0.069 0.006 
186 COPE-0186    (0)   :  0.081 0.049 0.103 0.083 0.108 0.057 0.063 0.077 0.050 0.076 0.054 0.077 0.061 0.057 0.005 
187 COPE-0187    (0)   :  0.067 0.072 0.068 0.065 0.065 0.069 0.074 0.074 0.074 0.072 0.080 0.073 0.072 0.065 0.008 
188 COPE-0188    (0)   :  0.027 0.028 0.028 0.026 0.027 0.029 0.030 0.027 0.027 0.027 0.027 0.027 0.028 0.024 0.616 
189 COPE-0189    (0)   :  0.074 0.069 0.074 0.068 0.074 0.075 0.067 0.071 0.069 0.073 0.071 0.070 0.070 0.067 0.007 
190 COPE-0190    (0)   :  0.059 0.072 0.068 0.077 0.067 0.078 0.064 0.073 0.070 0.065 0.066 0.068 0.072 0.091 0.012 
191 COPE-0191    (0)   :  0.070 0.063 0.080 0.078 0.086 0.070 0.067 0.074 0.064 0.071 0.062 0.070 0.069 0.067 0.009 
192 COPE-0192   (14)   :  0.011 0.009 0.013 0.011 0.012 0.009 0.009 0.011 0.009 0.010 0.009 0.011 0.009 0.009 0.857 
193 COPE-0193    (0)   :  0.072 0.074 0.068 0.072 0.073 0.072 0.071 0.065 0.072 0.068 0.070 0.071 0.073 0.073 0.005 
194 COPE-0194    (0)   :  0.076 0.073 0.074 0.068 0.069 0.071 0.070 0.071 0.072 0.068 0.078 0.070 0.067 0.065 0.008 
195 COPE-0195    (0)   :  0.070 0.075 0.072 0.068 0.070 0.072 0.075 0.071 0.071 0.071 0.070 0.070 0.072 0.066 0.006 
196 COPE-0196    (0)   :  0.067 0.072 0.070 0.069 0.070 0.073 0.073 0.070 0.073 0.071 0.069 0.070 0.070 0.074 0.010 
197 COPE-0197    (0)   :  0.068 0.070 0.070 0.069 0.070 0.079 0.072 0.073 0.074 0.068 0.069 0.068 0.070 0.071 0.007 
198 COPE-0198    (0)   :  0.072 0.065 0.068 0.062 0.066 0.079 0.077 0.069 0.076 0.073 0.075 0.071 0.071 0.067 0.011 
199 COPE-0199    (0)   :  0.070 0.072 0.069 0.070 0.066 0.073 0.072 0.073 0.073 0.072 0.071 0.067 0.072 0.069 0.012 
200 COPE-0200   (42)   :  0.069 0.069 0.069 0.069 0.069 0.079 0.068 0.075 0.071 0.072 0.071 0.068 0.071 0.073 0.009 
201 COPE-0201    (0)   :  0.073 0.066 0.076 0.072 0.078 0.064 0.068 0.074 0.067 0.073 0.070 0.072 0.070 0.068 0.008 
202 COPE-0202    (0)   :  0.056 0.072 0.066 0.075 0.069 0.078 0.068 0.070 0.069 0.065 0.063 0.067 0.074 0.096 0.011 
203 COPE-0203    (0)   :  0.069 0.070 0.069 0.068 0.068 0.073 0.075 0.067 0.075 0.073 0.074 0.071 0.071 0.072 0.006 
204 COPE-0204    (0)   :  0.074 0.081 0.064 0.066 0.052 0.053 0.076 0.073 0.071 0.065 0.089 0.073 0.068 0.070 0.025 
205 COPE-0205    (0)   :  0.068 0.071 0.068 0.070 0.075 0.073 0.071 0.064 0.072 0.071 0.067 0.068 0.072 0.072 0.019 
206 COPE-0206    (0)   :  0.077 0.078 0.071 0.073 0.065 0.063 0.071 0.071 0.072 0.070 0.076 0.071 0.070 0.069 0.005 
207 COPE-0207    (0)   :  0.074 0.072 0.072 0.070 0.064 0.062 0.073 0.064 0.071 0.072 0.078 0.073 0.072 0.071 0.011 
208 COPE-0208    (0)   :  0.030 0.029 0.028 0.027 0.025 0.028 0.028 0.030 0.029 0.029 0.027 0.028 0.029 0.028 0.606 
209 COPE-0209    (0)   :  0.075 0.067 0.073 0.069 0.070 0.073 0.070 0.072 0.073 0.072 0.072 0.071 0.071 0.066 0.006 
210 COPE-0210    (0)   :  0.076 0.070 0.070 0.069 0.077 0.080 0.070 0.068 0.071 0.069 0.067 0.071 0.065 0.067 0.008 
211 COPE-0211    (0)   :  0.071 0.074 0.074 0.067 0.068 0.079 0.078 0.070 0.069 0.073 0.074 0.068 0.072 0.060 0.004 
212 COPE-0212    (0)   :  0.073 0.070 0.070 0.068 0.066 0.067 0.073 0.063 0.073 0.071 0.077 0.073 0.073 0.073 0.011 
213 COPE-0213    (0)   :  0.073 0.075 0.069 0.069 0.063 0.069 0.074 0.073 0.072 0.070 0.075 0.071 0.070 0.069 0.008 
214 COPE-0214    (0)   :  0.074 0.060 0.065 0.063 0.065 0.084 0.071 0.075 0.075 0.073 0.075 0.074 0.071 0.065 0.008 
215 COPE-0215    (0)   :  0.068 0.063 0.066 0.063 0.064 0.074 0.067 0.070 0.070 0.070 0.069 0.068 0.065 0.064 0.059 
216 COPE-0216   (14)   :  0.050 0.049 0.049 0.049 0.052 0.051 0.046 0.047 0.049 0.047 0.046 0.048 0.046 0.049 0.321 
217 COPE-0217    (0)   :  0.074 0.074 0.067 0.071 0.059 0.063 0.071 0.065 0.069 0.069 0.077 0.071 0.071 0.074 0.025 
218 COPE-0218    (0)   :  0.071 0.069 0.070 0.067 0.070 0.077 0.071 0.068 0.073 0.073 0.073 0.069 0.071 0.071 0.008 
219 COPE-0219   (14)   :  0.068 0.067 0.067 0.067 0.070 0.080 0.071 0.073 0.074 0.073 0.072 0.070 0.071 0.069 0.008 
220 COPE-0220    (0)   :  0.074 0.080 0.067 0.071 0.056 0.056 0.076 0.066 0.069 0.070 0.084 0.072 0.073 0.073 0.012 
221 COPE-0221    (0)   :  0.065 0.068 0.062 0.060 0.067 0.071 0.085 0.069 0.082 0.076 0.073 0.069 0.073 0.063 0.016 
222 COPE-0222    (0)   :  0.072 0.066 0.068 0.072 0.083 0.074 0.072 0.067 0.071 0.068 0.066 0.073 0.069 0.072 0.006 
223 COPE-0223    (0)   :  0.067 0.069 0.069 0.073 0.068 0.078 0.069 0.074 0.076 0.072 0.071 0.071 0.067 0.070 0.006 
224 COPE-0224    (0)   :  0.051 0.073 0.067 0.083 0.067 0.084 0.060 0.067 0.062 0.060 0.059 0.066 0.076 0.108 0.018 
225 COPE-0225    (0)   :  0.074 0.060 0.064 0.063 0.065 0.083 0.071 0.075 0.075 0.073 0.075 0.074 0.071 0.065 0.012 
226 COPE-0226    (0)   :  0.071 0.073 0.070 0.071 0.068 0.069 0.073 0.074 0.072 0.070 0.071 0.070 0.074 0.069 0.006 
227 COPE-0227    (0)   :  0.073 0.067 0.070 0.071 0.073 0.071 0.071 0.074 0.071 0.074 0.070 0.071 0.071 0.067 0.005 
228 COPE-0228    (0)   :  0.076 0.078 0.067 0.071 0.061 0.066 0.073 0.069 0.071 0.066 0.076 0.069 0.070 0.073 0.015 
229 COPE-0229    (0)   :  0.071 0.070 0.066 0.068 0.068 0.072 0.072 0.073 0.074 0.070 0.077 0.071 0.070 0.071 0.006 
230 COPE-0230    (0)   :  0.069 0.075 0.062 0.069 0.060 0.062 0.078 0.074 0.073 0.067 0.081 0.070 0.080 0.069 0.009 
231 COPE-0231    (0)   :  0.069 0.074 0.069 0.070 0.071 0.074 0.073 0.069 0.073 0.068 0.073 0.069 0.071 0.071 0.006 
232 COPE-0232    (0)   :  0.061 0.073 0.068 0.073 0.064 0.074 0.067 0.072 0.070 0.065 0.070 0.071 0.073 0.084 0.015 
233 COPE-0233    (0)   :  0.064 0.075 0.065 0.075 0.078 0.063 0.075 0.070 0.071 0.082 0.064 0.069 0.075 0.071 0.005 
234 COPE-0234    (0)   :  0.070 0.075 0.070 0.073 0.066 0.072 0.068 0.069 0.073 0.069 0.067 0.070 0.072 0.078 0.008 
235 COPE-0235    (0)   :  0.063 0.074 0.070 0.075 0.069 0.075 0.070 0.071 0.075 0.073 0.072 0.070 0.066 0.071 0.006 
236 COPE-0236    (0)   :  0.072 0.082 0.063 0.068 0.055 0.052 0.082 0.075 0.071 0.067 0.090 0.073 0.078 0.068 0.005 
237 COPE-0237    (0)   :  0.068 0.071 0.070 0.070 0.075 0.067 0.074 0.070 0.073 0.079 0.068 0.070 0.071 0.068 0.006 
238 COPE-0238    (0)   :  0.068 0.069 0.068 0.072 0.071 0.078 0.070 0.071 0.074 0.071 0.073 0.068 0.070 0.069 0.009 
239 COPE-0239    (0)   :  0.066 0.070 0.070 0.072 0.068 0.072 0.064 0.067 0.068 0.067 0.066 0.069 0.071 0.073 0.037 
240 COPE-0240    (0)   :  0.076 0.072 0.067 0.072 0.080 0.076 0.065 0.063 0.071 0.068 0.068 0.074 0.065 0.075 0.008 
241 COPE-0241    (0)   :  0.073 0.070 0.070 0.067 0.068 0.074 0.068 0.074 0.072 0.077 0.072 0.073 0.069 0.069 0.006 
242 COPE-0242    (0)   :  0.076 0.068 0.074 0.074 0.073 0.065 0.069 0.065 0.069 0.074 0.073 0.072 0.072 0.070 0.006 
243 COPE-0243    (0)   :  0.067 0.075 0.071 0.067 0.066 0.071 0.069 0.072 0.072 0.069 0.083 0.076 0.067 0.070 0.007 
244 COPE-0244    (0)   :  0.072 0.072 0.070 0.068 0.064 0.073 0.068 0.072 0.073 0.073 0.075 0.071 0.070 0.070 0.008 
245 COPE-0245    (0)   :  0.067 0.077 0.070 0.064 0.066 0.069 0.074 0.072 0.069 0.074 0.079 0.074 0.071 0.066 0.010 
246 COPE-0246    (0)   :  0.067 0.071 0.071 0.075 0.074 0.073 0.067 0.072 0.068 0.069 0.065 0.071 0.070 0.076 0.012 
247 COPE-0247    (0)   :  0.065 0.066 0.067 0.065 0.070 0.075 0.075 0.071 0.072 0.076 0.074 0.071 0.068 0.070 0.014 
248 COPE-0248    (0)   :  0.071 0.078 0.070 0.068 0.069 0.066 0.072 0.069 0.072 0.077 0.074 0.071 0.072 0.067 0.005 
249 COPE-0249    (0)   :  0.064 0.068 0.067 0.073 0.064 0.079 0.065 0.072 0.071 0.066 0.064 0.068 0.072 0.082 0.024 
250 COPE-0250    (0)   :  0.064 0.072 0.071 0.071 0.065 0.074 0.070 0.063 0.070 0.067 0.071 0.071 0.073 0.080 0.017 
251 COPE-0251   (14)   :  0.025 0.027 0.026 0.026 0.028 0.028 0.030 0.028 0.029 0.030 0.028 0.028 0.028 0.027 0.612 
252 COPE-0252    (0)   :  0.056 0.076 0.067 0.076 0.070 0.080 0.064 0.073 0.069 0.063 0.065 0.067 0.071 0.093 0.010 
253 COPE-0253    (0)   :  0.069 0.066 0.066 0.068 0.072 0.069 0.082 0.077 0.074 0.075 0.067 0.069 0.078 0.062 0.007 
254 COPE-0254    (0)   :  0.070 0.078 0.068 0.064 0.061 0.065 0.063 0.071 0.073 0.071 0.090 0.073 0.064 0.073 0.015 
255 COPE-0255    (0)   :  0.069 0.070 0.065 0.063 0.064 0.071 0.076 0.069 0.077 0.074 0.076 0.069 0.071 0.065 0.019 
256 COPE-0256    (0)   :  0.078 0.073 0.066 0.070 0.078 0.077 0.067 0.062 0.071 0.064 0.070 0.074 0.066 0.075 0.009 
257 COPE-0257    (0)   :  0.080 0.047 0.108 0.085 0.115 0.057 0.060 0.079 0.046 0.076 0.051 0.075 0.059 0.056 0.007 
258 COPE-0258    (0)   :  0.076 0.067 0.080 0.070 0.075 0.068 0.070 0.074 0.069 0.071 0.066 0.070 0.070 0.063 0.012 
259 COPE-0259    (0)   :  0.072 0.073 0.069 0.069 0.068 0.068 0.072 0.073 0.072 0.071 0.076 0.072 0.070 0.069 0.005 
260 COPE-0260    (0)   :  0.068 0.070 0.069 0.071 0.069 0.073 0.069 0.069 0.073 0.072 0.071 0.069 0.068 0.068 0.021 
261 COPE-0261    (0)   :  0.073 0.080 0.069 0.063 0.060 0.058 0.068 0.073 0.074 0.069 0.096 0.076 0.064 0.070 0.006 
262 COPE-0262    (0)   :  0.072 0.072 0.069 0.069 0.073 0.077 0.068 0.065 0.072 0.060 0.075 0.073 0.066 0.073 0.016 
263 COPE-0263    (0)   :  0.068 0.068 0.072 0.074 0.077 0.068 0.071 0.071 0.068 0.077 0.068 0.072 0.070 0.069 0.007 
264 COPE-0264    (0)   :  0.077 0.059 0.090 0.079 0.093 0.061 0.065 0.076 0.055 0.073 0.060 0.073 0.064 0.058 0.016 
265 COPE-0265    (0)   :  0.071 0.073 0.067 0.069 0.070 0.070 0.072 0.070 0.073 0.073 0.071 0.069 0.074 0.068 0.010 
266 COPE-0266    (0)   :  0.074 0.076 0.069 0.069 0.062 0.064 0.071 0.068 0.071 0.069 0.075 0.070 0.071 0.072 0.017 
267 COPE-0267    (0)   :  0.064 0.075 0.065 0.073 0.072 0.065 0.075 0.067 0.071 0.079 0.067 0.068 0.076 0.076 0.006 
268 COPE-0268    (0)   :  0.062 0.075 0.065 0.073 0.075 0.061 0.077 0.068 0.068 0.083 0.064 0.068 0.075 0.072 0.013 
269 COPE-0269    (0)   :  0.071 0.069 0.079 0.075 0.081 0.072 0.066 0.073 0.067 0.072 0.063 0.071 0.067 0.067 0.006 
270 COPE-0270    (0)   :  0.068 0.072 0.074 0.068 0.068 0.081 0.076 0.070 0.068 0.073 0.075 0.068 0.070 0.062 0.006 
271 COPE-0271    (0)   :  0.063 0.071 0.072 0.076 0.079 0.079 0.067 0.073 0.073 0.073 0.066 0.070 0.063 0.067 0.007 
272 COPE-0272    (0)   :  0.070 0.071 0.066 0.071 0.063 0.070 0.077 0.071 0.075 0.073 0.072 0.070 0.076 0.068 0.007 
273 COPE-0273    (0)   :  0.072 0.071 0.069 0.066 0.063 0.067 0.075 0.062 0.075 0.072 0.076 0.071 0.075 0.071 0.015 
274 COPE-0274   (14)   :  0.024 0.025 0.026 0.023 0.024 0.026 0.027 0.024 0.025 0.025 0.025 0.025 0.024 0.021 0.656 
275 COPE-0275    (0)   :  0.070 0.072 0.072 0.067 0.067 0.076 0.072 0.068 0.072 0.072 0.072 0.073 0.070 0.069 0.009 
276 COPE-0276   (14)   :  0.007 0.007 0.007 0.007 0.007 0.007 0.007 0.007 0.007 0.007 0.007 0.007 0.007 0.007 0.907 
277 COPE-0277   (14)   :  0.079 0.073 0.066 0.071 0.077 0.071 0.068 0.066 0.069 0.063 0.072 0.073 0.067 0.071 0.013 
278 COPE-0278    (0)   :  0.078 0.085 0.065 0.073 0.049 0.047 0.081 0.066 0.066 0.068 0.090 0.073 0.077 0.076 0.007 
279 COPE-0279    (0)   :  0.071 0.076 0.070 0.070 0.062 0.067 0.073 0.072 0.073 0.068 0.076 0.072 0.069 0.071 0.009 
280 COPE-0280    (0)   :  0.012 0.012 0.012 0.012 0.012 0.012 0.012 0.012 0.012 0.012 0.012 0.012 0.012 0.012 0.836 
281 COPE-0281    (0)   :  0.033 0.030 0.031 0.029 0.027 0.033 0.030 0.031 0.032 0.030 0.030 0.030 0.032 0.032 0.572 
282 COPE-0282   (14)   :  0.048 0.075 0.067 0.084 0.067 0.086 0.061 0.068 0.062 0.060 0.059 0.065 0.078 0.114 0.006 
283 COPE-0283    (0)   :  0.079 0.075 0.070 0.072 0.062 0.061 0.072 0.066 0.069 0.069 0.078 0.071 0.076 0.073 0.007 
284 COPE-0284   (14)   :  0.073 0.072 0.070 0.068 0.065 0.072 0.067 0.073 0.074 0.069 0.066 0.069 0.068 0.065 0.029 
285 COPE-0285    (0)   :  0.028 0.025 0.028 0.026 0.029 0.026 0.025 0.026 0.026 0.026 0.026 0.026 0.026 0.025 0.631 
286 COPE-0286    (0)   :  0.080 0.075 0.072 0.067 0.064 0.071 0.071 0.072 0.073 0.071 0.066 0.071 0.074 0.065 0.008 
287 COPE-0287    (0)   :  0.061 0.072 0.065 0.073 0.075 0.059 0.072 0.069 0.067 0.083 0.063 0.068 0.074 0.073 0.025 
288 COPE-0288    (0)   :  0.066 0.069 0.065 0.062 0.067 0.072 0.084 0.067 0.080 0.075 0.073 0.071 0.072 0.069 0.010 
289 COPE-0289    (0)   :  0.074 0.066 0.072 0.072 0.082 0.073 0.069 0.068 0.069 0.069 0.068 0.070 0.072 0.069 0.007 
290 COPE-0290    (0)   :  0.072 0.073 0.072 0.065 0.066 0.077 0.073 0.071 0.069 0.076 0.075 0.070 0.070 0.064 0.007 
291 COPE-0291    (0)   :  0.077 0.063 0.082 0.075 0.081 0.069 0.067 0.075 0.065 0.073 0.065 0.071 0.067 0.064 0.005 
292 COPE-0292   (42)   :  0.015 0.015 0.015 0.015 0.014 0.015 0.015 0.015 0.015 0.015 0.015 0.014 0.015 0.015 0.794 
293 COPE-0293    (0)   :  0.068 0.070 0.066 0.069 0.069 0.066 0.077 0.075 0.074 0.073 0.070 0.069 0.079 0.066 0.008 
294 COPE-0294    (0)   :  0.072 0.075 0.070 0.073 0.066 0.070 0.070 0.070 0.073 0.069 0.069 0.069 0.069 0.074 0.011 
295 COPE-0295    (0)   :  0.069 0.070 0.071 0.075 0.068 0.076 0.069 0.065 0.069 0.064 0.072 0.071 0.075 0.081 0.007 
296 COPE-0296   (14)   :  0.069 0.070 0.071 0.065 0.067 0.075 0.077 0.066 0.074 0.074 0.074 0.071 0.071 0.070 0.006 
297 COPE-0297   (14)   :  0.076 0.065 0.068 0.063 0.062 0.074 0.066 0.071 0.073 0.072 0.070 0.072 0.068 0.066 0.033 
298 COPE-0298    (0)   :  0.065 0.072 0.066 0.072 0.064 0.070 0.073 0.075 0.075 0.072 0.071 0.068 0.078 0.071 0.008 
299 COPE-0299    (0)   :  0.074 0.074 0.071 0.068 0.067 0.068 0.068 0.071 0.072 0.072 0.084 0.073 0.067 0.066 0.006 
300 COPE-0300   (14)   :  0.070 0.073 0.068 0.073 0.079 0.070 0.070 0.066 0.071 0.075 0.064 0.071 0.068 0.074 0.007 
301 COPE-0301   (14)   :  0.067 0.065 0.062 0.066 0.070 0.068 0.087 0.079 0.077 0.075 0.065 0.068 0.082 0.059 0.008 
302 COPE-0302    (0)   :  0.069 0.056 0.065 0.063 0.073 0.068 0.057 0.057 0.061 0.057 0.062 0.065 0.063 0.064 0.121 
303 COPE-0303    (0)   :  0.072 0.081 0.064 0.070 0.051 0.054 0.083 0.074 0.072 0.067 0.087 0.076 0.072 0.071 0.006 
