

----------------------------------------------------
STRUCTURE by Pritchard, Stephens and Donnelly (2000)
     and Falush, Stephens and Pritchard (2003)
       Code by Pritchard, Falush and Hubisz
             Version 2.3.4 (Jul 2012)
----------------------------------------------------



Command line arguments:   /home/jason/Programs/structure -K 6 -i ../Data/microsats.structure -m Structure_Run/mainparams -e Structure_Run/extraparams -D 38026786 -o ../Structure_Results/10_K_06.out 
Input File:    ../Data/microsats.structure

Run parameters:
   384 individuals
   7 loci
   6 populations assumed
   1000000 Burn-in period
   10000000 Reps
RANDOMIZE turned off


--------------------------------------------
Overall proportion of membership of the
sample in each of the 6 clusters

Inferred Clusters
  1      2      3      4      5      6    
0.174  0.125  0.176  0.175  0.176  0.175  

--------------------------------------------

Allele-freq. divergence among pops (Net nucleotide distance),
computed using point estimates of P.

      1       2       3       4       5       6      
 1      -    0.1489  0.0007  0.0004  0.0010  0.0005  
 2   0.1489     -    0.1460  0.1477  0.1475  0.1476  
 3   0.0007  0.1460     -    0.0002  0.0001  0.0001  
 4   0.0004  0.1477  0.0002     -    0.0002  0.0000  
 5   0.0010  0.1475  0.0001  0.0002     -    0.0001  
 6   0.0005  0.1476  0.0001  0.0000  0.0001     -    

Average distances (expected heterozygosity) between individuals in same cluster:
cluster  1  : 0.6203 
cluster  2  : 0.6626 
cluster  3  : 0.6285 
cluster  4  : 0.6208 
cluster  5  : 0.6249 
cluster  6  : 0.6226 

--------------------------------------------
Estimated Ln Prob of Data   = -8835.6
Mean value of ln likelihood = -8089.7
Variance of ln likelihood   = 1491.9
Mean value of alpha         = 0.0447

Mean value of Fst_1         = 0.0556
Mean value of Fst_2         = 0.1462
Mean value of Fst_3         = 0.0457
Mean value of Fst_4         = 0.0518
Mean value of Fst_5         = 0.0454
Mean value of Fst_6         = 0.0501


Inferred ancestry of individuals:
        Label (%Miss) :  Inferred clusters
  1 COPE-0001    (0)   :  0.008 0.961 0.008 0.008 0.008 0.008 
  2 COPE-0002    (0)   :  0.175 0.010 0.255 0.183 0.178 0.198 
  3 COPE-0003    (0)   :  0.101 0.006 0.210 0.217 0.251 0.215 
  4 COPE-0004    (0)   :  0.175 0.015 0.261 0.181 0.179 0.188 
  5 COPE-0005    (0)   :  0.226 0.018 0.193 0.189 0.163 0.211 
  6 COPE-0006    (0)   :  0.178 0.019 0.211 0.191 0.206 0.196 
  7 COPE-0007    (0)   :  0.245 0.007 0.180 0.197 0.158 0.212 
  8 COPE-0008    (0)   :  0.297 0.008 0.149 0.229 0.134 0.182 
  9 COPE-0009    (0)   :  0.122 0.017 0.204 0.212 0.233 0.212 
 10 COPE-0010    (0)   :  0.179 0.007 0.215 0.158 0.258 0.182 
 11 COPE-0011   (14)   :  0.012 0.936 0.016 0.012 0.012 0.012 
 12 COPE-0012   (14)   :  0.247 0.007 0.164 0.222 0.176 0.184 
 13 COPE-0013    (0)   :  0.079 0.006 0.211 0.223 0.260 0.221 
 14 COPE-0014    (0)   :  0.224 0.011 0.167 0.197 0.175 0.227 
 15 COPE-0015    (0)   :  0.237 0.007 0.170 0.196 0.189 0.202 
 16 COPE-0016    (0)   :  0.195 0.010 0.189 0.201 0.189 0.216 
 17 COPE-0017    (0)   :  0.043 0.796 0.038 0.040 0.038 0.043 
 18 COPE-0018    (0)   :  0.154 0.008 0.209 0.215 0.213 0.201 
 19 COPE-0019    (0)   :  0.127 0.006 0.193 0.225 0.240 0.209 
 20 COPE-0020    (0)   :  0.184 0.008 0.200 0.181 0.229 0.197 
 21 COPE-0021    (0)   :  0.241 0.006 0.176 0.184 0.186 0.206 
 22 COPE-0022    (0)   :  0.265 0.007 0.169 0.221 0.151 0.187 
 23 COPE-0023    (0)   :  0.156 0.008 0.260 0.176 0.202 0.198 
 24 COPE-0024   (14)   :  0.250 0.006 0.175 0.205 0.162 0.203 
 25 COPE-0025    (0)   :  0.157 0.083 0.211 0.162 0.211 0.176 
 26 COPE-0026    (0)   :  0.261 0.005 0.171 0.205 0.159 0.199 
 27 COPE-0027    (0)   :  0.136 0.006 0.189 0.230 0.230 0.208 
 28 COPE-0028    (0)   :  0.205 0.006 0.204 0.171 0.226 0.188 
 29 COPE-0029    (0)   :  0.241 0.005 0.164 0.211 0.167 0.212 
 30 COPE-0030   (14)   :  0.037 0.816 0.041 0.036 0.034 0.037 
 31 COPE-0031    (0)   :  0.286 0.010 0.159 0.217 0.138 0.191 
 32 COPE-0032    (0)   :  0.173 0.009 0.235 0.168 0.227 0.188 
 33 COPE-0033    (0)   :  0.162 0.011 0.232 0.180 0.218 0.197 
 34 COPE-0034    (0)   :  0.257 0.011 0.175 0.206 0.149 0.203 
 35 COPE-0035   (14)   :  0.186 0.008 0.216 0.172 0.236 0.182 
 36 COPE-0036   (14)   :  0.191 0.006 0.222 0.172 0.219 0.191 
 37 COPE-0037    (0)   :  0.196 0.022 0.191 0.193 0.197 0.201 
 38 COPE-0038    (0)   :  0.290 0.006 0.154 0.222 0.135 0.193 
 39 COPE-0039    (0)   :  0.130 0.129 0.192 0.177 0.198 0.175 
 40 COPE-0040   (14)   :  0.121 0.101 0.184 0.196 0.208 0.191 
 41 COPE-0041    (0)   :  0.151 0.032 0.213 0.197 0.214 0.194 
 42 COPE-0042    (0)   :  0.165 0.011 0.213 0.176 0.242 0.194 
 43 COPE-0043    (0)   :  0.187 0.005 0.241 0.185 0.184 0.199 
 44 COPE-0044    (0)   :  0.170 0.018 0.248 0.190 0.185 0.190 
 45 COPE-0045    (0)   :  0.183 0.032 0.220 0.186 0.198 0.180 
 46 COPE-0046    (0)   :  0.023 0.852 0.030 0.031 0.032 0.031 
 47 COPE-0047    (0)   :  0.007 0.964 0.007 0.007 0.007 0.007 
 48 COPE-0048    (0)   :  0.172 0.007 0.213 0.165 0.256 0.186 
 49 COPE-0049    (0)   :  0.185 0.015 0.244 0.182 0.184 0.190 
 50 COPE-0050    (0)   :  0.100 0.007 0.219 0.215 0.243 0.216 
 51 COPE-0051    (0)   :  0.177 0.114 0.200 0.142 0.211 0.156 
 52 COPE-0052    (0)   :  0.250 0.011 0.160 0.198 0.161 0.220 
 53 COPE-0053    (0)   :  0.217 0.012 0.173 0.206 0.178 0.213 
 54 COPE-0054    (0)   :  0.252 0.005 0.160 0.203 0.190 0.189 
 55 COPE-0055    (0)   :  0.292 0.005 0.148 0.233 0.138 0.184 
 56 COPE-0056    (0)   :  0.178 0.019 0.211 0.200 0.198 0.195 
 57 COPE-0057    (0)   :  0.133 0.011 0.207 0.205 0.243 0.201 
 58 COPE-0058    (0)   :  0.179 0.009 0.243 0.172 0.210 0.187 
 59 COPE-0059    (0)   :  0.092 0.022 0.198 0.225 0.246 0.217 
 60 COPE-0060    (0)   :  0.172 0.007 0.226 0.193 0.193 0.209 
 61 COPE-0061    (0)   :  0.152 0.014 0.189 0.216 0.217 0.211 
 62 COPE-0062    (0)   :  0.243 0.010 0.170 0.189 0.183 0.204 
 63 COPE-0063    (0)   :  0.281 0.028 0.147 0.226 0.144 0.174 
 64 COPE-0064    (0)   :  0.209 0.010 0.188 0.204 0.183 0.206 
 65 COPE-0065    (0)   :  0.005 0.972 0.006 0.006 0.006 0.006 
 66 COPE-0066    (0)   :  0.154 0.015 0.213 0.164 0.263 0.190 
 67 COPE-0067   (14)   :  0.025 0.873 0.026 0.023 0.029 0.024 
 68 COPE-0068    (0)   :  0.081 0.010 0.207 0.225 0.257 0.221 
 69 COPE-0069   (14)   :  0.218 0.014 0.168 0.208 0.180 0.212 
 70 COPE-0070    (0)   :  0.205 0.012 0.228 0.187 0.182 0.186 
 71 COPE-0071    (0)   :  0.182 0.004 0.210 0.161 0.255 0.187 
 72 COPE-0072    (0)   :  0.146 0.007 0.223 0.197 0.213 0.215 
 73 COPE-0073   (14)   :  0.051 0.777 0.038 0.047 0.040 0.047 
 74 COPE-0074    (0)   :  0.182 0.009 0.218 0.167 0.238 0.186 
 75 COPE-0075    (0)   :  0.193 0.015 0.226 0.158 0.235 0.173 
 76 COPE-0076    (0)   :  0.200 0.006 0.176 0.215 0.207 0.196 
 77 COPE-0077   (14)   :  0.171 0.009 0.204 0.200 0.217 0.200 
 78 COPE-0078   (14)   :  0.256 0.008 0.184 0.204 0.152 0.196 
 79 COPE-0079    (0)   :  0.177 0.010 0.277 0.177 0.171 0.188 
 80 COPE-0080   (42)   :  0.018 0.891 0.022 0.023 0.024 0.023 
 81 COPE-0081   (14)   :  0.115 0.507 0.090 0.103 0.092 0.094 
 82 COPE-0082   (14)   :  0.216 0.044 0.193 0.177 0.205 0.166 
 83 COPE-0083   (14)   :  0.255 0.007 0.157 0.198 0.161 0.223 
 84 COPE-0084    (0)   :  0.149 0.292 0.134 0.144 0.132 0.149 
 85 COPE-0085    (0)   :  0.166 0.010 0.238 0.189 0.204 0.193 
 86 COPE-0086    (0)   :  0.188 0.022 0.218 0.172 0.216 0.183 
 87 COPE-0087   (14)   :  0.171 0.008 0.225 0.191 0.198 0.207 
 88 COPE-0088   (14)   :  0.182 0.025 0.225 0.189 0.180 0.199 
 89 COPE-0089   (14)   :  0.007 0.964 0.007 0.007 0.007 0.007 
 90 COPE-0090    (0)   :  0.286 0.007 0.152 0.231 0.139 0.184 
 91 COPE-0091   (14)   :  0.186 0.006 0.207 0.196 0.191 0.214 
 92 COPE-0092   (28)   :  0.019 0.870 0.029 0.026 0.029 0.026 
 93 COPE-0093    (0)   :  0.282 0.007 0.149 0.233 0.154 0.176 
 94 COPE-0094    (0)   :  0.170 0.038 0.270 0.171 0.166 0.185 
 95 COPE-0095    (0)   :  0.242 0.005 0.166 0.214 0.164 0.208 
 96 COPE-0096    (0)   :  0.237 0.008 0.168 0.193 0.171 0.223 
 97 COPE-0097    (0)   :  0.221 0.008 0.189 0.174 0.223 0.185 
 98 COPE-0098    (0)   :  0.297 0.008 0.157 0.219 0.129 0.189 
 99 COPE-0099    (0)   :  0.093 0.020 0.205 0.214 0.254 0.213 
100 COPE-0100    (0)   :  0.174 0.007 0.193 0.206 0.219 0.200 
101 COPE-0101    (0)   :  0.190 0.045 0.198 0.183 0.207 0.177 
102 COPE-0102    (0)   :  0.163 0.006 0.229 0.194 0.215 0.194 
103 COPE-0103    (0)   :  0.198 0.018 0.235 0.183 0.173 0.194 
104 COPE-0104   (14)   :  0.204 0.007 0.195 0.182 0.230 0.182 
105 COPE-0105    (0)   :  0.206 0.036 0.198 0.163 0.237 0.161 
106 COPE-0106    (0)   :  0.242 0.005 0.161 0.191 0.196 0.206 
107 COPE-0107    (0)   :  0.021 0.914 0.016 0.018 0.015 0.016 
108 COPE-0108    (0)   :  0.254 0.006 0.174 0.198 0.182 0.186 
109 COPE-0109    (0)   :  0.172 0.013 0.246 0.187 0.189 0.192 
110 COPE-0110   (14)   :  0.205 0.015 0.191 0.194 0.195 0.200 
111 COPE-0111    (0)   :  0.216 0.009 0.178 0.194 0.184 0.218 
112 COPE-0112   (14)   :  0.177 0.011 0.206 0.179 0.236 0.191 
113 COPE-0113    (0)   :  0.155 0.025 0.202 0.203 0.219 0.196 
114 COPE-0114    (0)   :  0.204 0.011 0.181 0.206 0.204 0.194 
115 COPE-0115    (0)   :  0.026 0.883 0.022 0.023 0.021 0.025 
116 COPE-0116   (28)   :  0.009 0.953 0.010 0.009 0.010 0.010 
117 COPE-0117    (0)   :  0.217 0.013 0.178 0.209 0.176 0.208 
118 COPE-0118    (0)   :  0.239 0.010 0.159 0.200 0.180 0.212 
119 COPE-0119    (0)   :  0.284 0.010 0.155 0.208 0.149 0.193 
120 COPE-0120    (0)   :  0.155 0.012 0.222 0.189 0.223 0.199 
121 COPE-0121    (0)   :  0.200 0.061 0.167 0.181 0.184 0.206 
122 COPE-0122    (0)   :  0.161 0.008 0.258 0.179 0.197 0.197 
123 COPE-0123    (0)   :  0.170 0.014 0.250 0.177 0.198 0.191 
124 COPE-0124    (0)   :  0.164 0.013 0.242 0.187 0.196 0.198 
125 COPE-0125    (0)   :  0.199 0.007 0.190 0.181 0.248 0.175 
126 COPE-0126    (0)   :  0.245 0.015 0.159 0.212 0.163 0.206 
127 COPE-0127   (14)   :  0.212 0.007 0.200 0.181 0.221 0.178 
128 COPE-0128    (0)   :  0.169 0.021 0.212 0.177 0.228 0.193 
129 COPE-0129    (0)   :  0.161 0.007 0.257 0.187 0.198 0.190 
130 COPE-0130    (0)   :  0.119 0.012 0.204 0.221 0.233 0.211 
131 COPE-0131   (14)   :  0.205 0.011 0.174 0.203 0.191 0.216 
132 COPE-0132   (14)   :  0.262 0.034 0.149 0.205 0.145 0.204 
133 COPE-0133    (0)   :  0.203 0.011 0.202 0.199 0.173 0.212 
134 COPE-0134    (0)   :  0.167 0.007 0.236 0.181 0.213 0.196 
135 COPE-0135    (0)   :  0.196 0.009 0.208 0.175 0.228 0.184 
136 COPE-0136    (0)   :  0.011 0.940 0.012 0.012 0.013 0.012 
137 COPE-0137    (0)   :  0.119 0.013 0.216 0.200 0.242 0.211 
138 COPE-0138   (14)   :  0.008 0.961 0.008 0.008 0.008 0.008 
139 COPE-0139    (0)   :  0.113 0.008 0.211 0.210 0.245 0.212 
140 COPE-0140   (14)   :  0.018 0.896 0.022 0.020 0.023 0.021 
141 COPE-0141    (0)   :  0.251 0.009 0.180 0.220 0.162 0.178 
142 COPE-0142    (0)   :  0.244 0.009 0.167 0.218 0.179 0.183 
143 COPE-0143    (0)   :  0.247 0.008 0.191 0.209 0.155 0.190 
144 COPE-0144   (14)   :  0.098 0.405 0.144 0.118 0.116 0.120 
145 COPE-0145   (14)   :  0.087 0.412 0.143 0.107 0.131 0.120 
146 COPE-0146   (14)   :  0.226 0.031 0.171 0.207 0.181 0.185 
147 COPE-0147    (0)   :  0.194 0.067 0.221 0.179 0.160 0.179 
148 COPE-0148    (0)   :  0.224 0.010 0.184 0.205 0.166 0.211 
149 COPE-0149    (0)   :  0.113 0.007 0.208 0.217 0.242 0.213 
150 COPE-0150    (0)   :  0.171 0.010 0.220 0.157 0.260 0.183 
151 COPE-0151    (0)   :  0.193 0.007 0.183 0.215 0.205 0.197 
152 COPE-0152   (14)   :  0.249 0.117 0.148 0.195 0.129 0.162 
153 COPE-0153    (0)   :  0.244 0.006 0.188 0.203 0.166 0.193 
154 COPE-0154    (0)   :  0.168 0.006 0.183 0.219 0.221 0.203 
155 COPE-0155    (0)   :  0.143 0.006 0.203 0.201 0.246 0.200 
156 COPE-0156   (14)   :  0.008 0.958 0.009 0.008 0.008 0.008 
157 COPE-0157   (14)   :  0.165 0.328 0.128 0.143 0.110 0.127 
158 COPE-0158    (0)   :  0.170 0.009 0.185 0.210 0.205 0.221 
159 COPE-0159    (0)   :  0.266 0.007 0.174 0.208 0.147 0.198 
160 COPE-0160    (0)   :  0.205 0.006 0.237 0.181 0.184 0.187 
161 COPE-0161    (0)   :  0.164 0.011 0.236 0.187 0.208 0.194 
162 COPE-0162   (14)   :  0.007 0.967 0.007 0.007 0.007 0.007 
163 COPE-0163   (28)   :  0.013 0.936 0.013 0.013 0.013 0.013 
164 COPE-0164    (0)   :  0.165 0.036 0.197 0.213 0.200 0.189 
165 COPE-0165    (0)   :  0.129 0.008 0.217 0.205 0.233 0.208 
166 COPE-0166   (14)   :  0.169 0.008 0.249 0.180 0.194 0.200 
167 COPE-0167    (0)   :  0.198 0.008 0.236 0.187 0.177 0.195 
168 COPE-0168    (0)   :  0.235 0.006 0.173 0.203 0.170 0.212 
169 COPE-0169    (0)   :  0.095 0.013 0.203 0.223 0.246 0.220 
170 COPE-0170    (0)   :  0.252 0.041 0.171 0.202 0.147 0.187 
171 COPE-0171    (0)   :  0.243 0.009 0.160 0.201 0.171 0.216 
172 COPE-0172    (0)   :  0.229 0.006 0.193 0.190 0.195 0.186 
173 COPE-0173   (14)   :  0.087 0.069 0.198 0.207 0.234 0.205 
174 COPE-0174   (28)   :  0.194 0.022 0.213 0.196 0.183 0.192 
175 COPE-0175    (0)   :  0.198 0.040 0.220 0.185 0.163 0.194 
176 COPE-0176    (0)   :  0.247 0.010 0.178 0.208 0.170 0.187 
177 COPE-0177    (0)   :  0.111 0.007 0.202 0.225 0.244 0.211 
178 COPE-0178    (0)   :  0.219 0.008 0.180 0.179 0.224 0.189 
179 COPE-0179    (0)   :  0.158 0.008 0.212 0.190 0.237 0.195 
180 COPE-0180   (14)   :  0.090 0.006 0.211 0.220 0.256 0.217 
181 COPE-0181   (14)   :  0.106 0.009 0.210 0.210 0.253 0.211 
182 COPE-0182    (0)   :  0.280 0.005 0.164 0.213 0.151 0.187 
183 COPE-0183    (0)   :  0.191 0.011 0.200 0.203 0.201 0.194 
184 COPE-0184    (0)   :  0.231 0.009 0.192 0.189 0.171 0.208 
185 COPE-0185    (0)   :  0.263 0.006 0.157 0.220 0.154 0.199 
186 COPE-0186    (0)   :  0.249 0.006 0.164 0.192 0.178 0.211 
187 COPE-0187    (0)   :  0.209 0.010 0.216 0.168 0.229 0.168 
188 COPE-0188    (0)   :  0.019 0.901 0.022 0.018 0.021 0.019 
189 COPE-0189    (0)   :  0.139 0.010 0.208 0.193 0.244 0.206 
190 COPE-0190    (0)   :  0.172 0.015 0.251 0.177 0.199 0.186 
191 COPE-0191    (0)   :  0.171 0.013 0.201 0.207 0.208 0.200 
192 COPE-0192   (14)   :  0.010 0.953 0.009 0.009 0.009 0.010 
193 COPE-0193    (0)   :  0.217 0.007 0.180 0.215 0.184 0.197 
194 COPE-0194    (0)   :  0.180 0.010 0.217 0.157 0.252 0.184 
195 COPE-0195    (0)   :  0.189 0.007 0.225 0.177 0.218 0.185 
196 COPE-0196    (0)   :  0.206 0.011 0.211 0.181 0.201 0.190 
197 COPE-0197    (0)   :  0.105 0.007 0.207 0.215 0.253 0.214 
198 COPE-0198    (0)   :  0.218 0.013 0.168 0.223 0.172 0.206 
199 COPE-0199    (0)   :  0.095 0.011 0.199 0.226 0.254 0.215 
200 COPE-0200   (42)   :  0.091 0.010 0.209 0.223 0.251 0.216 
201 COPE-0201    (0)   :  0.264 0.009 0.159 0.214 0.166 0.187 
202 COPE-0202    (0)   :  0.264 0.015 0.194 0.203 0.141 0.184 
203 COPE-0203    (0)   :  0.223 0.006 0.182 0.207 0.178 0.204 
204 COPE-0204    (0)   :  0.198 0.037 0.195 0.159 0.245 0.166 
205 COPE-0205    (0)   :  0.236 0.021 0.180 0.211 0.162 0.189 
206 COPE-0206    (0)   :  0.217 0.005 0.179 0.182 0.205 0.213 
207 COPE-0207    (0)   :  0.261 0.011 0.155 0.194 0.164 0.215 
208 COPE-0208    (0)   :  0.026 0.873 0.025 0.026 0.026 0.025 
209 COPE-0209    (0)   :  0.146 0.007 0.197 0.202 0.233 0.215 
210 COPE-0210    (0)   :  0.201 0.011 0.175 0.197 0.195 0.221 
211 COPE-0211    (0)   :  0.171 0.005 0.213 0.167 0.255 0.189 
212 COPE-0212    (0)   :  0.259 0.011 0.157 0.202 0.155 0.215 
213 COPE-0213    (0)   :  0.195 0.008 0.201 0.183 0.224 0.189 
214 COPE-0214    (0)   :  0.086 0.008 0.206 0.224 0.253 0.222 
215 COPE-0215    (0)   :  0.078 0.036 0.204 0.217 0.251 0.214 
216 COPE-0216   (14)   :  0.089 0.536 0.100 0.089 0.091 0.095 
217 COPE-0217    (0)   :  0.233 0.027 0.169 0.187 0.181 0.203 
218 COPE-0218    (0)   :  0.194 0.009 0.190 0.210 0.194 0.202 
219 COPE-0219   (14)   :  0.112 0.009 0.204 0.222 0.238 0.215 
220 COPE-0220    (0)   :  0.208 0.014 0.183 0.190 0.206 0.199 
221 COPE-0221    (0)   :  0.285 0.015 0.156 0.223 0.136 0.185 
222 COPE-0222    (0)   :  0.276 0.006 0.155 0.221 0.140 0.200 
223 COPE-0223    (0)   :  0.111 0.008 0.229 0.205 0.238 0.208 
224 COPE-0224    (0)   :  0.186 0.022 0.263 0.176 0.164 0.189 
225 COPE-0225    (0)   :  0.083 0.016 0.203 0.224 0.252 0.222 
226 COPE-0226    (0)   :  0.211 0.008 0.197 0.203 0.183 0.197 
227 COPE-0227    (0)   :  0.208 0.006 0.177 0.205 0.190 0.213 
228 COPE-0228    (0)   :  0.189 0.028 0.198 0.182 0.207 0.196 
229 COPE-0229    (0)   :  0.170 0.007 0.199 0.206 0.215 0.203 
230 COPE-0230    (0)   :  0.195 0.010 0.191 0.194 0.232 0.179 
231 COPE-0231    (0)   :  0.127 0.006 0.202 0.210 0.251 0.204 
232 COPE-0232    (0)   :  0.176 0.014 0.250 0.177 0.198 0.185 
233 COPE-0233    (0)   :  0.288 0.005 0.162 0.219 0.138 0.189 
234 COPE-0234    (0)   :  0.175 0.008 0.268 0.177 0.180 0.192 
235 COPE-0235    (0)   :  0.155 0.006 0.251 0.186 0.203 0.199 
236 COPE-0236    (0)   :  0.209 0.005 0.181 0.187 0.236 0.181 
237 COPE-0237    (0)   :  0.278 0.006 0.161 0.218 0.140 0.197 
238 COPE-0238    (0)   :  0.083 0.007 0.204 0.227 0.261 0.218 
239 COPE-0239    (0)   :  0.179 0.034 0.247 0.179 0.171 0.190 
240 COPE-0240    (0)   :  0.237 0.008 0.169 0.199 0.167 0.221 
241 COPE-0241    (0)   :  0.078 0.007 0.211 0.223 0.260 0.221 
242 COPE-0242    (0)   :  0.255 0.007 0.169 0.197 0.170 0.202 
243 COPE-0243    (0)   :  0.191 0.008 0.227 0.159 0.236 0.180 
244 COPE-0244    (0)   :  0.155 0.009 0.224 0.201 0.216 0.195 
245 COPE-0245    (0)   :  0.218 0.014 0.201 0.179 0.209 0.179 
246 COPE-0246    (0)   :  0.190 0.013 0.230 0.189 0.185 0.193 
247 COPE-0247    (0)   :  0.194 0.017 0.179 0.216 0.193 0.201 
248 COPE-0248    (0)   :  0.243 0.005 0.182 0.194 0.192 0.185 
249 COPE-0249    (0)   :  0.148 0.036 0.250 0.188 0.189 0.190 
250 COPE-0250    (0)   :  0.182 0.016 0.255 0.177 0.178 0.192 
251 COPE-0251   (14)   :  0.040 0.847 0.025 0.035 0.024 0.030 
252 COPE-0252    (0)   :  0.176 0.012 0.264 0.174 0.183 0.192 
253 COPE-0253    (0)   :  0.265 0.008 0.155 0.232 0.159 0.181 
254 COPE-0254    (0)   :  0.217 0.012 0.204 0.171 0.229 0.167 
255 COPE-0255    (0)   :  0.231 0.028 0.174 0.205 0.181 0.182 
256 COPE-0256    (0)   :  0.226 0.011 0.165 0.204 0.177 0.216 
257 COPE-0257    (0)   :  0.231 0.009 0.177 0.191 0.178 0.215 
258 COPE-0258    (0)   :  0.204 0.026 0.187 0.190 0.192 0.201 
259 COPE-0259    (0)   :  0.200 0.006 0.202 0.172 0.234 0.185 
260 COPE-0260    (0)   :  0.104 0.025 0.202 0.216 0.243 0.210 
261 COPE-0261    (0)   :  0.211 0.006 0.201 0.164 0.250 0.167 
262 COPE-0262    (0)   :  0.188 0.027 0.215 0.170 0.218 0.181 
263 COPE-0263    (0)   :  0.242 0.009 0.170 0.204 0.161 0.214 
264 COPE-0264    (0)   :  0.208 0.025 0.188 0.185 0.193 0.202 
265 COPE-0265    (0)   :  0.252 0.010 0.165 0.221 0.167 0.185 
266 COPE-0266    (0)   :  0.199 0.019 0.206 0.172 0.217 0.188 
267 COPE-0267    (0)   :  0.282 0.006 0.168 0.217 0.134 0.192 
268 COPE-0268    (0)   :  0.287 0.012 0.160 0.218 0.128 0.195 
269 COPE-0269    (0)   :  0.186 0.007 0.231 0.189 0.184 0.204 
270 COPE-0270    (0)   :  0.161 0.008 0.215 0.165 0.260 0.191 
271 COPE-0271    (0)   :  0.144 0.008 0.228 0.193 0.216 0.211 
272 COPE-0272    (0)   :  0.220 0.007 0.204 0.197 0.184 0.188 
273 COPE-0273    (0)   :  0.279 0.013 0.154 0.212 0.144 0.197 
274 COPE-0274   (14)   :  0.017 0.911 0.019 0.016 0.020 0.017 
275 COPE-0275    (0)   :  0.159 0.011 0.228 0.182 0.221 0.199 
276 COPE-0276   (14)   :  0.006 0.971 0.006 0.006 0.006 0.006 
277 COPE-0277   (14)   :  0.223 0.015 0.164 0.200 0.187 0.212 
278 COPE-0278    (0)   :  0.239 0.007 0.164 0.197 0.189 0.204 
279 COPE-0279    (0)   :  0.193 0.008 0.220 0.180 0.210 0.189 
280 COPE-0280    (0)   :  0.012 0.936 0.013 0.013 0.013 0.013 
281 COPE-0281    (0)   :  0.019 0.873 0.028 0.025 0.029 0.026 
282 COPE-0282   (14)   :  0.187 0.007 0.273 0.178 0.165 0.190 
283 COPE-0283    (0)   :  0.236 0.007 0.173 0.194 0.179 0.211 
284 COPE-0284   (14)   :  0.098 0.035 0.212 0.205 0.239 0.211 
285 COPE-0285    (0)   :  0.031 0.840 0.030 0.033 0.033 0.033 
286 COPE-0286    (0)   :  0.143 0.014 0.228 0.182 0.232 0.202 
287 COPE-0287    (0)   :  0.271 0.045 0.158 0.207 0.127 0.193 
288 COPE-0288    (0)   :  0.282 0.010 0.161 0.221 0.140 0.186 
289 COPE-0289    (0)   :  0.233 0.008 0.169 0.218 0.178 0.194 
290 COPE-0290    (0)   :  0.134 0.009 0.214 0.181 0.260 0.203 
291 COPE-0291    (0)   :  0.164 0.006 0.199 0.194 0.225 0.211 
292 COPE-0292   (42)   :  0.013 0.932 0.014 0.014 0.014 0.014 
293 COPE-0293    (0)   :  0.260 0.008 0.164 0.212 0.184 0.172 
294 COPE-0294    (0)   :  0.160 0.011 0.239 0.191 0.204 0.195 
295 COPE-0295    (0)   :  0.227 0.008 0.195 0.201 0.179 0.191 
296 COPE-0296   (14)   :  0.235 0.007 0.179 0.200 0.183 0.195 
297 COPE-0297   (14)   :  0.082 0.036 0.204 0.214 0.252 0.212 
298 COPE-0298    (0)   :  0.195 0.011 0.230 0.191 0.190 0.183 
299 COPE-0299    (0)   :  0.202 0.006 0.206 0.168 0.241 0.178 
300 COPE-0300   (14)   :  0.232 0.008 0.176 0.206 0.166 0.213 
301 COPE-0301   (14)   :  0.294 0.011 0.145 0.233 0.139 0.178 
302 COPE-0302    (0)   :  0.168 0.303 0.117 0.143 0.119 0.150 
303 COPE-0303    (0)   :  0.186 0.006 0.207 0.184 0.231 0.186 
304 COPE-0304    (0)   :  0.204 0.007 0.202 0.209 0.188 0.190 
305 COPE-0305   (14)   :  0.175 0.045 0.235 0.179 0.175 0.192 
306 COPE-0306    (0)   :  0.234 0.010 0.171 0.181 0.203 0.201 
307 COPE-0307   (28)   :  0.008 0.961 0.008 0.008 0.008 0.008 
308 COPE-0308    (0)   :  0.201 0.006 0.256 0.187 0.163 0.187 
309 COPE-0309   (14)   :  0.060 0.702 0.064 0.057 0.061 0.057 
310 COPE-0310   (28)   :  0.045 0.814 0.032 0.037 0.032 0.041 
311 COPE-0311    (0)   :  0.244 0.024 0.171 0.194 0.164 0.203 
312 COPE-0312   (28)   :  0.011 0.947 0.011 0.010 0.011 0.010 
313 COPE-0313    (0)   :  0.229 0.009 0.181 0.180 0.204 0.196 
314 COPE-0314    (0)   :  0.276 0.008 0.166 0.215 0.148 0.188 
315 COPE-0315    (0)   :  0.179 0.008 0.191 0.210 0.206 0.206 
316 COPE-0316    (0)   :  0.155 0.022 0.208 0.175 0.252 0.188 
317 COPE-0317   (14)   :  0.008 0.960 0.008 0.008 0.008 0.008 
318 COPE-0318    (0)   :  0.171 0.006 0.217 0.185 0.225 0.197 
319 COPE-0319    (0)   :  0.173 0.007 0.254 0.187 0.181 0.197 
320 COPE-0320   (14)   :  0.223 0.015 0.201 0.206 0.168 0.187 
321 COPE-0321   (14)   :  0.238 0.012 0.177 0.191 0.184 0.199 
322 COPE-0322   (14)   :  0.131 0.006 0.223 0.196 0.234 0.210 
323 COPE-0323    (0)   :  0.255 0.016 0.156 0.196 0.157 0.220 
324 COPE-0324    (0)   :  0.108 0.007 0.199 0.223 0.243 0.220 
325 COPE-0325   (14)   :  0.228 0.013 0.162 0.200 0.171 0.225 
326 COPE-0326    (0)   :  0.256 0.007 0.175 0.216 0.166 0.180 
327 COPE-0327   (14)   :  0.248 0.010 0.175 0.217 0.168 0.181 
328 COPE-0328    (0)   :  0.170 0.005 0.214 0.179 0.242 0.190 
329 COPE-0329   (28)   :  0.135 0.012 0.192 0.219 0.231 0.211 
330 COPE-0330    (0)   :  0.257 0.022 0.171 0.205 0.160 0.185 
331 COPE-0331    (0)   :  0.296 0.006 0.144 0.235 0.138 0.182 
332 COPE-0332   (14)   :  0.195 0.007 0.218 0.174 0.219 0.187 
333 COPE-0333    (0)   :  0.225 0.139 0.138 0.201 0.137 0.161 
334 COPE-0334   (28)   :  0.062 0.742 0.045 0.052 0.044 0.054 
335 COPE-0335    (0)   :  0.088 0.007 0.205 0.225 0.252 0.222 
336 COPE-0336    (0)   :  0.197 0.006 0.203 0.205 0.196 0.193 
337 COPE-0337   (28)   :  0.014 0.905 0.019 0.020 0.021 0.020 
338 COPE-0338    (0)   :  0.244 0.023 0.167 0.197 0.166 0.203 
339 COPE-0339    (0)   :  0.246 0.007 0.159 0.213 0.161 0.214 
340 COPE-0340   (14)   :  0.011 0.943 0.011 0.012 0.012 0.011 
341 COPE-0341    (0)   :  0.204 0.007 0.246 0.185 0.166 0.192 
342 COPE-0342    (0)   :  0.077 0.007 0.209 0.227 0.257 0.223 
343 COPE-0343    (0)   :  0.247 0.006 0.178 0.192 0.198 0.179 
344 COPE-0344   (14)   :  0.010 0.954 0.009 0.009 0.008 0.009 
345 COPE-0345    (0)   :  0.183 0.006 0.259 0.185 0.172 0.194 
346 COPE-0346    (0)   :  0.183 0.035 0.221 0.185 0.186 0.190 
347 COPE-0347    (0)   :  0.204 0.007 0.201 0.175 0.233 0.180 
348 COPE-0348    (0)   :  0.197 0.015 0.201 0.170 0.235 0.181 
349 COPE-0349    (0)   :  0.094 0.006 0.214 0.216 0.249 0.221 
350 COPE-0350    (0)   :  0.168 0.006 0.217 0.166 0.256 0.187 
351 COPE-0351    (0)   :  0.174 0.006 0.207 0.178 0.249 0.185 
352 COPE-0352    (0)   :  0.142 0.026 0.216 0.192 0.228 0.195 
353 COPE-0353    (0)   :  0.200 0.006 0.198 0.189 0.199 0.209 
354 COPE-0354    (0)   :  0.236 0.017 0.181 0.195 0.180 0.190 
355 COPE-0355    (0)   :  0.214 0.007 0.176 0.207 0.179 0.217 
356 COPE-0356    (0)   :  0.226 0.008 0.206 0.176 0.217 0.167 
357 COPE-0357    (0)   :  0.144 0.009 0.206 0.209 0.220 0.212 
358 COPE-0358    (0)   :  0.006 0.963 0.008 0.008 0.008 0.007 
359 COPE-0359   (14)   :  0.172 0.009 0.235 0.192 0.197 0.195 
360 COPE-0360    (0)   :  0.230 0.007 0.177 0.190 0.190 0.208 
361 COPE-0361    (0)   :  0.171 0.008 0.255 0.172 0.206 0.188 
362 COPE-0362    (0)   :  0.095 0.007 0.206 0.219 0.251 0.222 
363 COPE-0363   (14)   :  0.176 0.014 0.244 0.185 0.185 0.195 
364 COPE-0364    (0)   :  0.253 0.006 0.178 0.197 0.173 0.194 
365 COPE-0365    (0)   :  0.278 0.028 0.147 0.206 0.134 0.206 
366 COPE-0366    (0)   :  0.098 0.023 0.209 0.206 0.256 0.209 
367 COPE-0367   (14)   :  0.011 0.949 0.010 0.010 0.009 0.010 
368 COPE-0368    (0)   :  0.250 0.009 0.162 0.216 0.156 0.207 
369 COPE-0369    (0)   :  0.221 0.009 0.186 0.205 0.182 0.197 
370 COPE-0370   (28)   :  0.008 0.959 0.008 0.008 0.008 0.008 
371 COPE-0371    (0)   :  0.274 0.012 0.151 0.207 0.146 0.209 
372 COPE-0372    (0)   :  0.206 0.047 0.165 0.202 0.178 0.203 
373 COPE-0373   (14)   :  0.260 0.007 0.181 0.213 0.156 0.183 
374 COPE-0374    (0)   :  0.218 0.008 0.214 0.194 0.166 0.199 
375 COPE-0375   (14)   :  0.237 0.014 0.187 0.195 0.157 0.211 
376 COPE-0376   (14)   :  0.210 0.006 0.212 0.162 0.241 0.169 
377 COPE-0377    (0)   :  0.064 0.674 0.071 0.064 0.065 0.063 
378 COPE-0378    (0)   :  0.215 0.007 0.179 0.188 0.192 0.219 
379 COPE-0379    (0)   :  0.083 0.007 0.211 0.221 0.259 0.219 
380 COPE-0380   (28)   :  0.035 0.831 0.033 0.031 0.038 0.032 
381 COPE-0381    (0)   :  0.192 0.014 0.221 0.185 0.192 0.196 
382 COPE-0382    (0)   :  0.083 0.006 0.207 0.226 0.259 0.220 
383 COPE-0383    (0)   :  0.226 0.161 0.139 0.170 0.122 0.182 
384 COPE-0384    (0)   :  0.240 0.008 0.168 0.193 0.180 0.211 


Estimated Allele Frequencies in each cluster
First column gives estimated ancestral frequencies


Locus 1 : COPE5 
78 alleles
0.5% missing data
   1   (0.007) 0.001 0.642 0.001 0.001 0.001 0.001 
   2   (0.022) 0.022 0.022 0.027 0.023 0.022 0.023 
   3   (0.013) 0.013 0.002 0.018 0.013 0.013 0.014 
   4   (0.023) 0.019 0.002 0.027 0.026 0.029 0.026 
   5   (0.011) 0.007 0.001 0.011 0.011 0.012 0.011 
   6   (0.018) 0.013 0.007 0.021 0.018 0.020 0.018 
   7   (0.008) 0.003 0.001 0.004 0.003 0.003 0.003 
   8   (0.037) 0.106 0.003 0.082 0.088 0.077 0.090 
   9   (0.020) 0.019 0.002 0.026 0.021 0.023 0.022 
  10   (0.019) 0.022 0.001 0.020 0.020 0.020 0.020 
  11   (0.015) 0.018 0.018 0.013 0.016 0.012 0.015 
  12   (0.016) 0.029 0.001 0.019 0.027 0.020 0.022 
  13   (0.010) 0.014 0.001 0.009 0.012 0.009 0.010 
  14   (0.023) 0.032 0.002 0.026 0.029 0.024 0.027 
  15   (0.017) 0.036 0.001 0.028 0.033 0.029 0.036 
  16   (0.010) 0.006 0.001 0.007 0.005 0.008 0.006 
  17   (0.017) 0.013 0.001 0.015 0.014 0.017 0.014 
  18   (0.017) 0.009 0.008 0.014 0.015 0.016 0.015 
  19   (0.011) 0.005 0.001 0.011 0.011 0.013 0.011 
  20   (0.027) 0.067 0.002 0.044 0.057 0.045 0.052 
  21   (0.022) 0.019 0.002 0.022 0.023 0.024 0.022 
  22   (0.019) 0.012 0.009 0.016 0.016 0.017 0.016 
  23   (0.013) 0.010 0.001 0.011 0.013 0.013 0.012 
  24   (0.015) 0.021 0.001 0.019 0.017 0.020 0.018 
  25   (0.010) 0.009 0.001 0.008 0.008 0.007 0.007 
  26   (0.013) 0.008 0.001 0.010 0.009 0.010 0.009 
  27   (0.012) 0.009 0.001 0.012 0.009 0.012 0.010 
  28   (0.008) 0.002 0.021 0.003 0.002 0.003 0.002 
  29   (0.013) 0.011 0.001 0.012 0.010 0.013 0.011 
  30   (0.020) 0.021 0.005 0.020 0.020 0.019 0.020 
  31   (0.019) 0.016 0.001 0.019 0.020 0.021 0.020 
  32   (0.025) 0.038 0.002 0.037 0.042 0.040 0.040 
  33   (0.006) 0.002 0.000 0.002 0.002 0.002 0.002 
  34   (0.017) 0.024 0.001 0.017 0.021 0.016 0.019 
  35   (0.006) 0.001 0.052 0.001 0.001 0.001 0.001 
  36   (0.006) 0.002 0.000 0.002 0.002 0.002 0.002 
  37   (0.021) 0.028 0.023 0.021 0.024 0.021 0.025 
  38   (0.015) 0.011 0.009 0.014 0.011 0.014 0.012 
  39   (0.015) 0.018 0.001 0.020 0.016 0.021 0.017 
  40   (0.011) 0.006 0.001 0.010 0.011 0.013 0.011 
  41   (0.008) 0.004 0.001 0.005 0.004 0.006 0.005 
  42   (0.006) 0.002 0.000 0.003 0.002 0.002 0.002 
  43   (0.009) 0.004 0.001 0.006 0.005 0.005 0.005 
  44   (0.023) 0.025 0.002 0.032 0.025 0.027 0.026 
  45   (0.006) 0.002 0.000 0.002 0.002 0.002 0.002 
  46   (0.015) 0.023 0.001 0.016 0.019 0.015 0.017 
  47   (0.010) 0.006 0.001 0.007 0.006 0.006 0.006 
  48   (0.006) 0.001 0.000 0.002 0.002 0.002 0.002 
  49   (0.014) 0.014 0.001 0.018 0.015 0.015 0.016 
  50   (0.013) 0.008 0.002 0.013 0.011 0.013 0.012 
  51   (0.014) 0.016 0.019 0.011 0.013 0.011 0.014 
  52   (0.013) 0.015 0.001 0.011 0.013 0.011 0.011 
  53   (0.007) 0.001 0.031 0.001 0.001 0.001 0.001 
  54   (0.007) 0.001 0.073 0.001 0.001 0.001 0.001 
  55   (0.011) 0.007 0.001 0.008 0.007 0.009 0.007 
  56   (0.011) 0.012 0.001 0.009 0.011 0.010 0.011 
  57   (0.013) 0.007 0.001 0.012 0.012 0.014 0.012 
  58   (0.009) 0.006 0.001 0.007 0.005 0.007 0.006 
  59   (0.011) 0.011 0.001 0.015 0.011 0.010 0.011 
  60   (0.010) 0.009 0.001 0.007 0.008 0.007 0.009 
  61   (0.006) 0.001 0.000 0.002 0.002 0.003 0.002 
  62   (0.013) 0.011 0.001 0.012 0.011 0.012 0.012 
  63   (0.011) 0.017 0.001 0.016 0.013 0.019 0.013 
  64   (0.010) 0.005 0.001 0.005 0.005 0.005 0.005 
  65   (0.019) 0.018 0.001 0.020 0.021 0.022 0.021 
  66   (0.010) 0.009 0.001 0.009 0.009 0.011 0.009 
  67   (0.010) 0.005 0.001 0.007 0.006 0.008 0.006 
  68   (0.012) 0.006 0.001 0.012 0.012 0.014 0.012 
  69   (0.006) 0.001 0.000 0.002 0.002 0.002 0.002 
  70   (0.006) 0.002 0.000 0.002 0.002 0.002 0.002 
  71   (0.010) 0.006 0.001 0.007 0.006 0.006 0.006 
  72   (0.006) 0.002 0.000 0.002 0.002 0.002 0.002 
  73   (0.006) 0.002 0.001 0.002 0.002 0.002 0.002 
  74   (0.006) 0.002 0.000 0.002 0.002 0.002 0.002 
  75   (0.009) 0.004 0.001 0.005 0.005 0.006 0.005 
  76   (0.006) 0.002 0.000 0.003 0.002 0.002 0.002 
  77   (0.008) 0.003 0.001 0.004 0.003 0.004 0.004 
  78   (0.006) 0.002 0.000 0.002 0.002 0.002 0.002 

Locus 2 : COPE9 
12 alleles
8.3% missing data
   1   (0.412) 0.493 0.408 0.454 0.476 0.457 0.467 
   2   (0.142) 0.132 0.259 0.150 0.127 0.139 0.134 
   3   (0.050) 0.052 0.028 0.046 0.049 0.050 0.050 
   4   (0.074) 0.061 0.027 0.075 0.080 0.083 0.080 
   5   (0.037) 0.023 0.024 0.026 0.026 0.030 0.025 
   6   (0.130) 0.139 0.055 0.135 0.136 0.130 0.134 
   7   (0.039) 0.021 0.066 0.032 0.026 0.028 0.026 
   8   (0.081) 0.069 0.082 0.071 0.070 0.072 0.073 
   9   (0.011) 0.004 0.001 0.004 0.004 0.005 0.004 
  10   (0.009) 0.001 0.048 0.001 0.001 0.001 0.001 
  11   (0.008) 0.003 0.001 0.003 0.003 0.003 0.003 
  12   (0.008) 0.002 0.001 0.003 0.003 0.003 0.003 

Locus 3 : CPER26 
12 alleles
2.6% missing data
   1   (0.230) 0.243 0.137 0.230 0.236 0.228 0.234 
   2   (0.034) 0.015 0.148 0.024 0.026 0.029 0.025 
   3   (0.083) 0.062 0.008 0.090 0.078 0.089 0.081 
   4   (0.499) 0.593 0.061 0.576 0.580 0.576 0.578 
   5   (0.056) 0.050 0.298 0.039 0.043 0.039 0.044 
   6   (0.030) 0.016 0.308 0.015 0.015 0.013 0.015 
   7   (0.013) 0.005 0.001 0.006 0.005 0.006 0.005 
   8   (0.018) 0.007 0.023 0.008 0.006 0.009 0.007 
   9   (0.008) 0.002 0.004 0.002 0.002 0.002 0.002 
  10   (0.012) 0.003 0.010 0.003 0.003 0.003 0.003 
  11   (0.008) 0.002 0.001 0.003 0.002 0.003 0.002 
  12   (0.008) 0.002 0.001 0.003 0.002 0.003 0.002 

Locus 4 : CPER92 
12 alleles
6.8% missing data
   1   (0.618) 0.659 0.512 0.676 0.684 0.696 0.692 
   2   (0.115) 0.148 0.276 0.140 0.133 0.120 0.124 
   3   (0.088) 0.094 0.045 0.085 0.086 0.083 0.087 
   4   (0.015) 0.009 0.019 0.006 0.007 0.006 0.008 
   5   (0.039) 0.026 0.034 0.027 0.024 0.025 0.024 
   6   (0.035) 0.030 0.008 0.026 0.028 0.026 0.026 
   7   (0.019) 0.008 0.035 0.008 0.008 0.009 0.008 
   8   (0.012) 0.002 0.035 0.003 0.003 0.003 0.003 
   9   (0.021) 0.007 0.018 0.013 0.013 0.014 0.012 
  10   (0.017) 0.009 0.016 0.007 0.008 0.008 0.008 
  11   (0.013) 0.006 0.001 0.006 0.005 0.006 0.006 
  12   (0.008) 0.002 0.001 0.003 0.002 0.003 0.002 

Locus 5 : CPER99 
5 alleles
1.0% missing data
   1   (0.013) 0.003 0.342 0.003 0.003 0.003 0.003 
   2   (0.870) 0.933 0.089 0.929 0.932 0.930 0.931 
   3   (0.080) 0.053 0.476 0.055 0.053 0.054 0.055 
   4   (0.013) 0.002 0.030 0.003 0.003 0.003 0.003 
   5   (0.024) 0.009 0.064 0.009 0.009 0.009 0.009 

Locus 6 : CPER119 
22 alleles
5.5% missing data
   1   (0.009) 0.001 0.106 0.001 0.001 0.001 0.001 
   2   (0.080) 0.106 0.045 0.083 0.096 0.080 0.090 
   3   (0.036) 0.034 0.052 0.032 0.031 0.028 0.033 
   4   (0.008) 0.002 0.001 0.003 0.003 0.003 0.003 
   5   (0.160) 0.152 0.094 0.182 0.181 0.191 0.175 
   6   (0.070) 0.050 0.080 0.080 0.078 0.085 0.079 
   7   (0.069) 0.105 0.079 0.088 0.090 0.071 0.088 
   8   (0.083) 0.074 0.101 0.077 0.078 0.078 0.076 
   9   (0.115) 0.135 0.067 0.132 0.129 0.130 0.138 
  10   (0.061) 0.063 0.033 0.064 0.056 0.072 0.059 
  11   (0.021) 0.012 0.023 0.017 0.012 0.013 0.013 
  12   (0.085) 0.120 0.010 0.100 0.101 0.103 0.101 
  13   (0.015) 0.005 0.010 0.007 0.006 0.007 0.006 
  14   (0.028) 0.043 0.009 0.033 0.039 0.032 0.039 
  15   (0.026) 0.024 0.065 0.017 0.021 0.017 0.020 
  16   (0.022) 0.009 0.029 0.012 0.010 0.011 0.010 
  17   (0.024) 0.010 0.095 0.013 0.013 0.014 0.013 
  18   (0.017) 0.011 0.008 0.009 0.010 0.009 0.009 
  19   (0.011) 0.002 0.025 0.003 0.003 0.003 0.003 
  20   (0.037) 0.029 0.060 0.035 0.028 0.040 0.031 
  21   (0.012) 0.008 0.005 0.007 0.007 0.006 0.007 
  22   (0.010) 0.006 0.001 0.005 0.005 0.006 0.006 

Locus 7 : CPER188 
15 alleles
1.6% missing data
   1   (0.598) 0.676 0.821 0.670 0.681 0.669 0.674 
   2   (0.112) 0.094 0.091 0.104 0.101 0.108 0.103 
   3   (0.032) 0.024 0.002 0.029 0.024 0.024 0.025 
   4   (0.040) 0.032 0.003 0.032 0.031 0.032 0.031 
   5   (0.089) 0.122 0.006 0.101 0.108 0.107 0.111 
   6   (0.016) 0.006 0.008 0.006 0.006 0.007 0.006 
   7   (0.017) 0.009 0.006 0.013 0.010 0.010 0.010 
   8   (0.023) 0.010 0.008 0.015 0.012 0.014 0.012 
   9   (0.009) 0.001 0.040 0.001 0.001 0.001 0.001 
  10   (0.008) 0.001 0.010 0.001 0.001 0.001 0.001 
  11   (0.018) 0.009 0.001 0.014 0.011 0.012 0.011 
  12   (0.015) 0.007 0.001 0.007 0.007 0.008 0.007 
  13   (0.008) 0.002 0.003 0.002 0.002 0.002 0.002 
  14   (0.008) 0.003 0.001 0.002 0.002 0.002 0.003 
  15   (0.008) 0.003 0.001 0.002 0.002 0.002 0.003 

Values of parameters used in structure:
DATAFILE=../Data/microsats.structure,	OUTFILE=../Structure_Results/10_K_06.out,	NUMINDS=384,	NUMLOCI=7,	MISSING=-9,	LABEL=1,	POPDATA=0,	POPFLAG=0,	PHENOTYPE=0,	EXTRACOLS=0,	MAXPOPS=6,	BURNIN=1000000,	NUMREPS=10000000,	USEPOPINFO=0,	INFERALPHA=1,	INFERLAMBDA=0,	POPSPECIFICLAMBDA=0,	POPALPHAS=0,	COMPUTEPROB=1,	NOADMIX=0,	ADMBURNIN=500,	UPDATEFREQ=100,	PRINTLIKES=0,	INTERMEDSAVE=0,	PRINTKLD=0,	PRINTNET=1,	PRINTLAMBDA=1,	ANCESTDIST=0,	NUMBOXES=1000,	ANCESTPINT=0.90000,	GENSBACK=2,	MIGRPRIOR=0.01000,	PRINTQHAT=0,	PRINTQSUM=1,	ALPHA=1.0000,	FREQSCORR=1,	FPRIORMEAN=0.0100,	FPRIORSD=0.0500,	ONEFST=0,	LAMBDA=1.0000,	UNIFPRIORALPHA=1,	ALPHAMAX=10.0000,	ALPHAPRIORA=1.0000,	ALPHAPRIORB=2.0000,	ALPHAPROPSD=0.0250,	STARTATPOPINFO=0,	RANDOMIZE=0,	LINKAGE=0,	METROFREQ=10,	REPORTHITRATE=0,	MARKOVPHASE=-1,	PHASED=0,	PLOIDY=2,	PHASEINFO=0	LOCPRIOR=0, 	LOCPRIORINIT=1.000000, 	LOCDATA=0, 	LOCISPOP=0, 	LOCPRIORSTEP=0.100000, 	MAXLOCPRIOR=20.000000, 	SEED=38026786,	
[STRAT parameters]:    NUMSIMSTATS=1000,	PHENOTYPECOL=-9,	POOLFREQ=10,	LOCUSxONLY=0,	EMERROR=0.00100,	MISSINGPHENO=-9,	