

----------------------------------------------------
STRUCTURE by Pritchard, Stephens and Donnelly (2000)
     and Falush, Stephens and Pritchard (2003)
       Code by Pritchard, Falush and Hubisz
             Version 2.3.4 (Jul 2012)
----------------------------------------------------



Command line arguments:   /home/jason/Programs/structure -K 5 -i ../Data/microsats.structure -m Structure_Run/mainparams -e Structure_Run/extraparams -D 19691792 -o ../Structure_Results/10_K_05.out 
Input File:    ../Data/microsats.structure

Run parameters:
   384 individuals
   7 loci
   5 populations assumed
   1000000 Burn-in period
   10000000 Reps
RANDOMIZE turned off


--------------------------------------------
Overall proportion of membership of the
sample in each of the 5 clusters

Inferred Clusters
  1      2      3      4      5    
0.217  0.129  0.218  0.217  0.219  

--------------------------------------------

Allele-freq. divergence among pops (Net nucleotide distance),
computed using point estimates of P.

      1       2       3       4       5      
 1      -    0.1434  0.0001  0.0000  0.0003  
 2   0.1434     -    0.1417  0.1427  0.1422  
 3   0.0001  0.1417     -    0.0001  0.0002  
 4   0.0000  0.1427  0.0001     -    0.0003  
 5   0.0003  0.1422  0.0002  0.0003     -    

Average distances (expected heterozygosity) between individuals in same cluster:
cluster  1  : 0.6215 
cluster  2  : 0.6683 
cluster  3  : 0.6263 
cluster  4  : 0.6225 
cluster  5  : 0.6236 

--------------------------------------------
Estimated Ln Prob of Data   = -8813.8
Mean value of ln likelihood = -8219.6
Variance of ln likelihood   = 1188.4
Mean value of alpha         = 0.0427

Mean value of Fst_1         = 0.0420
Mean value of Fst_2         = 0.1351
Mean value of Fst_3         = 0.0380
Mean value of Fst_4         = 0.0411
Mean value of Fst_5         = 0.0368


Inferred ancestry of individuals:
        Label (%Miss) :  Inferred clusters
  1 COPE-0001    (0)   :  0.007 0.971 0.007 0.007 0.007 
  2 COPE-0002    (0)   :  0.216 0.011 0.286 0.246 0.240 
  3 COPE-0003    (0)   :  0.205 0.006 0.237 0.217 0.334 
  4 COPE-0004    (0)   :  0.215 0.017 0.284 0.244 0.240 
  5 COPE-0005    (0)   :  0.291 0.018 0.236 0.248 0.207 
  6 COPE-0006    (0)   :  0.237 0.019 0.260 0.242 0.242 
  7 COPE-0007    (0)   :  0.302 0.007 0.224 0.265 0.202 
  8 COPE-0008    (0)   :  0.265 0.008 0.229 0.291 0.206 
  9 COPE-0009    (0)   :  0.217 0.017 0.235 0.222 0.309 
 10 COPE-0010    (0)   :  0.232 0.007 0.263 0.231 0.267 
 11 COPE-0011   (14)   :  0.010 0.954 0.013 0.012 0.011 
 12 COPE-0012   (14)   :  0.254 0.007 0.243 0.269 0.228 
 13 COPE-0013    (0)   :  0.203 0.006 0.232 0.210 0.350 
 14 COPE-0014    (0)   :  0.282 0.012 0.222 0.242 0.243 
 15 COPE-0015    (0)   :  0.285 0.007 0.229 0.259 0.221 
 16 COPE-0016    (0)   :  0.263 0.009 0.236 0.239 0.252 
 17 COPE-0017    (0)   :  0.039 0.852 0.036 0.037 0.036 
 18 COPE-0018    (0)   :  0.231 0.008 0.259 0.240 0.262 
 19 COPE-0019    (0)   :  0.229 0.006 0.231 0.241 0.294 
 20 COPE-0020    (0)   :  0.241 0.008 0.251 0.238 0.262 
 21 COPE-0021    (0)   :  0.284 0.006 0.240 0.255 0.216 
 22 COPE-0022    (0)   :  0.243 0.007 0.242 0.276 0.231 
 23 COPE-0023    (0)   :  0.204 0.008 0.289 0.236 0.263 
 24 COPE-0024   (14)   :  0.290 0.006 0.232 0.267 0.204 
 25 COPE-0025    (0)   :  0.210 0.088 0.245 0.206 0.252 
 26 COPE-0026    (0)   :  0.296 0.005 0.220 0.280 0.200 
 27 COPE-0027    (0)   :  0.221 0.006 0.233 0.241 0.300 
 28 COPE-0028    (0)   :  0.266 0.006 0.251 0.240 0.238 
 29 COPE-0029    (0)   :  0.306 0.005 0.221 0.264 0.205 
 30 COPE-0030   (14)   :  0.037 0.846 0.041 0.040 0.037 
 31 COPE-0031    (0)   :  0.295 0.009 0.223 0.280 0.192 
 32 COPE-0032    (0)   :  0.212 0.009 0.280 0.236 0.262 
 33 COPE-0033    (0)   :  0.214 0.010 0.266 0.232 0.278 
 34 COPE-0034    (0)   :  0.295 0.010 0.222 0.279 0.193 
 35 COPE-0035   (14)   :  0.231 0.008 0.269 0.227 0.265 
 36 COPE-0036   (14)   :  0.252 0.006 0.271 0.242 0.229 
 37 COPE-0037    (0)   :  0.246 0.022 0.238 0.244 0.250 
 38 COPE-0038    (0)   :  0.285 0.006 0.222 0.286 0.200 
 39 COPE-0039    (0)   :  0.182 0.162 0.212 0.198 0.247 
 40 COPE-0040   (14)   :  0.205 0.102 0.218 0.208 0.267 
 41 COPE-0041    (0)   :  0.218 0.032 0.252 0.228 0.271 
 42 COPE-0042    (0)   :  0.215 0.010 0.247 0.221 0.307 
 43 COPE-0043    (0)   :  0.226 0.005 0.280 0.248 0.240 
 44 COPE-0044    (0)   :  0.211 0.018 0.271 0.242 0.258 
 45 COPE-0045    (0)   :  0.221 0.032 0.262 0.237 0.247 
 46 COPE-0046    (0)   :  0.027 0.887 0.028 0.027 0.031 
 47 COPE-0047    (0)   :  0.007 0.972 0.007 0.007 0.007 
 48 COPE-0048    (0)   :  0.217 0.007 0.251 0.219 0.306 
 49 COPE-0049    (0)   :  0.228 0.015 0.283 0.244 0.230 
 50 COPE-0050    (0)   :  0.204 0.007 0.240 0.222 0.327 
 51 COPE-0051    (0)   :  0.217 0.131 0.245 0.207 0.201 
 52 COPE-0052    (0)   :  0.309 0.011 0.216 0.260 0.205 
 53 COPE-0053    (0)   :  0.290 0.013 0.222 0.257 0.218 
 54 COPE-0054    (0)   :  0.267 0.005 0.241 0.267 0.221 
 55 COPE-0055    (0)   :  0.259 0.005 0.230 0.288 0.218 
 56 COPE-0056    (0)   :  0.222 0.017 0.255 0.240 0.267 
 57 COPE-0057    (0)   :  0.221 0.010 0.245 0.227 0.296 
 58 COPE-0058    (0)   :  0.241 0.009 0.284 0.237 0.228 
 59 COPE-0059    (0)   :  0.210 0.029 0.224 0.222 0.315 
 60 COPE-0060    (0)   :  0.229 0.007 0.264 0.241 0.259 
 61 COPE-0061    (0)   :  0.250 0.016 0.224 0.240 0.270 
 62 COPE-0062    (0)   :  0.285 0.011 0.231 0.259 0.214 
 63 COPE-0063    (0)   :  0.251 0.025 0.235 0.277 0.212 
 64 COPE-0064    (0)   :  0.257 0.010 0.231 0.260 0.243 
 65 COPE-0065    (0)   :  0.005 0.978 0.005 0.005 0.006 
 66 COPE-0066    (0)   :  0.212 0.014 0.247 0.210 0.317 
 67 COPE-0067   (14)   :  0.022 0.908 0.024 0.022 0.023 
 68 COPE-0068    (0)   :  0.204 0.010 0.229 0.214 0.343 
 69 COPE-0069   (14)   :  0.263 0.014 0.222 0.259 0.243 
 70 COPE-0070    (0)   :  0.246 0.013 0.272 0.250 0.220 
 71 COPE-0071    (0)   :  0.240 0.004 0.253 0.226 0.277 
 72 COPE-0072    (0)   :  0.210 0.007 0.254 0.232 0.298 
 73 COPE-0073   (14)   :  0.049 0.828 0.040 0.045 0.038 
 74 COPE-0074    (0)   :  0.218 0.008 0.266 0.228 0.279 
 75 COPE-0075    (0)   :  0.239 0.022 0.276 0.230 0.233 
 76 COPE-0076    (0)   :  0.244 0.006 0.236 0.254 0.261 
 77 COPE-0077   (14)   :  0.231 0.008 0.241 0.243 0.278 
 78 COPE-0078   (14)   :  0.279 0.008 0.241 0.271 0.201 
 79 COPE-0079    (0)   :  0.211 0.012 0.303 0.246 0.228 
 80 COPE-0080   (42)   :  0.021 0.914 0.021 0.021 0.024 
 81 COPE-0081   (14)   :  0.118 0.540 0.113 0.120 0.110 
 82 COPE-0082   (14)   :  0.246 0.040 0.258 0.237 0.219 
 83 COPE-0083   (14)   :  0.307 0.008 0.213 0.265 0.207 
 84 COPE-0084    (0)   :  0.176 0.333 0.168 0.168 0.154 
 85 COPE-0085    (0)   :  0.231 0.010 0.269 0.232 0.257 
 86 COPE-0086    (0)   :  0.238 0.023 0.276 0.236 0.228 
 87 COPE-0087   (14)   :  0.229 0.007 0.264 0.239 0.260 
 88 COPE-0088   (14)   :  0.252 0.025 0.261 0.239 0.223 
 89 COPE-0089   (14)   :  0.007 0.972 0.007 0.007 0.007 
 90 COPE-0090    (0)   :  0.269 0.007 0.233 0.284 0.206 
 91 COPE-0091   (14)   :  0.245 0.006 0.251 0.239 0.259 
 92 COPE-0092   (28)   :  0.024 0.895 0.028 0.024 0.030 
 93 COPE-0093    (0)   :  0.253 0.007 0.241 0.277 0.222 
 94 COPE-0094    (0)   :  0.201 0.049 0.290 0.238 0.222 
 95 COPE-0095    (0)   :  0.294 0.005 0.219 0.269 0.214 
 96 COPE-0096    (0)   :  0.295 0.008 0.227 0.249 0.220 
 97 COPE-0097    (0)   :  0.276 0.008 0.248 0.247 0.221 
 98 COPE-0098    (0)   :  0.293 0.008 0.224 0.286 0.189 
 99 COPE-0099    (0)   :  0.204 0.020 0.232 0.214 0.330 
100 COPE-0100    (0)   :  0.237 0.007 0.239 0.238 0.279 
101 COPE-0101    (0)   :  0.215 0.045 0.243 0.226 0.272 
102 COPE-0102    (0)   :  0.224 0.006 0.264 0.228 0.278 
103 COPE-0103    (0)   :  0.254 0.017 0.263 0.246 0.220 
104 COPE-0104   (14)   :  0.237 0.007 0.245 0.241 0.269 
105 COPE-0105    (0)   :  0.262 0.035 0.260 0.232 0.210 
106 COPE-0106    (0)   :  0.282 0.005 0.239 0.255 0.220 
107 COPE-0107    (0)   :  0.015 0.941 0.014 0.016 0.014 
108 COPE-0108    (0)   :  0.275 0.006 0.243 0.265 0.211 
109 COPE-0109    (0)   :  0.211 0.014 0.268 0.245 0.262 
110 COPE-0110   (14)   :  0.264 0.015 0.247 0.248 0.226 
111 COPE-0111    (0)   :  0.266 0.010 0.240 0.243 0.241 
112 COPE-0112   (14)   :  0.216 0.011 0.247 0.220 0.306 
113 COPE-0113    (0)   :  0.215 0.025 0.242 0.232 0.285 
114 COPE-0114    (0)   :  0.265 0.011 0.241 0.254 0.229 
115 COPE-0115    (0)   :  0.024 0.914 0.020 0.022 0.019 
116 COPE-0116   (28)   :  0.009 0.964 0.009 0.009 0.009 
117 COPE-0117    (0)   :  0.285 0.014 0.227 0.255 0.219 
118 COPE-0118    (0)   :  0.278 0.011 0.225 0.263 0.224 
119 COPE-0119    (0)   :  0.276 0.010 0.233 0.280 0.200 
120 COPE-0120    (0)   :  0.214 0.011 0.251 0.239 0.285 
121 COPE-0121    (0)   :  0.254 0.061 0.222 0.228 0.235 
122 COPE-0122    (0)   :  0.208 0.007 0.285 0.239 0.261 
123 COPE-0123    (0)   :  0.208 0.014 0.284 0.241 0.254 
124 COPE-0124    (0)   :  0.212 0.013 0.282 0.243 0.250 
125 COPE-0125    (0)   :  0.255 0.007 0.254 0.239 0.245 
126 COPE-0126    (0)   :  0.304 0.015 0.215 0.267 0.199 
127 COPE-0127   (14)   :  0.273 0.007 0.260 0.241 0.219 
128 COPE-0128    (0)   :  0.234 0.021 0.261 0.234 0.250 
129 COPE-0129    (0)   :  0.218 0.007 0.292 0.231 0.252 
130 COPE-0130    (0)   :  0.215 0.012 0.237 0.230 0.307 
131 COPE-0131   (14)   :  0.266 0.011 0.225 0.251 0.247 
132 COPE-0132   (14)   :  0.288 0.032 0.210 0.278 0.192 
133 COPE-0133    (0)   :  0.255 0.013 0.254 0.250 0.229 
134 COPE-0134    (0)   :  0.223 0.007 0.272 0.238 0.259 
135 COPE-0135    (0)   :  0.227 0.009 0.259 0.243 0.262 
136 COPE-0136    (0)   :  0.011 0.955 0.011 0.011 0.012 
137 COPE-0137    (0)   :  0.206 0.012 0.245 0.216 0.322 
138 COPE-0138   (14)   :  0.007 0.971 0.007 0.007 0.007 
139 COPE-0139    (0)   :  0.214 0.008 0.241 0.216 0.320 
140 COPE-0140   (14)   :  0.019 0.920 0.020 0.019 0.023 
141 COPE-0141    (0)   :  0.252 0.009 0.255 0.261 0.224 
142 COPE-0142    (0)   :  0.250 0.008 0.243 0.265 0.234 
143 COPE-0143    (0)   :  0.260 0.008 0.255 0.266 0.211 
144 COPE-0144   (14)   :  0.103 0.518 0.132 0.117 0.130 
145 COPE-0145   (14)   :  0.122 0.420 0.159 0.134 0.165 
146 COPE-0146   (14)   :  0.267 0.029 0.234 0.254 0.217 
147 COPE-0147    (0)   :  0.204 0.070 0.262 0.246 0.219 
148 COPE-0148    (0)   :  0.280 0.011 0.237 0.259 0.213 
149 COPE-0149    (0)   :  0.214 0.007 0.239 0.221 0.319 
150 COPE-0150    (0)   :  0.212 0.012 0.259 0.214 0.303 
151 COPE-0151    (0)   :  0.243 0.007 0.238 0.250 0.262 
152 COPE-0152   (14)   :  0.227 0.120 0.219 0.249 0.186 
153 COPE-0153    (0)   :  0.256 0.006 0.245 0.275 0.218 
154 COPE-0154    (0)   :  0.240 0.006 0.232 0.247 0.274 
155 COPE-0155    (0)   :  0.224 0.006 0.249 0.227 0.293 
156 COPE-0156   (14)   :  0.008 0.968 0.008 0.008 0.008 
157 COPE-0157   (14)   :  0.159 0.369 0.160 0.173 0.139 
158 COPE-0158    (0)   :  0.253 0.009 0.228 0.231 0.279 
159 COPE-0159    (0)   :  0.277 0.007 0.225 0.284 0.207 
160 COPE-0160    (0)   :  0.245 0.006 0.286 0.247 0.216 
161 COPE-0161    (0)   :  0.211 0.011 0.266 0.228 0.283 
162 COPE-0162   (14)   :  0.006 0.974 0.006 0.006 0.007 
163 COPE-0163   (28)   :  0.012 0.951 0.012 0.012 0.012 
164 COPE-0164    (0)   :  0.235 0.039 0.240 0.234 0.252 
165 COPE-0165    (0)   :  0.214 0.008 0.246 0.226 0.306 
166 COPE-0166   (14)   :  0.221 0.008 0.285 0.242 0.244 
167 COPE-0167    (0)   :  0.250 0.007 0.274 0.247 0.221 
168 COPE-0168    (0)   :  0.286 0.006 0.225 0.261 0.222 
169 COPE-0169    (0)   :  0.212 0.015 0.227 0.216 0.330 
170 COPE-0170    (0)   :  0.253 0.043 0.229 0.268 0.207 
171 COPE-0171    (0)   :  0.279 0.009 0.224 0.256 0.232 
172 COPE-0172    (0)   :  0.272 0.006 0.252 0.253 0.217 
173 COPE-0173   (14)   :  0.193 0.067 0.224 0.210 0.306 
174 COPE-0174   (28)   :  0.224 0.024 0.258 0.247 0.247 
175 COPE-0175    (0)   :  0.259 0.037 0.256 0.241 0.207 
176 COPE-0176    (0)   :  0.265 0.009 0.246 0.268 0.212 
177 COPE-0177    (0)   :  0.219 0.007 0.238 0.228 0.308 
178 COPE-0178    (0)   :  0.275 0.008 0.254 0.244 0.218 
179 COPE-0179    (0)   :  0.222 0.008 0.252 0.237 0.281 
180 COPE-0180   (14)   :  0.203 0.006 0.240 0.216 0.335 
181 COPE-0181   (14)   :  0.208 0.010 0.239 0.223 0.319 
182 COPE-0182    (0)   :  0.293 0.005 0.233 0.277 0.192 
183 COPE-0183    (0)   :  0.243 0.011 0.257 0.247 0.242 
184 COPE-0184    (0)   :  0.295 0.009 0.239 0.250 0.206 
185 COPE-0185    (0)   :  0.270 0.007 0.219 0.276 0.228 
186 COPE-0186    (0)   :  0.292 0.006 0.226 0.261 0.216 
187 COPE-0187    (0)   :  0.250 0.010 0.273 0.240 0.226 
188 COPE-0188    (0)   :  0.015 0.936 0.017 0.015 0.017 
189 COPE-0189    (0)   :  0.216 0.010 0.242 0.222 0.310 
190 COPE-0190    (0)   :  0.214 0.015 0.285 0.241 0.246 
191 COPE-0191    (0)   :  0.238 0.012 0.238 0.243 0.269 
192 COPE-0192   (14)   :  0.010 0.963 0.009 0.009 0.009 
193 COPE-0193    (0)   :  0.272 0.007 0.236 0.259 0.226 
194 COPE-0194    (0)   :  0.230 0.011 0.257 0.221 0.280 
195 COPE-0195    (0)   :  0.227 0.007 0.276 0.235 0.255 
196 COPE-0196    (0)   :  0.234 0.010 0.259 0.257 0.241 
197 COPE-0197    (0)   :  0.211 0.007 0.237 0.219 0.326 
198 COPE-0198    (0)   :  0.262 0.012 0.219 0.271 0.235 
199 COPE-0199    (0)   :  0.212 0.012 0.230 0.226 0.320 
200 COPE-0200   (42)   :  0.208 0.010 0.235 0.222 0.326 
201 COPE-0201    (0)   :  0.275 0.008 0.234 0.278 0.204 
202 COPE-0202    (0)   :  0.242 0.017 0.254 0.282 0.205 
203 COPE-0203    (0)   :  0.253 0.006 0.237 0.265 0.239 
204 COPE-0204    (0)   :  0.262 0.043 0.256 0.228 0.212 
205 COPE-0205    (0)   :  0.261 0.021 0.237 0.263 0.217 
206 COPE-0206    (0)   :  0.269 0.005 0.244 0.243 0.239 
207 COPE-0207    (0)   :  0.293 0.010 0.221 0.271 0.205 
208 COPE-0208    (0)   :  0.021 0.913 0.021 0.022 0.023 
209 COPE-0209    (0)   :  0.217 0.007 0.235 0.224 0.316 
210 COPE-0210    (0)   :  0.258 0.010 0.223 0.231 0.278 
211 COPE-0211    (0)   :  0.217 0.005 0.249 0.215 0.313 
212 COPE-0212    (0)   :  0.295 0.011 0.217 0.275 0.203 
213 COPE-0213    (0)   :  0.253 0.007 0.257 0.246 0.237 
214 COPE-0214    (0)   :  0.206 0.009 0.230 0.223 0.332 
215 COPE-0215    (0)   :  0.195 0.034 0.228 0.206 0.336 
216 COPE-0216   (14)   :  0.098 0.596 0.107 0.100 0.099 
217 COPE-0217    (0)   :  0.273 0.028 0.235 0.249 0.215 
218 COPE-0218    (0)   :  0.259 0.009 0.230 0.261 0.242 
219 COPE-0219   (14)   :  0.213 0.009 0.232 0.230 0.316 
220 COPE-0220    (0)   :  0.262 0.015 0.249 0.247 0.227 
221 COPE-0221    (0)   :  0.248 0.018 0.231 0.282 0.221 
222 COPE-0222    (0)   :  0.304 0.006 0.213 0.282 0.194 
223 COPE-0223    (0)   :  0.204 0.008 0.260 0.227 0.300 
224 COPE-0224    (0)   :  0.231 0.024 0.284 0.245 0.216 
225 COPE-0225    (0)   :  0.206 0.017 0.227 0.221 0.328 
226 COPE-0226    (0)   :  0.248 0.009 0.249 0.254 0.239 
227 COPE-0227    (0)   :  0.268 0.006 0.225 0.258 0.244 
228 COPE-0228    (0)   :  0.242 0.033 0.252 0.234 0.238 
229 COPE-0229    (0)   :  0.233 0.008 0.240 0.248 0.272 
230 COPE-0230    (0)   :  0.257 0.009 0.252 0.243 0.239 
231 COPE-0231    (0)   :  0.220 0.006 0.238 0.222 0.314 
232 COPE-0232    (0)   :  0.232 0.014 0.284 0.239 0.231 
233 COPE-0233    (0)   :  0.289 0.005 0.229 0.281 0.196 
234 COPE-0234    (0)   :  0.213 0.008 0.297 0.248 0.235 
235 COPE-0235    (0)   :  0.210 0.005 0.285 0.240 0.259 
236 COPE-0236    (0)   :  0.263 0.005 0.253 0.244 0.236 
237 COPE-0237    (0)   :  0.276 0.006 0.221 0.285 0.213 
238 COPE-0238    (0)   :  0.208 0.007 0.230 0.217 0.337 
239 COPE-0239    (0)   :  0.227 0.035 0.277 0.238 0.223 
240 COPE-0240    (0)   :  0.298 0.008 0.228 0.252 0.215 
241 COPE-0241    (0)   :  0.201 0.007 0.231 0.210 0.352 
242 COPE-0242    (0)   :  0.269 0.007 0.244 0.268 0.213 
243 COPE-0243    (0)   :  0.237 0.008 0.287 0.238 0.231 
244 COPE-0244    (0)   :  0.228 0.009 0.266 0.236 0.262 
245 COPE-0245    (0)   :  0.247 0.015 0.259 0.244 0.235 
246 COPE-0246    (0)   :  0.225 0.013 0.273 0.249 0.240 
247 COPE-0247    (0)   :  0.232 0.017 0.228 0.249 0.273 
248 COPE-0248    (0)   :  0.274 0.005 0.237 0.266 0.218 
249 COPE-0249    (0)   :  0.205 0.039 0.271 0.228 0.257 
250 COPE-0250    (0)   :  0.220 0.018 0.286 0.245 0.231 
251 COPE-0251   (14)   :  0.028 0.894 0.024 0.029 0.024 
252 COPE-0252    (0)   :  0.215 0.012 0.298 0.246 0.229 
253 COPE-0253    (0)   :  0.245 0.008 0.235 0.274 0.237 
254 COPE-0254    (0)   :  0.271 0.011 0.267 0.239 0.212 
255 COPE-0255    (0)   :  0.242 0.024 0.240 0.256 0.237 
256 COPE-0256    (0)   :  0.292 0.011 0.227 0.247 0.224 
257 COPE-0257    (0)   :  0.272 0.009 0.234 0.248 0.237 
258 COPE-0258    (0)   :  0.257 0.029 0.236 0.241 0.238 
259 COPE-0259    (0)   :  0.250 0.007 0.249 0.245 0.248 
260 COPE-0260    (0)   :  0.213 0.028 0.234 0.219 0.306 
261 COPE-0261    (0)   :  0.276 0.006 0.267 0.237 0.214 
262 COPE-0262    (0)   :  0.236 0.032 0.273 0.233 0.226 
263 COPE-0263    (0)   :  0.295 0.008 0.216 0.269 0.212 
264 COPE-0264    (0)   :  0.248 0.025 0.239 0.237 0.250 
265 COPE-0265    (0)   :  0.264 0.010 0.236 0.270 0.219 
266 COPE-0266    (0)   :  0.249 0.018 0.266 0.242 0.224 
267 COPE-0267    (0)   :  0.292 0.006 0.229 0.282 0.191 
268 COPE-0268    (0)   :  0.298 0.012 0.219 0.284 0.188 
269 COPE-0269    (0)   :  0.235 0.007 0.267 0.244 0.246 
270 COPE-0270    (0)   :  0.211 0.008 0.250 0.211 0.320 
271 COPE-0271    (0)   :  0.210 0.008 0.261 0.232 0.290 
272 COPE-0272    (0)   :  0.249 0.007 0.264 0.257 0.223 
273 COPE-0273    (0)   :  0.288 0.013 0.222 0.285 0.191 
274 COPE-0274   (14)   :  0.015 0.939 0.016 0.015 0.016 
275 COPE-0275    (0)   :  0.209 0.011 0.259 0.235 0.287 
276 COPE-0276   (14)   :  0.006 0.977 0.006 0.006 0.006 
277 COPE-0277   (14)   :  0.279 0.016 0.231 0.242 0.231 
278 COPE-0278    (0)   :  0.282 0.007 0.239 0.257 0.216 
279 COPE-0279    (0)   :  0.246 0.008 0.275 0.244 0.226 
280 COPE-0280    (0)   :  0.012 0.951 0.012 0.012 0.013 
281 COPE-0281    (0)   :  0.021 0.905 0.024 0.022 0.028 
282 COPE-0282   (14)   :  0.223 0.007 0.297 0.251 0.221 
283 COPE-0283    (0)   :  0.279 0.008 0.239 0.256 0.218 
284 COPE-0284   (14)   :  0.197 0.035 0.238 0.215 0.315 
285 COPE-0285    (0)   :  0.032 0.876 0.030 0.031 0.031 
286 COPE-0286    (0)   :  0.212 0.012 0.253 0.218 0.305 
287 COPE-0287    (0)   :  0.289 0.050 0.208 0.272 0.181 
288 COPE-0288    (0)   :  0.253 0.010 0.237 0.286 0.214 
289 COPE-0289    (0)   :  0.270 0.008 0.232 0.266 0.224 
290 COPE-0290    (0)   :  0.204 0.008 0.243 0.209 0.335 
291 COPE-0291    (0)   :  0.231 0.006 0.242 0.227 0.294 
292 COPE-0292   (42)   :  0.013 0.947 0.014 0.013 0.014 
293 COPE-0293    (0)   :  0.260 0.008 0.251 0.263 0.218 
294 COPE-0294    (0)   :  0.218 0.011 0.277 0.238 0.256 
295 COPE-0295    (0)   :  0.273 0.008 0.250 0.255 0.214 
296 COPE-0296   (14)   :  0.261 0.007 0.238 0.260 0.234 
297 COPE-0297   (14)   :  0.197 0.039 0.226 0.205 0.333 
298 COPE-0298    (0)   :  0.227 0.012 0.277 0.246 0.239 
299 COPE-0299    (0)   :  0.253 0.006 0.256 0.241 0.244 
300 COPE-0300   (14)   :  0.293 0.007 0.221 0.264 0.215 
301 COPE-0301   (14)   :  0.256 0.012 0.236 0.285 0.211 
302 COPE-0302    (0)   :  0.202 0.328 0.147 0.181 0.142 
303 COPE-0303    (0)   :  0.262 0.006 0.261 0.240 0.231 
304 COPE-0304    (0)   :  0.257 0.007 0.255 0.250 0.232 
305 COPE-0305   (14)   :  0.220 0.048 0.263 0.236 0.234 
306 COPE-0306    (0)   :  0.274 0.011 0.242 0.253 0.220 
307 COPE-0307   (28)   :  0.008 0.970 0.007 0.008 0.007 
308 COPE-0308    (0)   :  0.227 0.006 0.293 0.253 0.220 
309 COPE-0309   (14)   :  0.061 0.732 0.071 0.068 0.067 
310 COPE-0310   (28)   :  0.037 0.871 0.030 0.033 0.029 
311 COPE-0311    (0)   :  0.273 0.022 0.230 0.261 0.214 
312 COPE-0312   (28)   :  0.010 0.959 0.010 0.010 0.010 
313 COPE-0313    (0)   :  0.266 0.009 0.241 0.258 0.225 
314 COPE-0314    (0)   :  0.285 0.008 0.230 0.279 0.197 
315 COPE-0315    (0)   :  0.247 0.008 0.240 0.252 0.254 
316 COPE-0316    (0)   :  0.222 0.020 0.251 0.219 0.288 
317 COPE-0317   (14)   :  0.008 0.969 0.008 0.008 0.007 
318 COPE-0318    (0)   :  0.227 0.005 0.263 0.238 0.267 
319 COPE-0319    (0)   :  0.234 0.007 0.277 0.246 0.236 
320 COPE-0320   (14)   :  0.230 0.015 0.259 0.259 0.237 
321 COPE-0321   (14)   :  0.275 0.011 0.228 0.262 0.224 
322 COPE-0322   (14)   :  0.211 0.006 0.262 0.228 0.293 
323 COPE-0323    (0)   :  0.305 0.017 0.210 0.265 0.202 
324 COPE-0324    (0)   :  0.219 0.007 0.230 0.227 0.317 
325 COPE-0325   (14)   :  0.289 0.014 0.222 0.242 0.232 
326 COPE-0326    (0)   :  0.262 0.007 0.253 0.267 0.211 
327 COPE-0327   (14)   :  0.235 0.011 0.245 0.264 0.246 
328 COPE-0328    (0)   :  0.240 0.005 0.260 0.232 0.261 
329 COPE-0329   (28)   :  0.231 0.013 0.236 0.240 0.280 
330 COPE-0330    (0)   :  0.268 0.021 0.237 0.270 0.204 
331 COPE-0331    (0)   :  0.259 0.006 0.230 0.291 0.214 
332 COPE-0332   (14)   :  0.256 0.007 0.269 0.242 0.225 
333 COPE-0333    (0)   :  0.216 0.130 0.206 0.237 0.210 
334 COPE-0334   (28)   :  0.056 0.798 0.047 0.053 0.046 
335 COPE-0335    (0)   :  0.207 0.007 0.230 0.221 0.336 
336 COPE-0336    (0)   :  0.223 0.006 0.255 0.245 0.271 
337 COPE-0337   (28)   :  0.017 0.926 0.018 0.017 0.022 
338 COPE-0338    (0)   :  0.295 0.021 0.215 0.269 0.201 
339 COPE-0339    (0)   :  0.311 0.007 0.213 0.272 0.198 
340 COPE-0340   (14)   :  0.011 0.957 0.011 0.011 0.011 
341 COPE-0341    (0)   :  0.224 0.007 0.286 0.260 0.224 
342 COPE-0342    (0)   :  0.201 0.008 0.234 0.212 0.345 
343 COPE-0343    (0)   :  0.274 0.006 0.253 0.257 0.210 
344 COPE-0344   (14)   :  0.009 0.965 0.009 0.009 0.008 
345 COPE-0345    (0)   :  0.231 0.007 0.283 0.248 0.231 
346 COPE-0346    (0)   :  0.214 0.033 0.262 0.247 0.243 
347 COPE-0347    (0)   :  0.264 0.007 0.256 0.239 0.234 
348 COPE-0348    (0)   :  0.254 0.015 0.253 0.240 0.239 
349 COPE-0349    (0)   :  0.201 0.006 0.244 0.220 0.329 
350 COPE-0350    (0)   :  0.221 0.006 0.259 0.225 0.290 
351 COPE-0351    (0)   :  0.235 0.006 0.253 0.231 0.275 
352 COPE-0352    (0)   :  0.221 0.027 0.255 0.223 0.275 
353 COPE-0353    (0)   :  0.245 0.006 0.244 0.238 0.267 
354 COPE-0354    (0)   :  0.263 0.016 0.242 0.263 0.215 
355 COPE-0355    (0)   :  0.285 0.007 0.229 0.251 0.228 
356 COPE-0356    (0)   :  0.265 0.007 0.272 0.244 0.212 
357 COPE-0357    (0)   :  0.223 0.009 0.231 0.237 0.300 
358 COPE-0358    (0)   :  0.007 0.972 0.007 0.007 0.007 
359 COPE-0359   (14)   :  0.233 0.009 0.278 0.242 0.238 
360 COPE-0360    (0)   :  0.278 0.007 0.237 0.249 0.229 
361 COPE-0361    (0)   :  0.217 0.007 0.295 0.241 0.241 
362 COPE-0362    (0)   :  0.207 0.007 0.232 0.214 0.341 
363 COPE-0363   (14)   :  0.213 0.014 0.284 0.248 0.240 
364 COPE-0364    (0)   :  0.273 0.006 0.235 0.273 0.214 
365 COPE-0365    (0)   :  0.303 0.026 0.203 0.278 0.190 
366 COPE-0366    (0)   :  0.201 0.021 0.233 0.210 0.336 
367 COPE-0367   (14)   :  0.009 0.963 0.009 0.010 0.009 
368 COPE-0368    (0)   :  0.301 0.009 0.213 0.280 0.198 
369 COPE-0369    (0)   :  0.246 0.009 0.233 0.264 0.249 
370 COPE-0370   (28)   :  0.008 0.969 0.008 0.008 0.008 
371 COPE-0371    (0)   :  0.293 0.012 0.213 0.274 0.209 
372 COPE-0372    (0)   :  0.257 0.046 0.216 0.252 0.229 
373 COPE-0373   (14)   :  0.261 0.007 0.250 0.273 0.209 
374 COPE-0374    (0)   :  0.285 0.008 0.253 0.252 0.202 
375 COPE-0375   (14)   :  0.281 0.014 0.231 0.263 0.211 
376 COPE-0376   (14)   :  0.268 0.006 0.272 0.237 0.218 
377 COPE-0377    (0)   :  0.069 0.708 0.077 0.073 0.074 
378 COPE-0378    (0)   :  0.272 0.007 0.231 0.236 0.254 
379 COPE-0379    (0)   :  0.204 0.008 0.234 0.213 0.341 
380 COPE-0380   (28)   :  0.034 0.871 0.032 0.032 0.030 
381 COPE-0381    (0)   :  0.239 0.015 0.258 0.241 0.247 
382 COPE-0382    (0)   :  0.208 0.006 0.230 0.217 0.339 
383 COPE-0383    (0)   :  0.252 0.177 0.176 0.230 0.165 
384 COPE-0384    (0)   :  0.295 0.008 0.223 0.256 0.218 


Estimated Allele Frequencies in each cluster
First column gives estimated ancestral frequencies


Locus 1 : COPE5 
78 alleles
0.5% missing data
   1   (0.007) 0.001 0.625 0.001 0.001 0.001 
   2   (0.024) 0.021 0.026 0.025 0.023 0.023 
   3   (0.013) 0.013 0.002 0.016 0.014 0.014 
   4   (0.022) 0.023 0.002 0.025 0.024 0.029 
   5   (0.011) 0.009 0.001 0.010 0.009 0.012 
   6   (0.019) 0.015 0.008 0.019 0.017 0.020 
   7   (0.007) 0.003 0.001 0.004 0.003 0.004 
   8   (0.036) 0.098 0.003 0.087 0.093 0.077 
   9   (0.019) 0.020 0.002 0.025 0.022 0.023 
  10   (0.020) 0.021 0.002 0.020 0.021 0.020 
  11   (0.015) 0.016 0.020 0.013 0.016 0.013 
  12   (0.017) 0.023 0.001 0.022 0.025 0.023 
  13   (0.011) 0.011 0.002 0.010 0.012 0.010 
  14   (0.023) 0.027 0.002 0.028 0.029 0.026 
  15   (0.018) 0.037 0.001 0.030 0.032 0.031 
  16   (0.010) 0.006 0.001 0.007 0.006 0.007 
  17   (0.017) 0.014 0.001 0.015 0.014 0.016 
  18   (0.017) 0.013 0.009 0.013 0.012 0.017 
  19   (0.011) 0.008 0.001 0.010 0.009 0.013 
  20   (0.027) 0.060 0.002 0.049 0.057 0.046 
  21   (0.021) 0.021 0.002 0.021 0.021 0.024 
  22   (0.019) 0.014 0.010 0.015 0.015 0.017 
  23   (0.013) 0.011 0.001 0.011 0.012 0.013 
  24   (0.015) 0.020 0.001 0.020 0.019 0.017 
  25   (0.010) 0.007 0.001 0.008 0.008 0.008 
  26   (0.013) 0.008 0.001 0.010 0.009 0.010 
  27   (0.012) 0.009 0.001 0.011 0.009 0.011 
  28   (0.008) 0.002 0.021 0.002 0.002 0.003 
  29   (0.014) 0.011 0.001 0.012 0.011 0.013 
  30   (0.019) 0.020 0.005 0.020 0.021 0.020 
  31   (0.018) 0.019 0.001 0.018 0.019 0.020 
  32   (0.026) 0.038 0.002 0.037 0.040 0.042 
  33   (0.006) 0.002 0.000 0.002 0.002 0.002 
  34   (0.016) 0.022 0.001 0.019 0.021 0.017 
  35   (0.006) 0.001 0.050 0.001 0.001 0.001 
  36   (0.006) 0.002 0.000 0.002 0.002 0.002 
  37   (0.020) 0.028 0.025 0.022 0.025 0.021 
  38   (0.015) 0.011 0.010 0.014 0.012 0.012 
  39   (0.015) 0.019 0.001 0.020 0.018 0.017 
  40   (0.011) 0.009 0.001 0.010 0.009 0.013 
  41   (0.009) 0.004 0.001 0.005 0.004 0.006 
  42   (0.006) 0.002 0.001 0.002 0.002 0.002 
  43   (0.009) 0.004 0.001 0.005 0.005 0.005 
  44   (0.022) 0.026 0.002 0.030 0.026 0.026 
  45   (0.006) 0.002 0.000 0.002 0.002 0.002 
  46   (0.015) 0.019 0.001 0.018 0.020 0.016 
  47   (0.009) 0.007 0.001 0.007 0.006 0.006 
  48   (0.006) 0.002 0.001 0.002 0.002 0.003 
  49   (0.015) 0.015 0.001 0.017 0.016 0.016 
  50   (0.013) 0.010 0.002 0.012 0.011 0.013 
  51   (0.015) 0.015 0.021 0.012 0.014 0.011 
  52   (0.013) 0.013 0.001 0.012 0.013 0.011 
  53   (0.006) 0.001 0.030 0.001 0.001 0.001 
  54   (0.006) 0.001 0.071 0.001 0.001 0.001 
  55   (0.011) 0.008 0.001 0.008 0.007 0.008 
  56   (0.011) 0.012 0.001 0.010 0.011 0.010 
  57   (0.013) 0.010 0.001 0.011 0.010 0.014 
  58   (0.009) 0.005 0.001 0.007 0.006 0.007 
  59   (0.012) 0.011 0.001 0.013 0.012 0.011 
  60   (0.010) 0.009 0.001 0.008 0.008 0.008 
  61   (0.006) 0.002 0.001 0.002 0.002 0.003 
  62   (0.012) 0.011 0.001 0.012 0.011 0.013 
  63   (0.010) 0.017 0.001 0.017 0.015 0.014 
  64   (0.009) 0.005 0.001 0.005 0.005 0.005 
  65   (0.019) 0.020 0.001 0.020 0.020 0.022 
  66   (0.009) 0.010 0.001 0.009 0.009 0.009 
  67   (0.010) 0.006 0.001 0.006 0.006 0.007 
  68   (0.012) 0.009 0.001 0.011 0.010 0.015 
  69   (0.006) 0.002 0.000 0.002 0.002 0.002 
  70   (0.006) 0.002 0.000 0.002 0.002 0.002 
  71   (0.010) 0.006 0.001 0.007 0.006 0.006 
  72   (0.006) 0.002 0.000 0.002 0.002 0.002 
  73   (0.006) 0.002 0.001 0.002 0.002 0.002 
  74   (0.006) 0.002 0.000 0.002 0.002 0.002 
  75   (0.009) 0.004 0.001 0.005 0.004 0.006 
  76   (0.006) 0.002 0.000 0.002 0.002 0.002 
  77   (0.008) 0.003 0.001 0.004 0.003 0.004 
  78   (0.006) 0.002 0.000 0.002 0.002 0.002 

Locus 2 : COPE9 
12 alleles
8.3% missing data
   1   (0.413) 0.476 0.406 0.463 0.477 0.463 
   2   (0.139) 0.133 0.254 0.145 0.135 0.134 
   3   (0.050) 0.052 0.032 0.048 0.050 0.047 
   4   (0.076) 0.074 0.029 0.072 0.073 0.083 
   5   (0.036) 0.024 0.025 0.026 0.024 0.028 
   6   (0.129) 0.136 0.057 0.134 0.136 0.133 
   7   (0.039) 0.023 0.064 0.029 0.025 0.028 
   8   (0.081) 0.070 0.085 0.071 0.070 0.072 
   9   (0.011) 0.004 0.001 0.004 0.004 0.004 
  10   (0.009) 0.001 0.046 0.001 0.001 0.001 
  11   (0.008) 0.003 0.001 0.003 0.003 0.003 
  12   (0.008) 0.002 0.001 0.003 0.003 0.003 

Locus 3 : CPER26 
12 alleles
2.6% missing data
   1   (0.231) 0.233 0.146 0.231 0.236 0.233 
   2   (0.036) 0.021 0.145 0.023 0.022 0.029 
   3   (0.084) 0.072 0.009 0.084 0.076 0.089 
   4   (0.496) 0.591 0.067 0.582 0.584 0.571 
   5   (0.055) 0.046 0.291 0.041 0.045 0.040 
   6   (0.030) 0.015 0.301 0.015 0.016 0.014 
   7   (0.013) 0.005 0.001 0.006 0.005 0.006 
   8   (0.019) 0.007 0.023 0.008 0.007 0.008 
   9   (0.008) 0.002 0.006 0.002 0.002 0.002 
  10   (0.012) 0.003 0.011 0.003 0.003 0.003 
  11   (0.008) 0.002 0.001 0.002 0.002 0.003 
  12   (0.008) 0.002 0.001 0.003 0.002 0.003 

Locus 4 : CPER92 
12 alleles
6.8% missing data
   1   (0.616) 0.678 0.516 0.673 0.675 0.696 
   2   (0.122) 0.130 0.270 0.143 0.139 0.126 
   3   (0.083) 0.094 0.046 0.085 0.089 0.081 
   4   (0.015) 0.009 0.020 0.007 0.008 0.007 
   5   (0.038) 0.025 0.035 0.026 0.025 0.023 
   6   (0.035) 0.027 0.009 0.027 0.028 0.026 
   7   (0.019) 0.008 0.034 0.008 0.008 0.008 
   8   (0.012) 0.003 0.034 0.003 0.003 0.003 
   9   (0.022) 0.010 0.019 0.012 0.011 0.014 
  10   (0.017) 0.008 0.017 0.008 0.008 0.008 
  11   (0.013) 0.006 0.001 0.006 0.006 0.006 
  12   (0.008) 0.002 0.001 0.002 0.002 0.003 

Locus 5 : CPER99 
5 alleles
1.0% missing data
   1   (0.013) 0.003 0.336 0.003 0.003 0.003 
   2   (0.872) 0.931 0.100 0.930 0.933 0.932 
   3   (0.079) 0.054 0.473 0.054 0.053 0.052 
   4   (0.013) 0.003 0.029 0.003 0.003 0.004 
   5   (0.023) 0.009 0.063 0.009 0.009 0.009 

Locus 6 : CPER119 
22 alleles
5.5% missing data
   1   (0.009) 0.001 0.101 0.001 0.001 0.001 
   2   (0.080) 0.091 0.048 0.087 0.096 0.087 
   3   (0.036) 0.035 0.050 0.032 0.032 0.029 
   4   (0.008) 0.002 0.001 0.002 0.002 0.003 
   5   (0.160) 0.165 0.096 0.178 0.170 0.189 
   6   (0.073) 0.065 0.081 0.073 0.069 0.088 
   7   (0.070) 0.093 0.079 0.088 0.095 0.078 
   8   (0.080) 0.077 0.098 0.077 0.076 0.076 
   9   (0.117) 0.137 0.073 0.132 0.132 0.131 
  10   (0.061) 0.064 0.035 0.066 0.062 0.062 
  11   (0.022) 0.012 0.023 0.015 0.013 0.014 
  12   (0.081) 0.112 0.011 0.106 0.108 0.096 
  13   (0.015) 0.006 0.011 0.006 0.006 0.007 
  14   (0.029) 0.042 0.012 0.035 0.039 0.033 
  15   (0.025) 0.022 0.062 0.018 0.022 0.018 
  16   (0.022) 0.010 0.028 0.011 0.010 0.011 
  17   (0.023) 0.011 0.090 0.012 0.011 0.015 
  18   (0.017) 0.009 0.008 0.010 0.010 0.010 
  19   (0.011) 0.002 0.025 0.003 0.003 0.003 
  20   (0.041) 0.030 0.062 0.034 0.030 0.039 
  21   (0.012) 0.007 0.006 0.007 0.007 0.006 
  22   (0.010) 0.006 0.001 0.005 0.005 0.005 

Locus 7 : CPER188 
15 alleles
1.6% missing data
   1   (0.603) 0.674 0.819 0.671 0.675 0.673 
   2   (0.110) 0.100 0.091 0.102 0.100 0.107 
   3   (0.031) 0.025 0.002 0.027 0.025 0.024 
   4   (0.039) 0.031 0.003 0.032 0.032 0.031 
   5   (0.088) 0.116 0.006 0.106 0.113 0.106 
   6   (0.016) 0.006 0.009 0.007 0.006 0.006 
   7   (0.017) 0.009 0.007 0.012 0.010 0.010 
   8   (0.023) 0.011 0.008 0.013 0.012 0.013 
   9   (0.009) 0.001 0.039 0.001 0.001 0.001 
  10   (0.008) 0.001 0.009 0.001 0.001 0.001 
  11   (0.018) 0.010 0.001 0.013 0.011 0.012 
  12   (0.015) 0.007 0.001 0.007 0.007 0.007 
  13   (0.008) 0.002 0.003 0.002 0.002 0.002 
  14   (0.008) 0.003 0.001 0.002 0.003 0.002 
  15   (0.008) 0.003 0.001 0.002 0.003 0.002 

Values of parameters used in structure:
DATAFILE=../Data/microsats.structure,	OUTFILE=../Structure_Results/10_K_05.out,	NUMINDS=384,	NUMLOCI=7,	MISSING=-9,	LABEL=1,	POPDATA=0,	POPFLAG=0,	PHENOTYPE=0,	EXTRACOLS=0,	MAXPOPS=5,	BURNIN=1000000,	NUMREPS=10000000,	USEPOPINFO=0,	INFERALPHA=1,	INFERLAMBDA=0,	POPSPECIFICLAMBDA=0,	POPALPHAS=0,	COMPUTEPROB=1,	NOADMIX=0,	ADMBURNIN=500,	UPDATEFREQ=100,	PRINTLIKES=0,	INTERMEDSAVE=0,	PRINTKLD=0,	PRINTNET=1,	PRINTLAMBDA=1,	ANCESTDIST=0,	NUMBOXES=1000,	ANCESTPINT=0.90000,	GENSBACK=2,	MIGRPRIOR=0.01000,	PRINTQHAT=0,	PRINTQSUM=1,	ALPHA=1.0000,	FREQSCORR=1,	FPRIORMEAN=0.0100,	FPRIORSD=0.0500,	ONEFST=0,	LAMBDA=1.0000,	UNIFPRIORALPHA=1,	ALPHAMAX=10.0000,	ALPHAPRIORA=1.0000,	ALPHAPRIORB=2.0000,	ALPHAPROPSD=0.0250,	STARTATPOPINFO=0,	RANDOMIZE=0,	LINKAGE=0,	METROFREQ=10,	REPORTHITRATE=0,	MARKOVPHASE=-1,	PHASED=0,	PLOIDY=2,	PHASEINFO=0	LOCPRIOR=0, 	LOCPRIORINIT=1.000000, 	LOCDATA=0, 	LOCISPOP=0, 	LOCPRIORSTEP=0.100000, 	MAXLOCPRIOR=20.000000, 	SEED=19691792,	
[STRAT parameters]:    NUMSIMSTATS=1000,	PHENOTYPECOL=-9,	POOLFREQ=10,	LOCUSxONLY=0,	EMERROR=0.00100,	MISSINGPHENO=-9,	