

----------------------------------------------------
STRUCTURE by Pritchard, Stephens and Donnelly (2000)
     and Falush, Stephens and Pritchard (2003)
       Code by Pritchard, Falush and Hubisz
             Version 2.3.4 (Jul 2012)
----------------------------------------------------



Command line arguments:   /home/jason/Programs/structure -K 11 -i ../Data/microsats.structure -m Structure_Run/mainparams -e Structure_Run/extraparams -D 66980344 -o ../Structure_Results/10_K_11.out 
Input File:    ../Data/microsats.structure

Run parameters:
   384 individuals
   7 loci
   11 populations assumed
   1000000 Burn-in period
   10000000 Reps
RANDOMIZE turned off


--------------------------------------------
Overall proportion of membership of the
sample in each of the 11 clusters

Inferred Clusters
  1      2      3      4      5      6      7      8      9     10     11    
0.089  0.089  0.089  0.089  0.089  0.089  0.089  0.089  0.110  0.089  0.089  

--------------------------------------------

Allele-freq. divergence among pops (Net nucleotide distance),
computed using point estimates of P.

      1       2       3       4       5       6       7       8       9      10      11      
 1      -    0.0001  0.0002  0.0001  0.0002  0.0002  0.0004  0.0001  0.1679  0.0002  0.0002  
 2   0.0001     -    0.0000  0.0000  0.0001  0.0001  0.0002  0.0001  0.1669  0.0001  0.0001  
 3   0.0002  0.0000     -    0.0001  0.0002  0.0001  0.0001  0.0001  0.1669  0.0001  0.0000  
 4   0.0001  0.0000  0.0001     -    0.0001  0.0001  0.0002  0.0001  0.1673  0.0001  0.0001  
 5   0.0002  0.0001  0.0002  0.0001     -    0.0000  0.0004  0.0003  0.1667  0.0001  0.0001  
 6   0.0002  0.0001  0.0001  0.0001  0.0000     -    0.0002  0.0002  0.1671  0.0001  0.0001  
 7   0.0004  0.0002  0.0001  0.0002  0.0004  0.0002     -    0.0001  0.1680  0.0003  0.0002  
 8   0.0001  0.0001  0.0001  0.0001  0.0003  0.0002  0.0001     -    0.1686  0.0002  0.0001  
 9   0.1679  0.1669  0.1669  0.1673  0.1667  0.1671  0.1680  0.1686     -    0.1659  0.1665  
10   0.0002  0.0001  0.0001  0.0001  0.0001  0.0001  0.0003  0.0002  0.1659     -    0.0000  
11   0.0002  0.0001  0.0000  0.0001  0.0001  0.0001  0.0002  0.0001  0.1665  0.0000     -    

Average distances (expected heterozygosity) between individuals in same cluster:
cluster  1  : 0.6251 
cluster  2  : 0.6267 
cluster  3  : 0.6259 
cluster  4  : 0.6255 
cluster  5  : 0.6266 
cluster  6  : 0.6250 
cluster  7  : 0.6217 
cluster  8  : 0.6218 
cluster  9  : 0.6350 
cluster 10  : 0.6271 
cluster 11  : 0.6253 

--------------------------------------------
Estimated Ln Prob of Data   = -9113.7
Mean value of ln likelihood = -7680.7
Variance of ln likelihood   = 2866.0
Mean value of alpha         = 0.0487

Mean value of Fst_1         = 0.1049
Mean value of Fst_2         = 0.0972
Mean value of Fst_3         = 0.0967
Mean value of Fst_4         = 0.1012
Mean value of Fst_5         = 0.0985
Mean value of Fst_6         = 0.0977
Mean value of Fst_7         = 0.0983
Mean value of Fst_8         = 0.1035
Mean value of Fst_9         = 0.2028
Mean value of Fst_10         = 0.0987
Mean value of Fst_11         = 0.1012


Inferred ancestry of individuals:
        Label (%Miss) :  Inferred clusters
  1 COPE-0001    (0)   :  0.008 0.009 0.009 0.008 0.009 0.009 0.009 0.009 0.914 0.009 0.009 
  2 COPE-0002    (0)   :  0.104 0.099 0.102 0.096 0.101 0.093 0.090 0.091 0.011 0.109 0.104 
  3 COPE-0003    (0)   :  0.086 0.100 0.100 0.095 0.105 0.113 0.106 0.094 0.007 0.101 0.094 
  4 COPE-0004    (0)   :  0.110 0.097 0.100 0.095 0.102 0.096 0.083 0.090 0.012 0.107 0.106 
  5 COPE-0005    (0)   :  0.108 0.101 0.085 0.104 0.096 0.093 0.082 0.098 0.022 0.107 0.104 
  6 COPE-0006    (0)   :  0.100 0.101 0.100 0.095 0.100 0.098 0.095 0.099 0.018 0.099 0.094 
  7 COPE-0007    (0)   :  0.112 0.100 0.095 0.099 0.092 0.092 0.093 0.111 0.006 0.098 0.101 
  8 COPE-0008    (0)   :  0.093 0.093 0.096 0.101 0.105 0.097 0.098 0.099 0.008 0.101 0.110 
  9 COPE-0009    (0)   :  0.097 0.100 0.095 0.095 0.109 0.102 0.092 0.091 0.016 0.108 0.093 
 10 COPE-0010    (0)   :  0.089 0.106 0.107 0.098 0.100 0.108 0.100 0.103 0.007 0.091 0.090 
 11 COPE-0011   (14)   :  0.013 0.013 0.014 0.013 0.013 0.013 0.012 0.013 0.868 0.014 0.014 
 12 COPE-0012   (14)   :  0.089 0.097 0.092 0.106 0.114 0.103 0.092 0.091 0.007 0.104 0.105 
 13 COPE-0013    (0)   :  0.083 0.105 0.094 0.092 0.109 0.111 0.108 0.097 0.006 0.107 0.088 
 14 COPE-0014    (0)   :  0.099 0.101 0.108 0.095 0.073 0.075 0.128 0.108 0.008 0.095 0.110 
 15 COPE-0015    (0)   :  0.101 0.099 0.108 0.098 0.084 0.085 0.115 0.105 0.007 0.095 0.105 
 16 COPE-0016    (0)   :  0.121 0.097 0.087 0.109 0.109 0.093 0.074 0.085 0.009 0.116 0.099 
 17 COPE-0017    (0)   :  0.044 0.042 0.043 0.041 0.036 0.035 0.046 0.044 0.582 0.041 0.044 
 18 COPE-0018    (0)   :  0.100 0.106 0.098 0.097 0.102 0.102 0.094 0.102 0.008 0.097 0.094 
 19 COPE-0019    (0)   :  0.093 0.099 0.097 0.095 0.106 0.110 0.100 0.098 0.006 0.103 0.094 
 20 COPE-0020    (0)   :  0.101 0.102 0.100 0.098 0.101 0.104 0.100 0.099 0.007 0.096 0.092 
 21 COPE-0021    (0)   :  0.115 0.098 0.095 0.102 0.086 0.094 0.105 0.114 0.006 0.088 0.098 
 22 COPE-0022    (0)   :  0.088 0.089 0.100 0.099 0.111 0.107 0.100 0.091 0.006 0.102 0.107 
 23 COPE-0023    (0)   :  0.094 0.104 0.110 0.093 0.104 0.100 0.099 0.096 0.008 0.099 0.094 
 24 COPE-0024   (14)   :  0.119 0.095 0.088 0.107 0.095 0.104 0.088 0.111 0.006 0.093 0.094 
 25 COPE-0025    (0)   :  0.088 0.102 0.101 0.093 0.095 0.096 0.099 0.088 0.054 0.094 0.090 
 26 COPE-0026    (0)   :  0.098 0.102 0.104 0.100 0.092 0.092 0.100 0.105 0.005 0.099 0.101 
 27 COPE-0027    (0)   :  0.087 0.097 0.094 0.093 0.109 0.114 0.102 0.097 0.006 0.106 0.095 
 28 COPE-0028    (0)   :  0.090 0.107 0.106 0.103 0.096 0.097 0.104 0.096 0.005 0.097 0.098 
 29 COPE-0029    (0)   :  0.123 0.100 0.089 0.108 0.108 0.092 0.076 0.093 0.005 0.109 0.097 
 30 COPE-0030   (14)   :  0.027 0.029 0.029 0.027 0.028 0.028 0.027 0.027 0.723 0.028 0.027 
 31 COPE-0031    (0)   :  0.100 0.103 0.103 0.099 0.088 0.088 0.100 0.108 0.010 0.096 0.105 
 32 COPE-0032    (0)   :  0.085 0.104 0.113 0.097 0.100 0.101 0.105 0.098 0.009 0.096 0.093 
 33 COPE-0033    (0)   :  0.088 0.105 0.106 0.096 0.100 0.103 0.103 0.096 0.011 0.098 0.094 
 34 COPE-0034    (0)   :  0.108 0.103 0.092 0.103 0.097 0.091 0.083 0.096 0.009 0.108 0.109 
 35 COPE-0035   (14)   :  0.087 0.107 0.105 0.100 0.098 0.103 0.104 0.093 0.007 0.097 0.098 
 36 COPE-0036   (14)   :  0.115 0.099 0.097 0.098 0.099 0.097 0.101 0.116 0.006 0.083 0.088 
 37 COPE-0037    (0)   :  0.100 0.095 0.094 0.098 0.097 0.104 0.099 0.099 0.023 0.097 0.095 
 38 COPE-0038    (0)   :  0.089 0.093 0.105 0.098 0.098 0.099 0.107 0.101 0.007 0.102 0.102 
 39 COPE-0039    (0)   :  0.090 0.094 0.100 0.091 0.100 0.099 0.097 0.090 0.053 0.094 0.092 
 40 COPE-0040   (14)   :  0.088 0.094 0.094 0.086 0.094 0.093 0.097 0.093 0.080 0.092 0.090 
 41 COPE-0041    (0)   :  0.092 0.102 0.100 0.094 0.102 0.099 0.099 0.094 0.027 0.098 0.092 
 42 COPE-0042    (0)   :  0.083 0.103 0.108 0.094 0.097 0.104 0.108 0.094 0.010 0.099 0.099 
 43 COPE-0043    (0)   :  0.109 0.101 0.096 0.099 0.107 0.094 0.085 0.092 0.005 0.110 0.102 
 44 COPE-0044    (0)   :  0.101 0.095 0.100 0.096 0.105 0.100 0.089 0.088 0.012 0.108 0.105 
 45 COPE-0045    (0)   :  0.097 0.095 0.100 0.099 0.102 0.100 0.087 0.089 0.033 0.099 0.098 
 46 COPE-0046    (0)   :  0.025 0.025 0.025 0.025 0.026 0.027 0.026 0.025 0.743 0.027 0.026 
 47 COPE-0047    (0)   :  0.008 0.008 0.007 0.007 0.007 0.007 0.007 0.007 0.926 0.008 0.007 
 48 COPE-0048    (0)   :  0.082 0.105 0.112 0.096 0.098 0.105 0.109 0.095 0.007 0.096 0.096 
 49 COPE-0049    (0)   :  0.102 0.101 0.101 0.100 0.099 0.095 0.091 0.088 0.016 0.104 0.102 
 50 COPE-0050    (0)   :  0.092 0.092 0.102 0.090 0.106 0.110 0.105 0.094 0.007 0.101 0.100 
 51 COPE-0051    (0)   :  0.072 0.102 0.095 0.095 0.081 0.091 0.095 0.086 0.103 0.086 0.092 
 52 COPE-0052    (0)   :  0.104 0.097 0.108 0.098 0.071 0.072 0.125 0.111 0.011 0.093 0.112 
 53 COPE-0053    (0)   :  0.128 0.099 0.082 0.115 0.109 0.091 0.067 0.086 0.008 0.116 0.099 
 54 COPE-0054    (0)   :  0.122 0.090 0.089 0.105 0.102 0.104 0.098 0.119 0.005 0.077 0.089 
 55 COPE-0055    (0)   :  0.087 0.089 0.097 0.103 0.112 0.107 0.097 0.093 0.005 0.103 0.107 
 56 COPE-0056    (0)   :  0.088 0.098 0.096 0.100 0.109 0.104 0.095 0.089 0.016 0.104 0.102 
 57 COPE-0057    (0)   :  0.092 0.101 0.097 0.095 0.108 0.108 0.101 0.098 0.010 0.098 0.091 
 58 COPE-0058    (0)   :  0.102 0.106 0.100 0.099 0.102 0.101 0.090 0.096 0.009 0.100 0.094 
 59 COPE-0059    (0)   :  0.086 0.087 0.091 0.087 0.106 0.119 0.110 0.095 0.018 0.101 0.098 
 60 COPE-0060    (0)   :  0.104 0.098 0.100 0.101 0.106 0.094 0.091 0.094 0.007 0.109 0.098 
 61 COPE-0061    (0)   :  0.121 0.100 0.085 0.110 0.109 0.096 0.072 0.086 0.010 0.114 0.097 
 62 COPE-0062    (0)   :  0.107 0.098 0.105 0.097 0.075 0.081 0.121 0.115 0.008 0.087 0.106 
 63 COPE-0063    (0)   :  0.084 0.088 0.091 0.106 0.114 0.105 0.093 0.089 0.023 0.103 0.105 
 64 COPE-0064    (0)   :  0.100 0.096 0.103 0.095 0.098 0.097 0.102 0.098 0.009 0.099 0.103 
 65 COPE-0065    (0)   :  0.006 0.006 0.006 0.006 0.006 0.006 0.006 0.006 0.940 0.006 0.006 
 66 COPE-0066    (0)   :  0.076 0.110 0.108 0.099 0.095 0.105 0.107 0.092 0.017 0.096 0.094 
 67 COPE-0067   (14)   :  0.026 0.030 0.030 0.028 0.027 0.029 0.030 0.027 0.717 0.028 0.028 
 68 COPE-0068    (0)   :  0.085 0.093 0.097 0.090 0.107 0.116 0.109 0.094 0.011 0.100 0.098 
 69 COPE-0069   (14)   :  0.098 0.093 0.104 0.094 0.093 0.099 0.112 0.102 0.011 0.094 0.102 
 70 COPE-0070    (0)   :  0.099 0.107 0.095 0.103 0.097 0.096 0.088 0.093 0.011 0.106 0.106 
 71 COPE-0071    (0)   :  0.084 0.108 0.108 0.101 0.099 0.106 0.107 0.101 0.004 0.090 0.093 
 72 COPE-0072    (0)   :  0.094 0.097 0.103 0.092 0.100 0.101 0.106 0.097 0.006 0.102 0.101 
 73 COPE-0073   (14)   :  0.047 0.035 0.032 0.040 0.039 0.036 0.030 0.038 0.632 0.037 0.035 
 74 COPE-0074    (0)   :  0.089 0.102 0.110 0.097 0.102 0.105 0.104 0.097 0.009 0.092 0.094 
 75 COPE-0075    (0)   :  0.080 0.112 0.105 0.104 0.090 0.102 0.104 0.094 0.012 0.097 0.100 
 76 COPE-0076    (0)   :  0.098 0.094 0.097 0.103 0.107 0.102 0.102 0.100 0.006 0.092 0.100 
 77 COPE-0077   (14)   :  0.093 0.093 0.107 0.091 0.104 0.107 0.105 0.093 0.008 0.100 0.099 
 78 COPE-0078   (14)   :  0.108 0.099 0.090 0.100 0.099 0.099 0.086 0.103 0.008 0.103 0.106 
 79 COPE-0079    (0)   :  0.111 0.105 0.094 0.099 0.100 0.093 0.072 0.089 0.008 0.116 0.114 
 80 COPE-0080   (42)   :  0.019 0.020 0.019 0.019 0.019 0.019 0.020 0.019 0.808 0.019 0.019 
 81 COPE-0081   (14)   :  0.054 0.055 0.057 0.057 0.058 0.058 0.056 0.054 0.436 0.057 0.057 
 82 COPE-0082   (14)   :  0.085 0.100 0.098 0.100 0.099 0.098 0.095 0.090 0.044 0.095 0.097 
 83 COPE-0083   (14)   :  0.103 0.101 0.115 0.092 0.057 0.061 0.142 0.118 0.005 0.088 0.119 
 84 COPE-0084    (0)   :  0.102 0.081 0.068 0.090 0.088 0.072 0.055 0.068 0.202 0.094 0.079 
 85 COPE-0085    (0)   :  0.103 0.105 0.096 0.099 0.102 0.099 0.087 0.092 0.010 0.106 0.101 
 86 COPE-0086    (0)   :  0.100 0.104 0.100 0.098 0.099 0.098 0.094 0.097 0.019 0.098 0.094 
 87 COPE-0087   (14)   :  0.109 0.099 0.095 0.107 0.107 0.095 0.084 0.089 0.007 0.110 0.098 
 88 COPE-0088   (14)   :  0.103 0.101 0.092 0.103 0.096 0.093 0.087 0.092 0.024 0.106 0.102 
 89 COPE-0089   (14)   :  0.007 0.007 0.008 0.008 0.008 0.008 0.007 0.007 0.925 0.008 0.008 
 90 COPE-0090    (0)   :  0.088 0.094 0.099 0.101 0.106 0.104 0.097 0.096 0.008 0.102 0.105 
 91 COPE-0091   (14)   :  0.107 0.099 0.099 0.103 0.098 0.088 0.097 0.096 0.005 0.107 0.101 
 92 COPE-0092   (28)   :  0.021 0.022 0.022 0.021 0.022 0.023 0.022 0.021 0.781 0.023 0.022 
 93 COPE-0093    (0)   :  0.087 0.089 0.090 0.109 0.120 0.109 0.092 0.090 0.006 0.103 0.106 
 94 COPE-0094    (0)   :  0.111 0.100 0.095 0.096 0.099 0.091 0.071 0.087 0.028 0.112 0.111 
 95 COPE-0095    (0)   :  0.122 0.100 0.089 0.112 0.105 0.093 0.074 0.090 0.005 0.111 0.100 
 96 COPE-0096    (0)   :  0.100 0.099 0.100 0.103 0.090 0.086 0.106 0.101 0.009 0.103 0.102 
 97 COPE-0097    (0)   :  0.090 0.109 0.109 0.101 0.087 0.093 0.111 0.105 0.007 0.089 0.098 
 98 COPE-0098    (0)   :  0.100 0.100 0.106 0.098 0.089 0.086 0.100 0.108 0.009 0.096 0.107 
 99 COPE-0099    (0)   :  0.084 0.097 0.101 0.089 0.106 0.107 0.107 0.093 0.021 0.100 0.096 
100 COPE-0100    (0)   :  0.088 0.106 0.102 0.097 0.102 0.104 0.104 0.096 0.007 0.099 0.094 
101 COPE-0101    (0)   :  0.083 0.101 0.100 0.097 0.099 0.099 0.095 0.087 0.044 0.097 0.097 
102 COPE-0102    (0)   :  0.095 0.107 0.102 0.100 0.100 0.099 0.098 0.094 0.006 0.102 0.098 
103 COPE-0103    (0)   :  0.108 0.103 0.099 0.098 0.087 0.086 0.096 0.100 0.015 0.103 0.106 
104 COPE-0104   (14)   :  0.087 0.102 0.108 0.098 0.102 0.105 0.105 0.096 0.007 0.093 0.098 
105 COPE-0105    (0)   :  0.078 0.108 0.103 0.104 0.092 0.100 0.100 0.093 0.035 0.091 0.096 
106 COPE-0106    (0)   :  0.142 0.087 0.083 0.105 0.098 0.105 0.097 0.134 0.004 0.067 0.078 
107 COPE-0107    (0)   :  0.019 0.019 0.021 0.020 0.022 0.021 0.020 0.018 0.800 0.021 0.021 
108 COPE-0108    (0)   :  0.095 0.102 0.107 0.099 0.085 0.087 0.112 0.109 0.006 0.094 0.103 
109 COPE-0109    (0)   :  0.102 0.096 0.104 0.096 0.105 0.097 0.089 0.090 0.011 0.106 0.104 
110 COPE-0110   (14)   :  0.111 0.098 0.090 0.102 0.104 0.098 0.087 0.101 0.013 0.100 0.095 
111 COPE-0111    (0)   :  0.115 0.096 0.091 0.100 0.094 0.097 0.099 0.110 0.009 0.094 0.094 
112 COPE-0112   (14)   :  0.082 0.105 0.108 0.097 0.097 0.100 0.112 0.095 0.009 0.096 0.098 
113 COPE-0113    (0)   :  0.089 0.098 0.104 0.095 0.102 0.101 0.103 0.096 0.017 0.100 0.095 
114 COPE-0114    (0)   :  0.117 0.091 0.093 0.100 0.103 0.105 0.098 0.115 0.009 0.082 0.087 
115 COPE-0115    (0)   :  0.029 0.028 0.027 0.027 0.023 0.022 0.028 0.028 0.732 0.027 0.029 
116 COPE-0116   (28)   :  0.010 0.011 0.011 0.011 0.011 0.011 0.011 0.011 0.892 0.011 0.011 
117 COPE-0117    (0)   :  0.126 0.100 0.084 0.115 0.107 0.091 0.068 0.086 0.010 0.113 0.100 
118 COPE-0118    (0)   :  0.130 0.085 0.095 0.099 0.088 0.097 0.104 0.130 0.009 0.076 0.087 
119 COPE-0119    (0)   :  0.109 0.091 0.102 0.099 0.083 0.089 0.111 0.114 0.011 0.090 0.100 
120 COPE-0120    (0)   :  0.095 0.094 0.106 0.091 0.103 0.106 0.102 0.092 0.010 0.100 0.101 
121 COPE-0121    (0)   :  0.092 0.092 0.095 0.094 0.088 0.091 0.106 0.101 0.053 0.095 0.093 
122 COPE-0122    (0)   :  0.093 0.102 0.106 0.097 0.103 0.100 0.096 0.095 0.008 0.103 0.097 
123 COPE-0123    (0)   :  0.090 0.101 0.109 0.096 0.103 0.099 0.097 0.094 0.016 0.100 0.096 
124 COPE-0124    (0)   :  0.094 0.103 0.106 0.094 0.105 0.101 0.097 0.096 0.012 0.098 0.093 
125 COPE-0125    (0)   :  0.096 0.098 0.101 0.104 0.109 0.108 0.098 0.102 0.006 0.086 0.091 
126 COPE-0126    (0)   :  0.127 0.101 0.084 0.116 0.104 0.090 0.068 0.089 0.012 0.111 0.099 
127 COPE-0127   (14)   :  0.096 0.107 0.099 0.107 0.098 0.098 0.093 0.096 0.006 0.102 0.097 
128 COPE-0128    (0)   :  0.100 0.102 0.101 0.093 0.100 0.101 0.098 0.101 0.017 0.095 0.092 
129 COPE-0129    (0)   :  0.103 0.106 0.093 0.099 0.101 0.097 0.083 0.092 0.006 0.112 0.107 
130 COPE-0130    (0)   :  0.090 0.093 0.099 0.092 0.104 0.113 0.104 0.094 0.013 0.099 0.100 
131 COPE-0131   (14)   :  0.098 0.099 0.108 0.092 0.075 0.080 0.128 0.111 0.008 0.092 0.109 
132 COPE-0132   (14)   :  0.113 0.090 0.089 0.105 0.089 0.102 0.092 0.105 0.037 0.088 0.091 
133 COPE-0133    (0)   :  0.128 0.100 0.085 0.110 0.110 0.089 0.069 0.085 0.009 0.117 0.100 
134 COPE-0134    (0)   :  0.099 0.102 0.101 0.097 0.105 0.102 0.095 0.097 0.007 0.100 0.095 
135 COPE-0135    (0)   :  0.084 0.100 0.107 0.100 0.106 0.107 0.100 0.091 0.008 0.098 0.099 
136 COPE-0136    (0)   :  0.013 0.013 0.013 0.013 0.014 0.014 0.013 0.013 0.867 0.014 0.013 
137 COPE-0137    (0)   :  0.089 0.106 0.104 0.095 0.104 0.104 0.103 0.093 0.011 0.102 0.089 
138 COPE-0138   (14)   :  0.010 0.009 0.009 0.009 0.009 0.009 0.009 0.010 0.908 0.009 0.009 
139 COPE-0139    (0)   :  0.090 0.106 0.099 0.097 0.106 0.106 0.103 0.093 0.007 0.104 0.091 
140 COPE-0140   (14)   :  0.022 0.025 0.025 0.024 0.024 0.024 0.025 0.023 0.760 0.025 0.023 
141 COPE-0141    (0)   :  0.089 0.095 0.093 0.105 0.112 0.103 0.092 0.091 0.008 0.106 0.106 
142 COPE-0142    (0)   :  0.096 0.095 0.095 0.103 0.109 0.104 0.096 0.098 0.009 0.096 0.099 
143 COPE-0143    (0)   :  0.114 0.100 0.092 0.107 0.108 0.096 0.078 0.087 0.009 0.109 0.100 
144 COPE-0144   (14)   :  0.091 0.087 0.087 0.082 0.092 0.086 0.082 0.078 0.133 0.095 0.087 
145 COPE-0145   (14)   :  0.065 0.076 0.078 0.070 0.075 0.075 0.078 0.067 0.270 0.076 0.069 
146 COPE-0146   (14)   :  0.103 0.102 0.094 0.103 0.096 0.096 0.087 0.093 0.027 0.099 0.099 
147 COPE-0147    (0)   :  0.092 0.088 0.101 0.089 0.101 0.097 0.087 0.084 0.070 0.096 0.095 
148 COPE-0148    (0)   :  0.124 0.099 0.084 0.112 0.108 0.091 0.071 0.088 0.008 0.113 0.101 
149 COPE-0149    (0)   :  0.096 0.102 0.093 0.101 0.108 0.105 0.094 0.093 0.007 0.108 0.093 
150 COPE-0150    (0)   :  0.078 0.108 0.114 0.098 0.096 0.106 0.109 0.095 0.008 0.095 0.093 
151 COPE-0151    (0)   :  0.099 0.100 0.098 0.101 0.108 0.103 0.093 0.092 0.007 0.103 0.097 
152 COPE-0152   (14)   :  0.080 0.084 0.089 0.089 0.093 0.090 0.084 0.083 0.126 0.091 0.092 
153 COPE-0153    (0)   :  0.101 0.098 0.105 0.097 0.096 0.095 0.100 0.101 0.006 0.100 0.101 
154 COPE-0154    (0)   :  0.102 0.096 0.094 0.101 0.105 0.105 0.097 0.101 0.007 0.095 0.098 
155 COPE-0155    (0)   :  0.098 0.100 0.102 0.092 0.107 0.106 0.100 0.099 0.006 0.098 0.094 
156 COPE-0156   (14)   :  0.009 0.009 0.009 0.009 0.009 0.009 0.009 0.009 0.910 0.009 0.009 
157 COPE-0157   (14)   :  0.072 0.076 0.072 0.077 0.082 0.074 0.069 0.069 0.244 0.082 0.083 
158 COPE-0158    (0)   :  0.114 0.097 0.089 0.103 0.109 0.095 0.082 0.089 0.009 0.114 0.099 
159 COPE-0159    (0)   :  0.099 0.092 0.101 0.096 0.104 0.104 0.097 0.094 0.008 0.102 0.102 
160 COPE-0160    (0)   :  0.101 0.105 0.094 0.102 0.102 0.101 0.086 0.095 0.007 0.105 0.102 
161 COPE-0161    (0)   :  0.094 0.101 0.105 0.096 0.099 0.096 0.102 0.092 0.012 0.101 0.101 
162 COPE-0162   (14)   :  0.007 0.007 0.007 0.007 0.007 0.007 0.007 0.007 0.929 0.007 0.007 
163 COPE-0163   (28)   :  0.013 0.013 0.013 0.013 0.013 0.013 0.013 0.013 0.870 0.013 0.013 
164 COPE-0164    (0)   :  0.095 0.106 0.098 0.097 0.098 0.098 0.094 0.096 0.026 0.097 0.094 
165 COPE-0165    (0)   :  0.090 0.097 0.100 0.096 0.104 0.108 0.104 0.093 0.008 0.101 0.099 
166 COPE-0166   (14)   :  0.103 0.101 0.097 0.097 0.104 0.101 0.091 0.097 0.008 0.103 0.098 
167 COPE-0167    (0)   :  0.117 0.102 0.088 0.102 0.099 0.098 0.085 0.101 0.008 0.100 0.099 
168 COPE-0168    (0)   :  0.110 0.096 0.096 0.103 0.105 0.095 0.089 0.092 0.006 0.110 0.100 
169 COPE-0169    (0)   :  0.084 0.098 0.094 0.090 0.103 0.112 0.110 0.100 0.011 0.103 0.095 
170 COPE-0170    (0)   :  0.091 0.093 0.101 0.098 0.097 0.098 0.105 0.090 0.025 0.097 0.105 
171 COPE-0171    (0)   :  0.102 0.094 0.099 0.101 0.100 0.100 0.102 0.097 0.008 0.099 0.099 
172 COPE-0172    (0)   :  0.095 0.105 0.104 0.101 0.095 0.095 0.099 0.102 0.007 0.100 0.098 
173 COPE-0173   (14)   :  0.082 0.088 0.093 0.082 0.101 0.108 0.106 0.089 0.056 0.098 0.096 
174 COPE-0174   (28)   :  0.097 0.098 0.101 0.097 0.102 0.098 0.097 0.091 0.015 0.103 0.101 
175 COPE-0175    (0)   :  0.102 0.104 0.093 0.100 0.096 0.092 0.083 0.093 0.040 0.103 0.095 
176 COPE-0176    (0)   :  0.113 0.092 0.088 0.104 0.106 0.100 0.089 0.105 0.008 0.094 0.100 
177 COPE-0177    (0)   :  0.089 0.101 0.095 0.094 0.106 0.109 0.102 0.098 0.007 0.103 0.094 
178 COPE-0178    (0)   :  0.139 0.088 0.084 0.105 0.100 0.106 0.096 0.132 0.007 0.066 0.078 
179 COPE-0179    (0)   :  0.091 0.101 0.105 0.098 0.103 0.104 0.098 0.095 0.009 0.099 0.095 
180 COPE-0180   (14)   :  0.083 0.098 0.092 0.092 0.103 0.116 0.109 0.097 0.006 0.106 0.097 
181 COPE-0181   (14)   :  0.088 0.100 0.099 0.094 0.107 0.111 0.101 0.097 0.009 0.100 0.093 
182 COPE-0182    (0)   :  0.087 0.106 0.102 0.103 0.093 0.095 0.103 0.108 0.005 0.098 0.101 
183 COPE-0183    (0)   :  0.098 0.104 0.100 0.098 0.099 0.101 0.096 0.101 0.011 0.098 0.096 
184 COPE-0184    (0)   :  0.107 0.105 0.086 0.108 0.098 0.095 0.081 0.098 0.009 0.108 0.105 
185 COPE-0185    (0)   :  0.091 0.091 0.106 0.097 0.098 0.100 0.108 0.102 0.006 0.099 0.101 
186 COPE-0186    (0)   :  0.103 0.098 0.114 0.094 0.063 0.067 0.135 0.116 0.005 0.088 0.115 
187 COPE-0187    (0)   :  0.081 0.108 0.102 0.106 0.099 0.102 0.100 0.092 0.009 0.099 0.102 
188 COPE-0188    (0)   :  0.024 0.028 0.029 0.027 0.026 0.027 0.028 0.025 0.732 0.028 0.027 
189 COPE-0189    (0)   :  0.088 0.105 0.102 0.097 0.101 0.103 0.105 0.094 0.008 0.102 0.093 
190 COPE-0190    (0)   :  0.102 0.100 0.104 0.097 0.100 0.097 0.088 0.092 0.014 0.104 0.101 
191 COPE-0191    (0)   :  0.099 0.100 0.100 0.095 0.095 0.091 0.107 0.099 0.011 0.101 0.103 
192 COPE-0192   (14)   :  0.011 0.011 0.011 0.010 0.009 0.009 0.013 0.012 0.893 0.010 0.012 
193 COPE-0193    (0)   :  0.113 0.104 0.093 0.103 0.104 0.097 0.085 0.098 0.006 0.102 0.097 
194 COPE-0194    (0)   :  0.081 0.108 0.109 0.101 0.094 0.102 0.107 0.096 0.009 0.097 0.097 
195 COPE-0195    (0)   :  0.090 0.109 0.107 0.098 0.101 0.101 0.100 0.094 0.006 0.099 0.096 
196 COPE-0196    (0)   :  0.095 0.097 0.107 0.096 0.098 0.099 0.104 0.093 0.011 0.100 0.101 
197 COPE-0197    (0)   :  0.093 0.098 0.099 0.090 0.108 0.108 0.103 0.093 0.007 0.103 0.098 
198 COPE-0198    (0)   :  0.089 0.089 0.098 0.092 0.100 0.114 0.110 0.093 0.013 0.101 0.103 
199 COPE-0199    (0)   :  0.088 0.096 0.093 0.092 0.108 0.115 0.103 0.101 0.012 0.102 0.091 
200 COPE-0200   (42)   :  0.089 0.094 0.097 0.092 0.106 0.115 0.103 0.096 0.009 0.101 0.098 
201 COPE-0201    (0)   :  0.095 0.100 0.098 0.103 0.094 0.093 0.104 0.103 0.008 0.098 0.104 
202 COPE-0202    (0)   :  0.104 0.092 0.099 0.099 0.105 0.094 0.086 0.093 0.013 0.109 0.107 
203 COPE-0203    (0)   :  0.099 0.094 0.098 0.100 0.104 0.108 0.099 0.095 0.006 0.099 0.098 
204 COPE-0204    (0)   :  0.106 0.098 0.097 0.101 0.096 0.103 0.097 0.115 0.029 0.076 0.083 
205 COPE-0205    (0)   :  0.106 0.104 0.096 0.101 0.101 0.095 0.083 0.095 0.021 0.103 0.094 
206 COPE-0206    (0)   :  0.112 0.095 0.094 0.103 0.096 0.104 0.100 0.115 0.005 0.088 0.089 
207 COPE-0207    (0)   :  0.121 0.090 0.093 0.102 0.089 0.102 0.102 0.116 0.011 0.084 0.089 
208 COPE-0208    (0)   :  0.027 0.030 0.032 0.029 0.030 0.029 0.032 0.030 0.700 0.030 0.030 
209 COPE-0209    (0)   :  0.091 0.097 0.105 0.092 0.097 0.102 0.113 0.098 0.006 0.098 0.101 
210 COPE-0210    (0)   :  0.107 0.099 0.097 0.100 0.102 0.095 0.092 0.091 0.010 0.109 0.099 
211 COPE-0211    (0)   :  0.079 0.108 0.112 0.097 0.097 0.105 0.112 0.093 0.005 0.097 0.095 
212 COPE-0212    (0)   :  0.117 0.091 0.092 0.105 0.092 0.104 0.095 0.109 0.012 0.092 0.092 
213 COPE-0213    (0)   :  0.101 0.100 0.101 0.095 0.097 0.103 0.102 0.106 0.008 0.092 0.094 
214 COPE-0214    (0)   :  0.083 0.087 0.092 0.086 0.107 0.123 0.112 0.095 0.008 0.104 0.102 
215 COPE-0215    (0)   :  0.080 0.093 0.088 0.086 0.102 0.113 0.104 0.093 0.052 0.100 0.091 
216 COPE-0216   (14)   :  0.067 0.064 0.063 0.064 0.064 0.059 0.060 0.061 0.371 0.066 0.063 
217 COPE-0217    (0)   :  0.119 0.089 0.086 0.102 0.093 0.103 0.095 0.114 0.028 0.084 0.087 
218 COPE-0218    (0)   :  0.095 0.097 0.101 0.099 0.100 0.105 0.101 0.095 0.009 0.100 0.099 
219 COPE-0219   (14)   :  0.090 0.095 0.098 0.089 0.107 0.109 0.105 0.095 0.009 0.102 0.101 
220 COPE-0220    (0)   :  0.124 0.090 0.085 0.101 0.096 0.105 0.097 0.121 0.013 0.081 0.086 
221 COPE-0221    (0)   :  0.086 0.084 0.101 0.096 0.113 0.112 0.100 0.087 0.017 0.104 0.101 
222 COPE-0222    (0)   :  0.111 0.096 0.093 0.108 0.101 0.094 0.085 0.095 0.007 0.106 0.104 
223 COPE-0223    (0)   :  0.088 0.104 0.099 0.091 0.107 0.108 0.105 0.095 0.007 0.105 0.091 
224 COPE-0224    (0)   :  0.113 0.104 0.090 0.099 0.099 0.092 0.070 0.090 0.019 0.113 0.110 
225 COPE-0225    (0)   :  0.083 0.087 0.089 0.086 0.106 0.122 0.111 0.096 0.014 0.103 0.101 
226 COPE-0226    (0)   :  0.103 0.095 0.096 0.103 0.108 0.099 0.093 0.095 0.006 0.101 0.100 
227 COPE-0227    (0)   :  0.099 0.095 0.103 0.095 0.092 0.096 0.110 0.105 0.006 0.097 0.104 
228 COPE-0228    (0)   :  0.117 0.093 0.091 0.100 0.100 0.105 0.092 0.110 0.018 0.087 0.087 
229 COPE-0229    (0)   :  0.098 0.093 0.098 0.095 0.110 0.107 0.100 0.096 0.007 0.098 0.097 
230 COPE-0230    (0)   :  0.102 0.094 0.095 0.105 0.114 0.106 0.091 0.098 0.010 0.091 0.093 
231 COPE-0231    (0)   :  0.098 0.102 0.098 0.095 0.108 0.106 0.095 0.098 0.006 0.099 0.095 
232 COPE-0232    (0)   :  0.106 0.102 0.100 0.096 0.100 0.098 0.086 0.094 0.015 0.103 0.099 
233 COPE-0233    (0)   :  0.102 0.106 0.104 0.097 0.092 0.094 0.095 0.107 0.005 0.096 0.102 
234 COPE-0234    (0)   :  0.098 0.105 0.104 0.097 0.102 0.096 0.090 0.095 0.008 0.105 0.100 
235 COPE-0235    (0)   :  0.093 0.103 0.104 0.095 0.105 0.102 0.099 0.096 0.006 0.103 0.095 
236 COPE-0236    (0)   :  0.107 0.095 0.096 0.107 0.110 0.106 0.097 0.110 0.005 0.080 0.087 
237 COPE-0237    (0)   :  0.094 0.094 0.109 0.093 0.091 0.094 0.110 0.105 0.006 0.099 0.105 
238 COPE-0238    (0)   :  0.090 0.100 0.091 0.090 0.112 0.111 0.100 0.098 0.009 0.106 0.094 
239 COPE-0239    (0)   :  0.102 0.100 0.092 0.099 0.098 0.091 0.082 0.089 0.035 0.109 0.104 
240 COPE-0240    (0)   :  0.114 0.101 0.091 0.107 0.102 0.090 0.082 0.093 0.008 0.112 0.100 
241 COPE-0241    (0)   :  0.082 0.104 0.093 0.091 0.109 0.112 0.110 0.097 0.007 0.107 0.089 
242 COPE-0242    (0)   :  0.115 0.092 0.099 0.099 0.086 0.092 0.108 0.115 0.006 0.090 0.099 
243 COPE-0243    (0)   :  0.082 0.110 0.107 0.103 0.091 0.101 0.105 0.097 0.007 0.096 0.100 
244 COPE-0244    (0)   :  0.090 0.103 0.099 0.097 0.099 0.105 0.104 0.095 0.009 0.101 0.098 
245 COPE-0245    (0)   :  0.082 0.109 0.105 0.102 0.093 0.100 0.106 0.097 0.011 0.095 0.100 
246 COPE-0246    (0)   :  0.101 0.100 0.101 0.095 0.099 0.093 0.099 0.095 0.013 0.102 0.102 
247 COPE-0247    (0)   :  0.088 0.086 0.105 0.094 0.106 0.111 0.107 0.089 0.016 0.098 0.100 
248 COPE-0248    (0)   :  0.089 0.108 0.104 0.101 0.094 0.098 0.106 0.103 0.005 0.093 0.098 
249 COPE-0249    (0)   :  0.101 0.098 0.097 0.092 0.100 0.099 0.089 0.088 0.028 0.105 0.102 
250 COPE-0250    (0)   :  0.106 0.100 0.095 0.101 0.100 0.096 0.084 0.095 0.017 0.103 0.102 
251 COPE-0251   (14)   :  0.028 0.028 0.032 0.030 0.031 0.032 0.033 0.031 0.691 0.031 0.032 
252 COPE-0252    (0)   :  0.108 0.101 0.099 0.097 0.102 0.094 0.082 0.092 0.011 0.108 0.105 
253 COPE-0253    (0)   :  0.086 0.091 0.096 0.105 0.112 0.106 0.097 0.091 0.008 0.102 0.106 
254 COPE-0254    (0)   :  0.089 0.110 0.102 0.107 0.095 0.100 0.096 0.096 0.014 0.096 0.096 
255 COPE-0255    (0)   :  0.085 0.094 0.101 0.096 0.103 0.108 0.102 0.090 0.022 0.100 0.099 
256 COPE-0256    (0)   :  0.123 0.099 0.084 0.109 0.107 0.092 0.075 0.092 0.010 0.111 0.097 
257 COPE-0257    (0)   :  0.102 0.101 0.113 0.092 0.062 0.065 0.138 0.114 0.007 0.090 0.115 
258 COPE-0258    (0)   :  0.094 0.100 0.106 0.095 0.085 0.086 0.114 0.103 0.017 0.095 0.105 
259 COPE-0259    (0)   :  0.095 0.101 0.108 0.096 0.100 0.102 0.103 0.103 0.006 0.092 0.093 
260 COPE-0260    (0)   :  0.089 0.098 0.093 0.091 0.106 0.105 0.101 0.097 0.024 0.102 0.094 
261 COPE-0261    (0)   :  0.087 0.111 0.106 0.104 0.095 0.103 0.103 0.106 0.006 0.086 0.092 
262 COPE-0262    (0)   :  0.102 0.106 0.098 0.104 0.100 0.095 0.087 0.092 0.018 0.102 0.095 
263 COPE-0263    (0)   :  0.098 0.096 0.109 0.096 0.084 0.084 0.114 0.108 0.007 0.098 0.105 
264 COPE-0264    (0)   :  0.099 0.099 0.108 0.094 0.076 0.078 0.126 0.108 0.018 0.090 0.105 
265 COPE-0265    (0)   :  0.092 0.103 0.097 0.104 0.100 0.101 0.097 0.096 0.011 0.099 0.100 
266 COPE-0266    (0)   :  0.111 0.097 0.093 0.101 0.094 0.104 0.097 0.108 0.018 0.087 0.090 
267 COPE-0267    (0)   :  0.098 0.105 0.097 0.100 0.095 0.097 0.091 0.106 0.006 0.101 0.104 
268 COPE-0268    (0)   :  0.097 0.102 0.106 0.095 0.087 0.088 0.100 0.112 0.013 0.097 0.102 
269 COPE-0269    (0)   :  0.104 0.101 0.100 0.100 0.094 0.088 0.102 0.099 0.006 0.105 0.103 
270 COPE-0270    (0)   :  0.078 0.109 0.110 0.097 0.097 0.107 0.110 0.096 0.007 0.096 0.093 
271 COPE-0271    (0)   :  0.093 0.102 0.102 0.095 0.103 0.099 0.101 0.096 0.007 0.106 0.095 
272 COPE-0272    (0)   :  0.096 0.096 0.099 0.101 0.105 0.102 0.095 0.095 0.007 0.103 0.101 
273 COPE-0273    (0)   :  0.115 0.091 0.091 0.105 0.090 0.106 0.096 0.111 0.016 0.089 0.091 
274 COPE-0274   (14)   :  0.020 0.026 0.026 0.024 0.023 0.024 0.026 0.023 0.760 0.024 0.024 
275 COPE-0275    (0)   :  0.090 0.099 0.107 0.095 0.100 0.100 0.105 0.093 0.010 0.100 0.100 
276 COPE-0276   (14)   :  0.006 0.006 0.006 0.006 0.006 0.006 0.006 0.006 0.936 0.006 0.006 
277 COPE-0277   (14)   :  0.117 0.095 0.089 0.105 0.106 0.090 0.086 0.097 0.013 0.105 0.097 
278 COPE-0278    (0)   :  0.140 0.087 0.082 0.105 0.097 0.105 0.095 0.131 0.007 0.072 0.080 
279 COPE-0279    (0)   :  0.109 0.099 0.099 0.099 0.101 0.102 0.096 0.104 0.009 0.091 0.092 
280 COPE-0280    (0)   :  0.013 0.013 0.013 0.013 0.013 0.013 0.013 0.013 0.873 0.013 0.013 
281 COPE-0281    (0)   :  0.030 0.031 0.033 0.030 0.032 0.035 0.033 0.031 0.682 0.032 0.032 
282 COPE-0282   (14)   :  0.114 0.105 0.092 0.100 0.102 0.094 0.068 0.091 0.006 0.116 0.113 
283 COPE-0283    (0)   :  0.129 0.091 0.088 0.102 0.093 0.102 0.097 0.120 0.007 0.082 0.087 
284 COPE-0284   (14)   :  0.084 0.102 0.099 0.091 0.103 0.102 0.105 0.093 0.033 0.101 0.088 
285 COPE-0285    (0)   :  0.030 0.031 0.030 0.031 0.029 0.029 0.031 0.030 0.698 0.030 0.030 
286 COPE-0286    (0)   :  0.083 0.111 0.108 0.096 0.099 0.099 0.110 0.093 0.009 0.100 0.093 
287 COPE-0287    (0)   :  0.095 0.100 0.106 0.094 0.082 0.083 0.099 0.113 0.030 0.095 0.103 
288 COPE-0288    (0)   :  0.090 0.087 0.100 0.098 0.111 0.111 0.098 0.089 0.010 0.104 0.103 
289 COPE-0289    (0)   :  0.103 0.102 0.095 0.106 0.098 0.095 0.093 0.096 0.007 0.102 0.102 
290 COPE-0290    (0)   :  0.079 0.108 0.107 0.095 0.101 0.106 0.109 0.093 0.007 0.100 0.094 
291 COPE-0291    (0)   :  0.096 0.101 0.105 0.094 0.091 0.091 0.115 0.105 0.006 0.095 0.101 
292 COPE-0292   (42)   :  0.014 0.015 0.015 0.015 0.015 0.015 0.015 0.014 0.853 0.015 0.014 
293 COPE-0293    (0)   :  0.088 0.097 0.098 0.107 0.109 0.103 0.095 0.091 0.008 0.101 0.104 
294 COPE-0294    (0)   :  0.097 0.102 0.103 0.096 0.102 0.102 0.096 0.097 0.012 0.098 0.095 
295 COPE-0295    (0)   :  0.110 0.102 0.086 0.108 0.104 0.096 0.078 0.096 0.007 0.107 0.105 
296 COPE-0296   (14)   :  0.098 0.095 0.101 0.101 0.103 0.107 0.099 0.093 0.007 0.099 0.097 
297 COPE-0297   (14)   :  0.081 0.094 0.089 0.089 0.103 0.112 0.108 0.092 0.036 0.103 0.094 
298 COPE-0298    (0)   :  0.096 0.098 0.098 0.103 0.110 0.099 0.090 0.091 0.009 0.104 0.101 
299 COPE-0299    (0)   :  0.079 0.110 0.109 0.103 0.095 0.103 0.106 0.095 0.006 0.096 0.099 
300 COPE-0300   (14)   :  0.109 0.101 0.097 0.103 0.097 0.091 0.089 0.099 0.008 0.106 0.100 
301 COPE-0301   (14)   :  0.086 0.088 0.092 0.107 0.116 0.106 0.094 0.089 0.009 0.104 0.107 
302 COPE-0302    (0)   :  0.088 0.083 0.076 0.087 0.075 0.075 0.078 0.080 0.187 0.084 0.086 
303 COPE-0303    (0)   :  0.122 0.093 0.091 0.101 0.105 0.107 0.094 0.120 0.006 0.077 0.082 
304 COPE-0304    (0)   :  0.098 0.106 0.098 0.102 0.099 0.100 0.094 0.099 0.007 0.100 0.098 
305 COPE-0305   (14)   :  0.102 0.096 0.100 0.091 0.090 0.086 0.100 0.098 0.034 0.101 0.101 
306 COPE-0306    (0)   :  0.131 0.089 0.088 0.104 0.094 0.103 0.100 0.128 0.009 0.073 0.081 
307 COPE-0307   (28)   :  0.008 0.008 0.008 0.008 0.008 0.008 0.008 0.008 0.919 0.008 0.008 
308 COPE-0308    (0)   :  0.108 0.103 0.090 0.100 0.105 0.098 0.073 0.091 0.006 0.114 0.112 
309 COPE-0309   (14)   :  0.038 0.040 0.043 0.039 0.042 0.041 0.039 0.038 0.601 0.040 0.039 
310 COPE-0310   (28)   :  0.044 0.043 0.048 0.040 0.028 0.029 0.059 0.049 0.572 0.039 0.050 
311 COPE-0311    (0)   :  0.097 0.093 0.103 0.096 0.086 0.089 0.113 0.102 0.021 0.096 0.104 
312 COPE-0312   (28)   :  0.014 0.013 0.012 0.013 0.013 0.013 0.013 0.014 0.871 0.011 0.012 
313 COPE-0313    (0)   :  0.109 0.097 0.103 0.100 0.082 0.089 0.112 0.116 0.008 0.087 0.098 
314 COPE-0314    (0)   :  0.091 0.103 0.106 0.099 0.088 0.092 0.105 0.109 0.007 0.098 0.101 
315 COPE-0315    (0)   :  0.097 0.098 0.098 0.094 0.096 0.100 0.104 0.108 0.008 0.098 0.099 
316 COPE-0316    (0)   :  0.089 0.101 0.101 0.096 0.102 0.107 0.102 0.102 0.020 0.092 0.091 
317 COPE-0317   (14)   :  0.009 0.009 0.009 0.009 0.008 0.008 0.009 0.009 0.913 0.009 0.009 
318 COPE-0318    (0)   :  0.091 0.105 0.106 0.097 0.097 0.101 0.106 0.100 0.005 0.096 0.096 
319 COPE-0319    (0)   :  0.101 0.105 0.098 0.099 0.100 0.096 0.088 0.094 0.006 0.108 0.104 
320 COPE-0320   (14)   :  0.094 0.094 0.101 0.099 0.105 0.100 0.096 0.091 0.015 0.101 0.104 
321 COPE-0321   (14)   :  0.098 0.097 0.108 0.095 0.081 0.088 0.116 0.108 0.011 0.093 0.106 
322 COPE-0322   (14)   :  0.091 0.104 0.102 0.094 0.102 0.102 0.106 0.099 0.006 0.102 0.093 
323 COPE-0323    (0)   :  0.102 0.100 0.116 0.092 0.057 0.061 0.141 0.119 0.008 0.087 0.118 
324 COPE-0324    (0)   :  0.089 0.093 0.092 0.091 0.105 0.115 0.110 0.098 0.006 0.101 0.099 
325 COPE-0325   (14)   :  0.124 0.096 0.084 0.109 0.106 0.086 0.076 0.089 0.011 0.118 0.101 
326 COPE-0326    (0)   :  0.104 0.094 0.089 0.106 0.109 0.105 0.088 0.097 0.007 0.100 0.102 
327 COPE-0327   (14)   :  0.087 0.093 0.102 0.100 0.113 0.106 0.095 0.090 0.008 0.103 0.102 
328 COPE-0328    (0)   :  0.097 0.102 0.103 0.096 0.107 0.104 0.101 0.102 0.006 0.093 0.090 
329 COPE-0329   (28)   :  0.094 0.093 0.092 0.092 0.101 0.111 0.105 0.105 0.013 0.098 0.096 
330 COPE-0330    (0)   :  0.090 0.102 0.107 0.098 0.088 0.091 0.104 0.106 0.021 0.097 0.098 
331 COPE-0331    (0)   :  0.087 0.088 0.093 0.104 0.114 0.108 0.097 0.092 0.006 0.102 0.108 
332 COPE-0332   (14)   :  0.109 0.102 0.100 0.098 0.098 0.097 0.100 0.108 0.007 0.090 0.092 
333 COPE-0333    (0)   :  0.075 0.080 0.082 0.087 0.096 0.092 0.084 0.079 0.147 0.088 0.090 
334 COPE-0334   (28)   :  0.046 0.046 0.050 0.044 0.034 0.035 0.059 0.050 0.541 0.043 0.052 
335 COPE-0335    (0)   :  0.083 0.088 0.093 0.086 0.107 0.120 0.115 0.095 0.006 0.103 0.103 
336 COPE-0336    (0)   :  0.090 0.094 0.107 0.098 0.106 0.109 0.102 0.088 0.006 0.100 0.100 
337 COPE-0337   (28)   :  0.016 0.018 0.017 0.017 0.018 0.018 0.018 0.017 0.825 0.018 0.017 
338 COPE-0338    (0)   :  0.097 0.098 0.109 0.096 0.082 0.082 0.109 0.108 0.020 0.097 0.101 
339 COPE-0339    (0)   :  0.129 0.102 0.083 0.115 0.103 0.089 0.070 0.088 0.006 0.113 0.102 
340 COPE-0340   (14)   :  0.012 0.012 0.012 0.012 0.013 0.013 0.012 0.012 0.877 0.013 0.012 
341 COPE-0341    (0)   :  0.100 0.105 0.103 0.099 0.099 0.098 0.089 0.094 0.007 0.103 0.104 
342 COPE-0342    (0)   :  0.083 0.098 0.091 0.089 0.106 0.115 0.110 0.101 0.008 0.104 0.094 
343 COPE-0343    (0)   :  0.104 0.100 0.097 0.104 0.098 0.103 0.098 0.105 0.006 0.092 0.094 
344 COPE-0344   (14)   :  0.011 0.011 0.011 0.011 0.011 0.010 0.011 0.012 0.889 0.011 0.012 
345 COPE-0345    (0)   :  0.104 0.104 0.100 0.098 0.101 0.095 0.085 0.093 0.006 0.110 0.105 
346 COPE-0346    (0)   :  0.092 0.096 0.108 0.089 0.101 0.100 0.101 0.093 0.031 0.096 0.093 
347 COPE-0347    (0)   :  0.091 0.106 0.105 0.104 0.096 0.099 0.101 0.095 0.006 0.100 0.097 
348 COPE-0348    (0)   :  0.098 0.102 0.101 0.100 0.094 0.101 0.102 0.108 0.015 0.086 0.093 
349 COPE-0349    (0)   :  0.087 0.101 0.097 0.090 0.104 0.111 0.108 0.099 0.006 0.105 0.092 
350 COPE-0350    (0)   :  0.086 0.104 0.109 0.096 0.105 0.108 0.103 0.099 0.006 0.095 0.091 
351 COPE-0351    (0)   :  0.079 0.109 0.105 0.102 0.097 0.106 0.107 0.095 0.006 0.096 0.098 
352 COPE-0352    (0)   :  0.094 0.101 0.096 0.094 0.103 0.100 0.101 0.095 0.026 0.097 0.093 
353 COPE-0353    (0)   :  0.100 0.102 0.111 0.095 0.071 0.072 0.131 0.108 0.005 0.095 0.110 
354 COPE-0354    (0)   :  0.095 0.099 0.103 0.097 0.089 0.088 0.111 0.103 0.014 0.097 0.105 
355 COPE-0355    (0)   :  0.130 0.099 0.082 0.114 0.112 0.089 0.065 0.084 0.006 0.119 0.099 
356 COPE-0356    (0)   :  0.087 0.109 0.103 0.106 0.098 0.101 0.096 0.093 0.008 0.100 0.099 
357 COPE-0357    (0)   :  0.089 0.091 0.103 0.090 0.104 0.108 0.109 0.095 0.008 0.102 0.102 
358 COPE-0358    (0)   :  0.007 0.008 0.007 0.007 0.008 0.008 0.008 0.007 0.926 0.007 0.007 
359 COPE-0359   (14)   :  0.100 0.103 0.101 0.097 0.102 0.099 0.094 0.097 0.009 0.101 0.097 
360 COPE-0360    (0)   :  0.101 0.099 0.110 0.096 0.072 0.075 0.126 0.112 0.006 0.091 0.111 
361 COPE-0361    (0)   :  0.095 0.102 0.108 0.095 0.104 0.101 0.094 0.097 0.009 0.100 0.095 
362 COPE-0362    (0)   :  0.085 0.096 0.096 0.089 0.102 0.110 0.115 0.099 0.007 0.103 0.099 
363 COPE-0363   (14)   :  0.097 0.104 0.106 0.094 0.103 0.100 0.094 0.095 0.013 0.099 0.095 
364 COPE-0364    (0)   :  0.096 0.100 0.114 0.096 0.079 0.079 0.116 0.111 0.006 0.098 0.105 
365 COPE-0365    (0)   :  0.101 0.094 0.117 0.091 0.067 0.067 0.127 0.117 0.018 0.092 0.109 
366 COPE-0366    (0)   :  0.078 0.105 0.096 0.094 0.102 0.109 0.108 0.092 0.024 0.101 0.090 
367 COPE-0367   (14)   :  0.013 0.013 0.013 0.013 0.013 0.012 0.012 0.012 0.874 0.013 0.013 
368 COPE-0368    (0)   :  0.119 0.099 0.086 0.112 0.103 0.095 0.075 0.090 0.010 0.109 0.101 
369 COPE-0369    (0)   :  0.094 0.089 0.106 0.094 0.108 0.108 0.102 0.089 0.008 0.100 0.101 
370 COPE-0370   (28)   :  0.009 0.009 0.009 0.009 0.009 0.009 0.009 0.009 0.909 0.009 0.009 
371 COPE-0371    (0)   :  0.093 0.091 0.105 0.097 0.093 0.096 0.111 0.102 0.013 0.097 0.102 
372 COPE-0372    (0)   :  0.103 0.084 0.093 0.093 0.092 0.103 0.102 0.106 0.046 0.086 0.091 
373 COPE-0373   (14)   :  0.101 0.094 0.092 0.103 0.107 0.106 0.086 0.095 0.007 0.104 0.104 
374 COPE-0374    (0)   :  0.101 0.108 0.097 0.103 0.095 0.094 0.089 0.102 0.008 0.104 0.100 
375 COPE-0375   (14)   :  0.102 0.099 0.112 0.095 0.070 0.070 0.125 0.112 0.009 0.093 0.113 
376 COPE-0376   (14)   :  0.081 0.111 0.106 0.106 0.091 0.102 0.105 0.097 0.006 0.094 0.100 
377 COPE-0377    (0)   :  0.043 0.045 0.045 0.045 0.047 0.045 0.042 0.042 0.552 0.047 0.045 
378 COPE-0378    (0)   :  0.105 0.101 0.097 0.104 0.096 0.087 0.098 0.095 0.006 0.108 0.102 
379 COPE-0379    (0)   :  0.083 0.102 0.097 0.093 0.110 0.111 0.105 0.097 0.007 0.105 0.090 
380 COPE-0380   (28)   :  0.041 0.031 0.031 0.035 0.035 0.035 0.033 0.042 0.663 0.025 0.028 
381 COPE-0381    (0)   :  0.097 0.101 0.103 0.097 0.096 0.090 0.102 0.097 0.010 0.104 0.103 
382 COPE-0382    (0)   :  0.086 0.101 0.091 0.094 0.111 0.113 0.106 0.097 0.006 0.104 0.092 
383 COPE-0383    (0)   :  0.097 0.095 0.111 0.089 0.058 0.060 0.131 0.114 0.046 0.086 0.112 
384 COPE-0384    (0)   :  0.108 0.100 0.100 0.104 0.090 0.089 0.100 0.102 0.007 0.098 0.102 


Estimated Allele Frequencies in each cluster
First column gives estimated ancestral frequencies


Locus 1 : COPE5 
78 alleles
0.5% missing data
   1   (0.007) 0.001 0.001 0.001 0.001 0.001 0.001 0.001 0.001 0.711 0.001 0.001 
   2   (0.023) 0.025 0.025 0.025 0.024 0.026 0.024 0.023 0.023 0.009 0.027 0.026 
   3   (0.014) 0.016 0.015 0.014 0.014 0.015 0.014 0.012 0.013 0.001 0.016 0.015 
   4   (0.024) 0.024 0.026 0.024 0.025 0.026 0.026 0.024 0.023 0.001 0.026 0.024 
   5   (0.012) 0.009 0.009 0.010 0.009 0.011 0.012 0.011 0.009 0.001 0.010 0.010 
   6   (0.019) 0.018 0.018 0.018 0.018 0.019 0.019 0.017 0.017 0.003 0.019 0.018 
   7   (0.008) 0.004 0.004 0.004 0.003 0.004 0.003 0.003 0.003 0.000 0.004 0.004 
   8   (0.034) 0.110 0.086 0.080 0.096 0.090 0.094 0.080 0.101 0.002 0.084 0.086 
   9   (0.020) 0.021 0.022 0.022 0.021 0.022 0.022 0.021 0.021 0.001 0.022 0.020 
  10   (0.020) 0.019 0.020 0.021 0.019 0.019 0.019 0.021 0.020 0.001 0.020 0.019 
