

----------------------------------------------------
STRUCTURE by Pritchard, Stephens and Donnelly (2000)
     and Falush, Stephens and Pritchard (2003)
       Code by Pritchard, Falush and Hubisz
             Version 2.3.4 (Jul 2012)
----------------------------------------------------



Command line arguments:   /home/jason/Programs/structure -K 12 -i ../Data/microsats.structure -m Structure_Run/mainparams -e Structure_Run/extraparams -D 10906639 -o ../Structure_Results/10_K_12.out 
Input File:    ../Data/microsats.structure

Run parameters:
   384 individuals
   7 loci
   12 populations assumed
   1000000 Burn-in period
   10000000 Reps
RANDOMIZE turned off


--------------------------------------------
Overall proportion of membership of the
sample in each of the 12 clusters

Inferred Clusters
  1      2      3      4      5      6      7      8      9     10     11     12    
0.081  0.081  0.107  0.081  0.081  0.081  0.081  0.081  0.081  0.081  0.081  0.081  

--------------------------------------------

Allele-freq. divergence among pops (Net nucleotide distance),
computed using point estimates of P.

      1       2       3       4       5       6       7       8       9      10      11      12      
 1      -    0.0002  0.1707  0.0001  0.0002  0.0001  0.0021  0.0003  0.0001  0.0001  0.0001  0.0002  
 2   0.0002     -    0.1719  0.0002  0.0001  0.0002  0.0021  0.0001  0.0002  0.0001  0.0001  0.0004  
 3   0.1707  0.1719     -    0.1726  0.1726  0.1713  0.1566  0.1728  0.1703  0.1727  0.1716  0.1712  
 4   0.0001  0.0002  0.1726     -    0.0001  0.0001  0.0023  0.0003  0.0002  0.0001  0.0001  0.0002  
 5   0.0002  0.0001  0.1726  0.0001     -    0.0002  0.0023  0.0001  0.0002  0.0000  0.0000  0.0003  
 6   0.0001  0.0002  0.1713  0.0001  0.0002     -    0.0020  0.0002  0.0003  0.0001  0.0001  0.0001  
 7   0.0021  0.0021  0.1566  0.0023  0.0023  0.0020     -    0.0024  0.0024  0.0021  0.0021  0.0022  
 8   0.0003  0.0001  0.1728  0.0003  0.0001  0.0002  0.0024     -    0.0003  0.0002  0.0002  0.0004  
 9   0.0001  0.0002  0.1703  0.0002  0.0002  0.0003  0.0024  0.0003     -    0.0003  0.0001  0.0004  
10   0.0001  0.0001  0.1727  0.0001  0.0000  0.0001  0.0021  0.0002  0.0003     -    0.0001  0.0002  
11   0.0001  0.0001  0.1716  0.0001  0.0000  0.0001  0.0021  0.0002  0.0001  0.0001     -    0.0003  
12   0.0002  0.0004  0.1712  0.0002  0.0003  0.0001  0.0022  0.0004  0.0004  0.0002  0.0003     -    

Average distances (expected heterozygosity) between individuals in same cluster:
cluster  1  : 0.6224 
cluster  2  : 0.6216 
cluster  3  : 0.6289 
cluster  4  : 0.6199 
cluster  5  : 0.6188 
cluster  6  : 0.6215 
cluster  7  : 0.6738 
cluster  8  : 0.6190 
cluster  9  : 0.6241 
cluster 10  : 0.6181 
cluster 11  : 0.6213 
cluster 12  : 0.6203 

--------------------------------------------
Estimated Ln Prob of Data   = -9195.2
Mean value of ln likelihood = -7677.3
Variance of ln likelihood   = 3035.7
Mean value of alpha         = 0.0494

Mean value of Fst_1         = 0.1154
Mean value of Fst_2         = 0.1181
Mean value of Fst_3         = 0.2155
Mean value of Fst_4         = 0.1186
Mean value of Fst_5         = 0.1208
Mean value of Fst_6         = 0.1170
Mean value of Fst_7         = 0.0172
Mean value of Fst_8         = 0.1230
Mean value of Fst_9         = 0.1207
Mean value of Fst_10         = 0.1173
Mean value of Fst_11         = 0.1172
Mean value of Fst_12         = 0.1163


Inferred ancestry of individuals:
        Label (%Miss) :  Inferred clusters
  1 COPE-0001    (0)   :  0.009 0.009 0.904 0.009 0.009 0.009 0.008 0.009 0.009 0.009 0.009 0.009 
  2 COPE-0002    (0)   :  0.087 0.087 0.011 0.084 0.084 0.089 0.118 0.089 0.092 0.080 0.089 0.091 
  3 COPE-0003    (0)   :  0.082 0.082 0.007 0.070 0.079 0.082 0.207 0.077 0.074 0.083 0.080 0.078 
  4 COPE-0004    (0)   :  0.097 0.098 0.012 0.069 0.085 0.092 0.075 0.098 0.121 0.070 0.093 0.089 
  5 COPE-0005    (0)   :  0.086 0.099 0.023 0.084 0.091 0.095 0.046 0.102 0.110 0.080 0.092 0.091 
  6 COPE-0006    (0)   :  0.089 0.091 0.018 0.095 0.088 0.089 0.081 0.087 0.080 0.095 0.092 0.095 
  7 COPE-0007    (0)   :  0.085 0.092 0.006 0.093 0.100 0.092 0.056 0.104 0.099 0.087 0.094 0.091 
  8 COPE-0008    (0)   :  0.101 0.086 0.008 0.109 0.096 0.091 0.037 0.089 0.095 0.097 0.097 0.093 
  9 COPE-0009    (0)   :  0.080 0.084 0.015 0.081 0.082 0.091 0.176 0.075 0.073 0.084 0.079 0.078 
 10 COPE-0010    (0)   :  0.090 0.095 0.007 0.094 0.089 0.085 0.087 0.089 0.087 0.095 0.094 0.087 
 11 COPE-0011   (14)   :  0.013 0.013 0.855 0.012 0.013 0.014 0.010 0.014 0.015 0.013 0.014 0.014 
 12 COPE-0012   (14)   :  0.099 0.091 0.007 0.106 0.092 0.087 0.074 0.087 0.089 0.094 0.093 0.081 
 13 COPE-0013    (0)   :  0.094 0.101 0.006 0.080 0.098 0.106 0.048 0.093 0.085 0.105 0.095 0.088 
 14 COPE-0014    (0)   :  0.095 0.074 0.008 0.092 0.078 0.106 0.087 0.095 0.076 0.085 0.076 0.128 
 15 COPE-0015    (0)   :  0.095 0.086 0.007 0.099 0.087 0.099 0.056 0.096 0.085 0.090 0.087 0.115 
 16 COPE-0016    (0)   :  0.079 0.097 0.010 0.106 0.094 0.111 0.047 0.094 0.095 0.089 0.089 0.089 
 17 COPE-0017    (0)   :  0.041 0.038 0.557 0.043 0.038 0.046 0.026 0.044 0.038 0.040 0.037 0.050 
 18 COPE-0018    (0)   :  0.093 0.093 0.008 0.098 0.094 0.094 0.056 0.088 0.083 0.101 0.097 0.094 
 19 COPE-0019    (0)   :  0.094 0.097 0.006 0.087 0.098 0.098 0.065 0.087 0.087 0.100 0.090 0.092 
 20 COPE-0020    (0)   :  0.079 0.086 0.006 0.079 0.083 0.078 0.184 0.085 0.077 0.084 0.083 0.076 
 21 COPE-0021    (0)   :  0.085 0.101 0.006 0.096 0.098 0.084 0.053 0.106 0.094 0.095 0.093 0.090 
 22 COPE-0022    (0)   :  0.104 0.086 0.006 0.103 0.100 0.083 0.042 0.086 0.098 0.104 0.100 0.087 
 23 COPE-0023    (0)   :  0.089 0.083 0.008 0.087 0.078 0.083 0.140 0.084 0.075 0.088 0.091 0.094 
 24 COPE-0024   (14)   :  0.080 0.102 0.006 0.092 0.104 0.086 0.036 0.114 0.103 0.099 0.099 0.079 
 25 COPE-0025    (0)   :  0.057 0.055 0.036 0.053 0.051 0.056 0.426 0.048 0.050 0.055 0.055 0.057 
 26 COPE-0026    (0)   :  0.093 0.084 0.005 0.103 0.096 0.095 0.059 0.084 0.094 0.091 0.096 0.099 
 27 COPE-0027    (0)   :  0.096 0.095 0.006 0.086 0.098 0.099 0.053 0.089 0.091 0.103 0.094 0.090 
 28 COPE-0028    (0)   :  0.084 0.077 0.005 0.089 0.076 0.083 0.200 0.068 0.079 0.080 0.078 0.083 
 29 COPE-0029    (0)   :  0.078 0.096 0.005 0.109 0.096 0.106 0.060 0.095 0.091 0.089 0.090 0.086 
 30 COPE-0030   (14)   :  0.026 0.025 0.709 0.026 0.025 0.026 0.032 0.026 0.025 0.026 0.027 0.027 
 31 COPE-0031    (0)   :  0.096 0.081 0.010 0.114 0.097 0.096 0.036 0.089 0.085 0.097 0.097 0.104 
 32 COPE-0032    (0)   :  0.082 0.075 0.009 0.083 0.073 0.075 0.208 0.073 0.071 0.081 0.085 0.084 
 33 COPE-0033    (0)   :  0.087 0.082 0.010 0.088 0.081 0.087 0.141 0.082 0.076 0.087 0.091 0.088 
 34 COPE-0034    (0)   :  0.093 0.094 0.009 0.090 0.087 0.104 0.041 0.097 0.112 0.080 0.093 0.101 
 35 COPE-0035   (14)   :  0.083 0.079 0.007 0.083 0.075 0.081 0.201 0.071 0.077 0.081 0.083 0.079 
 36 COPE-0036   (14)   :  0.084 0.104 0.006 0.088 0.102 0.078 0.069 0.114 0.089 0.095 0.093 0.078 
 37 COPE-0037    (0)   :  0.084 0.093 0.024 0.086 0.093 0.084 0.077 0.097 0.096 0.094 0.091 0.082 
 38 COPE-0038    (0)   :  0.095 0.078 0.006 0.100 0.101 0.088 0.046 0.084 0.098 0.106 0.104 0.094 
 39 COPE-0039    (0)   :  0.070 0.074 0.037 0.061 0.067 0.068 0.287 0.066 0.066 0.071 0.070 0.064 
 40 COPE-0040   (14)   :  0.080 0.076 0.075 0.074 0.075 0.080 0.158 0.074 0.069 0.080 0.077 0.082 
 41 COPE-0041    (0)   :  0.089 0.083 0.026 0.082 0.082 0.085 0.140 0.079 0.074 0.090 0.086 0.085 
 42 COPE-0042    (0)   :  0.093 0.086 0.010 0.088 0.085 0.093 0.102 0.082 0.082 0.092 0.094 0.092 
 43 COPE-0043    (0)   :  0.086 0.092 0.005 0.097 0.088 0.097 0.085 0.089 0.095 0.085 0.089 0.092 
 44 COPE-0044    (0)   :  0.098 0.093 0.012 0.079 0.084 0.087 0.091 0.089 0.108 0.079 0.094 0.086 
 45 COPE-0045    (0)   :  0.094 0.087 0.033 0.082 0.084 0.084 0.105 0.084 0.094 0.080 0.091 0.082 
 46 COPE-0046    (0)   :  0.024 0.025 0.728 0.023 0.025 0.027 0.023 0.025 0.025 0.025 0.024 0.026 
 47 COPE-0047    (0)   :  0.007 0.007 0.918 0.007 0.007 0.007 0.008 0.007 0.007 0.008 0.007 0.007 
 48 COPE-0048    (0)   :  0.092 0.086 0.007 0.098 0.087 0.093 0.089 0.083 0.080 0.096 0.101 0.089 
 49 COPE-0049    (0)   :  0.081 0.076 0.016 0.074 0.073 0.074 0.240 0.070 0.080 0.069 0.074 0.074 
 50 COPE-0050    (0)   :  0.094 0.099 0.007 0.073 0.091 0.095 0.067 0.095 0.097 0.094 0.096 0.092 
 51 COPE-0051    (0)   :  0.092 0.085 0.100 0.097 0.083 0.085 0.044 0.066 0.090 0.086 0.087 0.087 
 52 COPE-0052    (0)   :  0.098 0.080 0.011 0.098 0.081 0.106 0.042 0.099 0.084 0.087 0.080 0.134 
 53 COPE-0053    (0)   :  0.079 0.105 0.008 0.108 0.091 0.112 0.036 0.099 0.098 0.087 0.086 0.091 
 54 COPE-0054    (0)   :  0.086 0.111 0.005 0.091 0.113 0.071 0.052 0.116 0.095 0.100 0.095 0.065 
 55 COPE-0055    (0)   :  0.105 0.086 0.005 0.110 0.101 0.083 0.034 0.086 0.099 0.105 0.102 0.084 
 56 COPE-0056    (0)   :  0.099 0.087 0.014 0.093 0.087 0.082 0.107 0.079 0.087 0.091 0.092 0.080 
 57 COPE-0057    (0)   :  0.087 0.088 0.010 0.081 0.084 0.080 0.174 0.080 0.073 0.086 0.083 0.075 
 58 COPE-0058    (0)   :  0.085 0.088 0.009 0.083 0.085 0.084 0.138 0.085 0.085 0.086 0.088 0.083 
 59 COPE-0059    (0)   :  0.082 0.086 0.018 0.064 0.091 0.087 0.151 0.082 0.087 0.089 0.079 0.083 
 60 COPE-0060    (0)   :  0.086 0.093 0.007 0.095 0.089 0.100 0.075 0.093 0.086 0.090 0.089 0.099 
 61 COPE-0061    (0)   :  0.083 0.103 0.010 0.102 0.090 0.109 0.048 0.094 0.092 0.088 0.088 0.091 
 62 COPE-0062    (0)   :  0.093 0.088 0.008 0.096 0.089 0.092 0.060 0.103 0.083 0.089 0.084 0.114 
 63 COPE-0063    (0)   :  0.108 0.088 0.022 0.114 0.094 0.081 0.038 0.080 0.095 0.101 0.099 0.080 
 64 COPE-0064    (0)   :  0.095 0.093 0.009 0.089 0.092 0.092 0.056 0.094 0.095 0.093 0.096 0.097 
 65 COPE-0065    (0)   :  0.006 0.006 0.933 0.006 0.006 0.006 0.007 0.006 0.006 0.006 0.006 0.006 
 66 COPE-0066    (0)   :  0.092 0.085 0.017 0.093 0.080 0.088 0.128 0.072 0.085 0.087 0.088 0.085 
 67 COPE-0067   (14)   :  0.026 0.025 0.685 0.027 0.025 0.026 0.060 0.023 0.024 0.026 0.027 0.025 
 68 COPE-0068    (0)   :  0.090 0.094 0.011 0.072 0.092 0.094 0.100 0.088 0.089 0.094 0.088 0.089 
 69 COPE-0069   (14)   :  0.092 0.087 0.010 0.081 0.090 0.090 0.088 0.094 0.089 0.092 0.088 0.099 
 70 COPE-0070    (0)   :  0.093 0.094 0.011 0.088 0.090 0.093 0.078 0.087 0.102 0.084 0.088 0.093 
 71 COPE-0071    (0)   :  0.078 0.079 0.004 0.080 0.073 0.074 0.237 0.070 0.078 0.078 0.075 0.074 
 72 COPE-0072    (0)   :  0.092 0.092 0.006 0.081 0.087 0.094 0.078 0.094 0.091 0.092 0.093 0.099 
 73 COPE-0073   (14)   :  0.031 0.042 0.612 0.037 0.040 0.036 0.021 0.044 0.037 0.035 0.035 0.029 
 74 COPE-0074    (0)   :  0.089 0.087 0.009 0.092 0.088 0.087 0.110 0.085 0.080 0.094 0.095 0.083 
 75 COPE-0075    (0)   :  0.100 0.091 0.011 0.106 0.091 0.096 0.043 0.075 0.099 0.093 0.098 0.096 
 76 COPE-0076    (0)   :  0.096 0.095 0.006 0.100 0.097 0.091 0.056 0.095 0.088 0.098 0.092 0.087 
 77 COPE-0077   (14)   :  0.093 0.092 0.008 0.083 0.093 0.089 0.073 0.090 0.089 0.098 0.096 0.096 
 78 COPE-0078   (14)   :  0.087 0.098 0.008 0.087 0.097 0.092 0.049 0.104 0.110 0.088 0.095 0.087 
 79 COPE-0079    (0)   :  0.100 0.104 0.008 0.072 0.086 0.102 0.028 0.104 0.139 0.063 0.097 0.097 
 80 COPE-0080   (42)   :  0.019 0.018 0.795 0.018 0.018 0.019 0.021 0.018 0.017 0.019 0.018 0.019 
 81 COPE-0081   (14)   :  0.053 0.049 0.420 0.054 0.052 0.049 0.069 0.050 0.051 0.053 0.052 0.049 
 82 COPE-0082   (14)   :  0.095 0.085 0.044 0.096 0.086 0.080 0.098 0.073 0.089 0.088 0.086 0.080 
 83 COPE-0083   (14)   :  0.106 0.071 0.005 0.101 0.077 0.116 0.021 0.105 0.077 0.088 0.076 0.158 
 84 COPE-0084    (0)   :  0.063 0.084 0.193 0.090 0.074 0.091 0.033 0.079 0.077 0.072 0.070 0.074 
 85 COPE-0085    (0)   :  0.084 0.089 0.009 0.076 0.079 0.087 0.164 0.082 0.095 0.070 0.083 0.081 
 86 COPE-0086    (0)   :  0.083 0.092 0.018 0.088 0.084 0.082 0.128 0.083 0.082 0.090 0.085 0.084 
 87 COPE-0087   (14)   :  0.084 0.098 0.007 0.102 0.091 0.105 0.052 0.094 0.089 0.091 0.091 0.096 
 88 COPE-0088   (14)   :  0.088 0.094 0.024 0.087 0.087 0.095 0.079 0.089 0.094 0.082 0.086 0.096 
 89 COPE-0089   (14)   :  0.008 0.007 0.917 0.008 0.008 0.007 0.007 0.007 0.008 0.008 0.008 0.007 
 90 COPE-0090    (0)   :  0.098 0.082 0.008 0.106 0.101 0.085 0.058 0.082 0.092 0.103 0.100 0.086 
 91 COPE-0091   (14)   :  0.089 0.092 0.005 0.101 0.091 0.108 0.043 0.098 0.086 0.091 0.087 0.109 
 92 COPE-0092   (28)   :  0.019 0.020 0.769 0.017 0.019 0.020 0.040 0.019 0.021 0.018 0.019 0.019 
 93 COPE-0093    (0)   :  0.112 0.092 0.006 0.121 0.098 0.083 0.018 0.083 0.098 0.106 0.103 0.081 
 94 COPE-0094    (0)   :  0.100 0.102 0.026 0.068 0.084 0.100 0.026 0.104 0.137 0.061 0.096 0.096 
 95 COPE-0095    (0)   :  0.084 0.098 0.005 0.110 0.091 0.109 0.038 0.096 0.094 0.091 0.091 0.093 
 96 COPE-0096    (0)   :  0.088 0.086 0.009 0.097 0.090 0.099 0.082 0.092 0.085 0.089 0.083 0.099 
 97 COPE-0097    (0)   :  0.100 0.091 0.007 0.102 0.089 0.093 0.057 0.086 0.093 0.093 0.086 0.103 
 98 COPE-0098    (0)   :  0.100 0.080 0.009 0.113 0.098 0.096 0.027 0.090 0.090 0.095 0.097 0.106 
 99 COPE-0099    (0)   :  0.070 0.066 0.019 0.058 0.065 0.066 0.334 0.059 0.061 0.070 0.064 0.068 
100 COPE-0100    (0)   :  0.088 0.084 0.007 0.087 0.084 0.087 0.149 0.080 0.076 0.091 0.087 0.082 
101 COPE-0101    (0)   :  0.093 0.081 0.047 0.086 0.080 0.080 0.126 0.073 0.087 0.081 0.085 0.080 
102 COPE-0102    (0)   :  0.094 0.093 0.006 0.091 0.088 0.098 0.076 0.089 0.084 0.094 0.094 0.093 
103 COPE-0103    (0)   :  0.093 0.090 0.015 0.086 0.086 0.098 0.065 0.096 0.102 0.075 0.087 0.105 
104 COPE-0104   (14)   :  0.092 0.082 0.006 0.093 0.084 0.085 0.139 0.077 0.080 0.091 0.089 0.083 
105 COPE-0105    (0)   :  0.099 0.091 0.036 0.104 0.088 0.084 0.067 0.068 0.099 0.093 0.083 0.088 
106 COPE-0106    (0)   :  0.075 0.126 0.004 0.083 0.125 0.060 0.039 0.141 0.099 0.099 0.097 0.051 
107 COPE-0107    (0)   :  0.021 0.019 0.783 0.021 0.021 0.018 0.014 0.018 0.022 0.022 0.022 0.019 
108 COPE-0108    (0)   :  0.095 0.084 0.006 0.104 0.094 0.093 0.066 0.087 0.083 0.092 0.091 0.106 
109 COPE-0109    (0)   :  0.096 0.095 0.011 0.072 0.084 0.092 0.080 0.093 0.112 0.079 0.096 0.091 
110 COPE-0110   (14)   :  0.081 0.098 0.013 0.089 0.090 0.089 0.095 0.097 0.093 0.085 0.088 0.083 
111 COPE-0111    (0)   :  0.082 0.104 0.009 0.090 0.097 0.087 0.063 0.109 0.090 0.093 0.090 0.086 
112 COPE-0112   (14)   :  0.095 0.086 0.009 0.100 0.087 0.096 0.076 0.085 0.080 0.097 0.098 0.093 
113 COPE-0113    (0)   :  0.087 0.081 0.016 0.080 0.081 0.083 0.173 0.079 0.074 0.083 0.081 0.083 
114 COPE-0114    (0)   :  0.082 0.102 0.009 0.085 0.106 0.074 0.096 0.109 0.085 0.093 0.093 0.066 
115 COPE-0115    (0)   :  0.027 0.025 0.710 0.028 0.024 0.030 0.019 0.027 0.026 0.025 0.024 0.033 
116 COPE-0116   (28)   :  0.010 0.010 0.870 0.010 0.010 0.010 0.028 0.010 0.010 0.010 0.010 0.010 
117 COPE-0117    (0)   :  0.082 0.102 0.010 0.109 0.089 0.111 0.037 0.097 0.095 0.087 0.086 0.095 
118 COPE-0118    (0)   :  0.082 0.111 0.009 0.085 0.114 0.073 0.040 0.131 0.090 0.097 0.094 0.075 
119 COPE-0119    (0)   :  0.093 0.091 0.011 0.100 0.101 0.085 0.039 0.101 0.089 0.097 0.095 0.098 
120 COPE-0120    (0)   :  0.092 0.095 0.010 0.076 0.087 0.086 0.079 0.092 0.101 0.091 0.098 0.093 
121 COPE-0121    (0)   :  0.078 0.078 0.049 0.081 0.079 0.081 0.155 0.087 0.073 0.079 0.073 0.086 
122 COPE-0122    (0)   :  0.092 0.092 0.008 0.090 0.085 0.093 0.075 0.091 0.085 0.092 0.097 0.101 
123 COPE-0123    (0)   :  0.091 0.084 0.016 0.087 0.081 0.084 0.119 0.083 0.081 0.088 0.095 0.091 
124 COPE-0124    (0)   :  0.084 0.079 0.012 0.081 0.076 0.079 0.180 0.077 0.071 0.086 0.086 0.089 
125 COPE-0125    (0)   :  0.093 0.096 0.006 0.096 0.098 0.088 0.081 0.094 0.090 0.094 0.090 0.075 
126 COPE-0126    (0)   :  0.084 0.101 0.012 0.113 0.089 0.110 0.024 0.098 0.096 0.090 0.088 0.095 
127 COPE-0127   (14)   :  0.095 0.094 0.006 0.096 0.087 0.088 0.085 0.082 0.095 0.090 0.087 0.092 
128 COPE-0128    (0)   :  0.072 0.080 0.016 0.076 0.073 0.071 0.237 0.076 0.068 0.080 0.077 0.074 
129 COPE-0129    (0)   :  0.092 0.104 0.006 0.078 0.086 0.100 0.056 0.098 0.117 0.074 0.095 0.093 
130 COPE-0130    (0)   :  0.092 0.093 0.014 0.079 0.090 0.091 0.085 0.090 0.090 0.094 0.091 0.092 
131 COPE-0131   (14)   :  0.099 0.078 0.007 0.093 0.081 0.107 0.053 0.101 0.081 0.086 0.080 0.133 
132 COPE-0132   (14)   :  0.080 0.095 0.036 0.086 0.098 0.078 0.040 0.110 0.103 0.099 0.098 0.078 
133 COPE-0133    (0)   :  0.078 0.102 0.008 0.109 0.091 0.111 0.036 0.099 0.098 0.087 0.087 0.093 
134 COPE-0134    (0)   :  0.088 0.094 0.007 0.085 0.086 0.087 0.094 0.095 0.090 0.090 0.096 0.088 
135 COPE-0135    (0)   :  0.095 0.081 0.007 0.092 0.084 0.077 0.140 0.074 0.088 0.090 0.089 0.081 
136 COPE-0136    (0)   :  0.013 0.014 0.853 0.013 0.013 0.014 0.015 0.013 0.013 0.013 0.013 0.013 
137 COPE-0137    (0)   :  0.090 0.086 0.011 0.083 0.086 0.091 0.125 0.083 0.072 0.098 0.091 0.083 
138 COPE-0138   (14)   :  0.009 0.010 0.897 0.009 0.010 0.009 0.010 0.010 0.009 0.009 0.009 0.008 
139 COPE-0139    (0)   :  0.068 0.067 0.007 0.060 0.065 0.069 0.352 0.060 0.058 0.067 0.064 0.064 
140 COPE-0140   (14)   :  0.022 0.021 0.726 0.022 0.021 0.023 0.057 0.021 0.020 0.022 0.022 0.022 
141 COPE-0141    (0)   :  0.100 0.085 0.008 0.103 0.091 0.082 0.092 0.079 0.091 0.093 0.095 0.081 
142 COPE-0142    (0)   :  0.097 0.095 0.009 0.100 0.096 0.085 0.066 0.091 0.089 0.098 0.093 0.082 
143 COPE-0143    (0)   :  0.090 0.095 0.009 0.098 0.088 0.099 0.068 0.090 0.097 0.087 0.091 0.088 
144 COPE-0144   (14)   :  0.072 0.075 0.111 0.065 0.067 0.071 0.189 0.070 0.073 0.066 0.071 0.068 
145 COPE-0145   (14)   :  0.040 0.035 0.163 0.035 0.033 0.035 0.484 0.033 0.032 0.035 0.037 0.038 
146 COPE-0146   (14)   :  0.092 0.090 0.029 0.104 0.088 0.090 0.066 0.086 0.086 0.092 0.089 0.088 
147 COPE-0147    (0)   :  0.094 0.085 0.073 0.080 0.083 0.078 0.071 0.081 0.097 0.083 0.090 0.084 
148 COPE-0148    (0)   :  0.080 0.104 0.008 0.106 0.092 0.109 0.033 0.100 0.100 0.087 0.090 0.090 
149 COPE-0149    (0)   :  0.093 0.102 0.006 0.089 0.094 0.105 0.047 0.094 0.087 0.096 0.094 0.093 
150 COPE-0150    (0)   :  0.094 0.085 0.007 0.103 0.085 0.096 0.080 0.082 0.079 0.096 0.104 0.090 
151 COPE-0151    (0)   :  0.074 0.075 0.006 0.077 0.071 0.076 0.271 0.068 0.068 0.074 0.071 0.069 
152 COPE-0152   (14)   :  0.086 0.073 0.124 0.086 0.081 0.072 0.100 0.069 0.077 0.081 0.080 0.072 
153 COPE-0153    (0)   :  0.091 0.085 0.006 0.090 0.089 0.092 0.093 0.088 0.091 0.085 0.092 0.097 
154 COPE-0154    (0)   :  0.091 0.097 0.007 0.093 0.097 0.088 0.078 0.093 0.086 0.097 0.091 0.082 
155 COPE-0155    (0)   :  0.084 0.087 0.006 0.084 0.080 0.079 0.174 0.080 0.072 0.092 0.084 0.079 
156 COPE-0156   (14)   :  0.009 0.009 0.900 0.009 0.009 0.009 0.009 0.009 0.009 0.009 0.009 0.009 
157 COPE-0157   (14)   :  0.064 0.060 0.218 0.067 0.060 0.061 0.169 0.059 0.063 0.059 0.062 0.058 
158 COPE-0158    (0)   :  0.082 0.099 0.009 0.100 0.096 0.112 0.038 0.095 0.094 0.093 0.089 0.092 
159 COPE-0159    (0)   :  0.093 0.089 0.008 0.089 0.095 0.089 0.046 0.095 0.107 0.099 0.101 0.091 
160 COPE-0160    (0)   :  0.092 0.086 0.007 0.083 0.086 0.084 0.121 0.084 0.101 0.082 0.089 0.086 
161 COPE-0161    (0)   :  0.097 0.086 0.012 0.086 0.085 0.092 0.092 0.088 0.089 0.087 0.092 0.094 
162 COPE-0162   (14)   :  0.007 0.007 0.922 0.007 0.007 0.007 0.008 0.007 0.007 0.007 0.007 0.007 
163 COPE-0163   (28)   :  0.013 0.013 0.859 0.013 0.013 0.013 0.013 0.013 0.013 0.013 0.013 0.013 
164 COPE-0164    (0)   :  0.081 0.076 0.025 0.086 0.081 0.086 0.166 0.072 0.072 0.086 0.084 0.083 
165 COPE-0165    (0)   :  0.088 0.091 0.008 0.078 0.089 0.092 0.107 0.086 0.089 0.092 0.089 0.090 
166 COPE-0166   (14)   :  0.088 0.097 0.008 0.087 0.087 0.090 0.073 0.097 0.097 0.089 0.096 0.091 
167 COPE-0167    (0)   :  0.085 0.105 0.008 0.084 0.096 0.085 0.070 0.104 0.106 0.083 0.093 0.081 
168 COPE-0168    (0)   :  0.086 0.090 0.006 0.101 0.095 0.100 0.064 0.091 0.095 0.092 0.090 0.091 
169 COPE-0169    (0)   :  0.091 0.093 0.010 0.072 0.095 0.100 0.085 0.087 0.090 0.097 0.087 0.092 
170 COPE-0170    (0)   :  0.084 0.070 0.023 0.081 0.072 0.069 0.217 0.072 0.078 0.076 0.077 0.080 
171 COPE-0171    (0)   :  0.076 0.072 0.007 0.079 0.080 0.073 0.227 0.078 0.077 0.080 0.077 0.074 
172 COPE-0172    (0)   :  0.093 0.089 0.007 0.099 0.092 0.092 0.076 0.084 0.085 0.095 0.093 0.097 
173 COPE-0173   (14)   :  0.086 0.089 0.055 0.067 0.085 0.088 0.098 0.083 0.086 0.092 0.084 0.088 
174 COPE-0174   (28)   :  0.090 0.087 0.014 0.090 0.085 0.086 0.115 0.086 0.083 0.090 0.088 0.085 
175 COPE-0175    (0)   :  0.078 0.078 0.039 0.085 0.082 0.091 0.144 0.077 0.081 0.079 0.083 0.084 
176 COPE-0176    (0)   :  0.090 0.104 0.009 0.095 0.104 0.081 0.041 0.109 0.104 0.091 0.097 0.075 
177 COPE-0177    (0)   :  0.094 0.093 0.007 0.085 0.093 0.096 0.085 0.085 0.083 0.097 0.091 0.091 
178 COPE-0178    (0)   :  0.077 0.123 0.007 0.083 0.124 0.060 0.043 0.138 0.097 0.099 0.098 0.051 
179 COPE-0179    (0)   :  0.085 0.084 0.009 0.080 0.081 0.082 0.172 0.079 0.076 0.086 0.085 0.081 
180 COPE-0180   (14)   :  0.092 0.097 0.006 0.074 0.096 0.103 0.070 0.089 0.094 0.097 0.089 0.093 
181 COPE-0181   (14)   :  0.093 0.098 0.009 0.080 0.093 0.095 0.081 0.090 0.084 0.096 0.092 0.089 
182 COPE-0182    (0)   :  0.098 0.084 0.005 0.114 0.104 0.095 0.034 0.075 0.093 0.103 0.100 0.096 
183 COPE-0183    (0)   :  0.093 0.090 0.010 0.099 0.091 0.088 0.074 0.087 0.082 0.097 0.095 0.094 
184 COPE-0184    (0)   :  0.088 0.101 0.009 0.088 0.095 0.096 0.033 0.100 0.115 0.086 0.096 0.094 
185 COPE-0185    (0)   :  0.097 0.078 0.006 0.101 0.099 0.090 0.055 0.086 0.092 0.102 0.097 0.096 
186 COPE-0186    (0)   :  0.101 0.076 0.005 0.103 0.079 0.110 0.028 0.102 0.080 0.089 0.081 0.146 
187 COPE-0187    (0)   :  0.106 0.092 0.009 0.107 0.093 0.091 0.038 0.074 0.104 0.095 0.096 0.093 
188 COPE-0188    (0)   :  0.027 0.026 0.707 0.029 0.026 0.028 0.024 0.025 0.026 0.027 0.029 0.026 
189 COPE-0189    (0)   :  0.092 0.090 0.007 0.085 0.086 0.095 0.101 0.087 0.078 0.096 0.090 0.091 
190 COPE-0190    (0)   :  0.097 0.093 0.014 0.077 0.084 0.089 0.091 0.090 0.106 0.077 0.092 0.091 
191 COPE-0191    (0)   :  0.096 0.086 0.010 0.090 0.086 0.101 0.074 0.090 0.087 0.090 0.085 0.105 
192 COPE-0192   (14)   :  0.011 0.010 0.879 0.011 0.010 0.012 0.012 0.011 0.010 0.010 0.010 0.014 
193 COPE-0193    (0)   :  0.085 0.093 0.006 0.101 0.095 0.096 0.078 0.090 0.084 0.093 0.093 0.086 
194 COPE-0194    (0)   :  0.088 0.079 0.008 0.091 0.075 0.082 0.179 0.070 0.079 0.080 0.084 0.085 
195 COPE-0195    (0)   :  0.087 0.083 0.006 0.094 0.085 0.090 0.132 0.079 0.078 0.090 0.093 0.083 
196 COPE-0196    (0)   :  0.087 0.083 0.010 0.081 0.083 0.082 0.130 0.084 0.092 0.088 0.089 0.090 
197 COPE-0197    (0)   :  0.090 0.093 0.007 0.083 0.089 0.093 0.091 0.088 0.084 0.097 0.090 0.093 
198 COPE-0198    (0)   :  0.092 0.090 0.012 0.079 0.098 0.094 0.037 0.094 0.105 0.105 0.095 0.097 
199 COPE-0199    (0)   :  0.093 0.098 0.012 0.078 0.096 0.096 0.077 0.089 0.085 0.099 0.089 0.088 
200 COPE-0200   (42)   :  0.093 0.096 0.009 0.076 0.094 0.096 0.081 0.090 0.090 0.095 0.090 0.090 
201 COPE-0201    (0)   :  0.097 0.088 0.008 0.102 0.090 0.090 0.070 0.089 0.087 0.093 0.088 0.099 
202 COPE-0202    (0)   :  0.102 0.095 0.012 0.080 0.092 0.094 0.030 0.098 0.125 0.079 0.097 0.095 
203 COPE-0203    (0)   :  0.092 0.090 0.006 0.090 0.095 0.085 0.064 0.095 0.097 0.102 0.099 0.086 
204 COPE-0204    (0)   :  0.083 0.103 0.025 0.087 0.101 0.070 0.089 0.104 0.091 0.092 0.089 0.066 
205 COPE-0205    (0)   :  0.087 0.088 0.020 0.102 0.091 0.100 0.072 0.083 0.081 0.093 0.093 0.090 
206 COPE-0206    (0)   :  0.072 0.092 0.005 0.080 0.089 0.069 0.177 0.099 0.081 0.085 0.081 0.070 
207 COPE-0207    (0)   :  0.082 0.101 0.011 0.086 0.106 0.070 0.047 0.118 0.102 0.102 0.099 0.076 
208 COPE-0208    (0)   :  0.027 0.024 0.652 0.025 0.026 0.025 0.099 0.023 0.024 0.026 0.025 0.026 
209 COPE-0209    (0)   :  0.085 0.086 0.006 0.080 0.087 0.084 0.132 0.086 0.084 0.093 0.087 0.090 
210 COPE-0210    (0)   :  0.086 0.094 0.010 0.101 0.093 0.107 0.052 0.093 0.088 0.093 0.091 0.092 
211 COPE-0211    (0)   :  0.090 0.081 0.005 0.095 0.084 0.092 0.121 0.078 0.078 0.093 0.098 0.085 
212 COPE-0212    (0)   :  0.083 0.097 0.011 0.090 0.102 0.079 0.044 0.112 0.103 0.102 0.098 0.079 
213 COPE-0213    (0)   :  0.082 0.091 0.008 0.084 0.090 0.077 0.135 0.088 0.083 0.093 0.089 0.079 
214 COPE-0214    (0)   :  0.093 0.101 0.008 0.067 0.101 0.103 0.037 0.094 0.104 0.103 0.091 0.097 
215 COPE-0215    (0)   :  0.086 0.089 0.056 0.069 0.089 0.093 0.092 0.082 0.086 0.089 0.081 0.087 
216 COPE-0216   (14)   :  0.054 0.059 0.352 0.061 0.057 0.061 0.066 0.059 0.056 0.058 0.056 0.060 
217 COPE-0217    (0)   :  0.079 0.107 0.029 0.082 0.104 0.071 0.061 0.116 0.096 0.093 0.094 0.068 
218 COPE-0218    (0)   :  0.091 0.089 0.009 0.084 0.092 0.093 0.091 0.087 0.087 0.094 0.091 0.093 
219 COPE-0219   (14)   :  0.094 0.096 0.008 0.080 0.096 0.097 0.062 0.089 0.093 0.098 0.093 0.094 
220 COPE-0220    (0)   :  0.079 0.113 0.013 0.086 0.111 0.070 0.055 0.119 0.095 0.097 0.095 0.067 
221 COPE-0221    (0)   :  0.100 0.081 0.017 0.099 0.100 0.078 0.026 0.086 0.110 0.109 0.107 0.086 
222 COPE-0222    (0)   :  0.092 0.093 0.007 0.112 0.093 0.101 0.027 0.094 0.094 0.096 0.094 0.097 
223 COPE-0223    (0)   :  0.089 0.089 0.007 0.078 0.084 0.091 0.134 0.082 0.079 0.092 0.086 0.089 
224 COPE-0224    (0)   :  0.098 0.102 0.019 0.074 0.087 0.102 0.028 0.102 0.137 0.062 0.095 0.095 
225 COPE-0225    (0)   :  0.093 0.103 0.014 0.066 0.101 0.103 0.033 0.095 0.103 0.102 0.090 0.097 
226 COPE-0226    (0)   :  0.091 0.094 0.006 0.095 0.092 0.090 0.079 0.095 0.091 0.090 0.093 0.083 
227 COPE-0227    (0)   :  0.092 0.089 0.006 0.086 0.091 0.093 0.076 0.094 0.089 0.092 0.091 0.100 
228 COPE-0228    (0)   :  0.078 0.104 0.018 0.079 0.094 0.072 0.122 0.104 0.086 0.088 0.088 0.066 
229 COPE-0229    (0)   :  0.091 0.100 0.007 0.083 0.095 0.091 0.062 0.096 0.096 0.096 0.096 0.086 
230 COPE-0230    (0)   :  0.095 0.101 0.010 0.097 0.102 0.090 0.051 0.097 0.094 0.095 0.093 0.075 
231 COPE-0231    (0)   :  0.090 0.095 0.006 0.091 0.091 0.094 0.090 0.087 0.081 0.097 0.091 0.088 
232 COPE-0232    (0)   :  0.096 0.094 0.015 0.079 0.089 0.090 0.072 0.094 0.107 0.081 0.095 0.089 
233 COPE-0233    (0)   :  0.092 0.079 0.005 0.111 0.097 0.096 0.053 0.087 0.087 0.098 0.098 0.097 
234 COPE-0234    (0)   :  0.082 0.080 0.008 0.074 0.072 0.081 0.195 0.080 0.084 0.073 0.083 0.086 
235 COPE-0235    (0)   :  0.094 0.091 0.006 0.091 0.085 0.090 0.083 0.087 0.082 0.096 0.096 0.100 
236 COPE-0236    (0)   :  0.093 0.106 0.005 0.097 0.110 0.087 0.037 0.108 0.094 0.099 0.092 0.071 
237 COPE-0237    (0)   :  0.096 0.078 0.006 0.099 0.097 0.096 0.032 0.092 0.096 0.102 0.101 0.106 
238 COPE-0238    (0)   :  0.094 0.099 0.009 0.082 0.098 0.104 0.066 0.085 0.086 0.097 0.089 0.092 
239 COPE-0239    (0)   :  0.089 0.092 0.035 0.083 0.083 0.092 0.085 0.089 0.099 0.075 0.086 0.092 
240 COPE-0240    (0)   :  0.082 0.094 0.008 0.109 0.097 0.110 0.036 0.094 0.093 0.092 0.091 0.094 
241 COPE-0241    (0)   :  0.094 0.101 0.007 0.079 0.098 0.106 0.045 0.094 0.087 0.106 0.095 0.089 
242 COPE-0242    (0)   :  0.089 0.098 0.006 0.097 0.099 0.082 0.049 0.108 0.089 0.096 0.093 0.093 
243 COPE-0243    (0)   :  0.100 0.094 0.007 0.104 0.089 0.093 0.049 0.079 0.096 0.096 0.094 0.098 
244 COPE-0244    (0)   :  0.090 0.088 0.009 0.082 0.086 0.090 0.128 0.077 0.086 0.091 0.086 0.088 
245 COPE-0245    (0)   :  0.097 0.087 0.011 0.104 0.092 0.092 0.072 0.074 0.089 0.096 0.096 0.090 
246 COPE-0246    (0)   :  0.094 0.090 0.012 0.089 0.088 0.092 0.081 0.091 0.090 0.088 0.089 0.095 
247 COPE-0247    (0)   :  0.095 0.086 0.016 0.087 0.096 0.084 0.056 0.090 0.098 0.103 0.099 0.091 
248 COPE-0248    (0)   :  0.086 0.078 0.005 0.097 0.089 0.085 0.148 0.071 0.080 0.089 0.088 0.084 
249 COPE-0249    (0)   :  0.089 0.092 0.028 0.069 0.080 0.090 0.116 0.086 0.103 0.072 0.089 0.086 
250 COPE-0250    (0)   :  0.088 0.100 0.018 0.080 0.088 0.092 0.044 0.105 0.114 0.083 0.099 0.089 
251 COPE-0251   (14)   :  0.032 0.026 0.665 0.033 0.034 0.030 0.020 0.029 0.032 0.034 0.033 0.031 
252 COPE-0252    (0)   :  0.095 0.098 0.011 0.082 0.088 0.094 0.052 0.099 0.116 0.076 0.095 0.094 
253 COPE-0253    (0)   :  0.106 0.089 0.008 0.112 0.094 0.085 0.047 0.084 0.091 0.100 0.098 0.086 
254 COPE-0254    (0)   :  0.102 0.099 0.014 0.107 0.096 0.088 0.033 0.077 0.105 0.098 0.089 0.093 
255 COPE-0255    (0)   :  0.095 0.083 0.022 0.090 0.094 0.082 0.079 0.078 0.099 0.099 0.093 0.086 
256 COPE-0256    (0)   :  0.078 0.102 0.010 0.108 0.099 0.107 0.036 0.100 0.094 0.093 0.089 0.086 
257 COPE-0257    (0)   :  0.103 0.073 0.007 0.099 0.079 0.113 0.030 0.104 0.078 0.087 0.077 0.149 
258 COPE-0258    (0)   :  0.082 0.071 0.015 0.080 0.072 0.082 0.204 0.076 0.072 0.077 0.076 0.093 
259 COPE-0259    (0)   :  0.088 0.088 0.006 0.087 0.089 0.086 0.116 0.086 0.083 0.093 0.091 0.087 
260 COPE-0260    (0)   :  0.089 0.091 0.023 0.081 0.091 0.093 0.094 0.082 0.083 0.093 0.088 0.091 
261 COPE-0261    (0)   :  0.099 0.101 0.006 0.104 0.098 0.086 0.035 0.085 0.105 0.101 0.090 0.089 
262 COPE-0262    (0)   :  0.087 0.099 0.017 0.100 0.088 0.094 0.065 0.086 0.092 0.093 0.088 0.090 
263 COPE-0263    (0)   :  0.092 0.072 0.007 0.098 0.092 0.096 0.082 0.088 0.082 0.092 0.089 0.109 
264 COPE-0264    (0)   :  0.093 0.075 0.018 0.089 0.079 0.097 0.096 0.095 0.075 0.086 0.079 0.118 
265 COPE-0265    (0)   :  0.093 0.086 0.011 0.099 0.088 0.089 0.099 0.082 0.085 0.091 0.090 0.086 
266 COPE-0266    (0)   :  0.077 0.094 0.016 0.082 0.090 0.069 0.150 0.095 0.084 0.087 0.087 0.069 
267 COPE-0267    (0)   :  0.091 0.082 0.006 0.100 0.098 0.100 0.039 0.091 0.101 0.094 0.103 0.095 
268 COPE-0268    (0)   :  0.092 0.071 0.013 0.109 0.102 0.100 0.034 0.086 0.087 0.100 0.104 0.104 
269 COPE-0269    (0)   :  0.086 0.085 0.006 0.090 0.082 0.095 0.122 0.090 0.080 0.082 0.081 0.100 
270 COPE-0270    (0)   :  0.098 0.089 0.007 0.102 0.089 0.100 0.048 0.085 0.084 0.100 0.104 0.094 
271 COPE-0271    (0)   :  0.092 0.092 0.007 0.094 0.090 0.101 0.053 0.094 0.084 0.095 0.093 0.104 
272 COPE-0272    (0)   :  0.097 0.088 0.007 0.092 0.089 0.078 0.120 0.081 0.091 0.088 0.090 0.078 
273 COPE-0273    (0)   :  0.081 0.094 0.016 0.090 0.102 0.075 0.046 0.111 0.105 0.103 0.101 0.076 
274 COPE-0274   (14)   :  0.024 0.022 0.735 0.026 0.022 0.024 0.032 0.021 0.022 0.024 0.026 0.023 
275 COPE-0275    (0)   :  0.086 0.085 0.010 0.081 0.083 0.085 0.127 0.086 0.085 0.090 0.094 0.089 
276 COPE-0276   (14)   :  0.006 0.006 0.929 0.006 0.006 0.006 0.007 0.006 0.006 0.006 0.006 0.006 
277 COPE-0277   (14)   :  0.081 0.097 0.013 0.102 0.099 0.106 0.048 0.101 0.092 0.090 0.084 0.086 
278 COPE-0278    (0)   :  0.075 0.124 0.007 0.085 0.122 0.064 0.039 0.137 0.098 0.099 0.096 0.055 
279 COPE-0279    (0)   :  0.083 0.097 0.009 0.087 0.093 0.078 0.106 0.096 0.086 0.094 0.092 0.079 
280 COPE-0280    (0)   :  0.012 0.013 0.862 0.012 0.012 0.013 0.013 0.012 0.012 0.012 0.012 0.013 
281 COPE-0281    (0)   :  0.027 0.028 0.652 0.022 0.026 0.025 0.092 0.025 0.027 0.025 0.026 0.025 
282 COPE-0282   (14)   :  0.101 0.104 0.006 0.072 0.087 0.103 0.021 0.106 0.145 0.061 0.098 0.096 
283 COPE-0283    (0)   :  0.074 0.107 0.007 0.083 0.103 0.069 0.099 0.117 0.093 0.092 0.090 0.067 
284 COPE-0284   (14)   :  0.076 0.075 0.028 0.066 0.072 0.076 0.245 0.069 0.066 0.079 0.075 0.073 
285 COPE-0285    (0)   :  0.030 0.029 0.678 0.030 0.028 0.031 0.028 0.030 0.028 0.029 0.028 0.032 
286 COPE-0286    (0)   :  0.060 0.053 0.008 0.059 0.056 0.061 0.423 0.051 0.050 0.060 0.060 0.059 
287 COPE-0287    (0)   :  0.092 0.068 0.029 0.106 0.101 0.100 0.037 0.084 0.084 0.093 0.099 0.106 
288 COPE-0288    (0)   :  0.097 0.085 0.010 0.097 0.098 0.080 0.031 0.090 0.114 0.108 0.106 0.085 
289 COPE-0289    (0)   :  0.097 0.094 0.007 0.103 0.086 0.101 0.048 0.092 0.088 0.093 0.090 0.101 
290 COPE-0290    (0)   :  0.094 0.091 0.007 0.094 0.087 0.099 0.076 0.084 0.082 0.098 0.098 0.088 
291 COPE-0291    (0)   :  0.085 0.081 0.005 0.082 0.078 0.092 0.146 0.088 0.078 0.084 0.079 0.102 
292 COPE-0292   (42)   :  0.015 0.015 0.830 0.015 0.015 0.015 0.021 0.015 0.015 0.015 0.015 0.015 
293 COPE-0293    (0)   :  0.106 0.091 0.008 0.114 0.095 0.086 0.049 0.083 0.092 0.098 0.094 0.085 
294 COPE-0294    (0)   :  0.085 0.086 0.011 0.081 0.079 0.081 0.162 0.081 0.080 0.084 0.087 0.084 
295 COPE-0295    (0)   :  0.088 0.104 0.007 0.088 0.093 0.098 0.032 0.103 0.115 0.084 0.098 0.090 
296 COPE-0296   (14)   :  0.091 0.089 0.007 0.092 0.094 0.085 0.065 0.093 0.098 0.102 0.100 0.085 
297 COPE-0297   (14)   :  0.080 0.089 0.034 0.066 0.086 0.091 0.141 0.080 0.084 0.087 0.080 0.082 
298 COPE-0298    (0)   :  0.102 0.094 0.009 0.100 0.091 0.086 0.058 0.088 0.097 0.092 0.098 0.085 
299 COPE-0299    (0)   :  0.101 0.089 0.006 0.105 0.089 0.088 0.080 0.071 0.097 0.095 0.089 0.092 
300 COPE-0300   (14)   :  0.087 0.087 0.008 0.106 0.097 0.108 0.044 0.091 0.090 0.091 0.094 0.099 
301 COPE-0301   (14)   :  0.112 0.090 0.009 0.119 0.096 0.083 0.019 0.084 0.098 0.104 0.103 0.085 
302 COPE-0302    (0)   :  0.077 0.078 0.177 0.078 0.070 0.083 0.052 0.078 0.077 0.072 0.069 0.089 
303 COPE-0303    (0)   :  0.083 0.114 0.006 0.088 0.114 0.074 0.043 0.122 0.093 0.100 0.098 0.064 
304 COPE-0304    (0)   :  0.092 0.089 0.007 0.099 0.095 0.096 0.067 0.084 0.086 0.097 0.096 0.092 
305 COPE-0305   (14)   :  0.084 0.082 0.033 0.080 0.078 0.087 0.140 0.086 0.082 0.076 0.079 0.092 
306 COPE-0306    (0)   :  0.080 0.115 0.009 0.084 0.113 0.067 0.051 0.129 0.094 0.097 0.096 0.064 
307 COPE-0307   (28)   :  0.008 0.008 0.910 0.008 0.008 0.008 0.008 0.008 0.008 0.008 0.008 0.008 
308 COPE-0308    (0)   :  0.099 0.100 0.006 0.079 0.089 0.099 0.034 0.100 0.135 0.070 0.098 0.093 
309 COPE-0309   (14)   :  0.036 0.034 0.568 0.033 0.033 0.033 0.095 0.031 0.035 0.035 0.035 0.033 
310 COPE-0310   (28)   :  0.046 0.033 0.550 0.045 0.035 0.050 0.021 0.047 0.035 0.038 0.035 0.066 
311 COPE-0311    (0)   :  0.075 0.065 0.019 0.071 0.069 0.072 0.266 0.073 0.068 0.071 0.069 0.083 
312 COPE-0312   (28)   :  0.013 0.015 0.854 0.012 0.015 0.011 0.014 0.015 0.013 0.014 0.013 0.011 
313 COPE-0313    (0)   :  0.089 0.092 0.009 0.097 0.096 0.086 0.056 0.103 0.086 0.092 0.092 0.102 
314 COPE-0314    (0)   :  0.095 0.078 0.007 0.109 0.104 0.095 0.056 0.078 0.083 0.098 0.099 0.098 
315 COPE-0315    (0)   :  0.092 0.093 0.008 0.090 0.094 0.097 0.051 0.097 0.090 0.093 0.092 0.102 
316 COPE-0316    (0)   :  0.078 0.082 0.019 0.076 0.079 0.075 0.210 0.076 0.074 0.081 0.077 0.075 
317 COPE-0317   (14)   :  0.009 0.008 0.905 0.009 0.008 0.009 0.008 0.009 0.009 0.008 0.009 0.009 
318 COPE-0318    (0)   :  0.094 0.089 0.005 0.092 0.089 0.087 0.095 0.086 0.084 0.094 0.091 0.093 
319 COPE-0319    (0)   :  0.093 0.091 0.006 0.082 0.086 0.098 0.084 0.092 0.104 0.076 0.091 0.096 
320 COPE-0320   (14)   :  0.102 0.091 0.015 0.099 0.094 0.087 0.053 0.088 0.092 0.097 0.095 0.088 
321 COPE-0321   (14)   :  0.093 0.080 0.011 0.097 0.089 0.092 0.062 0.093 0.089 0.094 0.091 0.109 
322 COPE-0322   (14)   :  0.093 0.092 0.006 0.090 0.090 0.093 0.077 0.088 0.082 0.099 0.094 0.096 
323 COPE-0323    (0)   :  0.104 0.070 0.008 0.101 0.077 0.114 0.026 0.104 0.076 0.086 0.077 0.156 
324 COPE-0324    (0)   :  0.092 0.102 0.006 0.076 0.099 0.100 0.044 0.097 0.097 0.099 0.093 0.094 
325 COPE-0325   (14)   :  0.079 0.098 0.011 0.111 0.097 0.118 0.023 0.099 0.095 0.091 0.085 0.093 
326 COPE-0326    (0)   :  0.095 0.099 0.007 0.099 0.100 0.085 0.031 0.100 0.110 0.095 0.100 0.078 
327 COPE-0327   (14)   :  0.104 0.085 0.008 0.101 0.090 0.080 0.094 0.076 0.092 0.095 0.094 0.081 
328 COPE-0328    (0)   :  0.090 0.095 0.006 0.088 0.094 0.088 0.085 0.093 0.081 0.099 0.094 0.086 
329 COPE-0329   (28)   :  0.088 0.096 0.013 0.081 0.098 0.092 0.065 0.095 0.093 0.099 0.089 0.090 
330 COPE-0330    (0)   :  0.095 0.083 0.021 0.103 0.099 0.095 0.048 0.080 0.081 0.097 0.098 0.100 
331 COPE-0331    (0)   :  0.106 0.089 0.006 0.113 0.098 0.084 0.029 0.087 0.099 0.105 0.101 0.083 
332 COPE-0332   (14)   :  0.081 0.091 0.007 0.084 0.090 0.078 0.146 0.094 0.081 0.086 0.086 0.077 
333 COPE-0333    (0)   :  0.083 0.070 0.142 0.083 0.076 0.067 0.110 0.065 0.077 0.080 0.078 0.069 
334 COPE-0334   (28)   :  0.048 0.037 0.523 0.047 0.038 0.049 0.029 0.048 0.039 0.041 0.038 0.064 
335 COPE-0335    (0)   :  0.093 0.103 0.006 0.069 0.101 0.102 0.030 0.096 0.104 0.103 0.094 0.099 
336 COPE-0336    (0)   :  0.078 0.066 0.006 0.069 0.072 0.063 0.287 0.063 0.077 0.074 0.075 0.070 
337 COPE-0337   (28)   :  0.017 0.017 0.813 0.015 0.017 0.017 0.020 0.017 0.016 0.017 0.016 0.017 
338 COPE-0338    (0)   :  0.090 0.073 0.020 0.097 0.090 0.094 0.090 0.084 0.078 0.090 0.089 0.106 
339 COPE-0339    (0)   :  0.084 0.103 0.006 0.111 0.089 0.115 0.020 0.100 0.098 0.088 0.085 0.100 
340 COPE-0340   (14)   :  0.013 0.013 0.863 0.012 0.012 0.013 0.012 0.012 0.012 0.013 0.013 0.012 
341 COPE-0341    (0)   :  0.093 0.089 0.007 0.089 0.089 0.093 0.081 0.089 0.099 0.082 0.094 0.096 
342 COPE-0342    (0)   :  0.095 0.099 0.008 0.072 0.099 0.107 0.043 0.093 0.094 0.103 0.091 0.096 
343 COPE-0343    (0)   :  0.090 0.098 0.006 0.098 0.097 0.081 0.066 0.096 0.098 0.095 0.094 0.080 
344 COPE-0344   (14)   :  0.012 0.011 0.874 0.012 0.011 0.012 0.010 0.012 0.012 0.011 0.012 0.013 
345 COPE-0345    (0)   :  0.091 0.090 0.006 0.086 0.085 0.096 0.094 0.090 0.099 0.078 0.091 0.093 
346 COPE-0346    (0)   :  0.086 0.079 0.029 0.079 0.078 0.078 0.164 0.077 0.072 0.084 0.085 0.088 
347 COPE-0347    (0)   :  0.087 0.081 0.006 0.089 0.078 0.083 0.176 0.072 0.082 0.083 0.079 0.085 
348 COPE-0348    (0)   :  0.090 0.095 0.015 0.092 0.095 0.085 0.079 0.092 0.089 0.093 0.091 0.084 
349 COPE-0349    (0)   :  0.095 0.094 0.006 0.081 0.095 0.103 0.054 0.093 0.089 0.099 0.090 0.101 
350 COPE-0350    (0)   :  0.087 0.085 0.006 0.089 0.084 0.085 0.147 0.080 0.076 0.090 0.089 0.084 
351 COPE-0351    (0)   :  0.101 0.091 0.006 0.102 0.091 0.091 0.071 0.076 0.094 0.097 0.089 0.092 
352 COPE-0352    (0)   :  0.071 0.073 0.024 0.065 0.067 0.071 0.292 0.067 0.065 0.068 0.069 0.068 
353 COPE-0353    (0)   :  0.099 0.077 0.005 0.095 0.081 0.111 0.048 0.101 0.079 0.088 0.080 0.136 
354 COPE-0354    (0)   :  0.100 0.082 0.014 0.095 0.083 0.096 0.064 0.091 0.091 0.088 0.085 0.111 
355 COPE-0355    (0)   :  0.077 0.104 0.007 0.115 0.094 0.118 0.021 0.099 0.097 0.088 0.087 0.093 
356 COPE-0356    (0)   :  0.108 0.097 0.008 0.108 0.096 0.090 0.026 0.074 0.110 0.097 0.091 0.095 
357 COPE-0357    (0)   :  0.094 0.097 0.008 0.075 0.092 0.094 0.058 0.094 0.098 0.096 0.096 0.097 
358 COPE-0358    (0)   :  0.008 0.007 0.917 0.007 0.007 0.008 0.009 0.007 0.007 0.008 0.007 0.007 
359 COPE-0359   (14)   :  0.088 0.090 0.009 0.088 0.086 0.088 0.109 0.085 0.081 0.093 0.092 0.091 
360 COPE-0360    (0)   :  0.098 0.082 0.006 0.101 0.081 0.104 0.046 0.098 0.082 0.089 0.083 0.131 
361 COPE-0361    (0)   :  0.096 0.094 0.009 0.092 0.086 0.089 0.062 0.091 0.091 0.094 0.099 0.097 
362 COPE-0362    (0)   :  0.091 0.098 0.007 0.075 0.096 0.102 0.054 0.094 0.096 0.099 0.091 0.098 
363 COPE-0363   (14)   :  0.093 0.088 0.013 0.095 0.087 0.088 0.087 0.084 0.078 0.094 0.096 0.098 
364 COPE-0364    (0)   :  0.095 0.077 0.006 0.101 0.093 0.100 0.054 0.088 0.080 0.091 0.095 0.118 
365 COPE-0365    (0)   :  0.097 0.067 0.018 0.109 0.089 0.103 0.029 0.095 0.077 0.091 0.090 0.135 
366 COPE-0366    (0)   :  0.087 0.084 0.025 0.074 0.083 0.087 0.155 0.074 0.081 0.089 0.079 0.082 
367 COPE-0367   (14)   :  0.014 0.013 0.856 0.013 0.013 0.014 0.009 0.014 0.016 0.012 0.014 0.014 
368 COPE-0368    (0)   :  0.082 0.097 0.010 0.101 0.090 0.104 0.050 0.097 0.098 0.090 0.091 0.090 
