

----------------------------------------------------
STRUCTURE by Pritchard, Stephens and Donnelly (2000)
     and Falush, Stephens and Pritchard (2003)
       Code by Pritchard, Falush and Hubisz
             Version 2.3.4 (Jul 2012)
----------------------------------------------------



Command line arguments:   /home/jason/Programs/structure -K 13 -i ../Data/microsats.structure -m Structure_Run/mainparams -e Structure_Run/extraparams -D 43396649 -o ../Structure_Results/10_K_13.out 
Input File:    ../Data/microsats.structure

Run parameters:
   384 individuals
   7 loci
   13 populations assumed
   1000000 Burn-in period
   10000000 Reps
RANDOMIZE turned off


--------------------------------------------
Overall proportion of membership of the
sample in each of the 13 clusters

Inferred Clusters
  1      2      3      4      5      6      7      8      9     10     11     12     13    
0.075  0.075  0.075  0.075  0.075  0.074  0.075  0.074  0.074  0.075  0.075  0.105  0.075  

--------------------------------------------

Allele-freq. divergence among pops (Net nucleotide distance),
computed using point estimates of P.

      1       2       3       4       5       6       7       8       9      10      11      12      13      
 1      -    0.0001  0.0001  0.0002  0.0001  0.0002  0.0002  0.0001  0.0001  0.0001  0.0001  0.1725  0.0001  
 2   0.0001     -    0.0001  0.0003  0.0001  0.0003  0.0001  0.0001  0.0001  0.0002  0.0001  0.1725  0.0003  
 3   0.0001  0.0001     -    0.0003  0.0001  0.0002  0.0002  0.0000  0.0000  0.0001  0.0001  0.1738  0.0003  
 4   0.0002  0.0003  0.0003     -    0.0002  0.0001  0.0002  0.0002  0.0003  0.0002  0.0002  0.1700  0.0001  
 5   0.0001  0.0001  0.0001  0.0002     -    0.0001  0.0001  0.0001  0.0001  0.0001  0.0001  0.1723  0.0002  
 6   0.0002  0.0003  0.0002  0.0001  0.0001     -    0.0002  0.0002  0.0002  0.0001  0.0002  0.1720  0.0002  
 7   0.0002  0.0001  0.0002  0.0002  0.0001  0.0002     -    0.0001  0.0002  0.0002  0.0002  0.1723  0.0003  
 8   0.0001  0.0001  0.0000  0.0002  0.0001  0.0002  0.0001     -    0.0000  0.0001  0.0001  0.1731  0.0002  
 9   0.0001  0.0001  0.0000  0.0003  0.0001  0.0002  0.0002  0.0000     -    0.0001  0.0001  0.1736  0.0003  
10   0.0001  0.0002  0.0001  0.0002  0.0001  0.0001  0.0002  0.0001  0.0001     -    0.0001  0.1730  0.0002  
11   0.0001  0.0001  0.0001  0.0002  0.0001  0.0002  0.0002  0.0001  0.0001  0.0001     -    0.1731  0.0001  
12   0.1725  0.1725  0.1738  0.1700  0.1723  0.1720  0.1723  0.1731  0.1736  0.1730  0.1731     -    0.1711  
13   0.0001  0.0003  0.0003  0.0001  0.0002  0.0002  0.0003  0.0002  0.0003  0.0002  0.0001  0.1711     -    

Average distances (expected heterozygosity) between individuals in same cluster:
cluster  1  : 0.6257 
cluster  2  : 0.6255 
cluster  3  : 0.6238 
cluster  4  : 0.6305 
cluster  5  : 0.6262 
cluster  6  : 0.6264 
cluster  7  : 0.6238 
cluster  8  : 0.6244 
cluster  9  : 0.6242 
cluster 10  : 0.6249 
cluster 11  : 0.6239 
cluster 12  : 0.6264 
cluster 13  : 0.6286 

--------------------------------------------
Estimated Ln Prob of Data   = -9376.5
Mean value of ln likelihood = -7577.9
Variance of ln likelihood   = 3597.1
Mean value of alpha         = 0.0495

Mean value of Fst_1         = 0.1205
Mean value of Fst_2         = 0.1176
Mean value of Fst_3         = 0.1225
Mean value of Fst_4         = 0.1170
Mean value of Fst_5         = 0.1209
Mean value of Fst_6         = 0.1249
Mean value of Fst_7         = 0.1199
Mean value of Fst_8         = 0.1240
Mean value of Fst_9         = 0.1254
Mean value of Fst_10         = 0.1199
Mean value of Fst_11         = 0.1190
Mean value of Fst_12         = 0.2233
Mean value of Fst_13         = 0.1147


Inferred ancestry of individuals:
        Label (%Miss) :  Inferred clusters
  1 COPE-0001    (0)   :  0.009 0.009 0.009 0.009 0.009 0.009 0.009 0.009 0.009 0.009 0.009 0.895 0.009 
  2 COPE-0002    (0)   :  0.081 0.080 0.079 0.092 0.082 0.082 0.082 0.084 0.079 0.078 0.080 0.010 0.090 
  3 COPE-0003    (0)   :  0.085 0.088 0.081 0.084 0.081 0.076 0.084 0.078 0.077 0.081 0.087 0.007 0.091 
  4 COPE-0004    (0)   :  0.081 0.071 0.072 0.112 0.080 0.093 0.081 0.086 0.082 0.068 0.069 0.011 0.095 
  5 COPE-0005    (0)   :  0.080 0.078 0.079 0.090 0.081 0.088 0.080 0.086 0.086 0.078 0.070 0.022 0.081 
  6 COPE-0006    (0)   :  0.088 0.083 0.081 0.077 0.082 0.079 0.081 0.082 0.078 0.083 0.083 0.018 0.085 
  7 COPE-0007    (0)   :  0.081 0.078 0.088 0.083 0.080 0.089 0.080 0.087 0.091 0.084 0.072 0.006 0.081 
  8 COPE-0008    (0)   :  0.079 0.075 0.085 0.085 0.086 0.092 0.080 0.079 0.078 0.092 0.079 0.008 0.082 
  9 COPE-0009    (0)   :  0.088 0.085 0.084 0.079 0.082 0.079 0.081 0.078 0.079 0.081 0.081 0.015 0.086 
 10 COPE-0010    (0)   :  0.085 0.083 0.085 0.079 0.077 0.078 0.084 0.080 0.085 0.081 0.093 0.007 0.085 
 11 COPE-0011   (14)   :  0.014 0.013 0.012 0.014 0.012 0.013 0.013 0.013 0.013 0.012 0.013 0.842 0.014 
 12 COPE-0012   (14)   :  0.081 0.075 0.081 0.085 0.086 0.090 0.077 0.079 0.077 0.095 0.085 0.006 0.083 
 13 COPE-0013    (0)   :  0.090 0.081 0.080 0.079 0.086 0.075 0.090 0.077 0.073 0.078 0.089 0.006 0.096 
 14 COPE-0014    (0)   :  0.074 0.101 0.089 0.073 0.099 0.081 0.104 0.085 0.087 0.079 0.067 0.008 0.053 
 15 COPE-0015    (0)   :  0.078 0.094 0.086 0.075 0.090 0.082 0.094 0.086 0.085 0.082 0.077 0.007 0.066 
 16 COPE-0016    (0)   :  0.096 0.083 0.081 0.078 0.092 0.079 0.075 0.087 0.081 0.077 0.078 0.009 0.084 
 17 COPE-0017    (0)   :  0.037 0.043 0.040 0.036 0.043 0.039 0.043 0.040 0.040 0.036 0.034 0.540 0.031 
 18 COPE-0018    (0)   :  0.088 0.081 0.081 0.081 0.082 0.080 0.082 0.081 0.079 0.083 0.086 0.007 0.089 
 19 COPE-0019    (0)   :  0.089 0.084 0.079 0.081 0.083 0.080 0.084 0.077 0.079 0.083 0.088 0.006 0.087 
 20 COPE-0020    (0)   :  0.084 0.086 0.089 0.080 0.079 0.080 0.080 0.082 0.084 0.082 0.085 0.006 0.082 
 21 COPE-0021    (0)   :  0.077 0.090 0.089 0.075 0.081 0.086 0.080 0.088 0.092 0.085 0.080 0.006 0.071 
 22 COPE-0022    (0)   :  0.078 0.073 0.085 0.084 0.081 0.091 0.076 0.078 0.077 0.094 0.091 0.006 0.085 
 23 COPE-0023    (0)   :  0.084 0.088 0.081 0.081 0.082 0.078 0.084 0.080 0.075 0.083 0.088 0.008 0.088 
 24 COPE-0024   (14)   :  0.084 0.082 0.091 0.077 0.078 0.091 0.072 0.089 0.090 0.083 0.081 0.006 0.076 
 25 COPE-0025    (0)   :  0.076 0.089 0.080 0.087 0.079 0.074 0.074 0.074 0.072 0.088 0.078 0.041 0.087 
 26 COPE-0026    (0)   :  0.082 0.083 0.082 0.081 0.079 0.087 0.086 0.080 0.083 0.086 0.081 0.005 0.083 
 27 COPE-0027    (0)   :  0.088 0.079 0.079 0.083 0.083 0.081 0.084 0.078 0.076 0.084 0.089 0.006 0.089 
 28 COPE-0028    (0)   :  0.082 0.093 0.077 0.082 0.086 0.077 0.079 0.080 0.081 0.085 0.088 0.005 0.086 
 29 COPE-0029    (0)   :  0.096 0.082 0.086 0.077 0.089 0.079 0.076 0.088 0.085 0.080 0.077 0.005 0.082 
 30 COPE-0030   (14)   :  0.026 0.025 0.026 0.025 0.024 0.026 0.025 0.025 0.024 0.026 0.025 0.698 0.026 
 31 COPE-0031    (0)   :  0.084 0.083 0.087 0.079 0.083 0.084 0.089 0.079 0.078 0.083 0.075 0.009 0.086 
 32 COPE-0032    (0)   :  0.079 0.091 0.081 0.083 0.082 0.076 0.082 0.079 0.077 0.082 0.092 0.008 0.088 
 33 COPE-0033    (0)   :  0.085 0.087 0.080 0.081 0.084 0.074 0.085 0.079 0.077 0.079 0.086 0.011 0.093 
 34 COPE-0034    (0)   :  0.086 0.081 0.076 0.094 0.085 0.092 0.083 0.083 0.085 0.073 0.069 0.009 0.084 
 35 COPE-0035   (14)   :  0.081 0.088 0.079 0.089 0.084 0.075 0.079 0.080 0.076 0.083 0.087 0.007 0.092 
 36 COPE-0036   (14)   :  0.082 0.079 0.096 0.070 0.081 0.078 0.076 0.096 0.098 0.084 0.085 0.006 0.070 
 37 COPE-0037    (0)   :  0.081 0.081 0.083 0.079 0.078 0.083 0.080 0.083 0.084 0.080 0.085 0.023 0.081 
 38 COPE-0038    (0)   :  0.080 0.078 0.084 0.082 0.076 0.088 0.086 0.078 0.079 0.087 0.089 0.006 0.086 
 39 COPE-0039    (0)   :  0.079 0.081 0.081 0.086 0.080 0.077 0.075 0.076 0.075 0.081 0.082 0.041 0.087 
 40 COPE-0040   (14)   :  0.079 0.081 0.080 0.077 0.076 0.075 0.080 0.073 0.074 0.078 0.076 0.073 0.079 
 41 COPE-0041    (0)   :  0.083 0.084 0.080 0.078 0.082 0.079 0.082 0.079 0.075 0.083 0.086 0.025 0.085 
 42 COPE-0042    (0)   :  0.082 0.084 0.078 0.082 0.084 0.072 0.087 0.081 0.077 0.080 0.092 0.009 0.093 
 43 COPE-0043    (0)   :  0.085 0.081 0.085 0.087 0.087 0.086 0.080 0.082 0.082 0.077 0.075 0.005 0.088 
 44 COPE-0044    (0)   :  0.081 0.072 0.074 0.103 0.081 0.089 0.081 0.087 0.077 0.077 0.077 0.011 0.091 
 45 COPE-0045    (0)   :  0.079 0.075 0.078 0.092 0.079 0.088 0.078 0.082 0.075 0.078 0.077 0.033 0.088 
 46 COPE-0046    (0)   :  0.025 0.024 0.023 0.024 0.023 0.023 0.025 0.024 0.023 0.023 0.024 0.715 0.024 
 47 COPE-0047    (0)   :  0.008 0.007 0.007 0.007 0.007 0.007 0.007 0.007 0.007 0.007 0.007 0.911 0.007 
 48 COPE-0048    (0)   :  0.084 0.085 0.080 0.081 0.089 0.066 0.083 0.082 0.073 0.076 0.095 0.006 0.099 
 49 COPE-0049    (0)   :  0.078 0.083 0.076 0.095 0.084 0.087 0.078 0.079 0.080 0.083 0.076 0.016 0.087 
 50 COPE-0050    (0)   :  0.087 0.079 0.076 0.090 0.078 0.077 0.084 0.085 0.079 0.076 0.089 0.007 0.092 
 51 COPE-0051    (0)   :  0.071 0.082 0.061 0.074 0.076 0.070 0.078 0.070 0.075 0.077 0.087 0.097 0.082 
 52 COPE-0052    (0)   :  0.076 0.099 0.088 0.073 0.098 0.081 0.103 0.086 0.088 0.078 0.066 0.011 0.053 
 53 COPE-0053    (0)   :  0.107 0.088 0.080 0.075 0.092 0.078 0.072 0.088 0.082 0.074 0.077 0.008 0.080 
 54 COPE-0054    (0)   :  0.077 0.073 0.103 0.070 0.075 0.086 0.065 0.093 0.102 0.098 0.084 0.005 0.069 
 55 COPE-0055    (0)   :  0.078 0.071 0.085 0.083 0.084 0.093 0.074 0.078 0.077 0.099 0.089 0.005 0.085 
 56 COPE-0056    (0)   :  0.077 0.073 0.081 0.087 0.085 0.090 0.077 0.077 0.079 0.091 0.085 0.015 0.086 
 57 COPE-0057    (0)   :  0.084 0.082 0.086 0.081 0.082 0.081 0.080 0.077 0.081 0.086 0.085 0.009 0.085 
 58 COPE-0058    (0)   :  0.084 0.078 0.083 0.086 0.082 0.079 0.080 0.088 0.081 0.080 0.083 0.009 0.088 
 59 COPE-0059    (0)   :  0.086 0.085 0.076 0.089 0.072 0.073 0.088 0.080 0.080 0.081 0.089 0.017 0.084 
 60 COPE-0060    (0)   :  0.088 0.087 0.083 0.078 0.082 0.079 0.084 0.082 0.082 0.079 0.084 0.006 0.085 
 61 COPE-0061    (0)   :  0.105 0.087 0.079 0.076 0.088 0.077 0.075 0.085 0.080 0.074 0.080 0.010 0.082 
 62 COPE-0062    (0)   :  0.073 0.097 0.090 0.072 0.088 0.084 0.093 0.088 0.093 0.082 0.074 0.008 0.058 
 63 COPE-0063    (0)   :  0.072 0.066 0.081 0.085 0.087 0.097 0.070 0.077 0.076 0.103 0.086 0.021 0.079 
 64 COPE-0064    (0)   :  0.084 0.081 0.082 0.087 0.080 0.080 0.083 0.086 0.081 0.076 0.084 0.008 0.088 
 65 COPE-0065    (0)   :  0.006 0.006 0.006 0.006 0.006 0.006 0.006 0.006 0.006 0.006 0.006 0.928 0.006 
 66 COPE-0066    (0)   :  0.082 0.086 0.075 0.078 0.085 0.072 0.086 0.074 0.076 0.081 0.095 0.017 0.093 
 67 COPE-0067   (14)   :  0.028 0.030 0.028 0.030 0.030 0.025 0.028 0.028 0.027 0.028 0.031 0.656 0.032 
 68 COPE-0068    (0)   :  0.087 0.085 0.077 0.086 0.076 0.074 0.087 0.079 0.077 0.079 0.091 0.012 0.090 
 69 COPE-0069   (14)   :  0.081 0.086 0.084 0.082 0.081 0.078 0.087 0.086 0.084 0.081 0.083 0.010 0.077 
 70 COPE-0070    (0)   :  0.077 0.082 0.073 0.094 0.082 0.087 0.083 0.079 0.084 0.083 0.078 0.011 0.088 
 71 COPE-0071    (0)   :  0.079 0.089 0.084 0.080 0.079 0.079 0.080 0.077 0.086 0.089 0.092 0.004 0.083 
 72 COPE-0072    (0)   :  0.083 0.083 0.081 0.085 0.080 0.078 0.089 0.085 0.082 0.080 0.086 0.006 0.084 
 73 COPE-0073   (14)   :  0.036 0.032 0.036 0.030 0.034 0.032 0.027 0.037 0.038 0.033 0.032 0.603 0.030 
 74 COPE-0074    (0)   :  0.081 0.082 0.084 0.083 0.084 0.072 0.081 0.082 0.079 0.083 0.090 0.008 0.091 
 75 COPE-0075    (0)   :  0.079 0.088 0.068 0.084 0.085 0.074 0.084 0.079 0.080 0.081 0.094 0.011 0.094 
 76 COPE-0076    (0)   :  0.079 0.079 0.087 0.077 0.085 0.085 0.079 0.084 0.085 0.094 0.083 0.006 0.077 
 77 COPE-0077   (14)   :  0.084 0.080 0.080 0.085 0.076 0.078 0.083 0.086 0.079 0.081 0.090 0.008 0.089 
 78 COPE-0078   (14)   :  0.078 0.075 0.084 0.089 0.079 0.093 0.079 0.085 0.090 0.082 0.074 0.008 0.083 
 79 COPE-0079    (0)   :  0.079 0.068 0.066 0.119 0.082 0.100 0.084 0.084 0.085 0.065 0.059 0.008 0.101 
 80 COPE-0080   (42)   :  0.018 0.019 0.018 0.018 0.018 0.018 0.019 0.018 0.018 0.018 0.018 0.783 0.018 
 81 COPE-0081   (14)   :  0.048 0.048 0.050 0.049 0.048 0.049 0.047 0.047 0.047 0.050 0.049 0.420 0.048 
 82 COPE-0082   (14)   :  0.075 0.077 0.074 0.084 0.080 0.084 0.074 0.077 0.078 0.088 0.083 0.043 0.083 
 83 COPE-0083   (14)   :  0.068 0.110 0.093 0.069 0.104 0.084 0.118 0.087 0.093 0.075 0.059 0.005 0.035 
 84 COPE-0084    (0)   :  0.085 0.070 0.064 0.062 0.076 0.063 0.061 0.073 0.065 0.062 0.063 0.189 0.068 
 85 COPE-0085    (0)   :  0.083 0.083 0.076 0.093 0.082 0.088 0.081 0.082 0.079 0.081 0.074 0.009 0.091 
 86 COPE-0086    (0)   :  0.085 0.085 0.081 0.081 0.082 0.079 0.077 0.083 0.080 0.084 0.081 0.017 0.086 
 87 COPE-0087   (14)   :  0.094 0.086 0.081 0.077 0.085 0.077 0.080 0.083 0.080 0.076 0.084 0.007 0.090 
 88 COPE-0088   (14)   :  0.082 0.081 0.076 0.088 0.083 0.082 0.084 0.082 0.082 0.078 0.075 0.023 0.084 
 89 COPE-0089   (14)   :  0.007 0.007 0.007 0.008 0.008 0.008 0.007 0.007 0.007 0.008 0.008 0.910 0.008 
 90 COPE-0090    (0)   :  0.081 0.073 0.086 0.084 0.080 0.088 0.079 0.076 0.077 0.093 0.088 0.008 0.087 
 91 COPE-0091   (14)   :  0.087 0.091 0.085 0.074 0.089 0.079 0.089 0.083 0.083 0.077 0.080 0.005 0.077 
 92 COPE-0092   (28)   :  0.021 0.021 0.019 0.023 0.020 0.020 0.021 0.020 0.019 0.020 0.020 0.756 0.022 
 93 COPE-0093    (0)   :  0.072 0.065 0.084 0.085 0.089 0.101 0.069 0.078 0.078 0.108 0.088 0.006 0.078 
 94 COPE-0094    (0)   :  0.078 0.066 0.066 0.118 0.080 0.098 0.082 0.083 0.084 0.061 0.059 0.025 0.100 
 95 COPE-0095    (0)   :  0.101 0.084 0.082 0.075 0.090 0.080 0.076 0.085 0.080 0.078 0.080 0.005 0.084 
 96 COPE-0096    (0)   :  0.079 0.090 0.083 0.077 0.095 0.079 0.089 0.085 0.084 0.082 0.076 0.009 0.073 
 97 COPE-0097    (0)   :  0.082 0.093 0.079 0.076 0.086 0.080 0.086 0.083 0.089 0.083 0.085 0.007 0.072 
 98 COPE-0098    (0)   :  0.081 0.081 0.087 0.082 0.084 0.089 0.089 0.081 0.079 0.083 0.072 0.009 0.084 
 99 COPE-0099    (0)   :  0.082 0.093 0.082 0.085 0.076 0.075 0.082 0.073 0.076 0.086 0.084 0.020 0.085 
100 COPE-0100    (0)   :  0.084 0.083 0.082 0.082 0.083 0.080 0.084 0.079 0.076 0.084 0.086 0.007 0.090 
101 COPE-0101    (0)   :  0.076 0.076 0.074 0.083 0.084 0.081 0.080 0.075 0.075 0.079 0.083 0.045 0.088 
102 COPE-0102    (0)   :  0.087 0.081 0.080 0.084 0.086 0.080 0.084 0.080 0.077 0.080 0.082 0.006 0.092 
103 COPE-0103    (0)   :  0.075 0.084 0.078 0.091 0.087 0.091 0.090 0.083 0.086 0.075 0.067 0.015 0.077 
104 COPE-0104   (14)   :  0.079 0.082 0.082 0.086 0.084 0.078 0.079 0.080 0.079 0.087 0.089 0.006 0.087 
105 COPE-0105    (0)   :  0.077 0.087 0.066 0.075 0.078 0.080 0.084 0.073 0.083 0.090 0.092 0.034 0.081 
106 COPE-0106    (0)   :  0.078 0.071 0.113 0.063 0.071 0.082 0.056 0.104 0.114 0.095 0.086 0.004 0.062 
107 COPE-0107    (0)   :  0.019 0.018 0.019 0.020 0.019 0.022 0.018 0.019 0.019 0.021 0.021 0.766 0.020 
108 COPE-0108    (0)   :  0.080 0.089 0.084 0.076 0.082 0.084 0.093 0.081 0.083 0.085 0.080 0.006 0.076 
109 COPE-0109    (0)   :  0.084 0.072 0.073 0.103 0.079 0.088 0.081 0.085 0.081 0.072 0.078 0.011 0.093 
110 COPE-0110   (14)   :  0.084 0.082 0.086 0.081 0.082 0.084 0.078 0.085 0.087 0.081 0.078 0.013 0.079 
111 COPE-0111    (0)   :  0.080 0.087 0.091 0.076 0.082 0.083 0.077 0.090 0.092 0.082 0.079 0.008 0.072 
112 COPE-0112   (14)   :  0.082 0.084 0.081 0.081 0.092 0.071 0.085 0.081 0.073 0.077 0.090 0.008 0.095 
113 COPE-0113    (0)   :  0.082 0.083 0.082 0.084 0.084 0.079 0.084 0.077 0.075 0.085 0.084 0.015 0.087 
114 COPE-0114    (0)   :  0.081 0.074 0.097 0.073 0.077 0.080 0.068 0.091 0.098 0.091 0.087 0.009 0.074 
115 COPE-0115    (0)   :  0.026 0.027 0.025 0.024 0.028 0.025 0.028 0.026 0.026 0.024 0.022 0.697 0.021 
116 COPE-0116   (28)   :  0.011 0.012 0.011 0.012 0.011 0.011 0.011 0.011 0.011 0.011 0.011 0.866 0.011 
117 COPE-0117    (0)   :  0.107 0.087 0.080 0.074 0.091 0.077 0.074 0.086 0.081 0.073 0.079 0.010 0.084 
118 COPE-0118    (0)   :  0.078 0.080 0.105 0.067 0.077 0.080 0.071 0.097 0.109 0.089 0.080 0.009 0.059 
119 COPE-0119    (0)   :  0.075 0.088 0.090 0.074 0.076 0.089 0.087 0.083 0.092 0.087 0.076 0.011 0.071 
120 COPE-0120    (0)   :  0.084 0.077 0.079 0.093 0.076 0.079 0.081 0.087 0.081 0.076 0.088 0.010 0.090 
121 COPE-0121    (0)   :  0.074 0.086 0.080 0.076 0.089 0.074 0.086 0.081 0.078 0.082 0.076 0.047 0.069 
122 COPE-0122    (0)   :  0.085 0.084 0.081 0.083 0.079 0.076 0.085 0.080 0.081 0.077 0.090 0.008 0.092 
123 COPE-0123    (0)   :  0.083 0.083 0.077 0.085 0.081 0.079 0.081 0.079 0.078 0.080 0.088 0.017 0.089 
124 COPE-0124    (0)   :  0.083 0.085 0.084 0.082 0.079 0.082 0.081 0.078 0.076 0.088 0.084 0.011 0.086 
125 COPE-0125    (0)   :  0.081 0.075 0.093 0.077 0.077 0.081 0.071 0.088 0.087 0.096 0.092 0.006 0.077 
126 COPE-0126    (0)   :  0.107 0.087 0.079 0.073 0.091 0.077 0.073 0.086 0.080 0.073 0.079 0.011 0.083 
127 COPE-0127   (14)   :  0.088 0.089 0.077 0.079 0.083 0.082 0.083 0.080 0.083 0.084 0.083 0.006 0.083 
128 COPE-0128    (0)   :  0.082 0.085 0.087 0.083 0.079 0.079 0.081 0.080 0.079 0.084 0.081 0.016 0.083 
129 COPE-0129    (0)   :  0.081 0.076 0.073 0.102 0.079 0.090 0.084 0.083 0.084 0.075 0.072 0.006 0.096 
130 COPE-0130    (0)   :  0.086 0.083 0.077 0.085 0.077 0.077 0.084 0.082 0.078 0.078 0.089 0.013 0.091 
131 COPE-0131   (14)   :  0.073 0.100 0.089 0.074 0.093 0.083 0.105 0.085 0.088 0.078 0.070 0.007 0.054 
132 COPE-0132   (14)   :  0.083 0.083 0.090 0.075 0.075 0.089 0.071 0.084 0.085 0.077 0.084 0.033 0.071 
133 COPE-0133    (0)   :  0.100 0.084 0.080 0.079 0.092 0.079 0.075 0.089 0.081 0.074 0.075 0.008 0.084 
134 COPE-0134    (0)   :  0.083 0.082 0.086 0.081 0.078 0.083 0.081 0.082 0.084 0.079 0.087 0.007 0.086 
135 COPE-0135    (0)   :  0.077 0.078 0.081 0.085 0.083 0.088 0.079 0.077 0.079 0.088 0.091 0.007 0.086 
136 COPE-0136    (0)   :  0.014 0.013 0.013 0.013 0.013 0.013 0.013 0.013 0.013 0.013 0.013 0.841 0.014 
137 COPE-0137    (0)   :  0.087 0.083 0.082 0.077 0.085 0.077 0.083 0.079 0.072 0.080 0.089 0.011 0.094 
138 COPE-0138   (14)   :  0.009 0.009 0.010 0.009 0.009 0.009 0.009 0.009 0.010 0.010 0.010 0.889 0.009 
139 COPE-0139    (0)   :  0.086 0.090 0.082 0.084 0.082 0.079 0.081 0.076 0.076 0.087 0.082 0.007 0.088 
140 COPE-0140   (14)   :  0.024 0.025 0.024 0.024 0.024 0.022 0.024 0.023 0.022 0.024 0.024 0.716 0.025 
141 COPE-0141    (0)   :  0.075 0.070 0.084 0.088 0.087 0.095 0.075 0.078 0.078 0.096 0.084 0.008 0.083 
142 COPE-0142    (0)   :  0.080 0.076 0.085 0.081 0.082 0.088 0.076 0.082 0.082 0.095 0.083 0.009 0.081 
143 COPE-0143    (0)   :  0.093 0.078 0.080 0.084 0.089 0.087 0.075 0.083 0.081 0.079 0.077 0.009 0.084 
144 COPE-0144   (14)   :  0.076 0.074 0.074 0.088 0.077 0.072 0.072 0.076 0.069 0.074 0.075 0.093 0.080 
145 COPE-0145   (14)   :  0.061 0.075 0.068 0.070 0.063 0.061 0.062 0.057 0.059 0.076 0.062 0.217 0.068 
146 COPE-0146   (14)   :  0.088 0.081 0.078 0.079 0.085 0.080 0.077 0.078 0.078 0.082 0.081 0.027 0.086 
147 COPE-0147    (0)   :  0.076 0.067 0.073 0.090 0.074 0.085 0.072 0.078 0.075 0.078 0.079 0.071 0.083 
148 COPE-0148    (0)   :  0.099 0.084 0.080 0.079 0.090 0.080 0.074 0.088 0.082 0.076 0.078 0.008 0.081 
149 COPE-0149    (0)   :  0.094 0.082 0.082 0.079 0.084 0.078 0.086 0.078 0.079 0.078 0.086 0.006 0.089 
150 COPE-0150    (0)   :  0.084 0.085 0.078 0.081 0.092 0.063 0.084 0.082 0.070 0.074 0.096 0.007 0.103 
151 COPE-0151    (0)   :  0.088 0.088 0.084 0.082 0.086 0.081 0.076 0.078 0.077 0.087 0.083 0.006 0.084 
152 COPE-0152   (14)   :  0.069 0.066 0.074 0.076 0.071 0.081 0.068 0.069 0.071 0.082 0.073 0.124 0.075 
153 COPE-0153    (0)   :  0.081 0.083 0.086 0.087 0.079 0.086 0.086 0.079 0.084 0.082 0.076 0.006 0.084 
154 COPE-0154    (0)   :  0.085 0.082 0.084 0.077 0.082 0.082 0.078 0.083 0.084 0.089 0.085 0.007 0.082 
155 COPE-0155    (0)   :  0.087 0.085 0.089 0.081 0.080 0.079 0.079 0.080 0.080 0.084 0.085 0.005 0.087 
156 COPE-0156   (14)   :  0.009 0.009 0.009 0.009 0.009 0.009 0.009 0.009 0.009 0.009 0.009 0.891 0.009 
157 COPE-0157   (14)   :  0.060 0.062 0.062 0.074 0.066 0.068 0.061 0.061 0.061 0.072 0.063 0.225 0.065 
158 COPE-0158    (0)   :  0.092 0.085 0.081 0.078 0.088 0.077 0.080 0.086 0.082 0.076 0.080 0.009 0.084 
159 COPE-0159    (0)   :  0.081 0.077 0.083 0.088 0.078 0.088 0.080 0.084 0.083 0.079 0.087 0.008 0.085 
160 COPE-0160    (0)   :  0.078 0.075 0.077 0.095 0.082 0.093 0.083 0.081 0.084 0.081 0.076 0.007 0.088 
161 COPE-0161    (0)   :  0.081 0.080 0.081 0.087 0.087 0.084 0.084 0.080 0.077 0.079 0.080 0.012 0.088 
162 COPE-0162   (14)   :  0.007 0.007 0.007 0.007 0.007 0.007 0.007 0.007 0.007 0.007 0.007 0.914 0.007 
163 COPE-0163   (28)   :  0.012 0.013 0.012 0.013 0.012 0.013 0.013 0.012 0.012 0.012 0.012 0.850 0.012 
164 COPE-0164    (0)   :  0.084 0.083 0.079 0.084 0.080 0.079 0.082 0.075 0.077 0.083 0.082 0.024 0.088 
165 COPE-0165    (0)   :  0.084 0.083 0.080 0.086 0.078 0.078 0.084 0.082 0.079 0.080 0.087 0.008 0.090 
166 COPE-0166   (14)   :  0.083 0.082 0.083 0.083 0.077 0.085 0.083 0.083 0.085 0.079 0.083 0.008 0.087 
167 COPE-0167    (0)   :  0.081 0.078 0.082 0.089 0.080 0.090 0.076 0.086 0.089 0.083 0.072 0.008 0.085 
168 COPE-0168    (0)   :  0.086 0.083 0.083 0.082 0.087 0.082 0.079 0.086 0.082 0.082 0.080 0.006 0.081 
169 COPE-0169    (0)   :  0.086 0.084 0.078 0.083 0.078 0.075 0.091 0.079 0.079 0.080 0.088 0.010 0.088 
170 COPE-0170    (0)   :  0.072 0.082 0.083 0.086 0.086 0.091 0.080 0.078 0.079 0.089 0.079 0.022 0.074 
171 COPE-0171    (0)   :  0.079 0.086 0.087 0.082 0.083 0.083 0.077 0.082 0.083 0.087 0.084 0.007 0.079 
172 COPE-0172    (0)   :  0.086 0.084 0.081 0.080 0.080 0.083 0.085 0.081 0.080 0.085 0.083 0.007 0.087 
173 COPE-0173   (14)   :  0.083 0.080 0.075 0.084 0.070 0.069 0.085 0.079 0.075 0.074 0.086 0.053 0.086 
174 COPE-0174   (28)   :  0.083 0.079 0.083 0.085 0.085 0.080 0.079 0.081 0.078 0.083 0.086 0.013 0.085 
175 COPE-0175    (0)   :  0.082 0.079 0.080 0.087 0.080 0.080 0.081 0.080 0.077 0.079 0.071 0.038 0.086 
176 COPE-0176    (0)   :  0.076 0.072 0.089 0.085 0.082 0.092 0.070 0.091 0.093 0.089 0.079 0.008 0.074 
177 COPE-0177    (0)   :  0.088 0.085 0.080 0.079 0.082 0.081 0.087 0.077 0.079 0.084 0.086 0.007 0.086 
178 COPE-0178    (0)   :  0.079 0.069 0.113 0.063 0.070 0.081 0.057 0.103 0.113 0.095 0.088 0.007 0.062 
179 COPE-0179    (0)   :  0.083 0.084 0.084 0.083 0.082 0.079 0.082 0.080 0.078 0.083 0.084 0.009 0.088 
180 COPE-0180   (14)   :  0.088 0.084 0.077 0.086 0.077 0.075 0.092 0.079 0.079 0.077 0.089 0.006 0.090 
181 COPE-0181   (14)   :  0.087 0.080 0.081 0.082 0.082 0.079 0.086 0.078 0.078 0.080 0.088 0.008 0.091 
182 COPE-0182    (0)   :  0.082 0.084 0.077 0.079 0.076 0.090 0.090 0.075 0.080 0.089 0.088 0.005 0.086 
183 COPE-0183    (0)   :  0.087 0.082 0.081 0.079 0.083 0.081 0.082 0.080 0.080 0.084 0.084 0.010 0.088 
184 COPE-0184    (0)   :  0.081 0.082 0.075 0.089 0.081 0.092 0.081 0.084 0.087 0.080 0.075 0.009 0.083 
185 COPE-0185    (0)   :  0.080 0.079 0.085 0.079 0.082 0.087 0.082 0.080 0.078 0.090 0.085 0.006 0.085 
186 COPE-0186    (0)   :  0.070 0.106 0.091 0.070 0.100 0.084 0.110 0.087 0.092 0.076 0.065 0.005 0.044 
187 COPE-0187    (0)   :  0.077 0.082 0.071 0.084 0.087 0.086 0.082 0.076 0.082 0.089 0.089 0.009 0.086 
188 COPE-0188    (0)   :  0.028 0.027 0.026 0.029 0.030 0.023 0.028 0.028 0.025 0.026 0.031 0.668 0.033 
189 COPE-0189    (0)   :  0.088 0.086 0.082 0.078 0.087 0.075 0.087 0.079 0.074 0.079 0.087 0.007 0.089 
190 COPE-0190    (0)   :  0.079 0.077 0.074 0.103 0.080 0.088 0.083 0.085 0.079 0.071 0.074 0.013 0.094 
191 COPE-0191    (0)   :  0.080 0.088 0.083 0.082 0.087 0.085 0.092 0.083 0.084 0.080 0.076 0.010 0.071 
192 COPE-0192   (14)   :  0.010 0.012 0.011 0.010 0.011 0.011 0.012 0.011 0.011 0.010 0.009 0.874 0.008 
193 COPE-0193    (0)   :  0.092 0.082 0.086 0.078 0.083 0.082 0.078 0.083 0.082 0.084 0.082 0.006 0.083 
194 COPE-0194    (0)   :  0.079 0.091 0.077 0.077 0.085 0.075 0.085 0.077 0.079 0.084 0.093 0.009 0.089 
195 COPE-0195    (0)   :  0.083 0.081 0.081 0.087 0.086 0.074 0.083 0.082 0.074 0.083 0.087 0.006 0.094 
196 COPE-0196    (0)   :  0.080 0.082 0.081 0.088 0.079 0.085 0.084 0.082 0.081 0.081 0.084 0.010 0.083 
197 COPE-0197    (0)   :  0.088 0.086 0.085 0.082 0.078 0.075 0.085 0.080 0.079 0.079 0.088 0.007 0.088 
198 COPE-0198    (0)   :  0.086 0.082 0.079 0.084 0.074 0.082 0.089 0.083 0.081 0.075 0.091 0.011 0.084 
199 COPE-0199    (0)   :  0.087 0.082 0.080 0.083 0.081 0.079 0.087 0.076 0.078 0.083 0.086 0.013 0.085 
200 COPE-0200   (42)   :  0.088 0.082 0.078 0.086 0.079 0.078 0.085 0.078 0.079 0.079 0.089 0.009 0.091 
201 COPE-0201    (0)   :  0.081 0.086 0.082 0.079 0.086 0.085 0.086 0.080 0.084 0.087 0.081 0.008 0.074 
202 COPE-0202    (0)   :  0.079 0.068 0.073 0.108 0.081 0.098 0.082 0.084 0.083 0.072 0.069 0.012 0.092 
203 COPE-0203    (0)   :  0.083 0.082 0.084 0.081 0.079 0.086 0.079 0.082 0.081 0.084 0.090 0.006 0.083 
204 COPE-0204    (0)   :  0.079 0.078 0.093 0.068 0.073 0.075 0.069 0.088 0.099 0.089 0.091 0.027 0.070 
205 COPE-0205    (0)   :  0.094 0.080 0.082 0.079 0.080 0.081 0.080 0.079 0.076 0.082 0.080 0.019 0.085 
206 COPE-0206    (0)   :  0.076 0.086 0.095 0.077 0.079 0.083 0.076 0.088 0.091 0.091 0.080 0.005 0.074 
207 COPE-0207    (0)   :  0.076 0.082 0.098 0.074 0.075 0.091 0.072 0.088 0.094 0.085 0.084 0.011 0.069 
208 COPE-0208    (0)   :  0.028 0.031 0.030 0.031 0.029 0.029 0.029 0.027 0.027 0.032 0.029 0.646 0.031 
209 COPE-0209    (0)   :  0.080 0.085 0.084 0.083 0.081 0.076 0.086 0.084 0.080 0.081 0.088 0.006 0.086 
210 COPE-0210    (0)   :  0.088 0.086 0.082 0.079 0.090 0.073 0.081 0.087 0.080 0.076 0.083 0.009 0.086 
211 COPE-0211    (0)   :  0.083 0.085 0.078 0.083 0.091 0.065 0.083 0.083 0.072 0.077 0.094 0.005 0.101 
212 COPE-0212    (0)   :  0.081 0.083 0.093 0.076 0.078 0.090 0.073 0.086 0.089 0.082 0.085 0.011 0.073 
213 COPE-0213    (0)   :  0.083 0.083 0.085 0.080 0.079 0.080 0.080 0.085 0.084 0.085 0.087 0.008 0.082 
214 COPE-0214    (0)   :  0.089 0.080 0.073 0.089 0.072 0.070 0.092 0.084 0.081 0.077 0.092 0.008 0.093 
215 COPE-0215    (0)   :  0.083 0.081 0.073 0.082 0.073 0.071 0.088 0.074 0.075 0.076 0.084 0.057 0.085 
216 COPE-0216   (14)   :  0.057 0.057 0.055 0.054 0.056 0.053 0.054 0.057 0.053 0.054 0.053 0.343 0.053 
217 COPE-0217    (0)   :  0.079 0.077 0.091 0.076 0.073 0.084 0.071 0.090 0.093 0.084 0.080 0.027 0.075 
218 COPE-0218    (0)   :  0.088 0.085 0.081 0.083 0.078 0.081 0.083 0.081 0.081 0.081 0.086 0.009 0.085 
219 COPE-0219   (14)   :  0.086 0.081 0.079 0.086 0.077 0.077 0.086 0.083 0.079 0.079 0.088 0.008 0.090 
220 COPE-0220    (0)   :  0.081 0.077 0.097 0.071 0.073 0.083 0.069 0.093 0.098 0.090 0.083 0.013 0.072 
221 COPE-0221    (0)   :  0.075 0.068 0.082 0.087 0.079 0.096 0.076 0.079 0.079 0.088 0.092 0.017 0.082 
222 COPE-0222    (0)   :  0.094 0.084 0.084 0.077 0.089 0.082 0.078 0.083 0.079 0.081 0.081 0.007 0.083 
223 COPE-0223    (0)   :  0.087 0.087 0.082 0.083 0.079 0.078 0.088 0.076 0.078 0.081 0.087 0.007 0.088 
224 COPE-0224    (0)   :  0.077 0.069 0.067 0.116 0.084 0.101 0.082 0.083 0.084 0.065 0.057 0.019 0.096 
225 COPE-0225    (0)   :  0.089 0.080 0.073 0.088 0.071 0.069 0.092 0.084 0.081 0.076 0.092 0.013 0.091 
226 COPE-0226    (0)   :  0.083 0.076 0.084 0.086 0.084 0.082 0.076 0.085 0.082 0.088 0.086 0.006 0.081 
227 COPE-0227    (0)   :  0.083 0.085 0.083 0.082 0.080 0.078 0.089 0.086 0.084 0.080 0.083 0.006 0.081 
228 COPE-0228    (0)   :  0.081 0.078 0.093 0.079 0.076 0.081 0.071 0.089 0.090 0.085 0.082 0.017 0.079 
229 COPE-0229    (0)   :  0.084 0.077 0.083 0.083 0.079 0.079 0.077 0.087 0.084 0.083 0.091 0.007 0.086 
230 COPE-0230    (0)   :  0.080 0.070 0.092 0.078 0.079 0.086 0.070 0.089 0.087 0.094 0.089 0.010 0.077 
231 COPE-0231    (0)   :  0.090 0.084 0.086 0.080 0.079 0.079 0.081 0.081 0.080 0.082 0.086 0.006 0.087 
232 COPE-0232    (0)   :  0.081 0.072 0.076 0.097 0.081 0.086 0.082 0.088 0.082 0.074 0.076 0.015 0.090 
233 COPE-0233    (0)   :  0.087 0.081 0.087 0.081 0.082 0.085 0.087 0.078 0.077 0.083 0.077 0.005 0.090 
234 COPE-0234    (0)   :  0.083 0.082 0.078 0.093 0.078 0.085 0.082 0.079 0.081 0.082 0.080 0.008 0.091 
235 COPE-0235    (0)   :  0.086 0.084 0.081 0.082 0.079 0.079 0.086 0.078 0.080 0.082 0.089 0.006 0.089 
236 COPE-0236    (0)   :  0.081 0.070 0.101 0.069 0.076 0.081 0.067 0.095 0.096 0.097 0.092 0.005 0.070 
237 COPE-0237    (0)   :  0.081 0.081 0.086 0.082 0.078 0.084 0.092 0.082 0.081 0.080 0.083 0.006 0.085 
238 COPE-0238    (0)   :  0.092 0.084 0.080 0.082 0.080 0.079 0.088 0.076 0.079 0.080 0.085 0.009 0.085 
239 COPE-0239    (0)   :  0.078 0.077 0.075 0.092 0.081 0.085 0.082 0.080 0.081 0.076 0.072 0.037 0.085 
240 COPE-0240    (0)   :  0.090 0.085 0.083 0.079 0.089 0.082 0.080 0.087 0.083 0.079 0.074 0.008 0.082 
241 COPE-0241    (0)   :  0.089 0.081 0.080 0.078 0.085 0.075 0.091 0.076 0.074 0.079 0.090 0.007 0.095 
242 COPE-0242    (0)   :  0.076 0.088 0.092 0.075 0.079 0.087 0.083 0.088 0.094 0.085 0.076 0.006 0.071 
243 COPE-0243    (0)   :  0.079 0.089 0.071 0.079 0.082 0.080 0.086 0.078 0.083 0.083 0.094 0.007 0.087 
244 COPE-0244    (0)   :  0.082 0.083 0.076 0.085 0.080 0.080 0.086 0.081 0.080 0.084 0.087 0.009 0.088 
245 COPE-0245    (0)   :  0.081 0.085 0.074 0.082 0.080 0.080 0.085 0.076 0.079 0.084 0.092 0.011 0.090 
246 COPE-0246    (0)   :  0.080 0.083 0.081 0.085 0.084 0.086 0.084 0.084 0.082 0.079 0.080 0.012 0.080 
247 COPE-0247    (0)   :  0.079 0.079 0.080 0.084 0.077 0.084 0.080 0.081 0.077 0.081 0.094 0.015 0.088 
248 COPE-0248    (0)   :  0.081 0.088 0.081 0.080 0.077 0.086 0.087 0.077 0.080 0.089 0.086 0.005 0.085 
249 COPE-0249    (0)   :  0.083 0.075 0.072 0.099 0.079 0.083 0.082 0.083 0.077 0.074 0.075 0.026 0.093 
250 COPE-0250    (0)   :  0.083 0.075 0.078 0.091 0.077 0.089 0.079 0.084 0.087 0.075 0.080 0.017 0.087 
251 COPE-0251   (14)   :  0.029 0.028 0.030 0.029 0.029 0.031 0.029 0.029 0.028 0.032 0.031 0.645 0.031 
252 COPE-0252    (0)   :  0.081 0.075 0.074 0.102 0.081 0.090 0.083 0.085 0.085 0.070 0.071 0.011 0.094 
253 COPE-0253    (0)   :  0.076 0.073 0.082 0.085 0.089 0.093 0.074 0.078 0.076 0.099 0.086 0.008 0.082 
254 COPE-0254    (0)   :  0.079 0.088 0.067 0.079 0.082 0.084 0.084 0.076 0.087 0.089 0.089 0.014 0.082 
255 COPE-0255    (0)   :  0.079 0.075 0.075 0.085 0.078 0.086 0.084 0.077 0.079 0.085 0.090 0.021 0.085 
256 COPE-0256    (0)   :  0.093 0.084 0.084 0.077 0.089 0.079 0.074 0.089 0.086 0.079 0.077 0.010 0.081 
257 COPE-0257    (0)   :  0.069 0.107 0.091 0.070 0.102 0.084 0.113 0.087 0.091 0.076 0.062 0.007 0.040 
258 COPE-0258    (0)   :  0.076 0.094 0.085 0.080 0.084 0.078 0.089 0.080 0.082 0.081 0.080 0.014 0.075 
259 COPE-0259    (0)   :  0.082 0.082 0.087 0.081 0.078 0.077 0.080 0.084 0.085 0.084 0.089 0.006 0.084 
260 COPE-0260    (0)   :  0.087 0.084 0.079 0.081 0.079 0.078 0.087 0.077 0.078 0.082 0.084 0.022 0.083 
261 COPE-0261    (0)   :  0.081 0.088 0.076 0.073 0.077 0.081 0.081 0.080 0.094 0.090 0.095 0.006 0.077 
262 COPE-0262    (0)   :  0.090 0.086 0.076 0.080 0.085 0.077 0.076 0.084 0.079 0.081 0.082 0.017 0.086 
263 COPE-0263    (0)   :  0.080 0.086 0.086 0.078 0.084 0.083 0.091 0.081 0.082 0.085 0.077 0.007 0.079 
264 COPE-0264    (0)   :  0.072 0.095 0.090 0.072 0.093 0.081 0.099 0.084 0.087 0.080 0.072 0.017 0.056 
265 COPE-0265    (0)   :  0.086 0.084 0.081 0.081 0.082 0.083 0.080 0.079 0.075 0.087 0.084 0.011 0.086 
266 COPE-0266    (0)   :  0.079 0.081 0.089 0.077 0.075 0.084 0.074 0.085 0.089 0.087 0.083 0.017 0.080 
267 COPE-0267    (0)   :  0.083 0.078 0.084 0.085 0.078 0.091 0.087 0.078 0.082 0.082 0.078 0.006 0.089 
268 COPE-0268    (0)   :  0.081 0.080 0.088 0.081 0.076 0.089 0.093 0.075 0.077 0.083 0.077 0.013 0.088 
269 COPE-0269    (0)   :  0.081 0.090 0.084 0.080 0.089 0.080 0.088 0.084 0.082 0.080 0.080 0.006 0.077 
270 COPE-0270    (0)   :  0.086 0.085 0.078 0.081 0.092 0.064 0.085 0.082 0.072 0.073 0.096 0.007 0.102 
271 COPE-0271    (0)   :  0.086 0.087 0.084 0.076 0.082 0.079 0.088 0.079 0.081 0.079 0.086 0.007 0.085 
272 COPE-0272    (0)   :  0.077 0.074 0.081 0.088 0.085 0.092 0.077 0.079 0.083 0.090 0.083 0.007 0.084 
273 COPE-0273    (0)   :  0.080 0.082 0.092 0.076 0.075 0.094 0.073 0.085 0.088 0.083 0.085 0.015 0.073 
274 COPE-0274   (14)   :  0.025 0.025 0.024 0.025 0.027 0.021 0.025 0.024 0.022 0.023 0.028 0.702 0.029 
275 COPE-0275    (0)   :  0.084 0.082 0.079 0.084 0.079 0.077 0.083 0.084 0.079 0.079 0.091 0.009 0.089 
276 COPE-0276   (14)   :  0.007 0.007 0.007 0.007 0.007 0.007 0.007 0.007 0.007 0.007 0.007 0.921 0.007 
277 COPE-0277   (14)   :  0.088 0.082 0.089 0.074 0.089 0.078 0.075 0.092 0.088 0.081 0.078 0.013 0.074 
278 COPE-0278    (0)   :  0.079 0.074 0.108 0.065 0.072 0.082 0.058 0.101 0.110 0.094 0.084 0.007 0.065 
279 COPE-0279    (0)   :  0.084 0.079 0.087 0.078 0.080 0.080 0.076 0.089 0.087 0.085 0.086 0.009 0.080 
280 COPE-0280    (0)   :  0.012 0.012 0.012 0.012 0.012 0.012 0.012 0.012 0.012 0.012 0.012 0.853 0.012 
281 COPE-0281    (0)   :  0.032 0.032 0.030 0.035 0.029 0.030 0.030 0.030 0.030 0.032 0.033 0.622 0.035 
282 COPE-0282   (14)   :  0.078 0.066 0.067 0.122 0.084 0.104 0.084 0.083 0.086 0.063 0.056 0.006 0.100 
283 COPE-0283    (0)   :  0.078 0.083 0.098 0.074 0.076 0.085 0.069 0.093 0.098 0.089 0.079 0.007 0.070 
284 COPE-0284   (14)   :  0.082 0.085 0.082 0.078 0.079 0.076 0.082 0.074 0.075 0.084 0.084 0.031 0.087 
285 COPE-0285    (0)   :  0.030 0.030 0.028 0.027 0.029 0.028 0.029 0.028 0.028 0.028 0.028 0.660 0.027 
286 COPE-0286    (0)   :  0.079 0.090 0.083 0.087 0.086 0.074 0.081 0.076 0.072 0.086 0.082 0.008 0.095 
287 COPE-0287    (0)   :  0.081 0.078 0.086 0.079 0.077 0.086 0.091 0.076 0.078 0.083 0.071 0.027 0.086 
288 COPE-0288    (0)   :  0.076 0.071 0.083 0.088 0.079 0.096 0.076 0.081 0.081 0.085 0.092 0.010 0.082 
289 COPE-0289    (0)   :  0.093 0.086 0.082 0.076 0.088 0.080 0.082 0.082 0.079 0.081 0.082 0.007 0.081 
290 COPE-0290    (0)   :  0.084 0.085 0.078 0.081 0.090 0.067 0.087 0.079 0.072 0.077 0.093 0.007 0.100 
291 COPE-0291    (0)   :  0.078 0.094 0.087 0.079 0.088 0.078 0.093 0.084 0.083 0.082 0.078 0.005 0.071 
292 COPE-0292   (42)   :  0.015 0.015 0.015 0.015 0.015 0.015 0.015 0.015 0.014 0.015 0.015 0.822 0.015 
293 COPE-0293    (0)   :  0.079 0.074 0.084 0.084 0.085 0.091 0.075 0.080 0.078 0.096 0.086 0.008 0.080 
294 COPE-0294    (0)   :  0.084 0.083 0.078 0.084 0.081 0.081 0.081 0.079 0.080 0.085 0.083 0.011 0.089 
295 COPE-0295    (0)   :  0.086 0.080 0.078 0.088 0.082 0.091 0.078 0.085 0.087 0.079 0.075 0.007 0.084 
296 COPE-0296   (14)   :  0.081 0.080 0.084 0.085 0.081 0.084 0.077 0.082 0.081 0.081 0.092 0.007 0.086 
297 COPE-0297   (14)   :  0.085 0.083 0.074 0.086 0.075 0.070 0.088 0.078 0.075 0.078 0.086 0.035 0.089 
298 COPE-0298    (0)   :  0.077 0.072 0.081 0.090 0.084 0.091 0.077 0.083 0.077 0.091 0.083 0.009 0.084 
299 COPE-0299    (0)   :  0.079 0.087 0.072 0.078 0.082 0.083 0.085 0.076 0.084 0.087 0.095 0.006 0.086 
300 COPE-0300   (14)   :  0.088 0.083 0.084 0.080 0.084 0.084 0.085 0.083 0.082 0.081 0.076 0.007 0.083 
301 COPE-0301   (14)   :  0.074 0.067 0.082 0.087 0.089 0.100 0.071 0.078 0.076 0.103 0.086 0.009 0.079 
302 COPE-0302    (0)   :  0.083 0.080 0.068 0.066 0.073 0.067 0.071 0.074 0.071 0.065 0.068 0.149 0.065 
303 COPE-0303    (0)   :  0.084 0.072 0.101 0.067 0.076 0.077 0.067 0.098 0.103 0.089 0.091 0.006 0.070 
304 COPE-0304    (0)   :  0.085 0.080 0.080 0.086 0.082 0.083 0.084 0.079 0.079 0.084 0.083 0.007 0.090 
305 COPE-0305   (14)   :  0.077 0.084 0.080 0.086 0.085 0.081 0.085 0.085 0.079 0.078 0.073 0.033 0.076 
306 COPE-0306    (0)   :  0.076 0.075 0.106 0.067 0.072 0.084 0.068 0.096 0.106 0.091 0.084 0.010 0.064 
307 COPE-0307   (28)   :  0.008 0.008 0.008 0.008 0.008 0.008 0.008 0.008 0.008 0.008 0.008 0.903 0.008 
308 COPE-0308    (0)   :  0.076 0.066 0.072 0.112 0.085 0.104 0.083 0.081 0.086 0.071 0.063 0.006 0.095 
309 COPE-0309   (14)   :  0.034 0.036 0.035 0.040 0.035 0.036 0.033 0.035 0.034 0.038 0.037 0.570 0.038 
310 COPE-0310   (28)   :  0.032 0.049 0.042 0.033 0.047 0.040 0.051 0.041 0.042 0.035 0.029 0.537 0.020 
311 COPE-0311    (0)   :  0.075 0.092 0.085 0.084 0.083 0.079 0.088 0.081 0.081 0.086 0.073 0.019 0.073 
312 COPE-0312   (28)   :  0.013 0.013 0.014 0.012 0.013 0.013 0.012 0.014 0.014 0.013 0.013 0.844 0.012 
313 COPE-0313    (0)   :  0.075 0.090 0.090 0.074 0.081 0.086 0.091 0.084 0.091 0.085 0.079 0.009 0.067 
314 COPE-0314    (0)   :  0.083 0.082 0.085 0.077 0.075 0.087 0.090 0.076 0.079 0.089 0.082 0.007 0.088 
315 COPE-0315    (0)   :  0.081 0.085 0.085 0.081 0.082 0.082 0.090 0.081 0.084 0.083 0.080 0.008 0.078 
316 COPE-0316    (0)   :  0.082 0.086 0.085 0.081 0.076 0.076 0.080 0.079 0.083 0.086 0.086 0.019 0.082 
317 COPE-0317   (14)   :  0.009 0.009 0.009 0.009 0.009 0.009 0.009 0.009 0.009 0.009 0.008 0.895 0.008 
318 COPE-0318    (0)   :  0.082 0.086 0.079 0.078 0.083 0.081 0.086 0.081 0.080 0.084 0.088 0.005 0.086 
319 COPE-0319    (0)   :  0.082 0.078 0.077 0.098 0.081 0.087 0.086 0.080 0.082 0.075 0.072 0.006 0.095 
320 COPE-0320   (14)   :  0.081 0.076 0.082 0.085 0.081 0.087 0.077 0.078 0.078 0.087 0.088 0.015 0.084 
321 COPE-0321   (14)   :  0.076 0.091 0.086 0.077 0.084 0.085 0.092 0.082 0.084 0.080 0.081 0.011 0.071 
322 COPE-0322   (14)   :  0.084 0.085 0.081 0.077 0.082 0.079 0.087 0.080 0.079 0.082 0.089 0.006 0.087 
323 COPE-0323    (0)   :  0.067 0.110 0.092 0.069 0.103 0.085 0.116 0.087 0.092 0.075 0.060 0.008 0.037 
324 COPE-0324    (0)   :  0.089 0.082 0.077 0.084 0.077 0.072 0.088 0.085 0.081 0.079 0.091 0.006 0.089 
325 COPE-0325   (14)   :  0.095 0.086 0.084 0.074 0.095 0.078 0.077 0.090 0.083 0.076 0.073 0.011 0.077 
326 COPE-0326    (0)   :  0.076 0.070 0.086 0.086 0.083 0.096 0.074 0.086 0.089 0.088 0.081 0.007 0.078 
327 COPE-0327   (14)   :  0.076 0.070 0.081 0.090 0.087 0.094 0.074 0.075 0.078 0.094 0.087 0.008 0.087 
328 COPE-0328    (0)   :  0.086 0.079 0.087 0.076 0.081 0.077 0.081 0.086 0.083 0.083 0.090 0.006 0.085 
329 COPE-0329   (28)   :  0.086 0.083 0.080 0.083 0.077 0.079 0.086 0.082 0.082 0.082 0.086 0.013 0.082 
330 COPE-0330    (0)   :  0.083 0.080 0.083 0.076 0.073 0.086 0.089 0.076 0.078 0.087 0.083 0.020 0.086 
331 COPE-0331    (0)   :  0.077 0.070 0.083 0.084 0.086 0.094 0.074 0.079 0.075 0.101 0.088 0.006 0.082 
332 COPE-0332   (14)   :  0.081 0.083 0.090 0.078 0.081 0.079 0.078 0.090 0.088 0.085 0.085 0.006 0.076 
333 COPE-0333    (0)   :  0.067 0.065 0.071 0.073 0.074 0.080 0.066 0.065 0.067 0.082 0.075 0.143 0.072 
334 COPE-0334   (28)   :  0.036 0.049 0.044 0.037 0.046 0.042 0.050 0.043 0.043 0.039 0.034 0.511 0.027 
335 COPE-0335    (0)   :  0.088 0.080 0.074 0.089 0.072 0.069 0.092 0.087 0.081 0.076 0.093 0.006 0.094 
336 COPE-0336    (0)   :  0.078 0.086 0.082 0.091 0.079 0.087 0.077 0.075 0.078 0.086 0.087 0.006 0.089 
337 COPE-0337   (28)   :  0.017 0.017 0.017 0.017 0.017 0.016 0.017 0.016 0.016 0.017 0.017 0.799 0.017 
338 COPE-0338    (0)   :  0.079 0.090 0.085 0.076 0.080 0.085 0.092 0.078 0.083 0.082 0.077 0.020 0.073 
339 COPE-0339    (0)   :  0.109 0.090 0.079 0.074 0.094 0.078 0.075 0.088 0.082 0.072 0.076 0.005 0.078 
340 COPE-0340   (14)   :  0.013 0.012 0.012 0.012 0.012 0.013 0.012 0.012 0.012 0.013 0.013 0.851 0.013 
341 COPE-0341    (0)   :  0.082 0.076 0.081 0.094 0.079 0.090 0.083 0.078 0.080 0.081 0.076 0.007 0.093 
342 COPE-0342    (0)   :  0.087 0.084 0.076 0.083 0.079 0.074 0.094 0.078 0.079 0.078 0.090 0.008 0.089 
343 COPE-0343    (0)   :  0.081 0.081 0.086 0.078 0.079 0.087 0.077 0.084 0.089 0.088 0.085 0.006 0.078 
344 COPE-0344   (14)   :  0.011 0.011 0.012 0.012 0.012 0.012 0.012 0.011 0.012 0.011 0.011 0.861 0.012 
