

----------------------------------------------------
STRUCTURE by Pritchard, Stephens and Donnelly (2000)
     and Falush, Stephens and Pritchard (2003)
       Code by Pritchard, Falush and Hubisz
             Version 2.3.4 (Jul 2012)
----------------------------------------------------



Command line arguments:   /home/jason/Programs/structure -K 9 -i ../Data/microsats.structure -m Structure_Run/mainparams -e Structure_Run/extraparams -D 722246 -o ../Structure_Results/10_K_09.out 
Input File:    ../Data/microsats.structure

Run parameters:
   384 individuals
   7 loci
   9 populations assumed
   1000000 Burn-in period
   10000000 Reps
RANDOMIZE turned off


--------------------------------------------
Overall proportion of membership of the
sample in each of the 9 clusters

Inferred Clusters
  1      2      3      4      5      6      7      8      9    
0.111  0.110  0.111  0.111  0.111  0.110  0.111  0.115  0.110  

--------------------------------------------

Allele-freq. divergence among pops (Net nucleotide distance),
computed using point estimates of P.

      1       2       3       4       5       6       7       8       9      
 1      -    0.0002  0.0000  0.0001  0.0002  0.0001  0.0001  0.1601  0.0003  
 2   0.0002     -    0.0001  0.0001  0.0000  0.0002  0.0002  0.1612  0.0001  
 3   0.0000  0.0001     -    0.0001  0.0001  0.0001  0.0001  0.1603  0.0002  
 4   0.0001  0.0001  0.0001     -    0.0001  0.0002  0.0003  0.1604  0.0001  
 5   0.0002  0.0000  0.0001  0.0001     -    0.0002  0.0002  0.1605  0.0001  
 6   0.0001  0.0002  0.0001  0.0002  0.0002     -    0.0001  0.1600  0.0002  
 7   0.0001  0.0002  0.0001  0.0003  0.0002  0.0001     -    0.1602  0.0004  
 8   0.1601  0.1612  0.1603  0.1604  0.1605  0.1600  0.1602     -    0.1613  
 9   0.0003  0.0001  0.0002  0.0001  0.0001  0.0002  0.0004  0.1613     -    

Average distances (expected heterozygosity) between individuals in same cluster:
cluster  1  : 0.6248 
cluster  2  : 0.6238 
cluster  3  : 0.6248 
cluster  4  : 0.6220 
cluster  5  : 0.6241 
cluster  6  : 0.6278 
cluster  7  : 0.6268 
cluster  8  : 0.6451 
cluster  9  : 0.6217 

--------------------------------------------
Estimated Ln Prob of Data   = -9044.2
Mean value of ln likelihood = -7810.6
Variance of ln likelihood   = 2467.2
Mean value of alpha         = 0.0477

Mean value of Fst_1         = 0.0807
Mean value of Fst_2         = 0.0794
Mean value of Fst_3         = 0.0791
Mean value of Fst_4         = 0.0793
Mean value of Fst_5         = 0.0795
Mean value of Fst_6         = 0.0780
Mean value of Fst_7         = 0.0791
Mean value of Fst_8         = 0.1807
Mean value of Fst_9         = 0.0824


Inferred ancestry of individuals:
        Label (%Miss) :  Inferred clusters
  1 COPE-0001    (0)   :  0.008 0.008 0.008 0.009 0.008 0.008 0.008 0.933 0.008 
  2 COPE-0002    (0)   :  0.137 0.114 0.125 0.116 0.115 0.136 0.137 0.011 0.108 
  3 COPE-0003    (0)   :  0.129 0.112 0.138 0.143 0.121 0.118 0.121 0.007 0.111 
  4 COPE-0004    (0)   :  0.141 0.104 0.126 0.121 0.106 0.147 0.127 0.013 0.115 
  5 COPE-0005    (0)   :  0.137 0.109 0.126 0.113 0.098 0.142 0.132 0.020 0.123 
  6 COPE-0006    (0)   :  0.126 0.120 0.123 0.119 0.117 0.127 0.131 0.018 0.119 
  7 COPE-0007    (0)   :  0.134 0.121 0.127 0.125 0.111 0.125 0.123 0.007 0.128 
  8 COPE-0008    (0)   :  0.104 0.136 0.108 0.134 0.152 0.102 0.101 0.008 0.155 
  9 COPE-0009    (0)   :  0.132 0.107 0.129 0.122 0.119 0.121 0.143 0.017 0.108 
 10 COPE-0010    (0)   :  0.103 0.146 0.120 0.112 0.137 0.133 0.122 0.007 0.120 
 11 COPE-0011   (14)   :  0.015 0.012 0.014 0.013 0.012 0.015 0.014 0.892 0.013 
 12 COPE-0012   (14)   :  0.105 0.134 0.112 0.127 0.137 0.115 0.112 0.007 0.151 
 13 COPE-0013    (0)   :  0.137 0.107 0.142 0.154 0.113 0.116 0.118 0.006 0.108 
 14 COPE-0014    (0)   :  0.147 0.119 0.123 0.133 0.115 0.105 0.117 0.009 0.133 
 15 COPE-0015    (0)   :  0.130 0.128 0.123 0.126 0.124 0.112 0.121 0.007 0.129 
 16 COPE-0016    (0)   :  0.140 0.105 0.129 0.101 0.120 0.127 0.168 0.010 0.100 
 17 COPE-0017    (0)   :  0.049 0.042 0.044 0.044 0.043 0.042 0.045 0.646 0.044 
 18 COPE-0018    (0)   :  0.129 0.118 0.125 0.129 0.118 0.122 0.131 0.008 0.120 
 19 COPE-0019    (0)   :  0.128 0.112 0.134 0.142 0.119 0.119 0.128 0.006 0.113 
 20 COPE-0020    (0)   :  0.121 0.123 0.121 0.118 0.122 0.132 0.131 0.007 0.125 
 21 COPE-0021    (0)   :  0.129 0.129 0.120 0.119 0.115 0.128 0.119 0.006 0.134 
 22 COPE-0022    (0)   :  0.101 0.134 0.108 0.134 0.155 0.101 0.103 0.007 0.158 
 23 COPE-0023    (0)   :  0.127 0.123 0.122 0.122 0.125 0.136 0.122 0.008 0.115 
 24 COPE-0024   (14)   :  0.122 0.119 0.123 0.113 0.115 0.136 0.131 0.006 0.135 
 25 COPE-0025    (0)   :  0.111 0.122 0.120 0.113 0.117 0.123 0.116 0.068 0.109 
 26 COPE-0026    (0)   :  0.122 0.135 0.125 0.126 0.133 0.112 0.120 0.005 0.121 
 27 COPE-0027    (0)   :  0.125 0.112 0.132 0.148 0.123 0.113 0.118 0.006 0.123 
 28 COPE-0028    (0)   :  0.105 0.151 0.125 0.111 0.142 0.126 0.127 0.005 0.107 
 29 COPE-0029    (0)   :  0.137 0.113 0.129 0.103 0.122 0.125 0.161 0.005 0.105 
 30 COPE-0030   (14)   :  0.032 0.031 0.031 0.031 0.030 0.032 0.030 0.754 0.030 
 31 COPE-0031    (0)   :  0.116 0.137 0.119 0.131 0.143 0.102 0.110 0.010 0.132 
 32 COPE-0032    (0)   :  0.112 0.141 0.122 0.118 0.141 0.126 0.122 0.009 0.110 
 33 COPE-0033    (0)   :  0.118 0.130 0.124 0.121 0.133 0.127 0.124 0.011 0.111 
 34 COPE-0034    (0)   :  0.140 0.111 0.129 0.120 0.114 0.129 0.129 0.010 0.119 
 35 COPE-0035   (14)   :  0.107 0.146 0.126 0.115 0.140 0.127 0.122 0.007 0.110 
 36 COPE-0036   (14)   :  0.118 0.128 0.119 0.116 0.108 0.141 0.124 0.006 0.140 
 37 COPE-0037    (0)   :  0.121 0.119 0.123 0.122 0.119 0.126 0.126 0.023 0.123 
 38 COPE-0038    (0)   :  0.110 0.140 0.119 0.138 0.146 0.097 0.108 0.007 0.136 
 39 COPE-0039    (0)   :  0.118 0.110 0.118 0.120 0.111 0.119 0.116 0.072 0.115 
 40 COPE-0040   (14)   :  0.119 0.104 0.119 0.124 0.108 0.111 0.114 0.091 0.112 
 41 COPE-0041    (0)   :  0.125 0.115 0.119 0.128 0.116 0.124 0.119 0.029 0.124 
 42 COPE-0042    (0)   :  0.112 0.143 0.127 0.125 0.140 0.121 0.119 0.011 0.104 
 43 COPE-0043    (0)   :  0.138 0.114 0.124 0.108 0.124 0.133 0.148 0.005 0.107 
 44 COPE-0044    (0)   :  0.135 0.108 0.123 0.127 0.118 0.133 0.120 0.013 0.124 
 45 COPE-0045    (0)   :  0.122 0.114 0.116 0.123 0.119 0.128 0.116 0.032 0.131 
 46 COPE-0046    (0)   :  0.030 0.025 0.029 0.029 0.026 0.027 0.029 0.779 0.025 
 47 COPE-0047    (0)   :  0.007 0.007 0.008 0.007 0.007 0.008 0.008 0.940 0.007 
 48 COPE-0048    (0)   :  0.103 0.150 0.126 0.117 0.147 0.124 0.118 0.007 0.109 
 49 COPE-0049    (0)   :  0.126 0.120 0.120 0.118 0.118 0.135 0.129 0.016 0.119 
 50 COPE-0050    (0)   :  0.139 0.108 0.137 0.140 0.113 0.122 0.123 0.007 0.112 
 51 COPE-0051    (0)   :  0.092 0.149 0.112 0.097 0.131 0.114 0.111 0.105 0.089 
 52 COPE-0052    (0)   :  0.144 0.119 0.124 0.130 0.116 0.103 0.120 0.011 0.133 
 53 COPE-0053    (0)   :  0.141 0.101 0.134 0.097 0.118 0.129 0.174 0.009 0.097 
 54 COPE-0054    (0)   :  0.110 0.133 0.114 0.118 0.117 0.135 0.112 0.005 0.155 
 55 COPE-0055    (0)   :  0.095 0.139 0.105 0.134 0.161 0.096 0.100 0.005 0.164 
 56 COPE-0056    (0)   :  0.113 0.122 0.114 0.130 0.134 0.115 0.112 0.017 0.143 
 57 COPE-0057    (0)   :  0.117 0.117 0.125 0.131 0.123 0.125 0.123 0.010 0.129 
 58 COPE-0058    (0)   :  0.124 0.122 0.127 0.116 0.112 0.136 0.132 0.009 0.122 
 59 COPE-0059    (0)   :  0.131 0.103 0.138 0.150 0.115 0.116 0.120 0.018 0.109 
 60 COPE-0060    (0)   :  0.139 0.112 0.124 0.108 0.122 0.129 0.149 0.007 0.109 
 61 COPE-0061    (0)   :  0.139 0.103 0.135 0.107 0.118 0.125 0.163 0.011 0.099 
 62 COPE-0062    (0)   :  0.140 0.128 0.121 0.130 0.115 0.113 0.108 0.009 0.136 
 63 COPE-0063    (0)   :  0.090 0.136 0.103 0.130 0.153 0.099 0.098 0.025 0.166 
 64 COPE-0064    (0)   :  0.133 0.119 0.126 0.130 0.124 0.115 0.122 0.009 0.123 
 65 COPE-0065    (0)   :  0.006 0.006 0.006 0.006 0.006 0.006 0.006 0.953 0.006 
 66 COPE-0066    (0)   :  0.099 0.154 0.125 0.117 0.145 0.123 0.121 0.016 0.098 
 67 COPE-0067   (14)   :  0.026 0.030 0.028 0.027 0.030 0.028 0.028 0.778 0.025 
 68 COPE-0068    (0)   :  0.135 0.106 0.144 0.151 0.114 0.113 0.120 0.010 0.107 
 69 COPE-0069   (14)   :  0.133 0.119 0.123 0.133 0.117 0.118 0.113 0.012 0.133 
 70 COPE-0070    (0)   :  0.129 0.123 0.124 0.114 0.114 0.143 0.129 0.011 0.113 
 71 COPE-0071    (0)   :  0.098 0.153 0.123 0.111 0.142 0.132 0.123 0.005 0.113 
 72 COPE-0072    (0)   :  0.139 0.115 0.126 0.128 0.118 0.126 0.127 0.007 0.114 
 73 COPE-0073   (14)   :  0.043 0.036 0.041 0.035 0.037 0.044 0.049 0.677 0.038 
 74 COPE-0074    (0)   :  0.109 0.145 0.122 0.118 0.139 0.122 0.118 0.009 0.118 
 75 COPE-0075    (0)   :  0.103 0.163 0.123 0.107 0.145 0.126 0.123 0.012 0.097 
 76 COPE-0076    (0)   :  0.114 0.126 0.118 0.127 0.128 0.118 0.114 0.006 0.150 
 77 COPE-0077   (14)   :  0.127 0.120 0.129 0.131 0.124 0.120 0.123 0.008 0.117 
 78 COPE-0078   (14)   :  0.131 0.118 0.122 0.118 0.111 0.138 0.122 0.008 0.132 
 79 COPE-0079    (0)   :  0.151 0.101 0.128 0.116 0.098 0.160 0.130 0.008 0.108 
 80 COPE-0080   (42)   :  0.021 0.019 0.020 0.021 0.019 0.020 0.021 0.839 0.019 
 81 COPE-0081   (14)   :  0.061 0.071 0.065 0.069 0.074 0.063 0.063 0.459 0.075 
 82 COPE-0082   (14)   :  0.095 0.147 0.114 0.112 0.133 0.119 0.114 0.046 0.120 
 83 COPE-0083   (14)   :  0.158 0.119 0.121 0.137 0.114 0.098 0.105 0.005 0.142 
 84 COPE-0084    (0)   :  0.109 0.082 0.104 0.077 0.096 0.101 0.136 0.219 0.075 
 85 COPE-0085    (0)   :  0.136 0.110 0.130 0.118 0.109 0.140 0.131 0.010 0.115 
 86 COPE-0086    (0)   :  0.114 0.128 0.124 0.109 0.122 0.133 0.134 0.020 0.115 
 87 COPE-0087   (14)   :  0.136 0.114 0.129 0.104 0.124 0.129 0.156 0.007 0.101 
 88 COPE-0088   (14)   :  0.133 0.113 0.127 0.115 0.108 0.133 0.140 0.024 0.108 
 89 COPE-0089   (14)   :  0.007 0.008 0.007 0.008 0.008 0.007 0.007 0.940 0.008 
 90 COPE-0090    (0)   :  0.098 0.140 0.109 0.133 0.155 0.100 0.104 0.008 0.154 
 91 COPE-0091   (14)   :  0.142 0.113 0.125 0.107 0.122 0.124 0.150 0.006 0.111 
 92 COPE-0092   (28)   :  0.025 0.022 0.025 0.025 0.022 0.025 0.024 0.811 0.021 
 93 COPE-0093    (0)   :  0.091 0.138 0.104 0.132 0.155 0.100 0.098 0.006 0.175 
 94 COPE-0094    (0)   :  0.146 0.099 0.124 0.113 0.099 0.156 0.128 0.029 0.106 
 95 COPE-0095    (0)   :  0.136 0.111 0.129 0.104 0.127 0.122 0.163 0.005 0.104 
 96 COPE-0096    (0)   :  0.131 0.120 0.123 0.123 0.119 0.117 0.133 0.009 0.124 
 97 COPE-0097    (0)   :  0.108 0.153 0.123 0.112 0.137 0.122 0.122 0.008 0.117 
 98 COPE-0098    (0)   :  0.115 0.138 0.118 0.134 0.145 0.099 0.104 0.009 0.137 
 99 COPE-0099    (0)   :  0.122 0.109 0.133 0.142 0.119 0.118 0.122 0.022 0.113 
100 COPE-0100    (0)   :  0.119 0.132 0.127 0.129 0.129 0.119 0.118 0.007 0.122 
101 COPE-0101    (0)   :  0.103 0.133 0.117 0.120 0.137 0.116 0.115 0.045 0.112 
102 COPE-0102    (0)   :  0.128 0.123 0.124 0.125 0.121 0.129 0.125 0.006 0.120 
103 COPE-0103    (0)   :  0.143 0.113 0.124 0.120 0.107 0.136 0.123 0.017 0.118 
104 COPE-0104   (14)   :  0.100 0.150 0.119 0.117 0.146 0.119 0.117 0.007 0.125 
105 COPE-0105    (0)   :  0.091 0.159 0.121 0.104 0.137 0.126 0.123 0.037 0.102 
106 COPE-0106    (0)   :  0.115 0.130 0.115 0.111 0.101 0.152 0.116 0.005 0.156 
107 COPE-0107    (0)   :  0.018 0.020 0.018 0.021 0.023 0.017 0.018 0.842 0.022 
108 COPE-0108    (0)   :  0.116 0.138 0.121 0.131 0.133 0.113 0.114 0.006 0.128 
109 COPE-0109    (0)   :  0.138 0.106 0.128 0.125 0.112 0.139 0.123 0.011 0.117 
110 COPE-0110   (14)   :  0.129 0.114 0.122 0.111 0.111 0.139 0.137 0.014 0.124 
111 COPE-0111    (0)   :  0.132 0.118 0.120 0.116 0.111 0.132 0.129 0.009 0.133 
112 COPE-0112   (14)   :  0.108 0.144 0.121 0.121 0.145 0.121 0.113 0.010 0.117 
113 COPE-0113    (0)   :  0.121 0.121 0.125 0.133 0.122 0.119 0.115 0.020 0.124 
114 COPE-0114    (0)   :  0.113 0.127 0.117 0.120 0.113 0.137 0.117 0.009 0.147 
115 COPE-0115    (0)   :  0.031 0.026 0.028 0.026 0.026 0.026 0.029 0.781 0.027 
116 COPE-0116   (28)   :  0.011 0.010 0.011 0.011 0.010 0.010 0.010 0.917 0.010 
117 COPE-0117    (0)   :  0.141 0.103 0.133 0.099 0.120 0.126 0.171 0.010 0.098 
118 COPE-0118    (0)   :  0.129 0.124 0.116 0.117 0.104 0.140 0.110 0.009 0.152 
119 COPE-0119    (0)   :  0.125 0.133 0.119 0.133 0.122 0.113 0.108 0.010 0.138 
120 COPE-0120    (0)   :  0.129 0.114 0.125 0.129 0.121 0.129 0.125 0.011 0.117 
121 COPE-0121    (0)   :  0.117 0.112 0.116 0.122 0.112 0.118 0.117 0.058 0.128 
122 COPE-0122    (0)   :  0.131 0.120 0.129 0.117 0.121 0.136 0.126 0.008 0.112 
123 COPE-0123    (0)   :  0.121 0.125 0.123 0.120 0.126 0.131 0.120 0.016 0.118 
124 COPE-0124    (0)   :  0.128 0.119 0.122 0.122 0.118 0.134 0.123 0.013 0.121 
125 COPE-0125    (0)   :  0.098 0.140 0.122 0.119 0.128 0.127 0.117 0.007 0.142 
126 COPE-0126    (0)   :  0.138 0.106 0.132 0.100 0.121 0.124 0.167 0.012 0.100 
127 COPE-0127   (14)   :  0.117 0.134 0.128 0.112 0.122 0.134 0.134 0.007 0.113 
128 COPE-0128    (0)   :  0.117 0.122 0.116 0.114 0.117 0.136 0.127 0.019 0.131 
129 COPE-0129    (0)   :  0.143 0.106 0.130 0.120 0.102 0.151 0.130 0.006 0.111 
130 COPE-0130    (0)   :  0.131 0.110 0.136 0.143 0.119 0.115 0.119 0.012 0.114 
131 COPE-0131   (14)   :  0.150 0.117 0.125 0.141 0.113 0.107 0.108 0.009 0.132 
132 COPE-0132   (14)   :  0.115 0.115 0.117 0.117 0.117 0.124 0.117 0.039 0.139 
133 COPE-0133    (0)   :  0.142 0.103 0.130 0.098 0.120 0.129 0.173 0.009 0.096 
134 COPE-0134    (0)   :  0.129 0.119 0.121 0.116 0.118 0.138 0.130 0.007 0.122 
135 COPE-0135    (0)   :  0.104 0.138 0.113 0.126 0.144 0.118 0.119 0.008 0.131 
136 COPE-0136    (0)   :  0.013 0.013 0.013 0.013 0.013 0.013 0.014 0.896 0.012 
137 COPE-0137    (0)   :  0.126 0.118 0.128 0.136 0.120 0.123 0.119 0.012 0.117 
138 COPE-0138   (14)   :  0.008 0.009 0.009 0.009 0.009 0.009 0.009 0.929 0.009 
139 COPE-0139    (0)   :  0.130 0.113 0.135 0.137 0.119 0.125 0.123 0.008 0.111 
140 COPE-0140   (14)   :  0.023 0.023 0.024 0.023 0.024 0.023 0.024 0.815 0.021 
141 COPE-0141    (0)   :  0.105 0.132 0.110 0.127 0.139 0.113 0.110 0.008 0.155 
142 COPE-0142    (0)   :  0.106 0.130 0.114 0.126 0.133 0.119 0.112 0.009 0.152 
143 COPE-0143    (0)   :  0.128 0.115 0.124 0.113 0.129 0.123 0.142 0.009 0.117 
144 COPE-0144   (14)   :  0.108 0.088 0.100 0.098 0.095 0.107 0.108 0.205 0.091 
145 COPE-0145   (14)   :  0.086 0.081 0.082 0.080 0.087 0.089 0.091 0.329 0.074 
146 COPE-0146   (14)   :  0.119 0.123 0.119 0.115 0.128 0.115 0.131 0.029 0.121 
147 COPE-0147    (0)   :  0.115 0.109 0.112 0.121 0.122 0.118 0.109 0.069 0.126 
148 COPE-0148    (0)   :  0.139 0.104 0.132 0.100 0.118 0.129 0.167 0.009 0.101 
149 COPE-0149    (0)   :  0.135 0.105 0.138 0.130 0.118 0.124 0.139 0.007 0.105 
150 COPE-0150    (0)   :  0.100 0.159 0.126 0.113 0.153 0.125 0.118 0.008 0.099 
151 COPE-0151    (0)   :  0.121 0.118 0.124 0.124 0.129 0.121 0.131 0.007 0.126 
152 COPE-0152   (14)   :  0.092 0.118 0.098 0.114 0.130 0.096 0.094 0.126 0.132 
153 COPE-0153    (0)   :  0.127 0.123 0.124 0.130 0.125 0.118 0.118 0.006 0.128 
154 COPE-0154    (0)   :  0.119 0.120 0.124 0.127 0.121 0.121 0.125 0.007 0.137 
155 COPE-0155    (0)   :  0.117 0.120 0.123 0.121 0.123 0.130 0.131 0.006 0.130 
156 COPE-0156   (14)   :  0.009 0.009 0.009 0.009 0.009 0.009 0.009 0.929 0.009 
157 COPE-0157   (14)   :  0.088 0.093 0.087 0.091 0.094 0.093 0.087 0.265 0.103 
158 COPE-0158    (0)   :  0.141 0.105 0.132 0.110 0.118 0.123 0.161 0.009 0.102 
159 COPE-0159    (0)   :  0.119 0.123 0.120 0.129 0.134 0.115 0.117 0.008 0.135 
160 COPE-0160    (0)   :  0.128 0.121 0.126 0.118 0.112 0.139 0.127 0.007 0.122 
161 COPE-0161    (0)   :  0.128 0.121 0.119 0.127 0.124 0.128 0.116 0.012 0.125 
162 COPE-0162   (14)   :  0.007 0.007 0.007 0.007 0.007 0.007 0.007 0.944 0.007 
163 COPE-0163   (28)   :  0.013 0.013 0.013 0.013 0.013 0.013 0.013 0.894 0.013 
164 COPE-0164    (0)   :  0.121 0.117 0.125 0.127 0.120 0.116 0.127 0.030 0.116 
165 COPE-0165    (0)   :  0.130 0.116 0.132 0.134 0.120 0.125 0.124 0.008 0.112 
166 COPE-0166   (14)   :  0.135 0.114 0.122 0.114 0.113 0.143 0.135 0.008 0.116 
167 COPE-0167    (0)   :  0.136 0.110 0.125 0.114 0.102 0.146 0.132 0.008 0.127 
168 COPE-0168    (0)   :  0.131 0.117 0.124 0.117 0.126 0.117 0.145 0.006 0.118 
169 COPE-0169    (0)   :  0.136 0.106 0.143 0.154 0.115 0.112 0.116 0.011 0.106 
170 COPE-0170    (0)   :  0.117 0.122 0.111 0.131 0.136 0.105 0.103 0.029 0.148 
171 COPE-0171    (0)   :  0.120 0.123 0.116 0.123 0.129 0.117 0.127 0.008 0.135 
172 COPE-0172    (0)   :  0.120 0.134 0.125 0.121 0.127 0.122 0.126 0.007 0.118 
173 COPE-0173   (14)   :  0.127 0.098 0.131 0.140 0.109 0.112 0.117 0.062 0.103 
174 COPE-0174   (28)   :  0.122 0.121 0.118 0.122 0.128 0.119 0.126 0.017 0.128 
175 COPE-0175    (0)   :  0.130 0.112 0.126 0.113 0.109 0.123 0.136 0.040 0.110 
176 COPE-0176    (0)   :  0.120 0.125 0.115 0.118 0.119 0.132 0.115 0.009 0.146 
177 COPE-0177    (0)   :  0.131 0.109 0.131 0.142 0.117 0.117 0.128 0.007 0.117 
178 COPE-0178    (0)   :  0.109 0.132 0.115 0.111 0.102 0.153 0.116 0.007 0.155 
179 COPE-0179    (0)   :  0.121 0.122 0.122 0.129 0.125 0.125 0.122 0.009 0.125 
180 COPE-0180   (14)   :  0.135 0.106 0.141 0.151 0.116 0.118 0.123 0.006 0.105 
181 COPE-0181   (14)   :  0.132 0.110 0.132 0.140 0.115 0.121 0.123 0.009 0.118 
182 COPE-0182    (0)   :  0.103 0.155 0.122 0.122 0.140 0.114 0.119 0.005 0.119 
183 COPE-0183    (0)   :  0.121 0.124 0.121 0.125 0.125 0.121 0.124 0.011 0.128 
184 COPE-0184    (0)   :  0.135 0.114 0.127 0.113 0.102 0.145 0.137 0.009 0.118 
185 COPE-0185    (0)   :  0.113 0.132 0.118 0.142 0.142 0.098 0.105 0.007 0.143 
186 COPE-0186    (0)   :  0.149 0.126 0.121 0.135 0.117 0.102 0.107 0.005 0.138 
187 COPE-0187    (0)   :  0.102 0.157 0.120 0.112 0.144 0.124 0.121 0.010 0.111 
188 COPE-0188    (0)   :  0.024 0.027 0.026 0.024 0.027 0.025 0.025 0.799 0.022 
189 COPE-0189    (0)   :  0.125 0.121 0.132 0.133 0.125 0.122 0.120 0.008 0.114 
190 COPE-0190    (0)   :  0.131 0.114 0.121 0.122 0.118 0.139 0.125 0.015 0.115 
191 COPE-0191    (0)   :  0.136 0.115 0.121 0.127 0.121 0.119 0.126 0.012 0.125 
192 COPE-0192   (14)   :  0.012 0.011 0.011 0.011 0.010 0.010 0.010 0.914 0.011 
193 COPE-0193    (0)   :  0.129 0.119 0.127 0.114 0.123 0.125 0.145 0.006 0.112 
194 COPE-0194    (0)   :  0.099 0.157 0.125 0.110 0.149 0.127 0.124 0.009 0.099 
195 COPE-0195    (0)   :  0.117 0.138 0.126 0.118 0.133 0.125 0.124 0.007 0.112 
196 COPE-0196    (0)   :  0.121 0.124 0.120 0.127 0.128 0.123 0.121 0.011 0.126 
197 COPE-0197    (0)   :  0.130 0.108 0.133 0.136 0.118 0.122 0.131 0.007 0.114 
198 COPE-0198    (0)   :  0.129 0.113 0.132 0.143 0.126 0.108 0.113 0.014 0.123 
199 COPE-0199    (0)   :  0.129 0.105 0.134 0.150 0.113 0.118 0.122 0.011 0.117 
200 COPE-0200   (42)   :  0.136 0.105 0.141 0.147 0.113 0.116 0.122 0.009 0.110 
201 COPE-0201    (0)   :  0.117 0.134 0.116 0.126 0.131 0.116 0.115 0.009 0.137 
202 COPE-0202    (0)   :  0.126 0.115 0.119 0.127 0.129 0.126 0.114 0.014 0.130 
203 COPE-0203    (0)   :  0.120 0.121 0.119 0.128 0.129 0.119 0.121 0.006 0.137 
204 COPE-0204    (0)   :  0.094 0.144 0.119 0.105 0.121 0.138 0.119 0.032 0.128 
205 COPE-0205    (0)   :  0.127 0.120 0.126 0.113 0.126 0.118 0.140 0.022 0.108 
206 COPE-0206    (0)   :  0.118 0.126 0.115 0.116 0.114 0.142 0.120 0.005 0.145 
207 COPE-0207    (0)   :  0.123 0.127 0.115 0.118 0.112 0.132 0.114 0.011 0.149 
208 COPE-0208    (0)   :  0.028 0.030 0.030 0.032 0.031 0.028 0.028 0.762 0.030 
209 COPE-0209    (0)   :  0.128 0.124 0.127 0.138 0.122 0.120 0.114 0.006 0.120 
210 COPE-0210    (0)   :  0.132 0.116 0.127 0.110 0.123 0.122 0.150 0.011 0.108 
211 COPE-0211    (0)   :  0.101 0.157 0.129 0.114 0.150 0.123 0.120 0.005 0.101 
212 COPE-0212    (0)   :  0.121 0.121 0.118 0.118 0.117 0.129 0.123 0.012 0.140 
213 COPE-0213    (0)   :  0.111 0.132 0.120 0.120 0.121 0.131 0.124 0.008 0.134 
214 COPE-0214    (0)   :  0.138 0.102 0.144 0.155 0.115 0.115 0.120 0.008 0.103 
215 COPE-0215    (0)   :  0.129 0.099 0.135 0.148 0.110 0.113 0.117 0.043 0.103 
216 COPE-0216   (14)   :  0.079 0.070 0.074 0.067 0.072 0.075 0.085 0.409 0.068 
217 COPE-0217    (0)   :  0.118 0.120 0.114 0.111 0.106 0.141 0.120 0.028 0.142 
218 COPE-0218    (0)   :  0.129 0.118 0.130 0.130 0.122 0.121 0.127 0.009 0.114 
219 COPE-0219   (14)   :  0.132 0.111 0.136 0.141 0.121 0.116 0.123 0.009 0.111 
220 COPE-0220    (0)   :  0.117 0.125 0.117 0.116 0.107 0.142 0.121 0.014 0.143 
221 COPE-0221    (0)   :  0.099 0.130 0.111 0.135 0.154 0.096 0.101 0.016 0.157 
222 COPE-0222    (0)   :  0.123 0.122 0.122 0.117 0.138 0.111 0.137 0.007 0.123 
223 COPE-0223    (0)   :  0.129 0.108 0.132 0.140 0.119 0.126 0.128 0.008 0.110 
224 COPE-0224    (0)   :  0.149 0.100 0.128 0.113 0.096 0.156 0.130 0.020 0.108 
225 COPE-0225    (0)   :  0.139 0.100 0.142 0.155 0.112 0.114 0.120 0.015 0.102 
226 COPE-0226    (0)   :  0.124 0.121 0.120 0.119 0.123 0.125 0.129 0.007 0.133 
227 COPE-0227    (0)   :  0.136 0.122 0.129 0.135 0.119 0.112 0.117 0.006 0.125 
228 COPE-0228    (0)   :  0.114 0.119 0.117 0.111 0.109 0.143 0.126 0.020 0.141 
229 COPE-0229    (0)   :  0.125 0.119 0.124 0.127 0.121 0.123 0.124 0.007 0.129 
230 COPE-0230    (0)   :  0.110 0.127 0.118 0.120 0.121 0.128 0.122 0.010 0.144 
231 COPE-0231    (0)   :  0.123 0.117 0.130 0.126 0.121 0.125 0.132 0.006 0.120 
232 COPE-0232    (0)   :  0.130 0.115 0.125 0.119 0.110 0.140 0.126 0.015 0.119 
233 COPE-0233    (0)   :  0.113 0.139 0.122 0.128 0.143 0.106 0.114 0.005 0.131 
234 COPE-0234    (0)   :  0.138 0.113 0.129 0.118 0.110 0.143 0.125 0.008 0.117 
235 COPE-0235    (0)   :  0.132 0.118 0.128 0.124 0.118 0.135 0.123 0.006 0.116 
236 COPE-0236    (0)   :  0.103 0.136 0.118 0.115 0.120 0.133 0.120 0.005 0.150 
237 COPE-0237    (0)   :  0.120 0.135 0.127 0.140 0.140 0.096 0.106 0.006 0.131 
238 COPE-0238    (0)   :  0.134 0.102 0.140 0.148 0.114 0.118 0.129 0.008 0.107 
239 COPE-0239    (0)   :  0.135 0.109 0.126 0.113 0.104 0.139 0.129 0.034 0.111 
240 COPE-0240    (0)   :  0.138 0.114 0.131 0.109 0.119 0.119 0.154 0.008 0.109 
241 COPE-0241    (0)   :  0.137 0.105 0.142 0.155 0.112 0.116 0.118 0.007 0.109 
242 COPE-0242    (0)   :  0.130 0.128 0.118 0.126 0.114 0.123 0.114 0.006 0.140 
243 COPE-0243    (0)   :  0.104 0.160 0.123 0.109 0.144 0.127 0.124 0.008 0.101 
244 COPE-0244    (0)   :  0.125 0.123 0.130 0.130 0.120 0.126 0.124 0.009 0.112 
245 COPE-0245    (0)   :  0.101 0.160 0.122 0.113 0.147 0.120 0.119 0.012 0.106 
246 COPE-0246    (0)   :  0.130 0.119 0.119 0.121 0.121 0.128 0.128 0.013 0.121 
247 COPE-0247    (0)   :  0.115 0.121 0.122 0.139 0.137 0.104 0.108 0.017 0.137 
248 COPE-0248    (0)   :  0.104 0.154 0.125 0.117 0.141 0.119 0.119 0.005 0.116 
249 COPE-0249    (0)   :  0.140 0.100 0.129 0.125 0.105 0.136 0.125 0.032 0.107 
250 COPE-0250    (0)   :  0.138 0.108 0.126 0.115 0.102 0.151 0.127 0.016 0.118 
251 COPE-0251   (14)   :  0.028 0.033 0.030 0.036 0.037 0.026 0.028 0.746 0.035 
252 COPE-0252    (0)   :  0.138 0.114 0.124 0.112 0.112 0.145 0.135 0.012 0.107 
253 COPE-0253    (0)   :  0.096 0.135 0.106 0.133 0.156 0.100 0.100 0.008 0.166 
254 COPE-0254    (0)   :  0.100 0.153 0.123 0.108 0.130 0.134 0.128 0.014 0.110 
255 COPE-0255    (0)   :  0.103 0.134 0.120 0.128 0.138 0.112 0.114 0.026 0.125 
256 COPE-0256    (0)   :  0.138 0.108 0.129 0.100 0.116 0.128 0.166 0.011 0.105 
257 COPE-0257    (0)   :  0.153 0.122 0.119 0.136 0.115 0.104 0.104 0.008 0.140 
258 COPE-0258    (0)   :  0.132 0.127 0.121 0.129 0.123 0.110 0.114 0.021 0.123 
259 COPE-0259    (0)   :  0.112 0.140 0.121 0.117 0.132 0.126 0.122 0.006 0.123 
260 COPE-0260    (0)   :  0.128 0.106 0.132 0.141 0.115 0.118 0.124 0.024 0.112 
261 COPE-0261    (0)   :  0.091 0.165 0.124 0.106 0.139 0.132 0.124 0.006 0.113 
262 COPE-0262    (0)   :  0.112 0.134 0.126 0.103 0.129 0.130 0.141 0.020 0.105 
263 COPE-0263    (0)   :  0.130 0.127 0.128 0.139 0.126 0.101 0.113 0.008 0.127 
264 COPE-0264    (0)   :  0.136 0.127 0.114 0.131 0.117 0.111 0.107 0.020 0.137 
265 COPE-0265    (0)   :  0.108 0.136 0.121 0.125 0.139 0.115 0.115 0.011 0.132 
266 COPE-0266    (0)   :  0.111 0.128 0.115 0.111 0.117 0.141 0.122 0.018 0.138 
267 COPE-0267    (0)   :  0.121 0.130 0.127 0.125 0.130 0.117 0.117 0.006 0.127 
268 COPE-0268    (0)   :  0.119 0.137 0.124 0.135 0.138 0.098 0.112 0.013 0.125 
269 COPE-0269    (0)   :  0.140 0.116 0.124 0.113 0.118 0.127 0.140 0.007 0.116 
270 COPE-0270    (0)   :  0.100 0.158 0.128 0.114 0.150 0.124 0.119 0.007 0.099 
271 COPE-0271    (0)   :  0.136 0.114 0.124 0.119 0.123 0.128 0.139 0.007 0.110 
272 COPE-0272    (0)   :  0.116 0.128 0.114 0.123 0.128 0.127 0.116 0.007 0.141 
273 COPE-0273    (0)   :  0.112 0.126 0.117 0.121 0.122 0.125 0.114 0.015 0.148 
274 COPE-0274   (14)   :  0.021 0.026 0.023 0.022 0.025 0.022 0.022 0.820 0.020 
275 COPE-0275    (0)   :  0.122 0.126 0.128 0.125 0.127 0.126 0.121 0.010 0.115 
276 COPE-0276   (14)   :  0.006 0.006 0.006 0.006 0.006 0.006 0.006 0.950 0.006 
277 COPE-0277   (14)   :  0.131 0.113 0.125 0.103 0.117 0.128 0.153 0.014 0.117 
278 COPE-0278    (0)   :  0.116 0.126 0.117 0.110 0.102 0.150 0.122 0.007 0.150 
279 COPE-0279    (0)   :  0.115 0.129 0.120 0.115 0.115 0.135 0.129 0.009 0.133 
280 COPE-0280    (0)   :  0.013 0.013 0.013 0.013 0.013 0.013 0.013 0.896 0.013 
281 COPE-0281    (0)   :  0.031 0.028 0.032 0.032 0.029 0.032 0.031 0.756 0.029 
282 COPE-0282   (14)   :  0.152 0.101 0.131 0.115 0.096 0.160 0.129 0.006 0.109 
283 COPE-0283    (0)   :  0.123 0.122 0.117 0.112 0.106 0.144 0.123 0.007 0.145 
284 COPE-0284   (14)   :  0.127 0.109 0.127 0.137 0.115 0.120 0.119 0.035 0.110 
285 COPE-0285    (0)   :  0.033 0.030 0.032 0.032 0.031 0.031 0.032 0.748 0.032 
286 COPE-0286    (0)   :  0.121 0.129 0.129 0.131 0.128 0.123 0.118 0.012 0.110 
287 COPE-0287    (0)   :  0.122 0.132 0.127 0.135 0.129 0.094 0.108 0.033 0.120 
288 COPE-0288    (0)   :  0.103 0.128 0.114 0.132 0.150 0.103 0.105 0.010 0.156 
289 COPE-0289    (0)   :  0.125 0.120 0.126 0.121 0.128 0.115 0.130 0.008 0.127 
290 COPE-0290    (0)   :  0.110 0.142 0.131 0.126 0.141 0.122 0.118 0.008 0.102 
291 COPE-0291    (0)   :  0.132 0.122 0.125 0.130 0.119 0.122 0.120 0.006 0.125 
292 COPE-0292   (42)   :  0.014 0.014 0.014 0.014 0.014 0.015 0.014 0.885 0.014 
293 COPE-0293    (0)   :  0.096 0.141 0.112 0.126 0.147 0.110 0.107 0.008 0.153 
294 COPE-0294    (0)   :  0.127 0.118 0.123 0.124 0.116 0.133 0.126 0.012 0.122 
295 COPE-0295    (0)   :  0.134 0.111 0.127 0.112 0.104 0.145 0.139 0.008 0.121 
296 COPE-0296   (14)   :  0.111 0.132 0.119 0.123 0.137 0.117 0.121 0.007 0.135 
297 COPE-0297   (14)   :  0.132 0.102 0.138 0.147 0.111 0.115 0.117 0.035 0.102 
298 COPE-0298    (0)   :  0.118 0.125 0.116 0.124 0.124 0.128 0.115 0.010 0.140 
299 COPE-0299    (0)   :  0.093 0.165 0.122 0.111 0.150 0.125 0.123 0.006 0.104 
300 COPE-0300   (14)   :  0.136 0.118 0.130 0.119 0.123 0.114 0.138 0.008 0.114 
301 COPE-0301   (14)   :  0.091 0.138 0.103 0.133 0.160 0.097 0.097 0.009 0.172 
302 COPE-0302    (0)   :  0.105 0.087 0.101 0.092 0.094 0.094 0.104 0.231 0.091 
303 COPE-0303    (0)   :  0.108 0.129 0.120 0.115 0.105 0.147 0.123 0.006 0.146 
304 COPE-0304    (0)   :  0.122 0.127 0.125 0.122 0.123 0.124 0.127 0.007 0.122 
305 COPE-0305   (14)   :  0.133 0.110 0.121 0.118 0.114 0.127 0.126 0.037 0.115 
306 COPE-0306    (0)   :  0.117 0.129 0.112 0.113 0.107 0.146 0.113 0.009 0.155 
307 COPE-0307   (28)   :  0.008 0.008 0.008 0.008 0.008 0.008 0.008 0.935 0.008 
308 COPE-0308    (0)   :  0.145 0.106 0.128 0.116 0.103 0.153 0.126 0.006 0.118 
309 COPE-0309   (14)   :  0.043 0.046 0.043 0.045 0.050 0.046 0.046 0.633 0.047 
310 COPE-0310   (28)   :  0.056 0.044 0.045 0.049 0.041 0.037 0.038 0.639 0.051 
311 COPE-0311    (0)   :  0.129 0.122 0.122 0.131 0.119 0.110 0.115 0.023 0.130 
312 COPE-0312   (28)   :  0.012 0.013 0.012 0.012 0.012 0.014 0.012 0.898 0.014 
313 COPE-0313    (0)   :  0.127 0.130 0.116 0.123 0.117 0.128 0.110 0.008 0.141 
314 COPE-0314    (0)   :  0.112 0.146 0.123 0.133 0.140 0.105 0.110 0.008 0.124 
315 COPE-0315    (0)   :  0.133 0.116 0.125 0.134 0.116 0.122 0.118 0.008 0.128 
316 COPE-0316    (0)   :  0.105 0.135 0.124 0.120 0.129 0.129 0.121 0.021 0.117 
317 COPE-0317   (14)   :  0.009 0.008 0.009 0.009 0.008 0.008 0.008 0.932 0.009 
318 COPE-0318    (0)   :  0.120 0.133 0.122 0.128 0.127 0.125 0.118 0.006 0.122 
319 COPE-0319    (0)   :  0.139 0.115 0.130 0.120 0.110 0.140 0.128 0.007 0.111 
320 COPE-0320   (14)   :  0.112 0.128 0.111 0.127 0.138 0.113 0.113 0.014 0.143 
321 COPE-0321   (14)   :  0.130 0.133 0.124 0.132 0.126 0.105 0.109 0.011 0.130 
322 COPE-0322   (14)   :  0.128 0.120 0.127 0.137 0.121 0.124 0.121 0.006 0.115 
323 COPE-0323    (0)   :  0.157 0.121 0.120 0.141 0.113 0.097 0.101 0.009 0.141 
324 COPE-0324    (0)   :  0.138 0.107 0.140 0.148 0.115 0.116 0.120 0.006 0.110 
325 COPE-0325   (14)   :  0.143 0.103 0.129 0.098 0.118 0.124 0.171 0.011 0.103 
326 COPE-0326    (0)   :  0.113 0.125 0.116 0.121 0.125 0.127 0.113 0.007 0.153 
327 COPE-0327   (14)   :  0.103 0.132 0.106 0.131 0.152 0.108 0.105 0.008 0.156 
328 COPE-0328    (0)   :  0.116 0.129 0.126 0.124 0.119 0.130 0.123 0.006 0.127 
329 COPE-0329   (28)   :  0.129 0.111 0.130 0.141 0.116 0.121 0.121 0.012 0.119 
330 COPE-0330    (0)   :  0.114 0.143 0.122 0.129 0.134 0.107 0.112 0.021 0.118 
331 COPE-0331    (0)   :  0.093 0.137 0.103 0.135 0.160 0.098 0.099 0.006 0.169 
332 COPE-0332   (14)   :  0.116 0.129 0.121 0.118 0.114 0.136 0.125 0.007 0.133 
333 COPE-0333    (0)   :  0.085 0.113 0.095 0.115 0.130 0.089 0.089 0.151 0.132 
334 COPE-0334   (28)   :  0.060 0.050 0.051 0.056 0.049 0.043 0.043 0.593 0.057 
335 COPE-0335    (0)   :  0.140 0.105 0.143 0.156 0.114 0.115 0.117 0.007 0.104 
336 COPE-0336    (0)   :  0.115 0.125 0.125 0.133 0.136 0.116 0.114 0.006 0.131 
337 COPE-0337   (28)   :  0.019 0.017 0.019 0.020 0.018 0.018 0.018 0.853 0.017 
338 COPE-0338    (0)   :  0.129 0.131 0.124 0.133 0.123 0.105 0.113 0.021 0.122 
339 COPE-0339    (0)   :  0.142 0.104 0.134 0.101 0.119 0.124 0.169 0.006 0.100 
340 COPE-0340   (14)   :  0.012 0.012 0.012 0.012 0.012 0.012 0.012 0.904 0.012 
341 COPE-0341    (0)   :  0.134 0.121 0.124 0.120 0.118 0.138 0.123 0.007 0.115 
342 COPE-0342    (0)   :  0.141 0.102 0.143 0.156 0.113 0.112 0.119 0.007 0.106 
343 COPE-0343    (0)   :  0.106 0.138 0.118 0.117 0.129 0.129 0.120 0.006 0.137 
344 COPE-0344   (14)   :  0.011 0.011 0.011 0.011 0.011 0.010 0.010 0.915 0.011 
345 COPE-0345    (0)   :  0.141 0.111 0.132 0.117 0.107 0.142 0.130 0.006 0.113 
346 COPE-0346    (0)   :  0.123 0.121 0.121 0.127 0.121 0.123 0.117 0.032 0.116 
347 COPE-0347    (0)   :  0.113 0.139 0.127 0.113 0.136 0.125 0.132 0.007 0.109 
348 COPE-0348    (0)   :  0.104 0.147 0.119 0.111 0.129 0.132 0.118 0.015 0.124 
349 COPE-0349    (0)   :  0.140 0.105 0.133 0.144 0.115 0.120 0.126 0.006 0.111 
350 COPE-0350    (0)   :  0.108 0.138 0.123 0.119 0.137 0.129 0.124 0.006 0.117 
351 COPE-0351    (0)   :  0.100 0.156 0.124 0.119 0.145 0.125 0.124 0.006 0.101 
352 COPE-0352    (0)   :  0.122 0.114 0.123 0.127 0.115 0.128 0.123 0.027 0.120 
353 COPE-0353    (0)   :  0.145 0.124 0.117 0.136 0.120 0.109 0.110 0.005 0.135 
354 COPE-0354    (0)   :  0.128 0.126 0.115 0.126 0.125 0.117 0.113 0.016 0.135 
355 COPE-0355    (0)   :  0.145 0.101 0.134 0.095 0.120 0.127 0.179 0.006 0.093 
356 COPE-0356    (0)   :  0.103 0.156 0.122 0.109 0.134 0.133 0.126 0.008 0.110 
357 COPE-0357    (0)   :  0.134 0.115 0.132 0.139 0.120 0.119 0.118 0.009 0.115 
358 COPE-0358    (0)   :  0.008 0.007 0.008 0.008 0.007 0.007 0.008 0.940 0.007 
359 COPE-0359   (14)   :  0.128 0.120 0.125 0.123 0.113 0.131 0.129 0.009 0.121 
360 COPE-0360    (0)   :  0.142 0.127 0.122 0.132 0.119 0.107 0.113 0.006 0.131 
361 COPE-0361    (0)   :  0.124 0.126 0.124 0.117 0.122 0.138 0.123 0.009 0.118 
362 COPE-0362    (0)   :  0.138 0.109 0.138 0.151 0.113 0.118 0.117 0.007 0.109 
363 COPE-0363   (14)   :  0.128 0.121 0.122 0.120 0.119 0.133 0.125 0.013 0.118 
364 COPE-0364    (0)   :  0.129 0.138 0.123 0.138 0.130 0.103 0.107 0.006 0.126 
365 COPE-0365    (0)   :  0.135 0.132 0.122 0.141 0.126 0.091 0.101 0.019 0.131 
366 COPE-0366    (0)   :  0.120 0.117 0.133 0.147 0.121 0.118 0.120 0.023 0.101 
367 COPE-0367   (14)   :  0.012 0.012 0.012 0.012 0.012 0.012 0.012 0.904 0.012 
368 COPE-0368    (0)   :  0.133 0.108 0.133 0.106 0.123 0.125 0.156 0.010 0.106 
369 COPE-0369    (0)   :  0.116 0.122 0.120 0.131 0.136 0.111 0.119 0.009 0.136 
370 COPE-0370   (28)   :  0.009 0.009 0.009 0.009 0.009 0.009 0.009 0.929 0.009 
371 COPE-0371    (0)   :  0.113 0.130 0.114 0.139 0.139 0.100 0.108 0.013 0.145 
372 COPE-0372    (0)   :  0.122 0.113 0.118 0.121 0.108 0.126 0.110 0.047 0.134 
373 COPE-0373   (14)   :  0.119 0.121 0.120 0.123 0.127 0.126 0.114 0.007 0.143 
374 COPE-0374    (0)   :  0.130 0.122 0.130 0.121 0.112 0.124 0.132 0.008 0.120 
375 COPE-0375   (14)   :  0.149 0.123 0.125 0.133 0.117 0.103 0.107 0.010 0.134 
376 COPE-0376   (14)   :  0.100 0.163 0.125 0.109 0.140 0.129 0.125 0.006 0.104 
377 COPE-0377    (0)   :  0.052 0.050 0.050 0.052 0.050 0.054 0.050 0.589 0.053 
378 COPE-0378    (0)   :  0.133 0.120 0.126 0.109 0.124 0.121 0.148 0.006 0.112 
379 COPE-0379    (0)   :  0.136 0.108 0.141 0.151 0.113 0.115 0.117 0.007 0.111 
380 COPE-0380   (28)   :  0.030 0.038 0.034 0.032 0.032 0.040 0.034 0.720 0.040 
381 COPE-0381    (0)   :  0.127 0.119 0.121 0.125 0.121 0.129 0.125 0.011 0.123 
382 COPE-0382    (0)   :  0.135 0.106 0.142 0.152 0.112 0.114 0.121 0.006 0.112 
383 COPE-0383    (0)   :  0.143 0.119 0.117 0.134 0.112 0.089 0.096 0.058 0.131 
384 COPE-0384    (0)   :  0.133 0.123 0.126 0.116 0.124 0.120 0.134 0.008 0.118 


Estimated Allele Frequencies in each cluster
First column gives estimated ancestral frequencies


Locus 1 : COPE5 
78 alleles
0.5% missing data
   1   (0.007) 0.001 0.001 0.001 0.001 0.001 0.001 0.001 0.688 0.001 
   2   (0.023) 0.026 0.023 0.024 0.023 0.023 0.026 0.026 0.013 0.023 
   3   (0.014) 0.016 0.013 0.015 0.013 0.013 0.017 0.017 0.001 0.012 
   4   (0.023) 0.026 0.024 0.026 0.025 0.025 0.026 0.028 0.001 0.021 
   5   (0.011) 0.010 0.009 0.011 0.011 0.010 0.009 0.009 0.001 0.010 
   6   (0.019) 0.019 0.016 0.019 0.019 0.016 0.019 0.018 0.004 0.017 
   7   (0.008) 0.004 0.003 0.004 0.004 0.003 0.004 0.004 0.001 0.003 
   8   (0.035) 0.091 0.086 0.088 0.083 0.080 0.102 0.091 0.002 0.100 
   9   (0.021) 0.022 0.021 0.022 0.022 0.021 0.024 0.022 0.001 0.021 
  10   (0.019) 0.020 0.021 0.020 0.020 0.020 0.019 0.019 0.001 0.019 
  11   (0.015) 0.015 0.016 0.015 0.017 0.016 0.012 0.013 0.014 0.015 
  12   (0.016) 0.019 0.025 0.021 0.025 0.028 0.020 0.020 0.001 0.031 
  13   (0.010) 0.009 0.012 0.010 0.011 0.012 0.010 0.009 0.001 0.013 
  14   (0.024) 0.025 0.029 0.026 0.028 0.031 0.025 0.026 0.002 0.030 
  15   (0.016) 0.037 0.028 0.034 0.027 0.031 0.032 0.043 0.001 0.028 
  16   (0.010) 0.005 0.007 0.006 0.006 0.007 0.006 0.006 0.001 0.006 
  17   (0.018) 0.014 0.015 0.014 0.014 0.015 0.015 0.014 0.001 0.015 
  18   (0.017) 0.015 0.013 0.015 0.016 0.013 0.013 0.013 0.006 0.013 
  19   (0.011) 0.010 0.009 0.011 0.012 0.009 0.009 0.009 0.001 0.009 
  20   (0.029) 0.052 0.055 0.052 0.053 0.058 0.046 0.052 0.002 0.055 
  21   (0.023) 0.022 0.021 0.023 0.022 0.022 0.021 0.022 0.001 0.022 
  22   (0.019) 0.016 0.014 0.016 0.016 0.015 0.015 0.016 0.008 0.015 
  23   (0.013) 0.011 0.011 0.012 0.013 0.012 0.011 0.011 0.001 0.012 
  24   (0.015) 0.018 0.022 0.018 0.018 0.020 0.018 0.018 0.001 0.018 
  25   (0.009) 0.007 0.008 0.007 0.008 0.009 0.007 0.007 0.001 0.009 
  26   (0.013) 0.009 0.009 0.009 0.009 0.009 0.009 0.009 0.001 0.009 
  27   (0.012) 0.009 0.011 0.010 0.009 0.011 0.010 0.009 0.001 0.009 
  28   (0.008) 0.003 0.003 0.003 0.003 0.003 0.003 0.003 0.018 0.003 
  29   (0.013) 0.010 0.014 0.011 0.011 0.013 0.011 0.011 0.001 0.010 
  30   (0.019) 0.020 0.020 0.020 0.021 0.021 0.020 0.020 0.003 0.021 
  31   (0.019) 0.019 0.018 0.020 0.019 0.019 0.018 0.020 0.001 0.017 
  32   (0.024) 0.038 0.038 0.040 0.044 0.040 0.034 0.036 0.001 0.038 
  33   (0.006) 0.002 0.002 0.002 0.002 0.002 0.002 0.002 0.000 0.002 
  34   (0.018) 0.019 0.021 0.019 0.020 0.021 0.018 0.019 0.001 0.020 
  35   (0.006) 0.001 0.001 0.001 0.001 0.001 0.001 0.001 0.055 0.001 
  36   (0.006) 0.002 0.002 0.002 0.002 0.002 0.002 0.002 0.000 0.002 
  37   (0.021) 0.028 0.024 0.025 0.025 0.024 0.023 0.025 0.016 0.025 
  38   (0.016) 0.012 0.013 0.013 0.011 0.013 0.013 0.014 0.006 0.011 
  39   (0.014) 0.017 0.020 0.018 0.017 0.016 0.022 0.019 0.001 0.021 
  40   (0.011) 0.010 0.009 0.010 0.011 0.009 0.010 0.010 0.001 0.009 
  41   (0.008) 0.004 0.006 0.005 0.005 0.005 0.005 0.005 0.001 0.004 
  42   (0.006) 0.002 0.002 0.002 0.002 0.002 0.002 0.002 0.000 0.002 
  43   (0.009) 0.005 0.005 0.005 0.005 0.005 0.005 0.005 0.001 0.005 
  44   (0.023) 0.028 0.027 0.027 0.025 0.025 0.030 0.028 0.001 0.024 
  45   (0.006) 0.002 0.002 0.002 0.002 0.002 0.002 0.002 0.000 0.002 
  46   (0.016) 0.018 0.019 0.017 0.019 0.018 0.017 0.016 0.001 0.020 
  47   (0.009) 0.007 0.006 0.007 0.006 0.006 0.007 0.007 0.001 0.006 
  48   (0.006) 0.002 0.002 0.002 0.002 0.002 0.002 0.002 0.000 0.002 
  49   (0.015) 0.018 0.015 0.016 0.014 0.015 0.017 0.018 0.001 0.014 
  50   (0.014) 0.012 0.010 0.011 0.011 0.011 0.012 0.012 0.001 0.010 
  51   (0.011) 0.018 0.014 0.014 0.016 0.013 0.011 0.012 0.008 0.016 
  52   (0.014) 0.010 0.014 0.012 0.012 0.014 0.011 0.011 0.001 0.012 
  53   (0.006) 0.001 0.001 0.001 0.001 0.001 0.001 0.001 0.032 0.001 
  54   (0.006) 0.001 0.001 0.001 0.001 0.001 0.001 0.001 0.078 0.001 
  55   (0.010) 0.006 0.009 0.007 0.007 0.009 0.008 0.008 0.001 0.006 
  56   (0.010) 0.011 0.011 0.010 0.011 0.010 0.012 0.010 0.001 0.013 
  57   (0.013) 0.012 0.011 0.012 0.013 0.011 0.011 0.011 0.001 0.010 
  58   (0.009) 0.005 0.007 0.006 0.006 0.007 0.006 0.006 0.000 0.005 
  59   (0.010) 0.014 0.010 0.012 0.011 0.009 0.015 0.012 0.001 0.011 
  60   (0.010) 0.008 0.008 0.008 0.008 0.008 0.008 0.008 0.001 0.008 
  61   (0.006) 0.002 0.002 0.002 0.002 0.002 0.002 0.002 0.000 0.002 
  62   (0.012) 0.013 0.012 0.011 0.012 0.012 0.011 0.011 0.001 0.013 
  63   (0.011) 0.012 0.020 0.016 0.013 0.017 0.017 0.016 0.001 0.014 
  64   (0.009) 0.005 0.005 0.005 0.005 0.005 0.005 0.005 0.001 0.005 
  65   (0.019) 0.021 0.019 0.020 0.021 0.019 0.021 0.019 0.001 0.021 
  66   (0.009) 0.008 0.010 0.009 0.009 0.009 0.010 0.009 0.001 0.011 
  67   (0.009) 0.005 0.007 0.006 0.006 0.007 0.006 0.006 0.001 0.005 
  68   (0.013) 0.012 0.010 0.012 0.013 0.011 0.011 0.010 0.001 0.010 
  69   (0.006) 0.002 0.002 0.002 0.002 0.002 0.002 0.002 0.000 0.002 
  70   (0.006) 0.002 0.002 0.002 0.002 0.002 0.002 0.002 0.000 0.002 
  71   (0.010) 0.006 0.006 0.006 0.006 0.006 0.007 0.007 0.001 0.006 
  72   (0.006) 0.002 0.002 0.002 0.002 0.002 0.002 0.002 0.000 0.002 
  73   (0.006) 0.002 0.002 0.002 0.002 0.002 0.002 0.002 0.000 0.002 
  74   (0.006) 0.002 0.002 0.002 0.002 0.002 0.002 0.002 0.000 0.002 
  75   (0.009) 0.005 0.005 0.005 0.005 0.005 0.005 0.005 0.001 0.004 
  76   (0.006) 0.002 0.002 0.002 0.002 0.002 0.002 0.002 0.000 0.002 
  77   (0.008) 0.004 0.003 0.003 0.004 0.003 0.004 0.003 0.000 0.003 
  78   (0.006) 0.002 0.002 0.002 0.002 0.002 0.002 0.002 0.000 0.002 

Locus 2 : COPE9 
12 alleles
8.3% missing data
   1   (0.410) 0.461 0.477 0.463 0.480 0.479 0.451 0.449 0.410 0.484 
   2   (0.142) 0.138 0.137 0.137 0.128 0.134 0.146 0.145 0.276 0.128 
   3   (0.045) 0.050 0.050 0.050 0.048 0.045 0.057 0.051 0.020 0.056 
   4   (0.073) 0.081 0.068 0.079 0.079 0.072 0.073 0.080 0.021 0.069 
   5   (0.036) 0.023 0.028 0.026 0.026 0.027 0.025 0.025 0.020 0.025 
   6   (0.134) 0.134 0.135 0.137 0.131 0.137 0.134 0.140 0.047 0.129 
   7   (0.039) 0.029 0.024 0.027 0.027 0.024 0.029 0.027 0.072 0.024 
